-1.254981891316392595e+00 1.771004041154478958e+00
-1.244603864090590539e+00 1.760588641784115671e+00
-1.234075359273382189e+00 1.746691172978599438e+00
-1.228133431741882831e+00 1.731107046301396890e+00
-1.227232120524611281e+00 1.716142350169274300e+00
-1.228097657048002223e+00 1.700624096766345072e+00
-1.228811344393270000e+00 1.685134390863717524e+00
-1.227864440140962410e+00 1.669409462083285556e+00
-1.225595105324170708e+00 1.652238910595550392e+00
-1.223031781921871675e+00 1.634240362427205051e+00
-1.220933175903557544e+00 1.611550458755644621e+00
-1.218579441805895058e+00 1.582191870447821280e+00
-1.217817556208490748e+00 1.542966938903381324e+00
-1.220691949113557717e+00 1.493590305544183705e+00
-1.228418963864158941e+00 1.434819860434098038e+00
-1.239668859454509109e+00 1.363578792627818448e+00
-1.252162459957032459e+00 1.273538309806093283e+00
-1.166923034661253356e+00 1.261396161484045875e+00
-1.215912580149054234e+00 1.264107221996489283e+00
-1.261662039708635330e+00 1.336330145065075081e+00
-1.256102793778936411e+00 1.453687314694213306e+00
-1.245851040596524406e+00 1.571670036363387535e+00
-1.236783308808184323e+00 1.697031316514342469e+00
-1.230730974026128077e+00 1.826618507241444034e+00
-1.227499422833951748e+00 1.964577627374495039e+00
-1.247243733468808680e+00 2.116275052343994822e+00
-1.277466953070199640e+00 2.292996926448951811e+00
-1.321526707271932555e+00 2.537741961510083577e+00
-1.372851242131482019e+00 2.837273691619602634e+00
-1.462910319265349868e+00 3.207958968577639958e+00
-1.592574054402047246e+00 3.675870163874285446e+00
-1.813730141565465859e+00 4.302815991403230456e+00
-2.123187353808320132e+00 5.153649496760764670e+00
-2.530338560185046326e+00 6.441304419359259015e+00
-2.737544598416382424e+00 7.809063698068124282e+00
-1.192224291424484051e+00 4.575781236055501466e+00
-2.073839859995700419e+00 6.058053266415861948e+00
-1.865466948113636780e+00 5.055592204182687510e+00
-1.559677154316560621e+00 3.874379775212352772e+00
-1.574587320651998690e+00 3.654054312356335821e+00
-1.128720348043334765e+00 2.832314230729744864e+00
-1.341306035130546137e+00 3.507195844926085382e+00
-9.716347633352507840e-01 2.972139032149226257e+00
-8.407302112211064715e-01 3.750421351243036217e+00
-5.346382263420402792e-01 3.599995758072520147e+00
-8.583642209796310540e-01 5.319839588590434154e+00
-3.124711801979393577e+00 4.263521515218199553e+00
-3.326381607063263690e+00 4.502586838027333727e+00
-3.410118810415494028e+00 4.637095219784153066e+00
