-7.260873821593673283e-02 3.306397335794889702e+00
-7.135762017756870634e-02 3.288011714147826670e+00
-7.006744307208574718e-02 3.269121605119249097e+00
-6.873344313135540395e-02 3.250147643352388371e+00
-6.735195895542772648e-02 3.230122811340619737e+00
-6.594340083672219077e-02 3.209255835361290554e+00
-6.449833006591762508e-02 3.188391240830746654e+00
-6.300077186672443930e-02 3.166565201106776417e+00
-6.147355936310640312e-02 3.144155086327707682e+00
-5.990972559100800343e-02 3.121871405814315992e+00
-5.830175214644910814e-02 3.098823033484750411e+00
-5.665457231498121499e-02 3.075426203055079188e+00
-5.497395554354267411e-02 3.050078865762279268e+00
-5.325775148783813695e-02 3.024076835947404618e+00
-5.150193833776881003e-02 2.996764125700339676e+00
-4.970399386914651357e-02 2.967353354883242478e+00
-4.788254551221433203e-02 2.936941801288105669e+00
-4.603502015669387604e-02 2.905339083461535132e+00
-4.426819475142548116e-02 2.873138012543417386e+00
-4.249402380870657969e-02 2.837608405546022894e+00
-4.070207013099920446e-02 2.799076430341928212e+00
-3.889555023246370202e-02 2.768336246889159025e+00
-3.714407417902088754e-02 2.737590332005218396e+00
-3.544291554127264321e-02 2.703478009948204974e+00
-3.373011004166844018e-02 2.666798292199664022e+00
-3.200266993854888886e-02 2.626679368624143862e+00
-3.027387173445461252e-02 2.582970819615423519e+00
-2.832432453109483619e-02 2.527648265244792469e+00
-2.639981794717836255e-02 2.465591968144646540e+00
-2.444133009712389643e-02 2.399807855388410349e+00
-2.257697698539262721e-02 2.330667975854637586e+00
-2.075454051846020026e-02 2.249859649840225906e+00
-1.900952233787481238e-02 2.171839158109305945e+00
-1.730790255555369681e-02 2.085285790326855349e+00
-2.179371733727132332e-01 2.014130213218439991e+00
-3.727090400516693158e+00 1.939807611193985704e+00
-1.733682905635844929e+00 1.854142318581381232e+00
-2.625938366517027056e+00 1.755279555610755438e+00
-4.018593416004537566e+00 1.638017121311942770e+00
-4.303643141954005102e+00 1.498152051883639535e+00
-6.229176347266657920e+00 1.351613634000909059e+00
-4.673397629180138679e+00 1.185299044886696906e+00
-5.930245590298537373e+00 1.096189752120564131e+00
-4.838378697546213303e+00 1.033948826614006666e+00
-5.831764390407103704e+00 9.520101272205698795e-01
-3.051345621024685428e+00 8.636253755901551754e-01
-6.032984426611089253e-03 7.202336846239626444e-01
-1.859645172660804452e-02 5.530346333017172045e-01
-4.392310035003463980e-02 4.007107863452932239e-01
