-0.993337 -0.549531 -4.535887 -2.643182 0.306687 0.280614 3.148056 0.954333
-1.014117 -1.412284 -0.426348 -1.889350 0.304821 0.240000 3.218880 0.938118
-0.998633 -0.733163 -2.217212 -1.816369 0.325596 0.301895 3.199771 0.952507
-1.045182 -1.354253 0.376197 -4.236847 0.303644 0.240000 3.218880 0.936059
-1.023467 -1.066600 -0.665185 -2.929966 0.299061 0.240000 3.218880 0.950201
-0.988318 -0.804684 -4.346984 0.675964 0.297201 0.244414 3.218874 0.949483
-1.002924 -0.807322 -2.882568 -2.269916 0.306214 0.262779 3.207433 0.953679
-0.986329 -1.615439 0.308835 -2.831269 0.316276 0.240053 3.218880 0.932798
-1.036259 -0.284861 -4.203136 -4.532489 0.298392 0.283214 3.116153 0.969492
-0.922788 -2.372192 0.661791 0.041526 0.337220 0.240000 3.218880 0.910052
-1.006718 -1.336881 -1.228404 0.218709 0.315664 0.241575 3.218880 0.935829
-0.999456 -0.385406 -4.398110 -0.659529 0.313567 0.288169 3.083554 0.959634
-0.958185 -1.023995 -3.667070 -0.556980 0.324692 0.277246 3.218880 0.946761
-0.997427 -1.237494 0.743771 -4.413211 0.327725 0.261170 3.218880 0.939153
-0.949157 -0.780576 -4.717284 -2.149606 0.303258 0.246610 3.218880 0.953313
-0.985058 -0.731148 -4.867374 -0.651790 0.312603 0.286306 3.152591 0.944932
-0.938118 -1.084723 -4.846866 -4.489100 0.327265 0.273046 3.218880 0.948190
-0.912909 -0.512699 -4.518130 -2.685116 0.319710 0.283779 3.158110 0.954915
-1.014528 -0.686641 -3.204053 -0.917065 0.313373 0.296116 3.154755 0.955387
-0.969472 -0.832125 -1.819481 -2.864360 0.322873 0.271691 3.218697 0.950916
-0.936768 -1.097674 -4.390221 -4.524557 0.329221 0.302251 3.215720 0.941556
-1.007359 -1.111549 -2.282617 -2.860749 0.320962 0.292165 3.218880 0.945114
-0.921470 -0.832009 -3.031454 -3.412069 0.329459 0.284317 3.218880 0.951317
-0.988271 -0.937756 -3.186056 -2.032478 0.303762 0.251332 3.218880 0.950447
-0.984597 -1.121789 -1.280098 -3.836836 0.323546 0.271240 3.218880 0.948858
-1.016616 -1.784238 0.456787 -3.077533 0.319063 0.240000 3.218880 0.929577
-0.951173 -0.495022 -4.637620 -4.418889 0.315202 0.278473 3.188965 0.963354
-0.989721 -0.356692 -3.961392 -4.429116 0.308453 0.289877 3.094832 0.956023
-1.038542 -0.820868 -1.521815 -3.570205 0.290440 0.240021 3.218880 0.958008
-1.014855 -0.549266 -2.379861 -2.493370 0.309719 0.279728 3.170899 0.956090
-0.977881 -0.893798 -1.024236 -4.811629 0.302455 0.241066 3.218880 0.950361
-1.052954 -0.786289 -3.210446 -0.469426 0.305670 0.295040 3.149342 0.947146
-1.044403 -0.819172 -2.343197 -0.070485 0.319076 0.309538 3.175338 0.955542
-1.003328 -0.573860 -2.689181 0.067243 0.319279 0.285190 3.183512 0.955823
-1.025389 -1.391884 0.746668 -3.415241 0.318751 0.247916 3.218880 0.939226
-0.985299 -0.427824 -3.768496 -0.990249 0.306974 0.274533 3.137256 0.965978
-0.985191 -0.770881 -4.529722 -3.685759 0.311766 0.297192 3.199403 0.958029
-1.059545 -0.471011 -2.105498 -3.964494 0.306842 0.285930 3.105166 0.960312
-1.028018 -1.937760 0.323360 0.772530 0.321094 0.240000 3.218880 0.930494
-1.070638 -1.060051 -2.721973 -4.347018 0.295820 0.277928 3.218880 0.954870
-1.031166 -1.690331 0.703382 -0.936588 0.310763 0.240000 3.218880 0.927030
-0.981756 -0.603818 -4.092907 -0.433922 0.310443 0.289528 3.113383 0.949917
-0.935826 -0.321388 -2.499444 -3.474191 0.314018 0.272111 3.135876 0.960236
-1.000458 -0.901612 -0.820316 -3.475235 0.301196 0.240408 3.218880 0.953666
-1.005366 -0.516976 -3.490863 -3.266871 0.308956 0.284295 3.207210 0.967325
-1.093326 -0.696878 -1.505777 -2.864208 0.307194 0.294408 3.136211 0.961271
-0.961960 -1.253229 -0.772647 -0.853514 0.319078 0.241941 3.218880 0.936098
-0.932156 -1.324736 -1.944233 -4.206167 0.327634 0.248157 3.218880 0.932271
-0.909079 -0.757747 -2.884183 -0.286936 0.328393 0.267563 3.208513 0.946435
-0.996585 -1.138824 -2.440264 -2.957217 0.320809 0.303286 3.196967 0.945205
-0.970458 -0.390552 -3.932157 -1.984349 0.316710 0.289635 3.121100 0.951397
-1.014278 -0.369903 -3.375960 -1.728940 0.297628 0.277803 3.120038 0.960693
-0.990534 -0.985190 -3.617607 -1.429708 0.317917 0.296232 3.184586 0.950846
-1.098987 -0.225783 -2.030268 -2.943760 0.296803 0.277073 3.120068 0.965720
-1.047861 -0.333169 -3.042390 -0.517236 0.288388 0.259642 3.122407 0.963324
-0.983068 -1.078463 -1.359130 -1.111895 0.301566 0.240000 3.218880 0.953357
-0.966498 -0.618241 -4.223365 -1.977868 0.304201 0.264664 3.195000 0.959049
-0.961633 -0.699574 -2.714331 -4.348036 0.318021 0.270920 3.218880 0.959606
-1.021710 -1.327114 -0.263104 -1.390019 0.317150 0.258016 3.218880 0.952259
-1.057789 -0.341509 -2.017349 -3.639724 0.292649 0.276370 3.087943 0.960567
-0.989115 -0.164802 -4.924424 -0.484790 0.301237 0.288719 3.086808 0.966996
-0.980496 -0.980180 -3.029378 -0.767321 0.312700 0.271164 3.218775 0.950047
-0.965762 -1.394497 -1.385442 -1.075779 0.311131 0.240011 3.218880 0.936713
-0.983940 -0.724208 -4.834615 -2.748948 0.317443 0.293071 3.212960 0.950658
-0.986794 -0.870066 -2.619603 0.218256 0.333030 0.303347 3.213140 0.949150
-0.984948 -0.954205 -0.975987 -4.500325 0.319437 0.277492 3.218781 0.951749
-1.026493 -0.442776 -4.552241 -0.525423 0.297115 0.279441 3.124099 0.954571
-0.984287 -1.592030 -3.677582 0.003736 0.307369 0.240000 3.218880 0.929057
-1.027017 -0.425246 -3.944116 -1.925343 0.300444 0.281843 3.117400 0.956173
-0.937450 -0.654814 -4.763615 0.844550 0.319901 0.281859 3.212745 0.963946
-1.065012 -0.234389 -4.626721 -4.168641 0.306138 0.300683 3.114912 0.971774
-1.047300 -0.941941 -3.516927 -2.434528 0.306446 0.279921 3.218880 0.955021
-0.944189 -1.756904 0.883855 -3.994398 0.334007 0.260593 3.218880 0.940565
-0.997910 -1.322016 0.054067 -3.575704 0.325807 0.256825 3.218880 0.932802
-0.999411 -0.483837 -4.136999 -0.636251 0.304695 0.276877 3.141074 0.962070
-1.100557 0.022421 -4.687223 -4.588095 0.301715 0.305520 3.029441 0.966594
-1.044510 -1.202110 -1.181033 -4.571446 0.292572 0.240000 3.218880 0.946599
-0.988049 -0.899027 -1.032684 -3.571984 0.308663 0.247547 3.218880 0.949912
-1.051930 -0.609902 -1.502940 -1.573409 0.306953 0.279199 3.163529 0.961153
-1.027815 0.146291 -4.491223 -0.663810 0.308704 0.306348 2.946062 0.970753
-0.986501 -0.815330 -4.427867 -3.866324 0.315599 0.287239 3.213141 0.952967
-0.935095 -1.817180 0.678882 -0.662168 0.337901 0.242110 3.218880 0.924954
-0.996075 -0.716747 -1.360638 -2.290377 0.307262 0.249489 3.218880 0.954209
-0.972877 -0.549818 -3.488224 -4.290570 0.320347 0.290698 3.167046 0.951720
-1.008790 -0.827566 -2.230005 -0.022871 0.296343 0.240020 3.218780 0.954304
-1.003341 -1.183410 -0.401841 -2.813850 0.305771 0.240000 3.218880 0.939180
-1.054567 -0.760200 -4.974246 0.601634 0.291407 0.279275 3.190759 0.953661
-0.977729 -0.786562 -2.888166 -1.590098 0.304957 0.249540 3.218880 0.954595
-1.038219 -1.037610 -1.116138 -3.481124 0.324283 0.325926 3.157559 0.947519
-0.976714 -1.682169 -0.146998 -0.197902 0.317373 0.240000 3.218880 0.929387
-1.021931 -1.742210 0.819571 -1.731798 0.318171 0.240032 3.218880 0.949948
-1.022888 -0.733227 -2.602110 -3.037634 0.287433 0.240000 3.218880 0.960357
-0.998130 -0.514906 -2.834574 -2.264119 0.321853 0.307328 3.129310 0.959693
-0.931787 -1.025381 -1.458390 -2.112960 0.338964 0.296345 3.218880 0.951304
-0.962946 -0.874517 -4.569136 -1.057118 0.313040 0.285435 3.215461 0.954910
-1.067229 -0.110697 -3.630884 -4.901577 0.293059 0.284407 3.060836 0.968777
-1.028967 -0.983112 -2.967012 -0.173901 0.310216 0.304900 3.196677 0.948988
-0.891306 -0.913701 -4.167862 -0.470193 0.331502 0.278394 3.218880 0.946200
-0.994681 -0.897561 -4.046798 -1.716991 0.292919 0.240000 3.218880 0.951942
-1.024432 -1.086651 -1.355426 -4.710076 0.296599 0.240000 3.218880 0.944105
-1.004428 -0.684289 -2.412508 -4.067602 0.316599 0.294072 3.165496 0.963382
-0.944442 -0.732243 -4.693659 -3.585466 0.331850 0.304767 3.218523 0.941316
-0.929321 -0.636399 -2.984854 -0.015043 0.332467 0.294305 3.132325 0.949828
-1.007992 -0.978748 -3.484464 0.572147 0.305401 0.266467 3.214945 0.950776
-0.962241 -0.714845 -4.049117 -3.693088 0.318538 0.279979 3.214638 0.956614
-1.003028 -1.179928 -1.971038 -0.136522 0.310415 0.242110 3.218880 0.932570
-0.999602 -0.735064 -4.252464 -1.134205 0.310027 0.283492 3.195811 0.939637
-1.002913 -1.044752 -1.542188 -2.903251 0.301645 0.240000 3.218880 0.942251
-0.962432 -1.475280 -1.315918 0.156423 0.336466 0.288217 3.218880 0.936944
-0.992139 -0.977940 -1.888431 0.123355 0.309261 0.256383 3.218880 0.950620
-0.999559 -1.005174 -0.081452 -4.415055 0.316599 0.254505 3.218880 0.944731
-0.982654 -1.373829 -3.939783 -3.992094 0.313780 0.261520 3.218880 0.934617
-0.909352 -1.475691 -1.783489 -0.210715 0.337666 0.280892 3.218880 0.928238
-1.033058 -0.573777 -2.180322 -2.460206 0.302881 0.268202 3.196647 0.960484
-1.029090 -0.659171 -2.081236 -3.876974 0.313072 0.292575 3.160498 0.957462
-0.988122 -1.283828 -3.408043 -1.235605 0.318358 0.273134 3.218880 0.936635
-0.988229 -0.857787 -3.184876 0.606621 0.306997 0.247769 3.218880 0.951844
-1.015937 -0.663006 -3.149558 -2.305172 0.313819 0.290220 3.195462 0.952687
-1.054335 -1.234839 0.758843 -2.463300 0.299241 0.240000 3.218880 0.946565
-1.030615 -0.726741 -3.293088 0.246670 0.312575 0.270610 3.212210 0.950227
-1.038199 -0.614798 -3.131128 -2.835001 0.310925 0.287274 3.169909 0.957549
-0.919258 -0.874770 -3.597533 -4.680170 0.327053 0.281189 3.211930 0.947568
-0.984684 -1.027136 -1.197721 -1.288581 0.319190 0.262451 3.218880 0.949796
-0.969366 -0.687906 -4.294894 -3.898715 0.319284 0.282329 3.205948 0.955313
-0.970024 -1.962870 0.894622 -1.194988 0.341216 0.267182 3.218880 0.927095
-0.923682 -1.620901 -1.092029 -0.478353 0.327843 0.240950 3.218880 0.919770
-1.025146 -0.876616 -1.671491 -2.851521 0.309477 0.280530 3.218880 0.956166
-0.964310 -0.832684 -2.568373 0.428485 0.311692 0.253197 3.218880 0.952993
-0.970612 -1.343070 -0.727635 -0.823367 0.315897 0.240000 3.218880 0.932693
-0.989213 -0.852502 -3.415765 -3.074090 0.319397 0.298944 3.196206 0.954091
-1.027485 -1.090007 -2.536051 -4.546141 0.310204 0.296323 3.218880 0.951662
-1.082294 -0.242030 -3.598696 -1.185326 0.293171 0.276194 3.048929 0.950571
