-1.038070 -0.501880 -3.573255 -3.287899 0.303312 0.283614 3.159924 0.961968
-0.981113 -1.201001 -2.679190 -3.795628 0.298452 0.240000 3.218880 0.937726
-0.975952 -0.852438 -1.958498 -2.156308 0.320342 0.289949 3.182424 0.950597
-0.960640 -0.986499 -1.004435 -4.387535 0.332670 0.277090 3.218880 0.937813
-0.997297 -0.942176 -3.696816 -2.705287 0.316319 0.282116 3.218880 0.952734
-0.963386 -0.316758 -3.753333 -0.252979 0.308090 0.272141 3.119561 0.970036
-0.960999 -1.377414 -0.105018 -3.717596 0.337126 0.282368 3.218880 0.943695
-0.972681 -1.595611 -0.125590 -0.966994 0.321861 0.240000 3.218880 0.934981
-1.019663 -0.851733 -2.229367 -4.904461 0.295866 0.243695 3.218880 0.954482
-1.013089 -0.902084 -0.604246 -3.823993 0.299320 0.243752 3.218880 0.959434
-0.964213 -0.993479 -1.806465 -2.894527 0.312588 0.247449 3.218880 0.938151
-1.059293 -0.878717 -2.373506 0.181759 0.303762 0.300813 3.182608 0.960477
-0.987068 -1.418710 -2.865806 -0.301837 0.319660 0.269293 3.218880 0.929384
-1.016283 -0.655155 -3.559785 -0.030500 0.318979 0.290267 3.166709 0.955275
-1.015408 -0.290344 -4.834846 -2.195847 0.304519 0.290525 3.099887 0.960837
-1.040407 -0.697532 -1.733505 -1.173959 0.309526 0.276243 3.169468 0.963285
-0.946592 -2.247994 0.921682 -1.260059 0.354771 0.304337 3.218880 0.923277
-0.951128 -1.157270 -4.425108 -1.804000 0.338200 0.316368 3.218174 0.941804
-0.991374 -0.660982 -4.526367 0.420794 0.325932 0.302493 3.168023 0.950289
-0.918743 -0.570996 -2.320457 -4.541401 0.335469 0.287186 3.184197 0.946650
-0.977096 -0.901912 -1.770874 -3.127971 0.326817 0.286535 3.218343 0.949718
-0.973994 -0.624481 -4.319939 -3.782054 0.319264 0.300414 3.215456 0.960477
-0.931642 -1.210019 0.014225 -3.417297 0.317938 0.241487 3.218880 0.943901
-0.971818 -1.191555 -1.942417 -4.662121 0.335991 0.291782 3.218880 0.939242
-0.981846 -0.349824 -4.206197 0.393767 0.321747 0.293144 3.121910 0.957236
-1.010449 -1.465504 0.233688 -4.088329 0.320140 0.274537 3.218880 0.946138
-0.981664 -1.381217 -1.367914 -0.088559 0.312023 0.240000 3.218880 0.938972
-1.019794 -0.726378 -3.321895 -0.361101 0.321434 0.292788 3.189014 0.953227
-0.880555 -0.787842 -4.611847 -0.873815 0.339401 0.280838 3.218880 0.940600
-1.006662 -0.823009 -4.013357 -4.609224 0.306184 0.276913 3.218880 0.954742
-1.003513 -0.869265 -3.030807 -2.270074 0.312158 0.282264 3.204491 0.952854
-1.030931 -0.492658 -1.769843 -4.782678 0.308757 0.285593 3.171351 0.971299
-0.984429 -1.021798 -3.292185 0.418141 0.326532 0.297431 3.218880 0.949504
-0.971484 -0.663384 -4.709906 -2.358387 0.313208 0.278858 3.214766 0.957801
-1.018891 -1.285966 -0.669938 -1.984211 0.316279 0.252201 3.218880 0.942783
-1.011878 -0.523261 -3.086363 -1.072720 0.315353 0.289860 3.183996 0.967389
-1.039037 -0.370809 -4.644525 -1.940779 0.296561 0.275347 3.201379 0.956824
-1.028907 -0.552638 -4.942721 -0.569352 0.299255 0.286092 3.146091 0.961735
-0.913763 -1.844540 -1.268459 -0.577476 0.353389 0.324129 3.218880 0.929738
-0.898197 -0.981194 -3.277528 -1.178801 0.331323 0.285756 3.218880 0.937520
-0.961079 -0.440815 -2.654627 -2.789164 0.322319 0.284525 3.186594 0.967459
-0.976150 -0.850471 -3.788926 -0.316860 0.321914 0.293542 3.214555 0.955876
-1.024105 -0.383970 -4.684372 0.567095 0.295514 0.269680 3.158191 0.963994
-1.086702 -1.337137 -0.860564 -2.230198 0.291888 0.240000 3.218880 0.942710
-0.923417 -1.265639 -0.441322 -3.628543 0.312439 0.240000 3.218880 0.937210
-1.030095 -1.013777 -2.175028 -3.066782 0.315652 0.293411 3.194426 0.943476
-0.984316 -1.446325 -1.485436 -3.238361 0.306012 0.240002 3.218880 0.931422
-0.950756 -0.681156 -4.338459 -4.217972 0.311330 0.265226 3.218700 0.954450
-1.028796 -0.971719 -0.471493 -3.561397 0.298619 0.240000 3.218880 0.954061
-0.990305 -0.724398 -3.805725 -4.363657 0.290930 0.240064 3.218880 0.959209
-0.975041 -0.996466 -3.841589 -2.525885 0.323191 0.274395 3.206603 0.932896
-1.000864 -0.737775 -3.429115 -4.903099 0.304172 0.254925 3.218880 0.950565
-0.993445 -0.947600 -3.195004 0.054018 0.303362 0.251196 3.218880 0.947576
-1.011167 -0.548965 -1.957277 -3.399890 0.312077 0.277571 3.168522 0.960465
-0.983245 -1.754924 0.574061 -3.673227 0.319035 0.240000 3.218880 0.925651
-1.011548 -0.584142 -2.908856 -0.839268 0.310847 0.282125 3.163093 0.954384
-1.024597 -1.310931 0.743131 -4.840143 0.309188 0.240000 3.218880 0.939386
-1.030858 -0.564492 -2.122719 -4.229451 0.313943 0.292667 3.165699 0.960149
-1.045396 -0.584335 -1.205124 -3.377190 0.311388 0.265811 3.197483 0.960678
-1.004927 -1.305616 -3.126781 -3.368028 0.317223 0.288390 3.209918 0.948496
-0.985267 -0.618931 -4.903866 -2.016723 0.291155 0.242597 3.218880 0.957094
-1.074788 -0.623203 -3.548879 0.121657 0.305609 0.296642 3.157934 0.956443
-0.990721 -0.778762 -3.991979 -1.718422 0.316244 0.292854 3.208857 0.954117
-0.904040 -0.715383 -2.982457 -2.605563 0.326767 0.272048 3.217997 0.949259
-1.016918 -0.860465 -2.146084 0.015755 0.324370 0.296293 3.185756 0.949985
-0.965170 -1.485395 -0.371286 -0.109869 0.327859 0.241860 3.218880 0.929630
-1.026756 -1.718858 -2.623728 -0.257038 0.320606 0.276303 3.218880 0.927778
-1.068623 -1.752739 0.410030 -2.079489 0.318971 0.285058 3.218759 0.941164
-1.002482 -1.231213 0.284709 -3.177201 0.312087 0.240000 3.218880 0.943702
-1.014016 -1.196592 -0.972626 -1.480064 0.312966 0.248069 3.218880 0.941855
-1.014508 -1.404915 0.470315 -3.770530 0.314102 0.241476 3.218880 0.944225
-0.979415 -0.834351 0.091701 -4.645622 0.311345 0.245959 3.218880 0.956998
-0.908334 -0.840957 -2.714917 -1.784160 0.334159 0.275087 3.197358 0.943433
-1.015435 -1.561994 -1.811609 -0.230510 0.325900 0.317352 3.218880 0.945008
-1.018798 -0.304139 -3.613510 -0.742049 0.319263 0.298929 3.123000 0.958553
-1.053786 -0.916176 -2.790883 0.612113 0.307418 0.289826 3.190601 0.952549
-0.973187 -1.471307 -1.024644 0.985661 0.325618 0.245997 3.218880 0.937565
-1.033199 -1.026678 -2.278399 -3.720576 0.318932 0.302359 3.218638 0.951009
-0.998833 -1.891852 0.285343 -1.290759 0.323727 0.240007 3.218880 0.915614
-1.027561 -0.849078 -2.411484 -1.900176 0.309977 0.278411 3.218880 0.959970
-0.941025 -1.387843 0.679448 -3.673297 0.321266 0.240000 3.218880 0.942761
-0.939286 -0.831323 -2.430756 -2.119538 0.327445 0.273172 3.218880 0.951784
-0.965800 -1.058867 -0.367617 -4.760078 0.322470 0.253564 3.218880 0.942246
-1.004023 -0.558403 -3.356325 -0.849083 0.315439 0.299929 3.172048 0.952787
-1.021397 -0.426967 -3.978267 -3.718929 0.304105 0.282244 3.176536 0.961589
-0.890326 -0.693063 -4.908619 -2.144425 0.329304 0.276249 3.218652 0.946523
-1.000388 -0.829555 -2.412924 -3.989566 0.314663 0.287943 3.208295 0.956117
-0.962227 -0.827518 -3.516648 -1.963220 0.318926 0.270097 3.218880 0.951568
-1.031702 -1.157239 -1.609682 0.115639 0.316559 0.282679 3.209184 0.953143
-1.021766 -0.592744 -4.017715 -3.729137 0.304154 0.285111 3.127451 0.962115
-0.916018 -0.963774 -1.937567 -2.256056 0.330792 0.267492 3.218880 0.951550
-0.979015 -1.501963 -2.278585 -2.754831 0.326525 0.276321 3.218880 0.935482
-0.980799 -0.490823 -4.798743 -2.867742 0.319348 0.290519 3.169391 0.958419
-1.008884 -0.866389 -2.652350 -0.243027 0.321360 0.287237 3.218880 0.950457
-0.933244 -1.335176 -1.158559 -2.256069 0.324115 0.244245 3.218880 0.941079
-0.963508 -1.095547 -3.069194 -3.118205 0.338755 0.304142 3.218880 0.939256
-0.956535 -0.476815 -4.196175 -3.933940 0.317575 0.277999 3.184245 0.956651
-0.979668 -1.246722 -0.575296 -4.842203 0.307167 0.240000 3.218880 0.939111
-0.955289 -1.512410 0.996485 -4.573721 0.318641 0.240008 3.218880 0.938666
-1.044734 -0.686609 -1.214913 -3.404726 0.315254 0.280904 3.189869 0.957455
-0.894599 -0.998913 -2.564213 -0.919462 0.331187 0.261339 3.218880 0.939030
-1.061816 -0.964366 0.783241 -4.794213 0.297577 0.240017 3.218880 0.958756
-0.925701 -0.946981 -0.572321 -4.522663 0.306162 0.240023 3.218880 0.952989
-1.046400 -1.249371 -0.341672 -0.094329 0.315730 0.278469 3.211168 0.958065
-0.996278 -0.463973 -3.704420 -1.551487 0.313594 0.291534 3.160601 0.958849
-1.003254 -1.074850 -1.935791 0.295583 0.321135 0.260775 3.218880 0.938670
-1.002820 -1.126556 -3.427711 -1.960786 0.315944 0.285566 3.218880 0.946939
-0.951180 -1.073375 -3.679565 -3.719749 0.327445 0.291340 3.218880 0.943845
-0.972581 -1.629055 0.063963 -2.804277 0.334203 0.286023 3.218880 0.926147
-0.966419 -0.834914 -1.921297 -4.912140 0.340167 0.303377 3.206304 0.947158
-0.990805 -0.339477 -4.190502 -3.229662 0.311946 0.307471 3.088183 0.960394
-0.987582 -0.233014 -4.249627 -3.935901 0.305200 0.287318 3.080634 0.961597
-1.031102 -0.804330 -3.315094 -4.041010 0.290530 0.243715 3.218880 0.956552
-1.107978 -0.963443 -1.508833 -2.513164 0.300235 0.289525 3.218880 0.955873
-0.951566 -1.960578 0.940040 -1.326142 0.326370 0.240000 3.218880 0.926022
-1.069865 -0.329412 -3.590419 -3.239125 0.303926 0.306381 3.087398 0.964445
-0.960235 -0.914241 -2.748591 0.786850 0.318529 0.258071 3.218880 0.955117
-0.967828 -0.782654 -3.499860 -3.723235 0.317822 0.277002 3.202121 0.959085
-1.052504 -0.606441 -1.908577 -1.524510 0.302487 0.274872 3.176012 0.960681
-1.072127 -0.652784 -2.141663 -4.347012 0.288675 0.248193 3.218880 0.957294
-1.036088 -0.621220 -3.658343 -4.663285 0.313776 0.313606 3.145290 0.960448
-1.044118 -0.444030 -2.171591 -2.668501 0.306504 0.280479 3.174862 0.972819
-0.979318 -0.343078 -4.812090 -0.778257 0.313198 0.293197 3.127235 0.965912
-1.022513 -0.546995 -2.150211 -2.325784 0.308652 0.280364 3.123981 0.948720
-0.995035 -1.641898 -0.768950 0.611631 0.318402 0.240000 3.218880 0.924095
-1.033076 -1.320650 -2.308920 -4.064850 0.316824 0.306128 3.218880 0.940771
-0.990372 -1.225324 -4.046013 0.609563 0.322369 0.302553 3.218742 0.948774
-1.006123 -1.268990 -4.754908 0.688029 0.314910 0.280864 3.218880 0.948814
-1.024053 -0.247908 -4.106263 -2.259863 0.300786 0.300526 3.054597 0.966127
-1.009351 -0.927475 -1.972830 0.528972 0.299614 0.240000 3.218880 0.953862
-0.999006 -0.775002 -4.571223 -2.546515 0.297873 0.247603 3.218880 0.951942
-1.028153 -0.261835 -4.242197 0.528352 0.319352 0.313916 3.114643 0.962720
