-1.009993 -1.114630 -1.391897 -4.952272 0.310079 0.262226 3.218880 0.947791
-0.933387 -1.340572 -1.021475 -3.145526 0.316514 0.240000 3.218880 0.932754
-0.900293 -1.235489 -0.452572 -4.174688 0.338334 0.265031 3.218880 0.938858
-1.051826 -0.823207 -2.071023 -4.577580 0.313235 0.293283 3.212964 0.959085
-1.032631 -1.165663 -0.024889 -1.969592 0.306345 0.240000 3.218880 0.947459
-0.939399 -1.089175 -2.224196 -0.964949 0.317242 0.252758 3.218880 0.946394
-1.061668 -1.484531 0.759232 -4.437120 0.306942 0.240000 3.218880 0.936219
-0.996675 -0.485363 -4.333847 0.195110 0.318738 0.312543 3.131968 0.958403
-1.017710 -1.251938 0.582706 -3.769153 0.310070 0.241441 3.218880 0.950632
-1.034787 -0.556009 -3.999584 -2.266218 0.312450 0.296744 3.137782 0.952519
-0.932602 -0.857392 -3.412939 -4.715578 0.315037 0.258474 3.218814 0.949024
-0.893098 -1.335215 -1.435498 -1.444932 0.334578 0.264087 3.218880 0.936917
-0.992327 -0.574321 -4.948572 -4.232250 0.314145 0.283669 3.196156 0.960361
-0.956545 -1.023050 -2.585959 -1.370264 0.324175 0.263067 3.218880 0.944385
-1.135682 -0.679695 -2.702329 -0.373070 0.274652 0.244579 3.218880 0.970529
-1.011711 -0.492792 -1.154331 -3.804474 0.315954 0.277639 3.172552 0.959545
-1.046545 -1.524486 -1.386709 0.696560 0.305481 0.240000 3.218880 0.934742
-1.060504 -0.740321 -1.989962 -2.194996 0.286483 0.240000 3.218880 0.957795
-0.987645 -1.340237 0.729472 -1.733821 0.324738 0.243085 3.218880 0.940384
-0.962080 -0.119777 -4.031324 -3.915662 0.321747 0.299542 3.104682 0.966116
-1.030431 -0.584861 -4.619758 -1.613407 0.316045 0.312938 3.102364 0.959102
-1.020681 -0.602777 -4.274229 -4.976470 0.310887 0.290023 3.171499 0.957792
-1.010420 -0.941171 -4.429551 -4.536474 0.318359 0.304840 3.218880 0.954688
-0.944811 -1.222665 -1.485073 -0.142364 0.318452 0.244648 3.218880 0.939038
-1.024814 -0.180061 -4.654053 -1.894789 0.302117 0.292456 3.079120 0.968096
-1.085106 -0.780416 -3.550576 0.866326 0.302738 0.279126 3.218875 0.956745
-1.024392 -0.562922 -4.751121 0.797694 0.299801 0.259247 3.186124 0.961290
-0.971139 -1.888749 0.130485 -2.081525 0.339397 0.323369 3.218349 0.937176
-0.990308 -0.569844 -3.780062 0.083567 0.325840 0.311973 3.135821 0.953286
-0.911290 -1.060561 -4.914401 -3.348661 0.330684 0.287136 3.218880 0.942272
-0.978973 -1.060650 -1.775443 -0.114321 0.333310 0.300012 3.187396 0.941019
-0.976047 -0.951863 -4.066120 -1.684599 0.324374 0.310037 3.216042 0.946482
-0.979278 -1.133832 -0.539056 -1.162971 0.310351 0.240000 3.218880 0.951386
-0.988748 -0.984236 -1.792948 -4.995537 0.308721 0.251844 3.218880 0.948786
-1.016718 -1.296751 -0.552571 -2.885112 0.309790 0.249305 3.218880 0.940091
-1.084356 -0.183017 -4.207031 -1.217675 0.298983 0.300268 3.065103 0.968192
-0.993174 -0.789552 -4.919642 -0.908927 0.326508 0.298734 3.208890 0.953232
-1.014048 -0.863450 -3.320573 -1.999547 0.320444 0.309956 3.196532 0.954761
-1.027921 -0.940398 -0.109152 -3.356245 0.310753 0.248860 3.218880 0.952658
-1.016631 -0.727563 0.065492 -3.381089 0.311277 0.255983 3.200318 0.961843
-1.000727 -1.100555 -2.425176 -3.286979 0.318780 0.291269 3.218880 0.951219
-0.934651 -1.845069 0.457939 -3.055054 0.342694 0.296896 3.218880 0.932906
-0.936953 -1.175737 -2.306032 -4.478526 0.325899 0.262345 3.218880 0.935928
-1.025516 -1.016457 -0.625954 -1.892699 0.311243 0.249672 3.218880 0.944767
-1.018900 -0.562746 -3.973261 -2.855230 0.297394 0.271566 3.174705 0.954803
-0.994026 -1.396293 -1.717064 -4.896859 0.324374 0.306563 3.218880 0.935093
-0.953547 -1.206125 -1.762402 -1.110297 0.317170 0.243508 3.218880 0.933355
-0.955109 -1.227030 -1.779062 -1.145538 0.330090 0.279423 3.218880 0.936481
-0.953825 -1.216315 -1.769337 -1.145095 0.327677 0.265057 3.218880 0.936114
-0.942935 -1.176731 -1.797626 -1.155383 0.329729 0.272609 3.218880 0.940012
-0.932834 -1.231778 -1.825643 -1.157845 0.333030 0.267948 3.218880 0.939784
-0.989647 -1.096637 -1.719045 -1.151576 0.316925 0.257057 3.218880 0.944759
-0.994922 -1.120585 -1.700142 -1.117896 0.309364 0.242556 3.218880 0.934733
-0.997048 -1.121847 -1.701091 -1.119600 0.325766 0.273598 3.218880 0.943239
-1.002839 -1.128281 -1.705113 -1.118427 0.312458 0.250528 3.218880 0.934728
-1.003490 -1.126102 -1.703897 -1.116642 0.304227 0.240000 3.218880 0.937138
-0.993551 -1.115801 -1.705477 -1.116287 0.308863 0.251542 3.218880 0.946621
-1.002691 -1.163832 -1.755769 -1.149814 0.322281 0.296526 3.204101 0.944536
-0.996686 -1.170562 -1.740941 -1.152071 0.304970 0.246111 3.218880 0.941179
-0.995312 -1.188693 -1.756012 -1.135522 0.314259 0.269658 3.218880 0.942761
-1.003741 -1.201755 -1.751236 -1.134199 0.319631 0.307402 3.218880 0.952653
-0.997271 -1.184514 -1.736986 -1.120336 0.303804 0.240000 3.218880 0.937142
-0.994304 -1.163051 -1.744016 -1.152688 0.309906 0.243674 3.218880 0.937774
-0.997736 -1.161571 -1.732984 -1.146655 0.310267 0.261702 3.218880 0.942009
-0.999300 -1.166452 -1.742286 -1.150515 0.303009 0.240000 3.218880 0.939833
-1.001559 -1.171582 -1.741927 -1.158386 0.300117 0.240000 3.218880 0.943972
-0.911592 -1.088526 -1.754245 -1.182048 0.325265 0.250271 3.218880 0.936856
-0.913668 -1.060121 -1.766271 -1.166977 0.321038 0.253594 3.218880 0.940817
-0.941325 -1.049159 -1.755248 -1.065417 0.320026 0.260770 3.218880 0.953545
-0.941289 -1.036730 -1.753696 -1.056269 0.310496 0.241546 3.218880 0.943760
-0.951887 -0.956113 -1.671556 -1.100469 0.311580 0.245744 3.218880 0.949713
-0.951949 -0.953662 -1.675257 -1.091119 0.316073 0.259662 3.218880 0.958452
-0.960406 -0.945591 -1.706987 -1.075627 0.323775 0.288829 3.184305 0.949715
-0.950409 -0.989108 -1.702919 -1.077021 0.309988 0.248834 3.218880 0.953766
-0.947189 -0.986372 -1.700998 -1.074567 0.312033 0.249477 3.218880 0.952388
-0.942642 -0.939648 -1.693847 -1.044508 0.332121 0.271650 3.218880 0.950876
-0.940722 -0.940378 -1.694359 -1.047973 0.321178 0.255993 3.218880 0.949721
-0.922305 -0.988860 -1.604620 -1.055200 0.335604 0.275987 3.218880 0.948909
-0.924845 -0.999588 -1.603566 -1.061567 0.315895 0.245488 3.218880 0.945720
-0.926264 -0.999837 -1.606561 -1.072524 0.325904 0.269228 3.218880 0.948660
-0.896911 -0.892429 -1.566596 -1.066867 0.326158 0.254357 3.218880 0.947348
-0.902418 -0.846977 -1.524323 -1.044179 0.333287 0.267252 3.218793 0.951596
-0.903150 -0.895997 -1.482165 -1.006519 0.330825 0.261659 3.218880 0.946820
-0.903586 -0.878362 -1.492556 -1.029044 0.337840 0.276780 3.218880 0.950135
-0.913823 -0.847471 -1.566305 -1.026633 0.333026 0.263026 3.218880 0.948062
-0.917465 -0.869544 -1.574716 -1.028365 0.337844 0.275457 3.214799 0.943545
-0.934710 -0.882006 -1.551801 -1.081159 0.327103 0.260574 3.218880 0.948891
-0.933513 -0.883355 -1.557151 -1.078192 0.325994 0.260259 3.218880 0.948968
-0.947405 -0.891004 -1.540669 -1.178268 0.314754 0.247076 3.218880 0.946430
-0.948557 -0.893928 -1.536190 -1.176214 0.320971 0.267424 3.218880 0.946565
-0.955099 -0.887388 -1.525814 -1.169014 0.317823 0.255993 3.218880 0.947976
-0.946153 -0.863253 -1.415363 -1.104385 0.326392 0.274396 3.218404 0.952901
-0.951644 -0.853652 -1.393633 -1.108146 0.322663 0.264099 3.218880 0.951304
-0.955811 -0.847283 -1.415266 -1.107180 0.317440 0.262139 3.218880 0.951887
-0.951608 -0.832962 -1.435656 -1.069239 0.323015 0.263023 3.218768 0.949076
-0.949971 -0.830697 -1.440734 -1.071335 0.326441 0.264360 3.218880 0.951896
-0.943711 -0.830316 -1.461777 -1.055746 0.323743 0.262299 3.218570 0.951915
-0.944873 -0.893615 -1.433089 -1.025690 0.323439 0.258219 3.218880 0.945788
-0.944863 -0.893681 -1.433087 -1.025757 0.322496 0.254816 3.218880 0.949124
-0.944471 -0.894525 -1.433280 -1.025802 0.318183 0.250115 3.218880 0.946726
-0.945307 -0.907111 -1.393553 -1.015780 0.327111 0.277466 3.208011 0.948405
-0.968731 -0.896450 -1.411180 -1.024903 0.326274 0.276664 3.218880 0.954671
-0.998613 -0.954978 -1.394923 -0.988191 0.302315 0.240394 3.218880 0.949048
-0.995537 -0.907738 -1.320899 -1.026463 0.302911 0.241337 3.218880 0.952336
-0.998502 -0.916715 -1.338959 -1.024749 0.296273 0.240000 3.218880 0.950640
-0.974495 -0.791482 -1.400269 -1.020660 0.311464 0.257008 3.218880 0.963212
-0.973896 -0.787620 -1.399512 -1.016460 0.319657 0.273143 3.180149 0.950145
-1.027179 -0.719865 -1.682503 -0.929547 0.300764 0.260915 3.215960 0.963536
-1.026431 -0.751235 -1.705629 -0.915588 0.305279 0.269398 3.215452 0.967293
-1.025148 -0.751909 -1.705322 -0.920692 0.296748 0.251335 3.217890 0.961461
-1.010997 -1.084318 -1.838924 -0.990280 0.300181 0.242827 3.218880 0.954102
-1.029495 -1.083013 -1.822147 -0.939777 0.295341 0.240000 3.218880 0.951141
-1.037369 -1.067253 -1.816692 -0.964235 0.290871 0.240000 3.218880 0.952925
-1.037369 -1.067253 -1.816692 -0.964235 0.291636 0.240000 3.218880 0.946014
-1.040119 -1.067114 -1.818129 -0.971948 0.316250 0.294186 3.217637 0.955301
-1.030314 -1.031838 -1.810598 -1.015529 0.298107 0.240000 3.218880 0.946655
-1.028766 -1.025433 -1.821349 -1.022602 0.312405 0.278235 3.218880 0.949426
-1.045789 -1.018898 -1.942635 -1.058650 0.321900 0.320631 3.205864 0.955678
-1.046072 -1.022009 -1.946669 -1.032181 0.317334 0.297158 3.203857 0.949416
-1.032654 -1.039476 -1.926445 -0.936461 0.312761 0.289381 3.218880 0.950810
-1.033408 -1.063425 -1.942481 -0.930053 0.316559 0.295920 3.187294 0.943304
-1.028578 -1.036021 -1.930551 -0.935255 0.325961 0.301633 3.210461 0.950403
-1.020959 -1.038874 -1.937401 -0.931379 0.299830 0.240001 3.218880 0.941613
-1.017217 -1.028075 -1.939893 -0.945723 0.312989 0.288575 3.218880 0.951040
-1.012267 -1.027268 -1.960370 -0.959225 0.322052 0.296703 3.214060 0.948210
-1.023282 -1.125566 -1.829948 -0.991350 0.312498 0.264751 3.218880 0.957885
-1.010609 -1.854701 0.836095 -1.371648 0.322186 0.240000 3.218880 0.930159
-0.971862 -0.455286 -2.048476 -4.671844 0.328621 0.303468 3.121302 0.959405
-1.076270 -0.775234 -0.870342 -4.502954 0.310841 0.298617 3.180447 0.954476
-0.950418 -1.745817 0.093541 -0.687365 0.323660 0.240000 3.218880 0.928385
-0.989563 -1.183697 -2.110408 -3.118243 0.304846 0.240091 3.218880 0.946466
