-0.981012 -0.883219 -1.684120 -3.738033 0.313426 0.261932 3.218880 0.952531
-1.016442 -1.175024 -3.591317 -0.401335 0.303332 0.240000 3.218880 0.939813
-0.935800 -3.008383 0.973348 0.952097 0.347373 0.240000 3.218880 0.899849
-0.958614 -0.593060 -4.652458 -1.867181 0.319081 0.287878 3.188923 0.958741
-1.019872 -0.273550 -4.996166 -4.307536 0.308968 0.302110 3.090096 0.958919
-0.963932 -1.466427 -0.643435 -3.611761 0.338819 0.305699 3.218880 0.944084
-0.993151 -0.793513 -1.511014 -1.478287 0.327495 0.289983 3.185800 0.951734
-1.066536 -1.519197 0.595324 -0.546390 0.309563 0.240000 3.218880 0.938356
-1.003630 -0.865097 -2.945348 -0.608145 0.319534 0.292176 3.215634 0.951539
-1.016242 -0.934061 -2.260203 0.789673 0.301015 0.244024 3.218880 0.957396
-1.044531 -0.829043 -2.232646 -4.733922 0.307690 0.276446 3.218880 0.947625
-0.983922 -0.755909 -4.231981 -2.324255 0.312716 0.297745 3.142770 0.944586
-1.056142 -0.346690 -3.547424 -0.191918 0.290724 0.279657 3.077410 0.967906
-0.926387 -0.521413 -3.925198 0.470976 0.326735 0.288389 3.161314 0.956737
-0.932471 -1.218424 -3.608685 -2.895736 0.316958 0.245505 3.218880 0.931775
-1.013228 -0.860733 -0.953392 -3.916790 0.299877 0.245061 3.218880 0.960221
-0.964977 -1.207902 -2.138784 -4.479401 0.331233 0.300188 3.218880 0.942641
-0.986003 -0.775138 -3.561758 -0.844602 0.314891 0.274041 3.217171 0.958614
-1.034388 -1.072067 0.547981 -3.046070 0.304732 0.240000 3.218880 0.956328
-0.978301 -0.852080 -2.396219 -3.395609 0.318271 0.291306 3.204251 0.948830
-0.994417 -0.645824 -3.969411 -3.364960 0.321556 0.284167 3.197546 0.945347
-1.007624 -0.533219 -3.483526 -0.839795 0.312155 0.292454 3.141075 0.967110
-0.904211 -0.943939 -1.324148 -3.061334 0.323885 0.253137 3.218880 0.941072
-1.022946 -1.151363 -0.958489 -0.173310 0.301597 0.240000 3.218880 0.946598
-1.009575 -0.620676 -4.832686 0.714397 0.296902 0.252587 3.218880 0.957178
-0.985081 -0.796683 -1.092254 -4.458098 0.302618 0.246727 3.218880 0.959368
-1.073851 -0.102061 -3.336903 -0.040439 0.293387 0.284225 3.058937 0.967955
-1.023525 -1.088908 -0.843858 -2.659541 0.292847 0.240000 3.218880 0.954069
-0.985821 -0.249120 -3.642918 -3.270920 0.306903 0.289962 3.087122 0.959966
-0.927346 -0.844183 -3.215992 -1.558291 0.313280 0.250169 3.218880 0.946452
-1.026133 -0.921977 -0.361304 -4.332675 0.304755 0.246692 3.218880 0.950172
-1.015062 -1.669264 -0.427912 0.895294 0.322211 0.240000 3.218880 0.926555
-0.948762 -1.660820 -1.424994 0.869327 0.318890 0.240000 3.218880 0.924735
-0.946896 -0.669620 -4.041237 -1.651669 0.321864 0.290734 3.189968 0.959696
-1.016426 -1.620212 0.682440 -1.678316 0.332393 0.274080 3.218880 0.933134
-0.936499 -1.247212 -2.955687 -3.757825 0.336126 0.301860 3.218880 0.936943
-1.009843 -1.162178 -2.264097 -0.536827 0.332869 0.316516 3.218880 0.947991
-1.003777 -1.010133 -0.238619 -3.367859 0.308687 0.243564 3.218880 0.947712
-1.057141 -0.510051 -2.784203 -4.331751 0.306190 0.288073 3.156432 0.964709
-0.979670 -1.757412 -0.886749 0.553302 0.331496 0.273350 3.218880 0.935279
-1.017173 -1.538104 -0.170914 -2.562217 0.306876 0.240000 3.218880 0.925695
-0.947826 -1.686927 -0.891558 0.015340 0.323599 0.240000 3.218880 0.925495
-0.979281 -0.520856 -2.764442 -0.908382 0.303232 0.257795 3.172513 0.966454
-1.009818 -1.485459 0.664494 -4.047300 0.310379 0.240000 3.218880 0.937680
-1.042914 -0.493736 -4.434145 -4.127073 0.308517 0.298937 3.177127 0.972339
-0.913332 -0.726202 -3.547074 -3.753124 0.318241 0.269774 3.218880 0.956589
-0.903179 -0.770163 -2.787979 -3.000048 0.333434 0.278530 3.218001 0.946818
-1.015761 -1.116537 -0.961071 -2.555697 0.327545 0.291696 3.197848 0.943907
-1.014806 -1.061546 -2.044866 -1.916658 0.319211 0.279811 3.218880 0.950236
-1.029379 -0.815862 -1.637693 -1.621031 0.314098 0.293271 3.179385 0.950064
-0.953831 -1.385900 -1.643326 -1.991799 0.319242 0.244206 3.218880 0.935705
-0.959460 -1.282642 -0.797806 -1.467741 0.311422 0.240012 3.218880 0.949353
-1.022263 -1.443098 -1.973051 -0.931232 0.316235 0.275299 3.218880 0.932142
-0.976107 -1.674547 -0.421911 0.843265 0.328640 0.242645 3.218880 0.937607
-0.958901 -0.840877 -4.594919 0.112377 0.324077 0.284889 3.198888 0.946342
-0.971881 -1.305005 -3.491977 -4.911983 0.326907 0.283256 3.218880 0.931233
-1.024027 -0.480563 -4.635929 -3.932776 0.299882 0.278475 3.176136 0.961079
-0.898025 -1.629539 0.026352 -2.925315 0.333341 0.246744 3.218880 0.928448
-1.032648 -1.012684 -1.875692 -3.584218 0.300623 0.244612 3.218880 0.947687
-1.042744 -0.514077 -2.238426 -4.158899 0.302451 0.285489 3.138341 0.964901
-1.006261 -0.637726 -4.546381 -0.478006 0.310794 0.285555 3.182241 0.955903
-0.978699 -0.255349 -4.508165 0.148688 0.320332 0.301923 3.137214 0.974045
-0.902173 -0.917660 -1.070941 -3.421064 0.326036 0.254405 3.218880 0.944520
-1.007857 -1.062966 -2.048878 -3.894843 0.319192 0.289919 3.218808 0.945397
-1.037522 -0.389088 -4.816652 -3.328655 0.299205 0.292075 3.122851 0.969595
-0.991719 -0.759596 -3.932741 -0.519554 0.314390 0.287221 3.207772 0.953525
-1.069864 -0.762360 -3.549777 0.071394 0.307096 0.286528 3.191674 0.951056
-1.025376 -0.512810 -3.970650 -1.377153 0.288018 0.248852 3.195315 0.961715
-1.084973 -0.472482 -4.216352 0.391805 0.304852 0.306169 3.141005 0.971053
-1.008315 -1.028324 -2.011669 -1.563827 0.324903 0.295899 3.218880 0.946475
-0.982324 -1.493517 -3.202200 0.198500 0.322747 0.302720 3.218880 0.939095
-0.881412 -1.141125 -1.107861 -2.351392 0.346317 0.280827 3.218880 0.942509
-0.963592 -1.198493 -3.038991 0.382628 0.323995 0.282959 3.218880 0.940736
-1.057366 -1.317611 0.144299 -2.131745 0.307364 0.240000 3.218880 0.938381
-0.973864 -1.088461 -1.149577 -1.037072 0.306624 0.240090 3.218880 0.949252
-0.949197 -1.511327 -1.878432 0.271774 0.336389 0.282589 3.218880 0.936653
-0.976677 -0.934719 -1.168060 -4.482237 0.317654 0.258369 3.218880 0.947767
-1.016382 -0.778946 -2.303749 -4.987918 0.306982 0.281200 3.204004 0.959846
-0.991846 -0.284694 -4.637666 -2.711327 0.307502 0.294640 3.078025 0.959423
-0.956488 -0.865868 -2.605609 0.598092 0.321361 0.265543 3.218652 0.948190
-1.092756 -0.640960 -2.324862 -1.257961 0.295137 0.285561 3.153581 0.950285
-1.004892 -1.096334 -4.535329 -4.795220 0.296079 0.240000 3.218880 0.944534
-0.985015 -1.234373 -1.436129 -0.037906 0.308156 0.242855 3.218880 0.935310
-0.983539 -1.012392 -0.634240 -2.544544 0.317144 0.250101 3.218880 0.948827
-1.023094 -1.012985 -2.437876 0.992517 0.298423 0.240000 3.218880 0.949700
-0.997304 -0.937255 -2.296734 -3.827734 0.310203 0.294513 3.192338 0.962152
-0.971834 -0.652765 -2.770903 -2.028058 0.311656 0.266749 3.218821 0.955375
-0.957711 -1.168980 -4.634701 -3.522673 0.322249 0.296164 3.218880 0.946688
-1.009605 -0.888556 -3.346115 -4.664870 0.322562 0.309957 3.203981 0.954391
-0.981485 -1.077285 -2.623927 -4.297032 0.317149 0.277186 3.218596 0.946580
-0.956294 -1.096509 -1.061572 -3.110782 0.324892 0.280912 3.218880 0.939515
-1.015020 -1.698309 0.483906 -0.910738 0.320968 0.240000 3.218880 0.920544
-0.861959 -1.502365 -0.322098 -2.877425 0.344448 0.264856 3.218880 0.923773
-0.926051 -0.524890 -3.194268 -3.701744 0.318534 0.278964 3.178648 0.958667
-1.024717 -0.824824 -4.167728 -2.388079 0.304161 0.287060 3.175552 0.943519
-0.944047 -0.899261 -4.551334 -2.932484 0.304883 0.250510 3.218880 0.956058
-1.021468 -0.537255 -1.831905 -0.602514 0.297121 0.252157 3.173745 0.961324
-0.950857 -1.258566 0.290207 -3.785182 0.325203 0.246841 3.218880 0.934636
-0.926955 -0.724915 -2.687621 -2.415193 0.320649 0.279588 3.187627 0.954472
-0.955491 -0.630356 -4.343983 0.591992 0.325785 0.291509 3.175730 0.955529
-1.003056 -0.764912 -1.512778 -4.506452 0.317127 0.274690 3.213170 0.953607
-1.006031 -1.512148 -2.028673 -2.004380 0.324141 0.296941 3.218880 0.946628
-0.987594 -1.003374 -2.605660 -1.581671 0.322639 0.316245 3.216193 0.958142
-0.936584 -0.662159 -4.192660 0.593321 0.324895 0.284775 3.217534 0.954569
-0.973340 -0.573655 -4.954034 -3.318888 0.318426 0.292078 3.168688 0.956417
-1.086855 -0.745388 -3.906301 -3.674667 0.302340 0.299963 3.183928 0.955426
-0.931031 -1.426158 -1.626937 -0.504216 0.323504 0.244883 3.218880 0.931059
-0.925590 -1.498083 -0.837623 -0.416749 0.321279 0.240000 3.218880 0.929629
-1.126871 -0.530953 -3.267765 -1.057976 0.298222 0.301356 3.139564 0.962081
-1.014394 -0.742474 -4.862772 -0.216752 0.322692 0.302696 3.197502 0.959074
-0.942079 -1.258097 -3.184226 -3.432580 0.326574 0.289494 3.218880 0.944180
-0.956775 -1.171646 -1.591753 -1.841655 0.315786 0.246039 3.218880 0.944259
-0.973786 -1.663697 -1.115300 -1.075468 0.331180 0.294695 3.218880 0.940913
-1.033165 -1.546590 0.470297 -1.843880 0.317971 0.251124 3.218832 0.954053
-1.060766 -1.127053 0.633322 -3.778894 0.293898 0.240000 3.218880 0.951401
-1.132760 -0.221171 -3.332423 -0.309065 0.283549 0.269562 3.099307 0.965275
-0.987597 -0.579968 -4.664336 -2.921339 0.318226 0.298204 3.193307 0.962266
-0.924312 -1.840015 0.859419 -1.521768 0.343769 0.258826 3.218880 0.932047
-1.036561 -0.956304 -0.851336 -2.404558 0.290078 0.240000 3.218880 0.947185
-1.026205 -0.698353 -3.754427 -2.001750 0.305038 0.289100 3.186178 0.956028
-0.998954 -0.968065 0.306407 -3.376532 0.306444 0.240021 3.218880 0.943582
-1.029054 -0.656960 -1.990151 -4.334229 0.297394 0.250144 3.218880 0.955494
-0.974028 -0.707061 -2.793240 -3.534696 0.308287 0.259673 3.218880 0.957547
-0.974617 -1.321723 -0.257822 -3.102921 0.328080 0.272624 3.218880 0.938723
-0.959000 -1.272471 -2.706332 -0.854789 0.305735 0.240000 3.218880 0.939570
-1.047678 -0.600493 -4.226121 -2.094048 0.300420 0.285074 3.149277 0.945809
-1.046134 -0.585736 -3.206589 -0.347323 0.300395 0.284285 3.153063 0.966717
-1.015126 -1.140018 0.104815 -1.999376 0.316495 0.244664 3.218880 0.943119
-0.913316 -0.932894 -1.325500 -3.371451 0.335166 0.284353 3.211937 0.954040
-0.936655 -1.348225 -3.856731 -3.368453 0.331726 0.269950 3.218880 0.942263
-0.971583 -0.813816 -2.372298 -3.590474 0.310123 0.261064 3.218880 0.951390
-1.025812 -0.916643 -2.201657 -0.180839 0.319452 0.288186 3.215248 0.957734
