-0.993557 -1.091331 -1.207200 -2.140761 0.321207 0.284606 3.218880 0.950148
-1.040767 -0.203333 -3.598022 -4.682727 0.310179 0.312531 3.054058 0.967342
-1.104289 -0.606724 -4.395070 -3.856062 0.281287 0.255280 3.218880 0.966444
-0.978862 -1.390134 -1.595508 0.012970 0.318696 0.240389 3.218880 0.935907
-0.920463 -0.954543 -3.367453 -2.935236 0.323880 0.264389 3.218880 0.950145
-1.091228 0.039003 -4.783980 -4.084045 0.301106 0.312301 2.986019 0.975773
-1.005704 -1.758213 0.230929 -4.174305 0.332778 0.334449 3.218880 0.938679
-1.011182 -0.514958 -2.087299 -2.345087 0.313608 0.284736 3.128391 0.955237
-0.910184 -1.257697 -2.013728 -4.879763 0.337753 0.286829 3.218880 0.938916
-1.086142 -0.240408 -2.872468 -0.708460 0.308170 0.298818 3.086821 0.959365
-0.870899 -0.760117 -2.473145 -2.291059 0.339603 0.286784 3.207295 0.953546
-1.002406 -0.789457 -3.982654 0.147767 0.303193 0.262176 3.218880 0.965498
-0.963273 -1.665023 0.734751 -1.788616 0.324874 0.240000 3.218880 0.930222
-1.038566 -0.510628 -4.737931 -2.127977 0.299348 0.276371 3.170455 0.961780
-0.953235 -0.689890 -3.498237 -4.675404 0.321706 0.287593 3.199207 0.950041
-1.018854 -0.902080 -2.111513 -4.342545 0.316919 0.308125 3.204268 0.954550
-0.990295 -0.508966 -4.957993 0.180346 0.321755 0.305704 3.113893 0.943902
-1.021886 -0.710160 -2.684059 -2.169730 0.289907 0.240577 3.218880 0.962314
-0.977841 -0.901630 -2.756966 0.745005 0.306665 0.253005 3.218880 0.948113
-1.054168 -1.111607 -0.655734 -3.305254 0.313199 0.290404 3.211864 0.949507
-0.996288 -0.919262 -1.647544 -4.501021 0.315069 0.283902 3.218880 0.956767
-0.932201 -1.189033 -3.478990 -4.087320 0.307439 0.240000 3.218880 0.938600
-0.988139 -0.924859 -4.003770 -2.564267 0.318836 0.290782 3.218880 0.951165
-1.067275 -0.594001 -1.914794 -4.686690 0.319871 0.310984 3.125514 0.955539
-1.015478 -0.617341 -3.307876 -1.354943 0.315312 0.286551 3.185227 0.958439
-1.001803 -0.311557 -4.630631 -1.435981 0.300730 0.285438 3.103208 0.956061
-0.900422 -1.256894 -1.868002 -0.657833 0.331239 0.252245 3.218880 0.939723
-0.992400 -0.440811 -4.996664 -4.566342 0.322494 0.301793 3.139265 0.956318
-0.917823 -0.839760 -4.873769 -4.785225 0.323743 0.276710 3.218880 0.943887
-1.032228 -0.912740 -4.762631 -3.079805 0.312103 0.296583 3.195635 0.954894
-0.915274 -1.891110 -4.482838 -0.674189 0.317787 0.240000 3.218880 0.919568
-1.048978 -0.593900 -4.654856 0.897430 0.309704 0.297386 3.140364 0.956701
-1.007199 -0.192774 -4.984786 -0.288159 0.315116 0.291351 3.070476 0.971726
-0.988918 -0.825917 -3.108209 -1.271362 0.323367 0.302984 3.180090 0.956689
-0.965709 -1.250128 -4.690289 -1.369426 0.302286 0.240000 3.218880 0.933989
-0.997905 -0.779685 -2.595724 -0.876126 0.291549 0.240028 3.218880 0.962565
-0.986067 -0.905237 -4.351521 -3.290586 0.315726 0.303096 3.208063 0.958470
-1.013647 -1.576780 0.369801 -1.170097 0.333431 0.277708 3.218880 0.939732
-0.887359 -1.420745 -3.799389 -3.241056 0.337716 0.282001 3.218880 0.938073
-1.011245 -1.149441 0.545427 -4.187663 0.327467 0.282943 3.179886 0.943151
-0.936956 -0.662556 -3.768384 -1.661759 0.325581 0.291484 3.180510 0.962427
-1.021274 -0.401124 -3.105833 -0.530087 0.297722 0.270953 3.141402 0.957920
-1.031505 -0.121262 -2.781359 -3.492109 0.304226 0.287880 3.043246 0.953229
-0.963021 -0.605251 -4.753525 -1.286297 0.321373 0.301458 3.167530 0.957577
-0.940436 -0.898449 -0.472262 -1.991912 0.325163 0.254448 3.218880 0.950022
-1.022468 -0.756569 -2.654030 -3.250387 0.318122 0.304145 3.201117 0.955017
-0.980506 -1.131186 -1.827821 -1.804869 0.331525 0.314435 3.218880 0.946735
-1.014018 -0.641489 -1.974210 -3.369284 0.318008 0.302282 3.172267 0.959055
-1.002160 -0.526107 -3.632906 -4.481336 0.315536 0.296616 3.175443 0.959632
-0.967779 -0.971423 -1.724230 -3.655845 0.311413 0.249339 3.218880 0.946751
-0.945788 -0.762029 -3.281961 -2.128131 0.325610 0.291924 3.206371 0.960321
-0.940239 -0.710511 -3.536222 -1.914625 0.313007 0.264031 3.218880 0.956721
-0.963350 -1.569484 -0.992456 0.415576 0.316815 0.240001 3.218880 0.932335
-0.997818 -0.036559 -4.772078 -0.064795 0.315668 0.308206 3.044921 0.963841
-0.998250 -0.670055 -3.017855 -1.667186 0.312379 0.280520 3.206410 0.958490
-0.987811 -0.516603 -2.695771 -3.593128 0.309175 0.278360 3.154860 0.965358
-1.003503 -1.392429 0.629102 -4.244803 0.310333 0.240000 3.218880 0.936999
-1.060586 -0.950460 -0.590613 -4.774101 0.320707 0.299948 3.218401 0.947197
-1.033019 -0.926351 -3.565433 -0.077300 0.306735 0.289469 3.198512 0.949945
-1.020898 -1.186790 -1.454746 -0.779959 0.325298 0.307614 3.216792 0.948831
-0.967254 -0.609660 -4.777742 0.013194 0.304009 0.255036 3.214774 0.953933
-0.943579 -0.962634 -0.798921 -0.614828 0.316235 0.246659 3.218880 0.950666
-0.971131 -1.056250 -1.326556 -0.787131 0.337299 0.307244 3.217235 0.959351
-0.999108 -0.912406 -1.225858 -4.172708 0.320817 0.294181 3.218880 0.950789
-1.036764 -0.452080 -2.013355 -0.703080 0.296654 0.260052 3.153090 0.969743
-1.060753 -0.478463 -3.940653 -4.022478 0.294046 0.265937 3.196833 0.957493
-1.008116 -0.543091 -2.713195 -0.267659 0.305219 0.261754 3.186598 0.960093
-0.983997 -0.563300 -3.321888 -2.883668 0.305847 0.254215 3.218880 0.956710
-0.974544 -1.872279 0.813142 -2.507004 0.325727 0.240000 3.218880 0.922233
-1.010019 -0.816057 -0.786128 -1.749239 0.309074 0.253328 3.218880 0.959440
-1.018320 -0.649903 -4.538796 -3.394157 0.307870 0.308030 3.136669 0.959498
-1.047192 -0.406712 -3.964911 -0.799242 0.310559 0.295340 3.138470 0.960859
-0.950825 -0.924503 -1.386508 -3.228594 0.310825 0.243748 3.218880 0.945464
-1.016910 -0.616150 -4.534273 -4.046286 0.312313 0.302820 3.134353 0.959116
-1.040984 -1.925921 0.471599 -0.015167 0.315734 0.240000 3.218880 0.938352
-1.019480 -0.841617 -0.599969 -4.914949 0.316389 0.280715 3.153410 0.951726
-0.954968 -0.556288 -4.640213 -2.629569 0.323321 0.295412 3.170377 0.950106
-0.974699 -0.492662 -2.340889 -3.724256 0.319413 0.285842 3.193432 0.963456
-1.028462 -0.848038 -0.445978 -2.831292 0.306923 0.262106 3.193067 0.955720
-1.032664 -1.617925 -0.608360 -1.690323 0.302599 0.240000 3.218880 0.935155
-0.948708 -1.072796 -4.741191 -4.007205 0.322749 0.288446 3.218880 0.945200
-1.034890 -1.011756 -1.352082 -0.619892 0.298604 0.240053 3.218880 0.953296
-1.054663 -0.979336 -0.713232 -0.984835 0.307974 0.260542 3.218880 0.962947
-0.990671 -1.470364 -0.069550 -3.269556 0.311110 0.240000 3.218880 0.939572
-0.960817 -1.636614 -0.033897 -1.980846 0.315931 0.240000 3.218880 0.931664
-1.046319 -1.186466 -3.829616 0.650725 0.307602 0.265800 3.218880 0.938982
-0.974564 -1.518091 -0.549910 -2.003434 0.313552 0.240000 3.218880 0.936048
-1.013543 -1.509769 0.310897 -2.959795 0.313695 0.240000 3.218880 0.930450
-0.970677 -0.707868 -3.740195 -0.060577 0.321884 0.300046 3.171445 0.961788
-0.993850 -0.569076 -1.910908 -3.473775 0.324902 0.295055 3.170184 0.956849
-0.965864 -0.370265 -4.051305 -1.116652 0.311008 0.280912 3.095859 0.954194
-1.037717 -1.056905 -2.087212 0.096114 0.302180 0.243245 3.218880 0.947069
-0.992017 -0.689351 -2.918178 -2.140500 0.314210 0.296462 3.198576 0.951592
-0.956821 -1.693600 -1.350851 0.360006 0.332521 0.287965 3.218880 0.940180
-0.993107 -1.571727 -2.949517 0.591151 0.326761 0.327128 3.218880 0.945103
-0.957864 -0.408272 -4.264762 -3.432681 0.313593 0.283284 3.125342 0.955467
-0.903986 -1.019090 -2.695722 0.158160 0.341916 0.281587 3.218880 0.939017
-0.968576 -0.572750 -3.743652 0.969301 0.333035 0.316091 3.137811 0.958734
-0.965178 -0.736541 -4.274365 -0.325865 0.320277 0.292993 3.218880 0.957963
-0.941771 -1.204966 -1.742747 -1.060768 0.313594 0.243474 3.218880 0.944223
-1.004146 -0.719339 -3.846949 -1.614383 0.312165 0.285687 3.205252 0.952347
-0.963803 -1.374035 -0.062286 -2.419824 0.326928 0.250891 3.218880 0.935255
-0.978003 -1.388979 0.620169 -1.777842 0.317620 0.240000 3.218880 0.941197
-0.996990 -0.856688 -1.398802 -4.127213 0.317671 0.268769 3.218880 0.951734
-1.019901 -0.575651 -4.455468 -3.865742 0.305985 0.291111 3.160067 0.959487
-0.947456 -1.098606 -0.478879 -4.720212 0.335730 0.271348 3.218880 0.941454
-1.100314 -0.385626 -3.603935 -1.750976 0.298274 0.298950 3.098128 0.962015
-0.947433 -2.070526 0.610324 -0.492105 0.332669 0.240006 3.218880 0.921145
-0.880766 -1.048197 -3.721978 -1.573862 0.344091 0.287220 3.218880 0.939633
-0.940583 -0.961401 -1.899132 -0.364807 0.329513 0.283258 3.199691 0.942883
-0.962613 -0.725635 -3.389509 -0.254465 0.319841 0.285582 3.190837 0.954118
-1.035616 -1.048660 -2.786333 0.148610 0.302608 0.242335 3.218880 0.947650
-1.016789 -1.100923 -1.027163 -0.226403 0.332316 0.287382 3.218667 0.950164
-0.947369 -1.178387 -2.121660 0.724655 0.329150 0.262958 3.218880 0.941350
-1.059694 -0.430418 -3.944614 -1.259160 0.293626 0.267548 3.158171 0.960110
-1.083375 -1.253174 0.598557 -3.722853 0.296659 0.240000 3.218880 0.945634
-0.987733 -0.056224 -4.368757 -2.814903 0.300728 0.290126 3.048858 0.961668
-1.033406 -0.106848 -4.983144 -3.540943 0.307262 0.298749 3.038888 0.959231
-0.986714 -0.419671 -4.531455 -3.811900 0.309565 0.283255 3.141663 0.956194
-0.984054 -1.248705 -1.722057 -3.397593 0.326245 0.299109 3.218880 0.953395
-1.008119 -0.616751 -3.878567 -2.967738 0.319418 0.315742 3.151441 0.952124
-0.984518 -0.765180 -1.443069 -3.340717 0.324562 0.286757 3.207536 0.951887
-0.991380 -1.539367 -0.342953 0.490128 0.325843 0.241846 3.218880 0.933474
-0.928898 -1.212241 -0.426337 -4.729954 0.329591 0.257005 3.218880 0.933657
-0.988606 -0.968029 -1.733237 -0.528868 0.318293 0.270583 3.218470 0.955651
-1.051293 -0.524525 -4.305422 -0.653865 0.314430 0.304541 3.154053 0.964611
-0.916804 -0.877842 -4.402473 -0.470639 0.331837 0.269074 3.218880 0.934559
-0.992164 -0.466513 -4.119988 -0.408888 0.309778 0.284102 3.117532 0.954056
-1.016762 -1.119768 -1.441210 -2.477505 0.303472 0.240000 3.218880 0.940470
-1.017216 -0.707455 -3.247511 0.309210 0.306768 0.283976 3.160382 0.964364
-0.952084 -0.967486 -4.694567 0.644035 0.326797 0.296302 3.218718 0.951377
