-1.017186 -0.893905 -2.707046 -1.786586 0.321876 0.299148 3.186878 0.952167
-0.940324 -0.984581 -1.318097 -3.118663 0.308364 0.243524 3.218880 0.946966
-0.875730 -1.649237 -2.229637 -1.450766 0.332767 0.244747 3.218880 0.913805
-0.996845 -0.688337 -4.816042 0.424510 0.310885 0.280397 3.168748 0.954175
-1.042753 -1.259345 -0.091948 -3.675553 0.301508 0.240000 3.218880 0.936886
-1.014526 -0.590098 -4.218769 -1.020438 0.306218 0.263611 3.218880 0.948089
-0.994464 -1.301062 -0.469751 -3.409017 0.320214 0.251751 3.218880 0.926695
-0.970770 -1.098266 0.219460 -4.697570 0.307454 0.240000 3.218880 0.949584
-1.025082 -1.749556 -0.728124 0.676816 0.314458 0.240000 3.218880 0.934530
-0.959810 -0.993178 -4.423992 -3.451628 0.311579 0.259269 3.218880 0.947086
-1.003482 -0.951779 -0.129423 -4.821792 0.309398 0.244564 3.218880 0.950983
-0.937974 -1.167875 0.155239 -1.531813 0.332058 0.255560 3.218880 0.943800
-1.040810 -0.889940 -3.315543 -1.102059 0.307886 0.284469 3.218880 0.951964
-1.022257 -0.794888 -3.608634 -1.522294 0.317719 0.311774 3.157617 0.955797
-1.018412 -0.647869 -3.717297 -0.081271 0.303733 0.292916 3.106633 0.949344
-1.021566 -0.388961 -4.233785 -2.993338 0.309736 0.291988 3.123827 0.964119
-0.926004 -0.769224 -3.338108 -2.389841 0.325631 0.275840 3.218880 0.949597
-0.954216 -1.050500 -0.602922 -4.309056 0.316405 0.251498 3.218880 0.949710
-1.049859 -0.524782 -4.735026 -1.653148 0.295714 0.291174 3.127110 0.955759
-1.040251 -0.139930 -3.190747 -4.613332 0.304354 0.294228 3.070300 0.963960
-0.954570 -1.577471 0.202900 -4.797661 0.329091 0.249050 3.218880 0.935029
-0.993507 -1.109340 -0.351556 -1.275824 0.312711 0.240613 3.218880 0.947201
-0.946130 -1.143485 -3.716930 -4.541014 0.322123 0.291265 3.218481 0.938753
-0.951124 -1.428379 0.719599 -2.864127 0.323749 0.240023 3.218880 0.932765
-1.031164 -1.380719 0.400345 -3.382578 0.303827 0.240000 3.218880 0.939956
-0.993038 -0.598579 -3.676453 -3.683077 0.319466 0.296305 3.176759 0.949356
-1.016547 -1.754752 -0.465992 -4.011918 0.321373 0.321864 3.218880 0.944091
-0.996200 -0.871845 -2.427262 -4.063277 0.315778 0.278046 3.215634 0.957634
-0.993079 -1.422101 -0.543850 -1.637919 0.332282 0.282966 3.218880 0.942665
-0.983138 -0.838589 -2.075491 -1.669266 0.320720 0.276842 3.218880 0.947961
-0.995958 -1.003068 -1.042849 -4.714552 0.311233 0.256944 3.218880 0.950962
-0.953088 -1.095159 -3.011021 0.328968 0.312547 0.242809 3.218880 0.941617
-1.031083 -1.331024 -0.191894 -3.155463 0.320140 0.265732 3.218880 0.936416
-1.003974 -1.525287 0.024679 -0.593740 0.316567 0.240006 3.218880 0.931769
-1.016507 -1.260416 0.059389 -4.253165 0.308945 0.240000 3.218880 0.947318
-1.015048 -0.765881 -2.008020 -4.004552 0.313192 0.283950 3.192294 0.959183
-1.012252 -0.965802 -1.470452 -2.084173 0.322522 0.292660 3.195972 0.954566
-0.976952 -1.380192 -1.379133 -4.860853 0.329068 0.286975 3.218880 0.937650
-0.932920 -1.298797 -2.817434 -2.506847 0.336251 0.312842 3.218796 0.936940
-0.967972 -1.195593 -1.267492 0.006200 0.318578 0.248563 3.218880 0.945015
-0.947630 -1.583198 0.032974 -2.833238 0.319881 0.240000 3.218880 0.922429
-0.941596 -0.632027 -4.422046 -4.407733 0.328258 0.297988 3.186506 0.947564
-1.013590 -1.181852 -3.344825 0.688975 0.322981 0.293330 3.218880 0.941707
-0.881022 -1.015605 -2.991958 0.346160 0.330861 0.254151 3.218880 0.941708
-0.919948 -0.776639 -4.855945 0.701949 0.306792 0.249446 3.218880 0.955522
-1.022732 -1.087845 -0.777394 -0.628820 0.313528 0.247743 3.218880 0.943988
-0.972212 -1.898548 0.036221 0.076430 0.322593 0.240000 3.218880 0.937955
-0.973042 -0.867007 -1.027450 -4.104088 0.326514 0.280830 3.218228 0.950503
-1.009899 -0.682158 -2.418455 -0.495526 0.324524 0.303734 3.159404 0.954145
-0.966093 -0.833576 -0.995424 -3.886374 0.313811 0.253458 3.218880 0.953716
-1.007683 -0.441082 -4.203789 -4.501907 0.313816 0.286381 3.178751 0.965106
-1.011261 -0.333839 -2.419499 -2.139738 0.310240 0.275657 3.141917 0.964403
-1.014149 -0.367034 -2.951573 -4.624810 0.313011 0.292192 3.128540 0.960778
-1.076547 -0.157658 -3.546868 -1.614300 0.298644 0.301653 3.058416 0.964957
-1.019588 -0.879580 -3.864866 0.887508 0.319169 0.300630 3.213431 0.956415
-1.026493 -0.753839 -2.839113 -4.595988 0.289640 0.240605 3.218880 0.960050
-1.016464 -1.406447 -0.512308 -3.844689 0.331957 0.295398 3.218237 0.939949
-0.972622 -1.895698 -0.316967 0.898034 0.325371 0.240000 3.218880 0.929873
-0.925727 -0.759343 -1.708494 -1.308629 0.325576 0.261510 3.218880 0.939839
-1.034523 -0.803339 -1.792791 -0.933918 0.324453 0.291497 3.214377 0.951939
-1.018691 -1.141669 -2.535978 0.590278 0.319290 0.294190 3.185328 0.950300
-1.001684 -0.332891 -4.346946 -4.247488 0.308600 0.286042 3.148541 0.959256
-1.007004 -0.789673 -1.091617 -3.582386 0.313533 0.270205 3.209666 0.958152
-1.047754 -1.391617 0.727605 -3.950142 0.302989 0.240000 3.218880 0.936511
-1.030564 -0.926378 -2.877592 -2.275002 0.294466 0.240051 3.218880 0.946244
-0.991172 -0.585318 -4.589583 -2.903455 0.320370 0.286161 3.203002 0.958003
-0.984852 -0.733590 -0.468026 -2.531546 0.299917 0.246496 3.204628 0.960431
-1.006368 -0.579187 -0.941994 -1.761733 0.300070 0.249369 3.185028 0.962008
-0.953301 -1.191888 -0.428227 -2.353109 0.320451 0.248902 3.218880 0.934006
-1.047166 -0.516121 -4.662090 -0.727418 0.310209 0.302517 3.148262 0.970398
-0.969518 -0.949063 -2.920243 -3.591044 0.315224 0.271565 3.218796 0.947902
-0.972765 -0.786109 -4.888019 0.291306 0.305612 0.254376 3.218880 0.951265
-0.959003 -0.901274 -3.431735 -2.105538 0.320641 0.295837 3.166523 0.946225
-0.971260 -1.807248 -1.859499 -0.152389 0.329130 0.306061 3.218880 0.929971
-0.947966 -0.635661 -4.801202 -3.701994 0.323810 0.281881 3.194717 0.951026
-0.989091 -0.539960 -3.810684 -2.930280 0.307860 0.276025 3.154834 0.956797
-1.035587 -0.345086 -3.856257 -3.101302 0.301077 0.276052 3.163111 0.965680
-1.009797 -1.216802 0.483002 -2.855155 0.318734 0.245734 3.218880 0.941863
-0.919034 -1.592914 -1.019571 -3.910682 0.318833 0.240000 3.218880 0.928216
-0.900272 -0.476205 -4.597828 -3.729498 0.329884 0.292211 3.171275 0.953901
-0.977517 -0.457717 -4.831169 -3.549023 0.318272 0.285808 3.169427 0.962218
-0.958463 -0.698385 -4.493817 -0.820846 0.318496 0.274375 3.218880 0.952862
-1.009805 -0.729987 -2.825778 -1.404337 0.307208 0.266089 3.168936 0.946578
-0.969320 -0.650947 -4.651592 -1.528244 0.290557 0.240000 3.218880 0.960380
-0.961977 -0.533732 -4.139567 0.807099 0.317124 0.290383 3.155519 0.951085
-1.038011 -0.408556 -4.516339 -0.605681 0.302086 0.297859 3.113428 0.956606
-0.964526 -1.091714 -3.602997 -0.238497 0.322436 0.295174 3.218880 0.948220
-0.917871 -0.877661 -2.337529 -4.668370 0.330268 0.269490 3.218880 0.945802
-1.001105 -1.790801 0.590999 -3.689119 0.315523 0.240000 3.218880 0.922437
-0.976356 -1.317928 0.073657 -3.883323 0.314427 0.240000 3.218880 0.937747
-0.970358 -0.833112 -3.076058 0.791122 0.310872 0.258754 3.210072 0.950642
-1.000089 -0.733443 -2.523329 0.794904 0.322111 0.289246 3.187395 0.957180
-1.020740 -0.807061 -3.045933 -3.852616 0.316547 0.305374 3.163810 0.955418
-1.012340 -1.032685 -1.448235 -0.926340 0.319612 0.285532 3.218880 0.946005
-1.096863 -1.229056 -0.588282 -0.569058 0.294449 0.240000 3.218880 0.954251
-0.909553 -0.786786 -2.202716 -1.242132 0.329942 0.270679 3.213338 0.949501
-1.009734 -0.398606 -3.559599 -2.133216 0.315980 0.290775 3.171962 0.970024
-0.924643 -1.315003 -2.353344 -2.210332 0.335734 0.271562 3.218880 0.935619
-0.998576 -1.202687 -1.015928 -1.341247 0.299579 0.240000 3.218880 0.950193
-1.004210 -1.233568 -1.256005 -1.074926 0.304503 0.240000 3.218880 0.943025
-1.037270 -0.519341 -4.882089 -1.983672 0.312333 0.306659 3.136378 0.959126
-0.991792 -1.147078 -1.215230 -2.435773 0.328818 0.305181 3.218880 0.958536
-0.984832 -0.508121 -4.784748 -4.514879 0.312227 0.295563 3.148933 0.953145
-1.041318 -1.219764 0.771760 -4.924969 0.303923 0.240000 3.218880 0.944366
-1.028685 -0.106551 -4.103611 -1.554259 0.306801 0.301301 3.018009 0.967637
-1.049829 -0.727175 -2.197478 -3.358929 0.307140 0.285700 3.196930 0.956115
-0.976989 -1.532942 0.096391 -1.771035 0.348617 0.303555 3.218880 0.929172
-1.042455 -1.185557 -1.168276 -0.200360 0.295777 0.240000 3.218880 0.946860
-1.041461 -0.342961 -1.791238 -1.993747 0.307182 0.280742 3.110393 0.961699
-1.069339 -0.822098 -2.759942 -1.517349 0.303678 0.295933 3.166739 0.959799
-0.984814 -1.144970 -3.014508 0.149855 0.331355 0.309487 3.216074 0.948825
-1.005686 -0.661614 -4.099144 -4.359841 0.308733 0.279071 3.186750 0.952705
-0.986434 -0.922173 -1.600574 -2.801208 0.319854 0.263629 3.218880 0.948706
-0.954680 -0.733543 -4.939297 -1.394451 0.320975 0.289001 3.210261 0.948709
-0.982851 -0.663123 -3.513817 -1.554790 0.309802 0.270816 3.208211 0.952524
-0.971454 -0.598742 -4.360363 -3.859417 0.307238 0.263913 3.201211 0.963403
-1.056280 -0.975022 -1.124428 -4.166188 0.308824 0.295034 3.218880 0.953076
-0.926627 -0.950245 -4.337093 -0.037203 0.329271 0.270516 3.218880 0.946482
-1.061511 -0.648469 -1.612815 -4.832749 0.300647 0.279733 3.175916 0.964399
-0.894919 -1.150831 -4.890174 0.393496 0.323987 0.251754 3.218880 0.933840
-0.963894 -0.776994 -4.057468 0.196095 0.327181 0.308208 3.165744 0.945754
-0.968678 -1.433008 -1.855562 0.889512 0.314213 0.240000 3.218880 0.935576
-0.949954 -0.522482 -3.548614 0.847348 0.324572 0.290077 3.142245 0.955456
-0.959621 -1.076628 -0.829606 -3.599874 0.325332 0.262660 3.218880 0.943032
-0.932929 -1.669954 -2.097980 0.049511 0.339478 0.307787 3.218880 0.927513
-0.988501 -0.228804 -4.495017 -2.455320 0.320367 0.296219 3.108810 0.964870
-0.964257 -1.255677 -0.806202 -4.232296 0.321163 0.273720 3.218880 0.944907
-0.970551 -0.707506 -3.688250 -4.407534 0.309174 0.279136 3.173674 0.959296
-0.963873 -0.789444 -2.759138 -3.822153 0.313780 0.262195 3.218877 0.955111
-1.006789 -0.951052 -2.406836 0.722704 0.307740 0.248994 3.218880 0.949034
-1.085276 -1.333347 -0.775388 -4.863910 0.309240 0.305480 3.218880 0.954491
-1.022136 -0.594930 -3.788130 -4.099386 0.312509 0.300061 3.141351 0.959435
