-1.004920 -0.812376 -1.742703 -4.548751 0.316142 0.275797 3.218880 0.951093
-1.013360 -1.129033 -1.985074 -0.416704 0.329950 0.304437 3.218438 0.951295
-0.986090 -0.694678 -4.534122 -4.208466 0.309934 0.284293 3.168392 0.945147
-1.039821 -0.328850 -4.027176 0.707412 0.309443 0.285094 3.171221 0.966544
-1.006995 -0.453693 -4.569019 -0.761288 0.308253 0.282301 3.136965 0.957888
-1.004440 -0.428401 -4.597161 -4.154595 0.310130 0.285712 3.166375 0.960669
-1.013551 -0.909270 -4.475939 0.716810 0.299594 0.245450 3.218880 0.950377
-0.990176 -0.402735 -3.715017 -2.673257 0.327546 0.301250 3.157130 0.964864
-1.091281 -0.447662 -1.830553 -3.136018 0.292680 0.274164 3.108488 0.968578
-1.010082 -0.884450 -4.817059 0.410988 0.315001 0.295240 3.208860 0.953742
-1.027052 -1.004797 -2.607525 -1.318850 0.309699 0.266195 3.218880 0.953991
-0.953102 -0.904017 -2.606324 -3.311548 0.323841 0.268078 3.218880 0.944204
-0.971045 -0.927182 -0.973323 -2.910341 0.323072 0.281910 3.205583 0.952849
-0.944887 -1.233189 -2.533893 -1.251258 0.314523 0.242935 3.218880 0.934583
-0.958019 -0.639404 -3.744866 -2.764788 0.317005 0.275336 3.218622 0.952247
-1.006701 -0.842242 -2.848649 -1.957432 0.317727 0.297848 3.198111 0.957502
-1.018001 -0.768125 -3.020722 -2.752456 0.319435 0.297679 3.184760 0.968580
-1.008071 -1.318456 -0.546654 -4.055715 0.325995 0.271620 3.218880 0.942413
-0.945330 -0.644416 -3.142028 -1.286741 0.313879 0.260933 3.216552 0.952031
-0.998811 -1.308342 -0.083684 -0.729166 0.315917 0.242475 3.218880 0.951004
-0.988166 -1.197966 -1.258361 -1.720269 0.305953 0.240114 3.218880 0.940478
-0.986824 -1.092717 -3.321347 0.538569 0.323252 0.287298 3.218880 0.945475
-0.959458 -0.719406 -3.075143 -2.618000 0.320379 0.280934 3.180237 0.954030
-0.933939 -1.292492 -1.047869 -2.463887 0.319049 0.240070 3.218880 0.936778
-0.964159 -1.227653 -3.356967 -0.651608 0.336221 0.305040 3.218880 0.947144
-1.050749 -0.642120 -3.437076 0.448055 0.308342 0.291124 3.159477 0.957163
-1.084138 -0.254583 -4.087845 -4.315908 0.293785 0.291837 3.086046 0.964586
-1.018958 -0.876125 -2.421432 0.884594 0.310711 0.257873 3.218880 0.946440
-0.999851 -1.004800 -4.886950 -0.863234 0.322862 0.297038 3.214172 0.954604
-0.946647 -1.049144 -2.190768 0.009651 0.318029 0.254420 3.218880 0.947311
-0.974666 -0.599563 -2.688944 -1.938458 0.316737 0.267647 3.217136 0.954728
-1.057262 -0.420651 -3.602114 0.242516 0.286449 0.257269 3.138941 0.965126
-0.971153 -1.234575 -3.319516 -1.374388 0.326901 0.298439 3.218880 0.941530
-1.001684 -0.871535 -1.202952 -3.959468 0.300116 0.246041 3.218061 0.954985
-1.005599 -0.945628 -2.687111 -4.402560 0.295868 0.240000 3.218880 0.946448
-1.028371 -0.784213 -2.671511 -0.495357 0.291773 0.240511 3.218880 0.961385
-1.005652 -1.336777 -3.727641 -3.684590 0.325210 0.310922 3.218880 0.944437
-1.003415 -1.532890 -1.635878 -1.965382 0.306254 0.240000 3.218880 0.933365
-0.963606 -1.177214 -0.877490 -2.985196 0.331730 0.287525 3.218880 0.941085
-0.986743 -1.045432 -0.864253 -1.814697 0.312193 0.249197 3.218880 0.949126
-0.988946 -1.090506 -0.023815 -1.676611 0.310203 0.240000 3.218880 0.950314
-0.952228 -0.429552 -2.608423 -1.314936 0.307787 0.257612 3.170437 0.952185
-0.995783 -0.881364 -2.103383 -4.851039 0.321277 0.287060 3.189664 0.942535
-1.053125 -0.762297 -1.921832 -2.860374 0.290870 0.243591 3.218880 0.960023
-0.990371 -1.629804 0.173479 -3.542946 0.330559 0.282415 3.218880 0.938284
-1.010585 -1.233042 -0.269865 -2.038689 0.305519 0.240000 3.218880 0.941640
-0.954438 -2.038675 -0.182464 -2.752799 0.336324 0.287363 3.218880 0.921477
-0.964314 -1.088503 -1.749817 -2.069162 0.310655 0.246263 3.218880 0.945675
-0.982913 -1.017808 -1.711587 -2.766355 0.309224 0.245851 3.218880 0.944082
-0.997247 -0.188377 -3.449071 -4.227964 0.320939 0.299878 3.059269 0.950384
-1.030138 -0.684006 -3.790075 -0.792838 0.287310 0.245406 3.213246 0.956221
-1.092432 -0.635297 -2.092360 -2.860703 0.295052 0.274250 3.208596 0.960694
-1.059220 -1.460698 -0.232740 -0.091488 0.308106 0.240000 3.218880 0.934676
-1.029149 -1.439198 -1.076361 -1.304547 0.327010 0.294401 3.218880 0.929828
-1.016631 -1.594064 0.441298 -0.518820 0.310449 0.240000 3.218880 0.941395
-1.061225 -0.346087 -4.995147 0.648506 0.301432 0.291673 3.152889 0.969602
-0.996936 -0.523126 -4.431559 -4.344320 0.319408 0.301551 3.162457 0.954785
-0.902309 -1.945716 0.369891 -0.291835 0.336832 0.240039 3.218880 0.923713
-0.982643 -0.750460 -4.221224 -2.646318 0.319505 0.273902 3.207049 0.957849
-0.986114 -1.992613 0.890779 -1.185329 0.328059 0.240000 3.218880 0.913505
-0.970558 -1.281413 -0.586544 -0.804984 0.331043 0.265105 3.218880 0.937843
-0.950082 -0.455552 -4.213482 -1.244502 0.316589 0.287772 3.143697 0.950078
-1.046207 -0.787606 -0.039930 -1.634298 0.324328 0.288113 3.137771 0.950356
-0.933968 -0.675486 -4.521801 0.875548 0.319571 0.268961 3.213739 0.947358
-1.091352 -0.787371 -3.182074 -1.087562 0.301425 0.296246 3.214132 0.958068
-0.935961 -1.183231 -2.918897 -0.492105 0.319717 0.250472 3.218880 0.939431
-1.071748 -0.947968 -0.354592 -3.763763 0.294592 0.240021 3.218880 0.960475
-0.949784 -1.696190 -0.027316 0.082581 0.334785 0.243768 3.218880 0.925747
-1.038798 -1.423951 -2.616257 0.670343 0.313161 0.309953 3.218880 0.936593
-1.041556 -0.515608 -3.806102 -4.425364 0.299247 0.285786 3.156398 0.954435
-0.914046 -1.591601 -2.857909 0.910917 0.329908 0.261568 3.218880 0.927106
-1.055932 -0.723559 -1.038942 -2.995417 0.296232 0.245085 3.218880 0.954789
-0.885638 -1.665211 -1.819923 0.769223 0.335013 0.243378 3.218880 0.919793
-1.043742 -1.171395 -1.464893 -1.530428 0.309284 0.284527 3.215732 0.947867
-1.006624 -1.060350 -4.330623 0.268379 0.316816 0.311630 3.209413 0.941141
-1.048477 -1.690674 -0.450180 -3.267177 0.314554 0.278708 3.218880 0.937253
-0.967193 -0.502868 -2.105400 -4.423085 0.313330 0.283679 3.124579 0.958603
-0.968094 -1.007016 -2.094097 -3.355213 0.306125 0.243206 3.218880 0.944371
-1.018580 -0.068521 -4.452148 -4.180426 0.304144 0.298302 3.072436 0.972774
-1.016862 -0.710986 -2.876330 -2.120878 0.295218 0.244840 3.218880 0.955075
-0.972798 -1.859350 0.552795 -4.107766 0.339224 0.273818 3.218880 0.926483
-0.974658 -0.884535 -4.785315 -1.265976 0.315433 0.287528 3.217210 0.955730
-1.018013 -0.125490 -3.527205 -2.156326 0.314797 0.306977 3.061352 0.959132
-0.972714 -0.689517 -2.569529 -3.052750 0.313585 0.279936 3.183125 0.955339
-1.033719 -1.005775 -3.631771 -3.283809 0.310181 0.301976 3.218880 0.951070
-1.008672 -1.091634 -1.832729 -0.014792 0.300236 0.240000 3.218880 0.945329
-0.976650 -0.649497 -3.774703 0.600547 0.325437 0.294346 3.198719 0.950809
-1.141579 -0.775902 -3.032629 -2.228359 0.289211 0.296214 3.183615 0.959393
-1.011063 -0.740553 -3.803021 -1.114987 0.317947 0.302260 3.195245 0.953448
-0.958922 -0.960575 -0.748911 -4.116781 0.328438 0.272011 3.218880 0.958181
-1.022993 -1.073511 0.029484 -4.073586 0.319692 0.271895 3.218880 0.945307
-1.011227 -0.792760 -1.987910 -1.096141 0.303737 0.251251 3.218880 0.959273
-1.030167 -1.112496 -3.271694 -1.670987 0.301460 0.265896 3.218880 0.948913
-0.989352 -0.473258 -4.447329 -1.969450 0.300001 0.272669 3.128640 0.958257
-1.076303 -0.778014 -0.798161 -0.447284 0.301149 0.243743 3.218880 0.959924
-0.998683 -0.636124 -3.439413 -4.791968 0.315850 0.280120 3.180035 0.951482
-0.997681 -0.599448 -3.148030 -0.964969 0.315080 0.293585 3.178774 0.955398
-0.993603 -1.622452 0.417641 -3.800721 0.320437 0.241808 3.218880 0.931343
-1.005414 -0.760146 -2.076429 -1.205827 0.316143 0.281689 3.188359 0.955670
-0.951666 -0.635646 -3.897363 -3.243815 0.326391 0.279398 3.217249 0.955965
-1.020814 -0.642256 -1.362842 -4.133175 0.292213 0.245684 3.218880 0.961191
-1.039993 -1.394522 0.483146 -1.054530 0.314679 0.240000 3.218880 0.941042
-0.921344 -0.928191 -2.650417 -2.080786 0.327875 0.265892 3.218880 0.938986
-0.950556 -1.132961 -0.414694 -3.644205 0.316816 0.242359 3.218880 0.938221
-0.963831 -1.221528 -3.538002 0.984232 0.313198 0.260321 3.218659 0.934532
-0.931764 -1.506731 -1.913914 0.174821 0.324774 0.241545 3.218880 0.926669
-1.056712 -0.773652 -4.301949 -1.392108 0.300760 0.275334 3.218880 0.953504
-1.000767 -0.463155 -4.066256 -1.439639 0.313210 0.290122 3.150859 0.952612
-0.902136 -2.110287 -0.177737 0.072779 0.336227 0.240000 3.218880 0.916971
-0.935458 -1.740403 0.410548 -2.679565 0.332290 0.243020 3.218880 0.918556
-1.038815 -1.364603 -1.277215 -0.394802 0.313583 0.283469 3.218880 0.946634
-0.969098 -0.925167 -2.145510 0.999677 0.310005 0.244535 3.218880 0.950334
-0.969245 -0.978882 -2.404260 -4.592485 0.312024 0.257016 3.218880 0.953004
-1.019792 -1.244013 0.546030 -2.268233 0.303224 0.240000 3.218880 0.947846
-0.941566 -1.327704 -0.883800 -3.661930 0.323484 0.280319 3.218880 0.951643
-1.008609 -1.534992 0.883066 -2.251825 0.309224 0.240000 3.218880 0.940893
-1.006938 -1.543286 0.894132 -2.999173 0.309776 0.240012 3.218880 0.946951
-1.020827 -0.909808 -1.064765 -4.555194 0.314339 0.280089 3.218621 0.955461
-1.017657 -0.682887 -3.412759 -2.128297 0.324566 0.307551 3.164917 0.949257
-1.004814 -0.942234 -3.969384 0.477033 0.314901 0.261541 3.218880 0.945771
-1.043704 -1.075041 -2.876753 -2.841268 0.291361 0.240000 3.218880 0.947260
-0.919268 -1.151730 -2.446684 -4.356981 0.322816 0.249878 3.218880 0.937649
-1.012276 -1.153746 -1.193599 0.065293 0.317719 0.248706 3.218880 0.942614
-0.961916 -0.765590 -4.011253 -4.503757 0.319165 0.284054 3.209925 0.955206
-1.002161 -0.711512 -4.413589 -3.846341 0.313263 0.275954 3.185259 0.945122
-0.986452 -0.439733 -3.946526 -3.960343 0.317129 0.283591 3.189832 0.961091
-1.000393 -0.500721 -4.696723 -4.454495 0.311957 0.291762 3.187412 0.960791
-0.993582 -1.098548 -1.666532 -3.156069 0.296299 0.240000 3.218880 0.952159
-1.008825 -1.292935 -1.601986 -2.985260 0.304260 0.248140 3.218880 0.933823
-1.047705 -1.580269 0.477618 0.057051 0.312463 0.240000 3.218880 0.942803
-1.027163 -0.127841 -4.123597 -2.024781 0.298445 0.287555 3.072393 0.968711
-0.990670 -0.721199 -2.766286 -2.433791 0.293513 0.242749 3.218880 0.962452
