-1.073122 -0.507801 -3.585547 0.405794 0.299826 0.289868 3.113834 0.959780
-1.012327 -0.378689 -4.461623 -1.392440 0.309285 0.295951 3.154273 0.959082
-0.979540 -1.124616 -4.649011 -0.711349 0.298975 0.240000 3.218880 0.936817
-1.050593 -0.599646 -4.175892 0.203571 0.305030 0.284746 3.181401 0.956204
-1.030165 -0.624712 -1.828939 -2.351634 0.310460 0.283484 3.145044 0.967120
-0.948482 -1.030108 -4.604856 -0.131291 0.298953 0.240000 3.218880 0.950161
-0.957215 -0.629782 -2.856569 -1.795772 0.307012 0.263440 3.185229 0.960720
-0.961904 -0.460754 -4.235520 -4.416825 0.313459 0.289319 3.191022 0.962420
-1.053385 -0.224311 -3.205026 -3.236827 0.301375 0.289884 3.114738 0.964707
-1.027869 -1.523357 -0.213204 -0.880661 0.309631 0.240000 3.218880 0.933277
-0.922928 -1.551607 -1.231833 -0.727705 0.330715 0.265034 3.218880 0.929241
-0.953093 -0.703816 -4.205936 -3.301880 0.315859 0.284277 3.198790 0.955819
-0.963829 -0.549569 -2.381924 -4.356345 0.326370 0.295018 3.182931 0.964169
-0.996925 -0.653670 -2.569292 -4.513570 0.294151 0.247572 3.195061 0.959013
-0.956553 -0.569693 -4.414462 -3.698258 0.315298 0.286083 3.161476 0.954330
-0.934048 -1.433995 -2.778205 0.551166 0.341602 0.300318 3.218880 0.932584
-0.968059 -1.049992 -2.995246 0.164841 0.303133 0.240000 3.218880 0.948127
-1.001686 -1.047298 0.438361 -2.629933 0.308836 0.240224 3.218880 0.958827
-0.987426 -1.538850 0.979459 -2.833705 0.336788 0.276019 3.218880 0.931569
-0.934726 -1.177941 -1.459869 -1.691922 0.323623 0.257245 3.218851 0.937324
-1.044656 -1.081554 -1.450694 -2.375479 0.322389 0.301036 3.216508 0.959381
-0.936519 -1.094731 -1.208215 0.045889 0.321313 0.245710 3.218880 0.950047
-0.960791 -1.100711 -3.043653 -1.095280 0.325742 0.283659 3.218880 0.945080
-1.042760 -1.026876 -3.333445 -1.876357 0.290942 0.240000 3.218880 0.953563
-0.982562 -0.719700 -2.536171 -3.477328 0.320819 0.286158 3.160764 0.949932
-1.019308 -1.012055 -1.717844 -2.412028 0.296606 0.240000 3.218880 0.954832
-0.956864 -0.668865 -3.934937 0.643674 0.328991 0.303352 3.205865 0.958504
-0.907214 -1.036238 -2.596109 -4.192627 0.309470 0.240000 3.218880 0.942067
-1.008170 -0.218356 -4.469533 -0.010253 0.298582 0.279122 3.048823 0.956379
-0.964060 -1.094926 -2.228912 -0.163040 0.312561 0.249441 3.218880 0.941024
-1.026225 -0.452112 -4.709128 -0.058801 0.308887 0.305531 3.089074 0.956649
-1.058579 -1.400707 -0.163504 -0.367230 0.309538 0.243526 3.218880 0.943111
-1.065768 -0.457955 -4.508571 -3.190957 0.307889 0.307192 3.119295 0.955876
-0.995677 -0.404769 -3.830705 0.295177 0.308893 0.293504 3.120160 0.965278
-0.997400 -1.367655 0.229851 -3.285243 0.308414 0.240000 3.218880 0.942156
-0.966867 -0.760225 -2.490451 -2.339698 0.327494 0.281965 3.173992 0.952700
-0.977737 -0.989130 -2.849545 -0.056841 0.300229 0.240000 3.218880 0.943982
-0.989961 -1.648220 0.988385 -2.299054 0.316356 0.240000 3.218880 0.939273
-1.022166 -0.977473 -1.334616 -2.536594 0.313989 0.266006 3.218880 0.951613
-1.033462 -0.184441 -3.628393 -3.610776 0.309364 0.294394 3.100564 0.968722
-0.980021 -1.553092 -0.007818 -0.704758 0.322019 0.240000 3.218880 0.926269
-0.970684 -1.157825 -1.689115 0.139496 0.323030 0.258927 3.218880 0.936718
-0.939388 -1.571491 -0.359724 -4.266159 0.318450 0.240000 3.218880 0.933177
-0.970167 0.025419 -4.631425 -2.011875 0.314263 0.292732 3.050281 0.972482
-1.027494 -0.816556 -3.874941 -1.806141 0.323890 0.313707 3.190302 0.954768
-0.960649 -0.967335 -1.321806 -2.510850 0.321083 0.282936 3.203848 0.940648
-0.960584 -0.933525 -2.521949 -3.479817 0.318580 0.277977 3.218813 0.955566
-0.981645 -0.649607 -3.998728 -1.427971 0.309917 0.278053 3.188933 0.957609
-1.018652 -0.962691 -0.227156 -4.586703 0.304392 0.242991 3.218880 0.946687
-1.041408 -0.800523 -1.145057 -4.686024 0.325818 0.312780 3.137045 0.955991
-0.988469 -0.850932 -3.992037 -3.062804 0.314123 0.299021 3.216738 0.956338
-1.004162 -0.693936 -4.513662 -3.167886 0.301256 0.263133 3.217333 0.960730
-1.112563 -0.437698 -4.871393 -4.015078 0.294698 0.304849 3.093741 0.964088
-0.994862 -0.820279 -2.371058 -0.855762 0.304776 0.248995 3.218880 0.948027
-0.977837 -1.514151 -0.662761 -4.394505 0.329869 0.276711 3.218880 0.937412
-1.009508 -0.497833 -3.657663 -0.159308 0.319420 0.295630 3.151055 0.961433
-1.001744 -0.425526 -4.049867 -0.815778 0.314679 0.294660 3.133704 0.966489
-0.945520 -1.368156 -1.519362 -2.021394 0.305238 0.240000 3.218880 0.935937
-1.005138 -1.476307 0.389625 -3.963406 0.326141 0.263777 3.218880 0.942848
-0.971617 -1.323884 -1.090935 -2.127252 0.307927 0.240000 3.218880 0.938381
-0.987435 -0.553218 -4.808203 0.191820 0.302993 0.266665 3.190676 0.959611
-0.942524 -0.676316 -3.261805 -0.553755 0.330335 0.284796 3.190138 0.948493
-0.947870 -0.722593 -2.616634 0.794659 0.320717 0.264150 3.218880 0.951576
-0.902864 -0.626962 -4.607923 -2.350874 0.319529 0.270077 3.217953 0.959993
-0.953154 -1.591779 -1.495708 0.628970 0.341742 0.297502 3.218880 0.936243
-0.979433 -1.249408 -1.270948 -3.315155 0.331078 0.274685 3.218880 0.932735
-1.007932 -1.160925 -0.642977 -2.191641 0.299125 0.240000 3.218880 0.945415
-1.018618 -1.085822 -1.971787 -1.644746 0.297005 0.240000 3.218880 0.946095
-1.020949 -0.810741 -1.643704 -1.043094 0.312960 0.281205 3.195826 0.948209
-0.942174 -0.427318 -2.678646 -4.625078 0.330124 0.288118 3.114526 0.949583
-0.964116 -0.982477 -2.045487 -2.510316 0.319681 0.264621 3.216245 0.953437
-1.035836 -0.509779 -2.342115 -2.099808 0.294198 0.260500 3.145370 0.963413
-0.961540 -1.270115 -3.896832 -0.383185 0.309712 0.240446 3.218880 0.942418
-1.005906 -0.574171 -1.656279 -3.286191 0.315821 0.288618 3.129106 0.962383
-0.978474 -1.332321 -0.967096 -0.598743 0.318441 0.241802 3.218880 0.935243
-1.019938 -0.448599 -1.497335 -4.090451 0.312513 0.276206 3.144031 0.957445
-0.957478 -1.527381 -3.077817 -1.304538 0.330591 0.300582 3.218880 0.926952
-0.986729 -0.640044 -4.289194 -1.828889 0.321805 0.282572 3.216672 0.958143
-0.991688 -0.871516 -4.051957 -2.597420 0.320154 0.302968 3.196170 0.953311
-1.008095 -0.483305 -3.571436 -4.491350 0.308947 0.282419 3.159899 0.957994
-1.067941 -0.175690 -2.838780 -1.732562 0.300569 0.300273 3.022620 0.967466
-0.962105 -1.071015 -0.087541 -4.826676 0.312022 0.241813 3.218880 0.947905
-1.032298 -0.637175 -0.745541 -3.210249 0.329558 0.304584 3.133952 0.955160
-1.040212 -1.396660 0.050121 -2.339419 0.322369 0.290847 3.218849 0.949494
-0.930790 -1.012376 -3.441510 -3.287197 0.309810 0.249081 3.218880 0.943870
-0.997857 -0.765541 -0.893403 -2.899854 0.304846 0.247695 3.218880 0.952962
-1.054161 -0.405742 -3.268454 -4.231490 0.293922 0.272280 3.107589 0.958731
-0.951793 -0.450701 -3.344642 -1.858618 0.313978 0.274536 3.158921 0.963419
-0.996755 -1.261879 -0.446581 -3.169906 0.308612 0.240000 3.218880 0.942783
-1.050511 -0.211966 -4.321347 -4.610065 0.304810 0.310085 3.024083 0.953272
-0.998755 -0.878473 -1.345231 -4.130889 0.299995 0.245361 3.218880 0.950301
-1.036354 -1.560204 0.945852 -4.071140 0.305544 0.240014 3.218880 0.936354
-1.036512 -0.697651 -1.990254 -3.707954 0.288408 0.246275 3.218880 0.961230
-0.932576 -1.486140 -0.510978 -3.450144 0.336225 0.285782 3.218579 0.931740
-0.976696 -0.535936 -4.081845 -4.763035 0.319583 0.296926 3.177731 0.960710
-1.014052 -0.444307 -4.449530 -3.484760 0.312102 0.294744 3.143292 0.956656
-1.042440 -0.713117 -4.448622 0.238347 0.300775 0.263262 3.205381 0.955469
-0.998889 -1.771975 0.094566 0.732595 0.332756 0.252301 3.218880 0.932648
-0.871805 -1.237447 -0.826964 -2.396372 0.346322 0.271714 3.218880 0.936992
-0.968235 -0.568994 -3.377288 -3.285053 0.321452 0.287035 3.148532 0.953893
-1.036127 -0.864969 -1.924845 0.712692 0.295603 0.240000 3.218880 0.956228
-1.027199 -0.703913 -4.766164 -0.310525 0.305642 0.279428 3.189220 0.958225
-0.979534 -1.145685 -0.539494 -2.654984 0.318675 0.262554 3.218880 0.956750
-0.994886 -1.105506 -2.701247 -1.137717 0.321168 0.287242 3.218880 0.943957
-1.037062 -0.941969 -3.995878 -1.493550 0.303646 0.281201 3.212880 0.950450
-0.974027 -1.067613 -3.085579 -2.104784 0.315548 0.278599 3.218880 0.947429
-1.020922 -0.646616 -3.547202 -1.376349 0.309037 0.288110 3.175329 0.955569
-0.928709 -1.083090 -1.635606 -0.225737 0.344360 0.297205 3.192157 0.933756
-1.036930 -0.670980 -4.057700 -3.483510 0.305735 0.293773 3.210699 0.958019
-0.990402 -1.496651 0.545657 -4.642595 0.309903 0.240000 3.218880 0.937809
-0.889197 -0.913288 -2.632332 -0.771093 0.331967 0.271679 3.218880 0.948776
-0.976925 -1.189878 -2.696882 0.786622 0.308849 0.240000 3.218880 0.937860
-1.033310 -0.193563 -4.538742 -3.885727 0.314374 0.308346 3.061021 0.958885
-1.057203 -0.756202 -2.095612 -1.741963 0.285280 0.240011 3.218880 0.962466
-0.950885 -1.167557 -0.415694 -1.549409 0.321154 0.244643 3.218880 0.944801
-0.974786 -1.051864 -1.036833 -0.593329 0.313553 0.242441 3.218880 0.949945
-1.112999 -0.574371 -4.364725 -2.561536 0.291168 0.295583 3.117805 0.959257
-1.026631 -1.426412 -0.798611 0.263278 0.308339 0.240000 3.218880 0.938751
-0.915556 -1.617667 0.106315 -3.757288 0.337879 0.252900 3.218880 0.921894
-1.071442 -0.189035 -4.745934 0.828677 0.297373 0.297868 3.079172 0.967334
-0.929006 -1.505229 -0.936787 -4.823821 0.335064 0.288702 3.218880 0.938020
-1.007318 -1.253075 -4.170189 -1.019482 0.319987 0.306990 3.218880 0.944218
-0.978644 -0.572238 -3.928657 -2.470873 0.300584 0.253781 3.186957 0.958191
-1.024174 -0.677613 -4.094960 -2.768493 0.308854 0.297923 3.184407 0.961521
-1.031798 -0.653813 -3.759844 0.572172 0.300690 0.255997 3.218880 0.956970
-0.995442 -1.354285 0.679794 -1.889232 0.314275 0.240000 3.218880 0.949051
-0.972655 -0.879377 -2.637268 -3.319396 0.305186 0.243163 3.218880 0.947422
-0.955486 -1.016658 -0.653232 -3.722433 0.329719 0.274853 3.218880 0.948986
-0.990852 -0.858337 -3.747934 -1.591765 0.323808 0.316797 3.139677 0.954691
-0.997426 -1.146126 -1.045721 -2.654558 0.310938 0.245705 3.218880 0.944037
-0.996043 -1.300129 -0.019029 -1.977856 0.338087 0.303168 3.183181 0.937498
-1.011092 -0.718697 -4.163779 -1.719537 0.318911 0.306181 3.157686 0.950573
