-1.049207 -0.973091 -3.259863 -4.651505 0.310939 0.301701 3.218880 0.947250
-1.005903 -0.395508 -4.139158 -0.583681 0.300512 0.269338 3.182073 0.961140
-1.046307 -0.643157 -1.749738 0.167494 0.317391 0.284184 3.181668 0.958878
-1.004335 -0.867485 -4.932245 -0.730834 0.309710 0.288198 3.218880 0.952914
-0.954952 -2.300103 0.934156 0.508402 0.336399 0.240000 3.218880 0.926825
-1.019407 -0.752765 -1.409709 -2.318966 0.293642 0.240200 3.218880 0.958092
-0.985489 -0.346700 -4.748702 -0.197213 0.304758 0.274337 3.140418 0.965352
-0.988228 -1.190230 -0.052782 -2.273731 0.311976 0.240000 3.218880 0.941267
-0.950168 -1.244733 -3.355361 0.933731 0.334349 0.293561 3.218880 0.939717
-1.015853 -0.590406 -3.747635 -4.520557 0.315015 0.305403 3.156991 0.955659
-0.989233 -0.606110 -4.151585 -2.814880 0.313361 0.282067 3.186484 0.957459
-0.972741 -0.769367 -3.920088 -3.234404 0.319288 0.282658 3.217698 0.955197
-0.985499 -0.817269 -3.513462 -0.254070 0.297931 0.241738 3.218880 0.964933
-1.012946 -1.490773 0.121333 -1.412035 0.323799 0.278962 3.218880 0.945636
-0.960051 -0.959816 -3.129211 -4.812683 0.312666 0.252965 3.218880 0.943450
-1.022960 -0.509398 -2.425263 -4.703314 0.318335 0.292453 3.120533 0.961670
-0.999382 -0.332246 -4.068420 -1.228247 0.303781 0.287971 3.118403 0.965566
-0.964291 -0.522942 -4.024430 -3.831404 0.317327 0.285613 3.186319 0.952309
-1.041957 -0.765660 -1.584330 -2.920380 0.312461 0.300789 3.215629 0.956235
-0.963262 -0.684627 -1.849122 -0.537611 0.323022 0.267720 3.202449 0.949770
-1.039071 -0.796917 -0.162133 -4.618585 0.295780 0.240000 3.218880 0.959776
-0.990659 -1.817967 0.799416 -1.526306 0.319974 0.240015 3.218880 0.925218
-0.922147 -0.751389 -4.093006 -2.073460 0.324202 0.290828 3.183130 0.955850
-0.991146 -0.605160 -2.175706 -0.208167 0.313130 0.278153 3.158863 0.955928
-0.976159 -0.781226 -4.369324 -4.504070 0.319383 0.291910 3.218880 0.948679
-0.959096 -0.904442 -4.241431 -2.635613 0.318867 0.274376 3.218880 0.944847
-0.940057 -0.845345 -2.672731 -1.496369 0.320895 0.258516 3.218880 0.946440
-1.062044 -0.894876 -2.406329 -2.699345 0.307218 0.277478 3.218880 0.947289
-0.961560 -1.116736 -2.642207 -0.554137 0.309594 0.246530 3.218880 0.941094
-0.936883 -0.373599 -4.872114 -3.314680 0.326798 0.284988 3.153828 0.949791
-0.968965 -1.900245 0.090512 -0.648229 0.320753 0.240000 3.218880 0.933349
-0.951149 -1.549913 -0.094280 -0.770730 0.324465 0.240000 3.218880 0.932800
-1.054416 -0.598595 -4.399664 0.848683 0.312222 0.296176 3.180851 0.951778
-0.965932 -0.635068 -3.764030 -0.470049 0.312239 0.277326 3.154174 0.963283
-1.007735 -0.495477 -4.568031 -0.961935 0.316423 0.300220 3.166659 0.950573
-1.034359 -0.781640 -1.548630 -1.008595 0.307678 0.301041 3.125245 0.961422
-1.009472 -1.466186 -0.975722 -2.045813 0.328500 0.298113 3.218880 0.934924
-0.909447 -1.000744 -4.206172 -0.120052 0.325002 0.264525 3.218880 0.940033
-0.983494 -0.597819 -2.398541 -4.714305 0.307694 0.275059 3.205241 0.960225
-1.033265 -1.506572 0.686004 -1.642199 0.315090 0.240000 3.218880 0.941379
-0.999089 -1.849186 0.316713 -0.506776 0.321404 0.240000 3.218880 0.929338
-0.944222 -0.710077 -1.875257 -4.899603 0.322035 0.270005 3.218880 0.956829
-0.993745 -1.582983 0.860419 -4.040101 0.317578 0.240000 3.218841 0.936518
-0.978092 -0.506994 -4.285760 -4.070116 0.308506 0.270830 3.152283 0.948854
-0.924679 -1.186737 -1.263779 -1.028229 0.325080 0.247256 3.218880 0.940493
-0.981378 -1.151388 -1.196110 -4.717334 0.323489 0.272637 3.218880 0.936363
-1.019344 -0.943445 -4.151185 0.684472 0.317084 0.302009 3.202193 0.951261
-0.926889 -0.748081 -4.402474 -3.911173 0.320669 0.272851 3.199594 0.951482
-0.966714 -0.569358 -3.921175 -4.186965 0.317497 0.280518 3.195179 0.954543
-1.041272 -0.764426 -2.834450 -3.041747 0.303472 0.270363 3.211459 0.951269
-0.995815 -1.576346 0.984171 -2.105450 0.321295 0.240000 3.218880 0.933098
-1.078160 -0.421848 -1.701851 -2.142492 0.294316 0.265760 3.128496 0.964907
-1.038979 -0.026459 -4.401384 0.497659 0.301321 0.291231 3.042638 0.963460
-1.007534 -1.032450 -1.665290 -0.786350 0.301731 0.240000 3.218880 0.947383
-1.033485 -0.443739 -3.794212 -2.257567 0.295846 0.272673 3.172931 0.960811
-0.966877 -1.519327 -0.282171 -2.242074 0.310112 0.240000 3.218880 0.939530
-0.965319 -1.642089 0.391117 -0.405690 0.327360 0.240000 3.218880 0.933222
-0.984872 -0.671881 -1.875185 -1.597677 0.300975 0.256708 3.186493 0.960211
-0.946493 -0.682823 -4.258926 -4.776380 0.330198 0.299940 3.159912 0.947008
-0.940776 -0.890208 -3.822175 0.572412 0.309305 0.246955 3.218880 0.949842
-0.944041 -1.669596 0.260022 -3.319222 0.327294 0.240080 3.218880 0.926207
-1.035098 -0.748043 -3.590222 -4.205397 0.315693 0.299682 3.185869 0.955360
-0.954999 -1.445376 -2.748108 -1.643434 0.311965 0.240000 3.218880 0.929769
-0.995919 -1.393112 0.064131 -3.155732 0.305550 0.240000 3.218880 0.939233
-1.048351 -0.630295 -0.832209 -2.581189 0.297447 0.251033 3.178082 0.957374
-0.998639 -0.923649 -3.506397 0.036674 0.322220 0.298834 3.198162 0.949647
-1.027195 -1.740547 -0.330776 0.134807 0.310293 0.240000 3.218880 0.933930
-0.953053 -0.897589 -1.344266 -2.463660 0.324760 0.277960 3.215740 0.949320
-0.925003 -0.816067 -3.210828 -4.218433 0.310947 0.245050 3.218880 0.938274
-1.014124 -0.158360 -4.325283 -3.607902 0.305427 0.293149 3.095830 0.961981
-1.015979 -1.006225 -0.955950 -4.331787 0.304079 0.241447 3.218880 0.941279
-1.009245 -0.827051 -2.498320 -0.479582 0.316137 0.290859 3.203701 0.956515
-0.942844 -0.679762 -4.929598 -1.537959 0.320106 0.290640 3.194896 0.956276
-0.969100 -1.064937 -2.628296 0.213647 0.319316 0.261946 3.218880 0.946164
-0.987140 -0.754340 -3.029871 -1.496578 0.323087 0.286160 3.198650 0.943378
-1.039905 -0.634089 -4.986061 -0.927876 0.310275 0.304179 3.178024 0.964103
-0.955945 -0.754904 -2.874789 -1.271716 0.318083 0.283598 3.217683 0.964260
-1.064582 -1.017559 -4.523664 -3.469546 0.311851 0.297028 3.218880 0.945129
-0.921684 -1.296465 -4.136268 -2.055130 0.337073 0.306063 3.218880 0.938757
-0.932247 -1.395655 -3.826446 -0.740895 0.328167 0.288658 3.218880 0.935278
-0.947930 -0.852766 -3.353360 -1.957510 0.321397 0.266342 3.218880 0.945647
-1.086660 0.075364 -4.646892 -4.936862 0.286405 0.293225 2.962503 0.966271
-0.999440 -0.181424 -3.753164 -2.287669 0.302474 0.278815 3.056638 0.960078
-1.010799 -1.325780 -0.474482 -2.072492 0.314199 0.244680 3.218880 0.935829
-0.936623 -0.726357 -2.449263 -1.644043 0.329275 0.284244 3.185199 0.953011
-1.067581 -0.829186 -1.599094 -4.629716 0.315437 0.300074 3.208191 0.955435
-1.019092 -0.338972 -2.939140 -1.538004 0.305287 0.290662 3.100199 0.960190
-0.966451 -1.546386 -0.987252 0.884679 0.330178 0.247637 3.218880 0.936230
-0.901324 -1.252581 -0.696476 -1.173003 0.330802 0.248769 3.218880 0.937462
-0.926341 -1.249139 -2.288072 0.983831 0.316727 0.240656 3.218880 0.943653
-0.978765 -0.657982 -4.380497 -3.016440 0.316857 0.292438 3.203670 0.957897
-0.977727 -0.856971 -3.390306 -0.437853 0.308323 0.253964 3.218880 0.951467
-0.968996 -1.242215 -0.564755 -4.740561 0.328712 0.278020 3.218880 0.941598
-1.001103 -1.217083 -0.188921 -4.734725 0.323151 0.287775 3.218880 0.947962
-0.975414 -1.339881 -1.949927 -3.495182 0.321455 0.274742 3.218880 0.941566
-0.959673 -1.378607 0.108070 -3.406933 0.311299 0.240000 3.218880 0.945357
-1.036729 -0.926002 -2.272267 0.148580 0.320367 0.287166 3.203517 0.950908
-0.939312 -1.924461 -0.048095 -4.449080 0.346704 0.309426 3.218880 0.919894
-1.023706 -1.700272 0.597570 -1.423024 0.314199 0.240000 3.218880 0.932621
-0.984620 -0.791737 -1.546607 -4.712274 0.315163 0.266670 3.218880 0.953027
-0.964226 -1.271606 -2.478648 -3.900366 0.336940 0.310067 3.218880 0.943960
-1.033544 -1.845192 0.641327 -2.742332 0.323696 0.301116 3.218880 0.941079
-0.991038 -0.955611 -4.755774 -2.158105 0.312743 0.277238 3.218880 0.950041
-1.075291 -0.850776 -3.048665 -1.496034 0.301445 0.302416 3.209188 0.952774
-0.993141 -0.610696 -2.199025 -2.892191 0.315566 0.291738 3.158448 0.956864
-0.957382 -0.527713 -3.818649 -4.355716 0.322410 0.297651 3.167996 0.956259
-1.012525 -0.903552 -1.991373 -1.390078 0.315467 0.277468 3.211412 0.951197
-1.018700 -0.213497 -4.248873 -2.355860 0.311574 0.295282 3.077709 0.958125
-0.977238 -1.569536 -1.525285 -2.076979 0.313705 0.240000 3.218880 0.925490
-0.994336 -0.962027 -2.425883 0.495461 0.308707 0.245116 3.218880 0.944398
-1.036443 -0.608781 -4.289833 0.736350 0.313239 0.312017 3.178837 0.960266
-1.055477 -0.691423 -1.959371 -0.890555 0.310205 0.307074 3.122096 0.953638
-0.983198 -0.724235 -2.496762 -4.114645 0.317909 0.280181 3.196414 0.946479
-0.947550 -1.588256 -0.007610 -4.052124 0.327238 0.253224 3.218880 0.924613
-0.952507 -0.991927 -2.967501 -3.331033 0.319190 0.257515 3.218880 0.946845
-1.066429 -0.689962 -2.913162 -3.607439 0.300009 0.287251 3.167178 0.963491
-1.006172 -0.714494 -3.159292 -2.843836 0.312594 0.281793 3.212052 0.956649
-1.012912 -0.972604 -0.780370 -4.399650 0.305040 0.240513 3.218880 0.949815
-0.959554 -0.829948 -3.534104 -3.309271 0.331931 0.305924 3.164599 0.953396
-0.953921 -1.352086 -1.718984 -1.269721 0.339028 0.289240 3.218880 0.931046
-1.051355 -0.968229 -0.843646 -4.373562 0.315497 0.302617 3.185080 0.956092
-0.986170 -1.349446 -1.848104 -0.726619 0.309895 0.242600 3.218880 0.934988
-0.993114 -0.613587 -4.021346 -4.693573 0.308721 0.273505 3.193814 0.953275
-0.997675 -0.746287 -1.323220 -4.411816 0.322150 0.292592 3.184488 0.947488
-1.034980 -0.998132 -1.251486 -1.058163 0.299170 0.242839 3.218880 0.950790
-0.940908 -1.741139 -0.930131 -4.319088 0.317514 0.240000 3.218880 0.925542
-1.011001 -1.334421 -1.108551 0.064487 0.309102 0.240024 3.218880 0.942042
-0.978925 -1.459726 -2.373478 -2.505580 0.327227 0.296739 3.218880 0.941027
-0.981607 -1.143871 -2.826152 -0.035818 0.319774 0.272570 3.211562 0.938475
-0.964202 -1.736104 0.548469 -3.239993 0.322872 0.240000 3.218880 0.921303
-0.998809 -1.107345 -1.316429 -0.616227 0.312900 0.254818 3.218880 0.949964
-1.000378 -0.674265 -3.570158 -3.369462 0.295482 0.250088 3.218880 0.959443
