-1.006121 -0.038775 -4.623906 -0.009260 0.322289 0.298641 3.062601 0.964126
-0.972086 -1.622129 0.255625 -0.337853 0.323644 0.240000 3.218880 0.937086
-1.036608 -0.629568 -2.401988 -2.524742 0.305640 0.275722 3.164979 0.958566
-1.003662 -0.720548 -2.598619 -1.375872 0.320145 0.279482 3.209719 0.966350
-1.035844 -0.966461 -1.365599 -3.616862 0.307983 0.254633 3.218880 0.950945
-0.983994 -1.327134 -0.228115 -3.497082 0.311199 0.240000 3.218880 0.940568
-0.965394 -1.173466 -1.277066 -4.335077 0.323988 0.260816 3.218880 0.941969
-0.974498 -0.412033 -4.262959 -1.539354 0.317493 0.288838 3.137744 0.956089
-1.042593 -0.541648 -4.950361 -2.065608 0.307478 0.312763 3.153344 0.960472
-0.960374 -0.616253 -2.999541 -4.274020 0.313417 0.282060 3.182617 0.955405
-0.983014 -0.528340 -3.368910 -0.943487 0.317749 0.280939 3.149191 0.947365
-1.013811 -1.134341 -2.792296 -4.309008 0.324017 0.311841 3.218880 0.944559
-0.928586 -0.954283 -2.032542 -4.485958 0.307473 0.240500 3.218880 0.947823
-1.001608 -0.094402 -4.675388 -2.935082 0.302998 0.290422 3.004571 0.966400
-1.022222 -0.616960 -1.130510 -3.501574 0.318616 0.293196 3.149909 0.956026
-1.018724 -0.956035 0.449103 -4.821088 0.313920 0.252424 3.218880 0.947426
-0.963785 -1.065407 0.416402 -2.604378 0.312035 0.240000 3.218880 0.956299
-0.968627 -1.400280 -0.058556 -2.370485 0.326354 0.249489 3.218880 0.940416
-1.006219 -1.322973 -0.244179 -3.227746 0.305329 0.240000 3.218880 0.939119
-1.058021 -0.749481 -1.159481 -2.859535 0.309122 0.290636 3.181339 0.952929
-1.019589 -1.745890 0.925882 -2.256043 0.316647 0.240000 3.218880 0.941094
-0.953135 -1.422403 -1.806398 0.602323 0.313975 0.240000 3.218880 0.934394
-1.046466 -0.697965 -1.767709 -1.113802 0.294946 0.245850 3.218880 0.958699
-0.979310 -1.539682 -0.018166 -4.528272 0.311619 0.240000 3.218880 0.936136
-1.041805 -0.666035 -4.102382 0.312812 0.302614 0.290680 3.201238 0.958273
-1.066558 -0.741463 -1.694240 -1.784756 0.284533 0.240516 3.218880 0.960897
-0.929206 -1.473486 0.962011 -3.398588 0.328755 0.242717 3.218880 0.929111
-1.072405 -0.180272 -3.066734 -4.419807 0.295615 0.289659 3.074917 0.966832
-0.992918 -1.073471 -0.448946 -0.771154 0.316720 0.252174 3.218880 0.956201
-1.102423 -0.126655 -4.891528 -4.275487 0.276776 0.279533 3.076586 0.975087
-0.937127 -0.965945 -3.705763 -4.532028 0.325169 0.276192 3.218880 0.951707
-0.946101 -1.321562 -3.447481 -2.324149 0.336673 0.304650 3.218880 0.938311
-0.992010 -0.920999 -0.772797 -4.928290 0.325201 0.280944 3.184341 0.950536
-0.995922 -1.265384 -3.087046 0.334612 0.304524 0.240000 3.218880 0.940452
-0.986660 -0.423096 -4.677449 -0.094370 0.308152 0.280522 3.191599 0.965883
-0.927912 -1.053919 -2.679969 -3.907844 0.318290 0.253318 3.218880 0.938283
-1.015540 -0.815534 -1.848118 -2.015393 0.305934 0.278405 3.169169 0.959012
-0.967340 -0.841782 -2.146706 -3.692844 0.320283 0.284400 3.204328 0.956347
-0.977708 -1.239819 -2.427236 0.805893 0.317944 0.250765 3.218880 0.934445
-1.056471 -0.649513 -2.612834 0.664152 0.315124 0.288994 3.200368 0.953560
-0.988316 -1.193728 -1.904537 -4.965753 0.327623 0.279494 3.218880 0.949552
-1.047947 -0.442069 -1.607723 -4.419380 0.311172 0.307945 3.129795 0.963279
-0.981994 -0.740670 -2.150163 -1.957347 0.306873 0.255307 3.218880 0.955294
-1.040894 -0.740856 -4.077561 -0.946571 0.312372 0.305827 3.192598 0.960582
-0.966861 -0.454581 -4.595579 -2.268829 0.319123 0.295149 3.165484 0.955006
-0.963918 -0.619191 -3.324686 -4.562520 0.320464 0.287297 3.144150 0.944157
-0.960974 -1.575254 -1.172543 -0.384728 0.315742 0.240000 3.218880 0.925910
-0.984074 -0.436736 -2.779933 -2.646277 0.312155 0.280511 3.146520 0.959389
-1.019853 -1.326509 -1.382077 -4.684594 0.313548 0.297226 3.218880 0.931731
-0.938703 -1.330181 -0.648020 -0.671827 0.334255 0.258575 3.218880 0.938240
-0.984503 -1.143812 -0.229923 -3.213095 0.317605 0.250748 3.218880 0.940858
-0.998128 -1.058366 -1.353031 -0.325097 0.316418 0.274657 3.218880 0.951936
-1.031432 -0.932690 -1.164544 -3.428933 0.308717 0.262791 3.218880 0.947915
-1.075095 -0.763517 -0.789760 -2.062143 0.304664 0.272616 3.168990 0.958877
-1.013625 -0.499817 -4.801937 -0.029016 0.319498 0.306686 3.152091 0.958974
-0.997852 -0.870160 -1.907052 -1.568418 0.297122 0.240054 3.218880 0.949259
-1.036504 -0.528765 -0.808865 -3.908878 0.313615 0.294459 3.085665 0.957050
-0.979812 -0.534008 -4.991427 -4.509119 0.317310 0.287439 3.153519 0.959189
-0.968952 -1.373154 0.501870 -3.257868 0.313183 0.240000 3.218880 0.948412
-0.956158 -1.161265 -0.970223 -3.379294 0.343048 0.299866 3.218880 0.945784
-0.970252 -0.792462 -4.318885 0.008469 0.316959 0.288995 3.163951 0.956034
-0.987958 -0.776654 -3.924790 -4.888996 0.329635 0.304891 3.191303 0.952573
-0.976148 -0.553947 -4.572382 -3.572319 0.323651 0.294883 3.173789 0.961727
-0.998044 -0.739935 -3.475320 -1.386664 0.319330 0.290970 3.159586 0.942939
-1.009383 -1.104314 -3.394949 0.319404 0.307031 0.254624 3.218880 0.949816
-1.040847 -0.485898 -2.149068 -4.267714 0.294765 0.259879 3.140621 0.964806
-1.003625 -1.180550 -3.594850 -4.947759 0.295459 0.240000 3.218880 0.940977
-1.001847 -0.940286 -3.460231 -0.862301 0.320392 0.303149 3.212691 0.949672
-1.000494 -1.427474 -0.492347 -1.195221 0.305491 0.240002 3.218880 0.933678
-0.989367 -0.939546 -1.136565 -4.682673 0.299267 0.240908 3.218880 0.955725
-0.987381 -0.573970 -4.560108 -2.992400 0.307240 0.280318 3.190911 0.959802
-0.976020 -1.129317 -4.899842 -3.076310 0.312023 0.273062 3.218880 0.948227
-0.956897 -1.566070 -1.342854 0.589149 0.320677 0.240000 3.218880 0.927086
-1.050276 -0.668506 -3.305903 -1.304626 0.306937 0.280901 3.218880 0.954903
-0.989922 -0.651146 -4.440664 -4.209654 0.325188 0.305787 3.163199 0.953871
-1.011809 -0.504662 -3.780982 -2.569478 0.304014 0.283422 3.189748 0.963362
-1.032659 -1.820874 0.631494 -2.462562 0.326218 0.290417 3.218880 0.934543
-1.051441 -1.100495 -3.093463 -3.019072 0.292189 0.243942 3.218880 0.941412
-1.016496 -0.303885 -4.045898 -1.982157 0.306789 0.276479 3.165848 0.966687
-1.078770 -0.461918 -4.796514 0.494739 0.297000 0.286857 3.131018 0.955037
-0.992348 -1.465870 -0.844111 -2.120299 0.309369 0.240000 3.218880 0.933218
-1.050948 -0.806964 -2.142031 -2.582598 0.316767 0.276890 3.218880 0.947884
-0.993679 -1.510947 -1.667310 0.184873 0.306361 0.240000 3.218880 0.935112
-1.048040 -1.412431 -0.580381 0.726757 0.311878 0.240000 3.218880 0.941727
-0.992839 -1.096025 -1.180905 -3.257420 0.308754 0.251611 3.218880 0.944483
-1.028920 -0.818291 -4.090389 -1.593634 0.294348 0.242602 3.218880 0.948818
-0.944210 -1.457726 -0.506997 -3.762608 0.313168 0.240423 3.218880 0.935506
-0.968908 -0.336319 -4.518407 -4.971112 0.310326 0.290896 3.119978 0.963102
-0.939973 -1.562745 0.389948 -3.165410 0.345786 0.286908 3.218880 0.927562
-1.008985 -0.336556 -4.614936 -0.886508 0.294014 0.272977 3.113985 0.960773
-0.929566 -0.881242 -4.841138 0.190278 0.332096 0.302488 3.217637 0.955721
-1.018393 -1.283499 -0.977288 -0.370938 0.310475 0.240000 3.218880 0.936293
-1.013033 -0.874217 -1.540546 -2.489326 0.299283 0.241130 3.218880 0.952574
-1.009928 -0.775726 -4.472048 -1.843271 0.303283 0.283609 3.217582 0.958308
-1.039239 -1.084628 -1.891574 -1.123147 0.313492 0.310119 3.218779 0.954444
-0.897522 -1.376560 -0.762479 -1.319156 0.326140 0.240873 3.218880 0.929014
-0.977171 -1.568478 -1.239833 -3.082436 0.330340 0.298784 3.214596 0.941896
-0.971125 -0.856441 -4.976785 -0.488954 0.321249 0.307527 3.196828 0.953525
-0.950300 -1.062855 -4.945108 0.862139 0.325224 0.286218 3.215585 0.939882
-0.973423 -0.601771 -1.715167 -2.638778 0.317790 0.268541 3.186848 0.954329
-0.999252 -0.499472 -2.358472 -1.294905 0.308859 0.258982 3.198280 0.963269
-0.942136 -1.837593 0.810375 -1.846319 0.333006 0.241060 3.218880 0.920622
-1.025843 -0.533710 -3.756078 -0.244967 0.303786 0.287996 3.171531 0.961329
-1.044120 -0.446979 -4.118826 0.338261 0.303277 0.286374 3.158071 0.964475
-0.952079 -0.560627 -4.317675 0.274332 0.325807 0.288653 3.156019 0.954355
-0.950449 -1.234654 -1.851442 -2.724638 0.332667 0.282765 3.218880 0.945415
-1.048166 -0.557774 -1.091153 -4.793500 0.293817 0.253760 3.171584 0.961676
-1.032526 -0.920960 -1.535872 -1.221988 0.318247 0.299477 3.205604 0.948026
-0.957767 -1.554546 0.058021 -0.802318 0.321356 0.240044 3.218880 0.936967
-0.962097 -0.791043 -3.995033 -0.920854 0.318008 0.280365 3.216975 0.951976
-1.133661 -0.623061 -1.703507 -2.858321 0.284351 0.247349 3.218880 0.958018
-1.000260 -0.713517 -2.997008 0.513127 0.299495 0.245590 3.211602 0.959011
-0.996353 -0.185091 -3.308695 0.519174 0.316978 0.293794 3.079656 0.960958
-1.035982 -1.515479 -0.949387 -1.058436 0.306519 0.240000 3.218880 0.931500
-1.004901 -0.683857 -2.981623 -3.083860 0.319364 0.291702 3.206293 0.955555
-1.001847 -1.040461 -0.649475 -4.929664 0.313001 0.263598 3.218880 0.947231
-1.039383 -0.620122 -4.605170 -3.763427 0.313008 0.305579 3.172087 0.956710
-0.931000 -1.992663 -0.389982 0.595690 0.335051 0.240018 3.218880 0.913216
-1.014397 -0.560220 -1.754416 -3.134224 0.301606 0.269746 3.159990 0.964056
-1.052506 -0.704872 -1.905959 -0.862623 0.303182 0.265655 3.203692 0.958338
-1.038841 -1.296605 0.569402 -3.093207 0.301685 0.240000 3.218880 0.946288
-0.939448 -1.566380 -2.003623 -2.753130 0.345661 0.319054 3.218880 0.924722
-0.893598 -1.248725 -1.595299 0.819444 0.329075 0.244997 3.218880 0.939288
-0.946679 -1.661264 0.628682 -2.085022 0.354808 0.302367 3.218880 0.930706
-0.931438 -1.104396 -1.315280 -4.447499 0.320595 0.249448 3.218880 0.941079
-0.988020 -1.544515 -1.298711 0.541393 0.327956 0.262287 3.218880 0.934261
-1.011842 -0.744389 -3.051776 -4.233827 0.305631 0.279908 3.189959 0.955594
-0.972088 -0.580334 -2.246344 -4.838362 0.308584 0.261724 3.173342 0.957618
-0.973112 -0.905880 -2.650632 -0.159122 0.313844 0.260599 3.218880 0.954227
-0.972422 -1.100134 -0.622193 -2.047776 0.328704 0.277895 3.218880 0.950396
-0.976199 -0.538814 -4.730364 -3.856302 0.322143 0.298637 3.172863 0.956107
