-0.989169 -1.578693 -1.257621 -1.258179 0.333959 0.289704 3.218880 0.936910
-1.008686 -0.476278 -2.780882 -0.694115 0.330304 0.316532 3.132186 0.957122
-1.035362 -0.071051 -3.852755 -1.824246 0.306813 0.290669 3.049258 0.966424
-1.009735 -0.948757 -1.902418 -0.618720 0.305792 0.243843 3.218880 0.949974
-0.982340 -0.640633 -3.693274 0.174554 0.314085 0.278612 3.202950 0.961447
-0.973087 -1.131872 -1.242253 -4.906612 0.323634 0.276306 3.218880 0.942849
-0.984022 -1.498733 -0.697560 -0.702301 0.335603 0.281298 3.218880 0.928024
-1.064227 -0.597024 -4.143977 0.071212 0.302235 0.298397 3.170743 0.960273
-1.044307 -0.691058 -2.247690 -1.156157 0.312448 0.303288 3.185414 0.958019
-0.998706 -0.807520 -3.045720 -3.411053 0.317863 0.297613 3.218880 0.959015
-0.936122 -0.498505 -4.822748 -1.925368 0.323975 0.289176 3.192171 0.963267
-0.995133 -0.918013 -2.916315 -1.129696 0.296194 0.241563 3.218880 0.950630
-0.903387 -1.703852 -0.700288 -4.137404 0.332292 0.243928 3.218880 0.921238
-0.957295 -0.689438 -4.919873 0.572095 0.305811 0.258925 3.206978 0.955716
-0.887337 -2.080466 -1.057475 -3.417757 0.340456 0.249341 3.218880 0.915103
-1.011134 -1.346320 0.815760 -3.900321 0.336798 0.283239 3.218880 0.939101
-0.993893 -0.927657 -2.058020 -2.919023 0.325255 0.295219 3.206271 0.954023
-0.983532 -0.928211 -0.920207 -4.804773 0.314306 0.254035 3.218880 0.947097
-1.017923 -0.515912 -3.625649 -0.242907 0.305682 0.279138 3.140992 0.967016
-0.989067 -1.175818 -0.339843 -3.555004 0.310218 0.240000 3.218880 0.938911
-1.078766 -1.258428 -0.266519 -1.683444 0.295739 0.240000 3.218880 0.945546
-1.007618 -0.565944 -3.590208 -4.754578 0.313684 0.296522 3.154575 0.960319
-0.963600 -0.843280 -2.515592 -0.935680 0.329996 0.286171 3.185112 0.955286
-1.019208 -0.850046 -3.327133 -1.581865 0.297915 0.256588 3.218880 0.958159
-1.015487 -0.135386 -4.654166 0.807214 0.320278 0.309505 3.065928 0.972278
-1.012705 -1.218621 -0.597821 -2.159073 0.322644 0.264118 3.218880 0.946187
-0.924304 -0.716400 -3.245603 -2.064113 0.328998 0.285858 3.170796 0.952646
-0.948013 -1.370357 -0.860048 -4.739138 0.347025 0.296395 3.218880 0.940986
-0.965552 -1.523067 0.995019 -3.495936 0.339240 0.266991 3.218880 0.931062
-1.070161 -0.298223 -4.716208 -3.257893 0.303677 0.294705 3.134090 0.965719
-0.973523 -1.538639 0.599228 -2.529183 0.319164 0.240000 3.218880 0.937265
-0.947077 -0.797184 -1.198809 -3.506902 0.345790 0.307032 3.183566 0.949561
-0.990021 -0.730925 -3.374846 -3.174555 0.316750 0.292963 3.185192 0.949675
-1.011102 -1.234503 -1.056539 -4.833316 0.320539 0.322784 3.185869 0.945257
-1.001116 -0.947883 -4.238461 -1.346053 0.316089 0.279957 3.218880 0.941725
-0.963528 -0.904502 -2.859176 -2.805463 0.312475 0.259283 3.218880 0.949376
-0.999884 -1.123708 -2.396139 -0.248113 0.314147 0.270320 3.218880 0.948854
-0.939492 -1.262405 -1.307509 -2.672327 0.331198 0.257168 3.218880 0.929903
-0.988052 -0.546606 -3.828553 -3.640911 0.318218 0.284176 3.174744 0.953259
-0.935467 -1.183515 -0.556780 -4.067002 0.333630 0.286518 3.218880 0.937822
-0.960364 -0.444618 -4.069552 -3.113834 0.318398 0.283903 3.165283 0.959308
-0.939602 -0.801756 -1.934060 -3.932340 0.315472 0.257968 3.218880 0.946699
-1.047951 -0.520291 -4.677197 -4.665290 0.307179 0.306061 3.130950 0.961968
-1.015591 -0.729437 -4.373545 -2.197990 0.309456 0.292642 3.187615 0.949097
-1.023877 -0.706094 -0.401064 -4.476339 0.299378 0.245569 3.215156 0.959622
-0.965210 -1.364199 -0.110402 -3.706834 0.315547 0.240000 3.218880 0.937555
-0.896346 -1.093886 -4.906806 -3.555546 0.318153 0.246831 3.218880 0.935950
-1.000982 -0.968311 -3.714747 -4.416904 0.306739 0.283987 3.213832 0.959966
-0.964992 -1.304782 -2.341460 0.526138 0.308705 0.240000 3.218880 0.940057
-0.950698 -0.773755 -2.973162 0.711540 0.319164 0.263654 3.218880 0.954591
-0.975459 -1.418418 -0.106233 -1.742458 0.317222 0.240000 3.218880 0.932449
-0.989509 -0.383155 -2.945542 -4.208400 0.308518 0.284613 3.108638 0.965411
-0.953438 -1.125137 -0.522127 -3.691242 0.319647 0.245881 3.218880 0.937615
-0.969633 -0.970315 -1.616423 -2.671586 0.324883 0.277836 3.218880 0.949097
-0.940620 -0.624106 -4.438825 -1.358639 0.305571 0.251286 3.218880 0.962513
-1.018489 -1.097458 -0.368559 -4.534361 0.329260 0.285400 3.218880 0.941965
-0.969939 -1.328812 0.910859 -4.638074 0.314520 0.240000 3.218880 0.943269
-0.998713 -0.478764 -2.833554 0.417975 0.311935 0.277302 3.164426 0.965793
-1.052656 -1.032001 -1.338793 -3.599271 0.294880 0.240000 3.218880 0.948691
-1.007205 -1.129264 -2.665771 -3.260274 0.316064 0.274139 3.218812 0.940321
-0.948627 -1.029277 -4.519293 -2.292527 0.318189 0.277647 3.218880 0.948857
-0.923170 -0.821017 -1.375771 -2.905073 0.339070 0.288837 3.218880 0.952115
-0.955413 -0.420124 -4.911552 -4.979142 0.317360 0.286702 3.176099 0.964562
-1.031116 -1.067189 -2.475959 0.417572 0.305544 0.246595 3.218880 0.940176
-1.022842 -0.549393 -2.144708 -4.755776 0.316451 0.297484 3.126925 0.953446
-1.051317 -0.856412 -1.842197 -2.138280 0.311830 0.297154 3.188320 0.957490
-0.991302 -0.497268 -4.276706 0.461386 0.311271 0.279228 3.174771 0.956730
-1.010663 -1.150598 -1.808881 -0.849840 0.311914 0.250843 3.218880 0.939729
-0.940377 -1.177217 -4.827335 -1.294714 0.323213 0.259947 3.218880 0.933099
-0.984001 -0.497113 -4.862190 -3.794444 0.315030 0.287615 3.173289 0.957630
-1.004499 -0.543133 -4.279846 0.405314 0.313346 0.282753 3.177974 0.948888
-1.015133 -0.768829 -3.377520 0.318960 0.299924 0.250372 3.218880 0.953418
-1.051218 -1.096096 -0.197018 -4.927386 0.299397 0.240000 3.218880 0.941480
-0.999682 -1.116062 -2.766313 -0.837656 0.319035 0.273289 3.218880 0.942367
-1.039700 -0.277338 -4.183736 -2.214332 0.303677 0.290209 3.098874 0.964614
-1.005668 -0.718423 -3.450231 -2.094680 0.309219 0.292946 3.197306 0.957991
-1.012205 -0.595868 -4.644033 -2.002495 0.316277 0.299363 3.199217 0.958860
-1.028612 -0.994276 -1.913795 -0.828718 0.307574 0.268101 3.217754 0.961502
-1.106960 -0.940753 0.506357 -4.902659 0.313329 0.295380 3.175717 0.956057
-0.967445 -0.407395 -4.895501 -1.243063 0.306357 0.263471 3.172179 0.952100
-1.011853 -0.457105 -3.670303 -1.378860 0.293670 0.264727 3.148823 0.958520
-0.997594 -0.371021 -4.183802 -1.981239 0.296584 0.260703 3.136929 0.956927
-1.030222 -0.776088 -2.535088 -4.486286 0.294722 0.244537 3.218880 0.959168
-0.968078 -0.671351 -3.277207 -4.254741 0.321979 0.284388 3.208334 0.947635
-0.928038 -0.685797 -4.093417 -2.220278 0.322484 0.271294 3.217507 0.951885
-1.010756 -0.694773 -1.087421 -1.911684 0.330436 0.308801 3.123547 0.952683
-0.995341 -0.904238 -2.597786 -1.257604 0.303400 0.246279 3.218880 0.946236
-0.947713 -1.451979 -0.787478 -4.122693 0.331558 0.271421 3.218880 0.933580
-1.041285 -0.448119 -3.644208 -0.532206 0.311837 0.303492 3.125570 0.959092
-0.939028 -1.496766 -0.889195 -2.984138 0.342949 0.281157 3.218880 0.922583
-1.019904 -1.312153 0.667254 -4.446656 0.331832 0.279400 3.218880 0.945007
-0.943434 -1.019692 -1.905333 -1.594828 0.330226 0.278377 3.218880 0.949033
-0.884686 -1.214942 -3.184675 -3.200023 0.333699 0.254523 3.218880 0.935645
-1.047669 -0.218874 -3.718716 -2.744611 0.310963 0.307193 3.063879 0.959282
-1.045895 -0.775227 -4.428069 -4.485509 0.307010 0.301527 3.160341 0.948446
-0.968002 -0.802799 -4.914623 -4.869304 0.323379 0.290322 3.204168 0.945919
-1.017029 -0.485975 -3.829477 -4.795025 0.309152 0.294479 3.133630 0.963434
-0.960276 -0.751642 -3.630561 -2.352017 0.315961 0.263125 3.218880 0.952253
-0.992418 -1.344228 -0.211471 -3.681932 0.310961 0.240000 3.218880 0.938316
-1.064902 -0.499464 -2.615221 -4.891497 0.301112 0.281894 3.162870 0.965522
-0.886988 -1.122891 -2.448321 -1.826232 0.324313 0.248445 3.218880 0.939571
-0.977793 -0.571666 -4.968505 -1.154565 0.319430 0.303345 3.139575 0.952712
-0.960964 -1.453932 0.833891 -4.389201 0.332076 0.260617 3.218880 0.942896
-1.076382 0.003751 -4.946243 -2.822783 0.302659 0.319022 2.994944 0.970700
-0.906164 -1.256670 -2.429345 -0.613909 0.327980 0.250985 3.218880 0.928408
-1.059959 -0.902731 -1.860309 0.398404 0.308014 0.287651 3.215204 0.956901
-1.067979 -1.153317 -0.210664 -3.541816 0.321643 0.306917 3.202710 0.948380
-1.009121 -0.507432 -3.821552 -4.837849 0.306884 0.277759 3.184423 0.961450
-0.997452 -1.732380 -0.204616 -1.394070 0.315156 0.240001 3.218880 0.926909
-0.943718 -0.902153 -3.874472 -2.215203 0.325415 0.289457 3.218433 0.950164
-0.983872 -1.140019 -4.567126 -4.112639 0.320885 0.304996 3.218030 0.949586
-0.964151 -1.291830 -3.765858 -0.764379 0.337948 0.307116 3.218880 0.933752
-0.969319 -0.526632 -4.900471 -4.678229 0.309338 0.273622 3.147407 0.959843
-0.948615 -0.832890 -4.504400 -0.828913 0.330817 0.296964 3.199576 0.946198
-0.965159 -0.970483 -3.010650 -2.885027 0.328361 0.318599 3.205541 0.948828
-1.002781 -0.862021 -4.262121 -3.329014 0.316276 0.308308 3.162084 0.944912
-1.013140 -0.437133 -3.497631 -2.584793 0.300442 0.260302 3.185543 0.961015
-1.016279 -0.845714 -3.715354 -4.599057 0.309663 0.287041 3.192060 0.952863
-1.050921 -0.535837 -3.579619 -0.680337 0.308504 0.286237 3.149479 0.953100
-0.938670 -1.534879 0.465039 -1.158677 0.347565 0.270984 3.218880 0.933273
-0.947752 -0.848114 -1.066615 -4.244790 0.309577 0.248433 3.218880 0.955080
-0.954157 -1.030189 -2.074666 -1.827725 0.326344 0.277453 3.218880 0.943815
-0.976110 -1.576719 0.086737 -1.258204 0.321411 0.240000 3.218880 0.930710
-1.036262 -0.718524 -4.068018 0.839735 0.283085 0.240000 3.218880 0.957031
-0.920545 -0.835829 -3.072497 -1.440345 0.327415 0.282076 3.215770 0.945590
-1.055159 -0.514625 -3.331157 -4.012074 0.301297 0.282305 3.181743 0.962725
-1.001202 -0.658770 -3.852586 0.559847 0.318580 0.287717 3.152030 0.949558
-0.981774 -0.954738 -3.589503 -3.695281 0.332374 0.305310 3.217689 0.952993
-0.969234 -1.088838 -1.466143 0.398107 0.314500 0.246248 3.218880 0.952929
-1.021497 -1.129577 -3.206270 -2.197106 0.317554 0.314644 3.169718 0.947452
-0.975655 -1.302927 -2.596036 -0.958076 0.337651 0.312740 3.218880 0.933695
