-0.958435 -1.556473 -1.849735 0.903642 0.320457 0.240000 3.218880 0.929396
-1.018858 -0.712233 -3.419966 -4.191951 0.308353 0.284578 3.193342 0.952622
-0.993385 -0.499628 -2.518443 -3.814432 0.312033 0.286527 3.142751 0.961522
-0.938448 -1.719182 -4.216771 -2.794226 0.313255 0.240000 3.218880 0.930557
-1.024174 -0.836805 -1.858860 -2.082386 0.299657 0.249165 3.218880 0.954320
-1.017319 -1.426173 -0.369882 -4.454154 0.322773 0.278340 3.218880 0.935412
-0.946595 -1.583926 -1.667103 -1.971911 0.319966 0.240000 3.218880 0.927315
-0.828085 -1.700953 -0.781685 -4.568427 0.354729 0.275136 3.218880 0.913336
-0.985329 -0.802652 -2.220973 0.126827 0.306945 0.250301 3.218880 0.956101
-1.003726 -0.418379 -3.467637 -2.721957 0.312775 0.288860 3.190605 0.961078
-0.988097 -1.405796 -0.574303 -4.771317 0.325754 0.276228 3.218880 0.935378
-0.984919 -1.345982 0.515875 -2.726318 0.316757 0.240000 3.218880 0.936793
-0.996206 -1.062865 0.470884 -4.578451 0.306145 0.240000 3.218880 0.949202
-0.999896 -0.996395 -3.495144 -1.751131 0.312447 0.284962 3.218880 0.946628
-0.998299 -1.708654 0.421867 -2.049071 0.331427 0.273877 3.218880 0.931486
-0.964192 -1.221752 -2.386701 -1.272271 0.309964 0.240000 3.218880 0.932510
-0.977872 -0.942041 -3.912539 -3.340636 0.298789 0.240406 3.218880 0.943693
-1.040756 -0.864628 -1.627399 -2.981979 0.301100 0.251405 3.218880 0.950170
-0.984223 -1.088709 -0.400186 -2.257989 0.319708 0.248264 3.218880 0.936635
-1.006333 -0.971531 -2.016244 -0.080885 0.326288 0.279129 3.218880 0.945557
-0.894776 -1.292628 -0.972056 -2.695772 0.348021 0.297306 3.218880 0.928450
-0.978359 -1.046061 -4.151822 -3.064470 0.312886 0.285109 3.218880 0.951947
-1.016608 -0.685582 -3.808731 -4.206894 0.317094 0.292601 3.191273 0.952230
-0.938352 -1.452206 0.804888 -2.077746 0.330305 0.243279 3.218880 0.937714
-0.982142 -0.338734 -3.292496 -4.405082 0.300788 0.268876 3.134365 0.963170
-0.927403 -1.234596 -0.599674 -3.893762 0.332944 0.269662 3.218880 0.941014
-1.024042 -1.401185 -2.570361 -2.482663 0.303407 0.253324 3.218880 0.937631
-0.995956 -0.695825 -2.368713 -2.521413 0.327210 0.297638 3.186067 0.954046
-1.044443 -0.817266 -1.989650 -4.598940 0.305902 0.280039 3.218656 0.949803
-0.959474 -1.565373 0.900445 -2.212861 0.320328 0.240000 3.218880 0.938910
-0.875804 -0.959949 -2.677884 -2.273068 0.331414 0.267829 3.218880 0.947243
-0.924485 -1.964036 0.569021 -1.102283 0.331501 0.240000 3.218880 0.916914
-0.946063 -0.511910 -4.687389 -4.787999 0.326094 0.302279 3.150787 0.954600
-0.971225 -0.974705 -0.870421 -0.753736 0.316826 0.251044 3.218524 0.950112
-0.940369 -0.870624 -1.070039 -3.038925 0.323088 0.258634 3.218880 0.942272
-1.029351 -0.763424 -1.345460 -1.066190 0.290047 0.240000 3.218880 0.958559
-1.037706 -0.715866 -2.619376 -3.373448 0.292531 0.244751 3.218880 0.953474
-1.007400 -0.360724 -4.288926 -4.451725 0.309664 0.289649 3.148352 0.954842
-0.976688 -0.612144 -4.121038 0.708562 0.317361 0.289609 3.156129 0.958984
-0.961370 -1.500614 0.334368 -0.685951 0.337072 0.268031 3.218880 0.942128
-0.952447 -0.645630 -2.643274 -3.542226 0.319537 0.282527 3.157920 0.949432
-1.026882 -0.943228 -3.987572 0.869316 0.317677 0.299985 3.207166 0.946353
-0.981962 -0.631901 -3.837772 0.689059 0.300542 0.251427 3.218701 0.960425
-1.042633 -1.076072 -0.468727 -4.447537 0.309606 0.291092 3.218711 0.955165
-0.865370 -1.689565 -1.415680 -0.115396 0.356110 0.294170 3.218880 0.913485
-0.928881 -1.513404 -1.818125 -0.267294 0.315450 0.240000 3.218880 0.930994
-0.966551 -1.277489 -2.255753 0.789907 0.330286 0.272223 3.218880 0.946584
-0.969331 -0.227349 -4.961100 -1.617226 0.317872 0.290322 3.135287 0.962636
-0.962948 -1.368161 -0.812297 -0.027339 0.319340 0.240000 3.218880 0.935291
-0.994239 -0.324201 -4.061065 -1.347717 0.306775 0.281303 3.114576 0.964821
-1.089652 -0.803877 -3.633512 -0.514266 0.279423 0.243931 3.218880 0.962082
-0.996937 -0.644904 -3.403217 -4.374329 0.309863 0.287939 3.192387 0.955468
-0.967682 -1.005392 -1.615268 -1.987911 0.320479 0.264702 3.218787 0.945997
-0.985907 -0.727776 -4.991679 -1.458787 0.314571 0.288141 3.198947 0.954573
-1.008695 -0.680915 -4.223404 0.350558 0.316535 0.289132 3.171049 0.955122
-0.983647 -0.997674 -1.583763 -2.006077 0.302848 0.240000 3.218880 0.942649
-0.953545 -1.414622 0.619058 -4.587099 0.333472 0.253699 3.218880 0.932213
-0.994476 -0.809555 -1.510063 -2.577731 0.291185 0.240006 3.218880 0.965030
-0.944522 -0.527209 -1.865622 -3.798310 0.318483 0.265073 3.188681 0.962005
-1.071862 -0.385526 -4.813072 -0.270896 0.278230 0.258280 3.174566 0.967249
-0.969615 -0.434298 -3.243385 -2.865821 0.315462 0.286078 3.166129 0.961471
-0.984688 -1.241115 -2.238164 -2.287371 0.326262 0.299700 3.218880 0.948372
-0.988632 -1.345262 0.318632 -3.647393 0.316089 0.240023 3.218880 0.926685
-1.048123 -0.817847 -2.283781 -1.327985 0.302083 0.258480 3.218880 0.949287
-0.965880 -1.372701 -3.447662 -0.456955 0.317353 0.250342 3.218880 0.934092
-1.003371 -0.746697 -3.960394 -1.916198 0.294286 0.248148 3.218880 0.956100
-1.043711 -0.434975 -3.420777 -2.260180 0.303854 0.294708 3.097481 0.955035
-1.081020 -1.251743 -3.259369 -2.080569 0.302381 0.285077 3.218880 0.945679
-0.982418 -1.359093 -1.156996 -1.149968 0.311185 0.240000 3.218880 0.933785
-0.992291 -1.620652 0.301220 -2.733106 0.315491 0.240000 3.218880 0.935202
-0.959004 -0.721171 -4.949313 -3.925295 0.316456 0.294170 3.193068 0.953972
-0.979314 -0.705082 -3.652980 -3.963026 0.305352 0.264421 3.215794 0.955926
-1.025289 -0.789204 -3.927444 -2.318247 0.303452 0.275894 3.160181 0.944374
-0.945512 -0.814420 -2.737993 -1.539331 0.334195 0.307767 3.218672 0.961226
-1.004340 -0.575438 -4.833895 0.411975 0.304318 0.266928 3.205940 0.959018
-1.032322 -1.170081 -2.342109 -2.012073 0.300019 0.240000 3.218880 0.938268
-0.960009 -1.203564 -0.838847 -3.112309 0.322251 0.254893 3.218880 0.951387
-0.945660 -1.410825 -2.422405 -2.577456 0.339799 0.310964 3.218880 0.940924
-1.021475 -1.133399 0.274709 -3.719755 0.317617 0.266014 3.218816 0.948332
-1.002087 -0.808021 -1.497701 -0.621895 0.299276 0.241617 3.218880 0.956270
-1.014190 -0.759409 -2.557581 -0.227886 0.312173 0.282968 3.178585 0.954774
-0.971106 -0.667230 -4.827173 -2.335240 0.325299 0.292155 3.197029 0.953976
-0.998125 -0.821563 -4.701355 -2.915501 0.308792 0.279957 3.204921 0.960065
-1.023206 -0.703655 -2.037296 -3.440027 0.322182 0.304000 3.186999 0.951785
-0.975690 -1.257087 -0.705801 0.497736 0.323523 0.243171 3.218880 0.939180
-0.949154 -0.589418 -4.827682 -0.672800 0.318233 0.275509 3.210751 0.960390
-1.006025 -1.040042 -0.977765 -2.143357 0.310290 0.252613 3.218880 0.952905
-1.014633 -0.749340 -3.081913 -2.385152 0.315140 0.276398 3.202733 0.945277
-0.933172 -1.126528 -2.508378 -4.082212 0.327315 0.294356 3.218880 0.944987
-0.922534 -1.363298 -1.709743 -0.858656 0.334727 0.261349 3.218880 0.934671
-0.980677 -1.190205 -0.206683 -3.202778 0.309062 0.240138 3.218880 0.939481
-0.943321 -0.447314 -4.378801 -4.685347 0.314199 0.292271 3.122569 0.952203
-0.947399 -1.056763 -3.796666 -0.292128 0.303906 0.240000 3.218880 0.943286
-0.940984 -1.106044 -1.892360 -3.836441 0.336085 0.303619 3.200721 0.945884
-1.018184 -0.712474 -2.963860 -2.736899 0.312414 0.305146 3.124250 0.952935
-0.952236 -1.478470 -0.687511 -3.833692 0.310399 0.240000 3.218880 0.933692
-0.976439 -1.463193 -3.555541 -1.779270 0.331946 0.304631 3.218880 0.937792
-1.004184 -0.653709 -2.327016 -1.176556 0.296623 0.247842 3.218880 0.961414
-1.017037 -0.706762 -3.974740 -4.840124 0.308592 0.294400 3.191594 0.964017
-0.925971 -0.777989 -4.457085 -1.035450 0.321920 0.269624 3.215651 0.944698
-1.011586 -0.160494 -4.918025 -4.306339 0.299367 0.291292 3.065579 0.967542
-1.006752 -0.906893 -1.949234 -0.360348 0.298369 0.240028 3.218880 0.949945
-1.009593 -0.663845 -4.249852 -4.513769 0.312464 0.290877 3.215236 0.958869
-0.984952 -0.862546 -3.361674 -4.798961 0.317676 0.298773 3.208889 0.957831
-0.986394 -0.273862 -4.814706 -4.526109 0.312684 0.292619 3.123557 0.958656
-1.004157 -1.157954 0.299227 -2.865016 0.313386 0.256549 3.217409 0.951835
-0.910236 -1.415121 -1.290411 -4.377542 0.320028 0.243921 3.218880 0.929833
-0.932995 -0.863203 -2.759807 -4.416426 0.327254 0.275479 3.218880 0.952903
-1.011679 -1.222901 -0.173825 -2.423119 0.311614 0.242720 3.218880 0.937982
-1.039497 -1.064772 -0.728458 -3.114989 0.304517 0.248023 3.218853 0.947411
-1.017685 -0.518704 -4.278547 -2.984380 0.296158 0.273403 3.167103 0.961705
-0.940216 -1.508756 -1.239545 0.055033 0.321324 0.240000 3.218880 0.932573
-0.971429 -0.648855 -3.600153 -2.525443 0.299897 0.250405 3.218880 0.960607
-0.923449 -1.062796 -2.169846 -2.425834 0.338708 0.299836 3.206494 0.943673
-1.000097 -0.747522 -3.807067 -3.550453 0.309623 0.281753 3.195443 0.942759
-1.005087 -0.745270 -3.498097 -1.508068 0.327213 0.301396 3.168030 0.946775
-0.959092 -0.828433 -2.132813 -3.476524 0.318632 0.280799 3.196025 0.949845
-0.972311 -0.647444 -2.660041 -4.667635 0.327965 0.300087 3.148372 0.958343
-0.915622 -1.006022 -4.934800 -2.055508 0.310924 0.242859 3.218880 0.943142
-1.046037 -0.568747 -1.795342 -2.122826 0.305025 0.276040 3.175131 0.965389
-0.942866 -1.335739 -0.843378 0.624466 0.331615 0.250011 3.218880 0.941332
-0.972916 -0.701714 -2.384736 -2.905480 0.320365 0.276677 3.204237 0.955074
-0.976653 -1.138178 -3.467000 -3.612866 0.320653 0.282413 3.218880 0.939019
-1.038764 -0.390612 -3.012406 -1.156516 0.312824 0.297219 3.139783 0.968716
-0.958326 -0.825408 -1.064599 -3.019070 0.319955 0.256630 3.218880 0.942033
-0.983452 -1.031568 -0.049277 -4.920252 0.305668 0.240000 3.218880 0.954167
-1.046801 -0.285379 -4.565689 0.959063 0.307969 0.291774 3.122664 0.959507
-1.041534 -0.211685 -3.591343 -1.884838 0.302609 0.285875 3.108589 0.964803
-0.976743 -1.129624 -2.247943 -1.305428 0.320796 0.267463 3.218880 0.943470
-0.974008 -0.659275 -4.680523 -2.037533 0.324030 0.278461 3.144827 0.951957
-0.986555 -0.523349 -3.667479 -1.570983 0.313775 0.271871 3.168633 0.943974
