-0.992487 -1.362649 -0.794051 -4.234003 0.337426 0.308069 3.218880 0.940148
-0.952052 -1.192464 -2.455116 -1.693523 0.331494 0.276441 3.218880 0.938785
-0.999236 -0.634886 -3.101849 -0.236759 0.313698 0.284267 3.176342 0.962271
-0.998557 -1.027551 -1.529848 -4.069210 0.311602 0.252107 3.218880 0.944988
-1.033818 -0.518151 -4.228260 0.954122 0.317705 0.300842 3.126499 0.958046
-0.973012 -1.362123 -1.341454 0.553675 0.307246 0.240000 3.218880 0.943174
-0.966515 -0.997699 -3.513821 -1.912560 0.311406 0.251515 3.218880 0.940449
-0.951323 -1.226691 -1.460864 -3.050793 0.323403 0.280044 3.218880 0.947801
-0.967460 -1.531976 0.089723 -3.655224 0.315215 0.240000 3.218880 0.934592
-1.030312 -1.107810 -0.714902 -3.285362 0.315323 0.283193 3.193556 0.948249
-0.949382 -1.408297 -1.460475 0.739322 0.320045 0.240000 3.218880 0.937060
-0.988066 -1.253610 -2.313324 0.041328 0.301140 0.240000 3.218880 0.942844
-1.059852 -0.320072 -4.537113 -2.417695 0.300670 0.287886 3.112268 0.965945
-1.041472 -1.003623 -3.736028 0.668926 0.310850 0.306813 3.218024 0.956168
-1.049855 -1.142087 -3.700485 -0.877771 0.310023 0.289294 3.218880 0.941964
-1.058462 -1.505936 0.787852 -1.594315 0.315306 0.240013 3.218880 0.937506
-1.066224 -0.517553 -4.073267 -3.726658 0.308351 0.303208 3.153096 0.961375
-1.034694 -1.544917 -0.323842 -2.145532 0.316529 0.285150 3.218880 0.934443
-0.949145 -1.713514 0.902562 -4.009277 0.320996 0.240000 3.218880 0.927043
-0.974037 -0.603435 -4.187425 -4.090358 0.311090 0.285426 3.194420 0.968087
-0.939121 -0.711382 -4.311732 -0.606025 0.323586 0.286412 3.218119 0.953154
-1.019095 -1.401927 -0.439150 -1.148090 0.305855 0.240000 3.218880 0.936497
-1.021831 -0.755157 -2.612468 0.800327 0.290781 0.240023 3.218880 0.964444
-0.941748 -1.243484 -2.947078 -3.128175 0.336282 0.297881 3.218880 0.941058
-1.059227 -0.840987 -2.975866 0.404044 0.304464 0.287387 3.186239 0.955393
-1.034025 -0.513691 -4.113850 -3.321713 0.308145 0.288115 3.174893 0.961812
-0.965743 -0.499327 -2.371680 -0.798533 0.320444 0.279306 3.171463 0.957247
-0.963626 -1.386738 -0.365537 -3.726319 0.327710 0.274099 3.218880 0.938754
-0.980870 -1.644426 -0.764661 -1.577179 0.317367 0.240000 3.218880 0.933162
-0.983135 -0.366010 -4.096539 -0.036938 0.311355 0.273876 3.147501 0.961263
-0.967038 -0.713711 -4.867328 -0.789514 0.319745 0.283444 3.201612 0.955406
-0.990368 -0.606258 -4.448804 -0.391098 0.314436 0.283427 3.180384 0.952171
-0.967230 -0.541272 -4.723279 0.496122 0.319580 0.289969 3.149472 0.960857
-0.981461 -2.652325 0.896399 0.420730 0.324204 0.240000 3.218880 0.925739
-1.075037 -1.540751 0.006668 0.474626 0.313344 0.240000 3.218880 0.936750
-1.013907 -1.362743 -1.085707 -1.846009 0.326649 0.290753 3.218880 0.943950
-0.959217 -1.856176 0.486325 -2.199204 0.326634 0.240000 3.218880 0.924830
-1.053171 -0.981342 -1.476503 -0.286433 0.294254 0.240037 3.218880 0.955922
-0.898021 -0.886720 -3.814283 -3.772560 0.325111 0.267784 3.218880 0.948778
-0.988338 -0.416784 -1.832844 -3.014916 0.311514 0.273849 3.112426 0.954187
-0.952940 -1.505656 0.249034 -3.194546 0.319655 0.240185 3.218880 0.934928
-0.987369 -1.293431 0.553471 -4.879709 0.314241 0.245562 3.218880 0.940111
-0.995900 -0.984382 -1.269870 0.037482 0.317396 0.253884 3.218880 0.956371
-0.967816 -0.963329 -4.756906 -1.424300 0.315505 0.294718 3.196793 0.952310
-0.920513 -0.821508 -4.399920 -3.561640 0.328963 0.265956 3.218880 0.932640
-0.970228 -0.720709 -4.276593 -1.315839 0.314938 0.283803 3.216423 0.957819
-1.011324 -0.641772 -3.076179 -1.041284 0.316969 0.286701 3.176076 0.965111
-0.947742 -0.843455 -3.805148 -2.509251 0.330745 0.292215 3.218880 0.946781
-0.951616 -1.102771 -1.848592 -3.207777 0.328481 0.288526 3.218880 0.943084
-0.955951 -1.343216 -1.143080 0.042842 0.322401 0.244358 3.218880 0.931894
-1.007490 -0.750857 -1.540161 -3.324096 0.301096 0.249180 3.218880 0.950514
-1.019645 -1.147849 -1.261778 -3.155261 0.299215 0.240000 3.218880 0.945192
-0.967005 -1.099227 0.764499 -3.661752 0.320237 0.247409 3.218880 0.950090
-0.984994 -0.406832 -3.606699 -4.429167 0.307899 0.276643 3.160333 0.961339
-0.930344 -1.692631 -0.518169 -0.184193 0.348105 0.296542 3.218880 0.929534
-0.960901 -0.818815 -3.224589 -3.609313 0.330217 0.288792 3.218880 0.953148
-0.914082 -0.331860 -3.773266 -2.739168 0.326725 0.290270 3.123976 0.959310
-0.996848 -1.045650 -2.560000 -1.821197 0.324531 0.293298 3.218786 0.953051
-1.016551 -0.758695 -1.684717 -4.362633 0.295085 0.243794 3.218880 0.950223
-0.955607 -1.381350 0.310776 -2.105198 0.331598 0.248790 3.218880 0.935408
-1.022684 -1.389990 -0.438109 0.414523 0.310906 0.240000 3.218880 0.950245
-1.023970 -0.311947 -4.172413 -4.706387 0.291806 0.272499 3.103773 0.970470
-1.002377 -1.113198 -0.839056 -4.550306 0.299482 0.240000 3.218880 0.950077
-0.962697 -0.273475 -3.409998 -1.955273 0.318819 0.289346 3.097786 0.958305
-0.940531 -1.407539 0.498325 -1.824553 0.319565 0.240000 3.218880 0.937963
-0.981758 -1.105525 -1.761433 -1.209201 0.314674 0.254579 3.218880 0.942473
-0.923163 -1.922580 0.760613 -4.174043 0.329976 0.240000 3.218880 0.911572
-0.948434 -0.795337 -1.627234 -1.271527 0.303982 0.243768 3.216765 0.959256
-1.078445 -0.818123 -4.463470 -4.206643 0.283555 0.260240 3.209865 0.965455
-0.880422 -1.328895 -4.547654 -1.206459 0.332387 0.256064 3.218880 0.930615
-0.926818 -0.875753 -2.053297 -1.196639 0.324617 0.259439 3.218880 0.946533
-1.008155 -1.304329 -0.429052 -4.963084 0.303298 0.240000 3.218880 0.943446
-1.055874 -0.527582 -2.881825 -3.547126 0.313782 0.314737 3.119441 0.952868
-1.001102 -0.466111 -3.887682 -2.643664 0.309745 0.280374 3.132623 0.961317
-1.023555 -0.639447 -2.668261 -0.773948 0.313367 0.290972 3.143613 0.959601
-0.935098 -1.244474 -1.809831 -2.433386 0.313614 0.240000 3.218880 0.932243
-1.019846 -0.620665 -3.813485 -0.004887 0.312296 0.292472 3.164138 0.956879
-0.998210 -1.739930 0.955994 -3.500662 0.314751 0.240000 3.218880 0.928499
-0.930951 -0.745892 -2.439622 -3.324974 0.326208 0.278082 3.209000 0.949797
-0.983366 -0.872044 -2.195752 -1.934720 0.320511 0.287273 3.175993 0.957666
-0.961064 -0.736256 -4.129001 -2.092147 0.307223 0.266679 3.203807 0.954926
-0.985082 -1.500042 -4.264699 -2.535102 0.305119 0.240000 3.218880 0.931272
-0.976013 -0.542776 -3.831109 -1.321951 0.319112 0.290471 3.163516 0.957363
-0.938752 -0.869120 -2.258578 -3.882515 0.334206 0.302023 3.190316 0.949922
-0.965491 -1.524990 -3.571854 -0.104729 0.324209 0.269996 3.218880 0.929341
-0.994124 -1.028443 -1.083194 -4.208741 0.300598 0.240223 3.218880 0.946713
-0.981424 -1.364858 -1.962281 -2.598852 0.314098 0.260673 3.218880 0.932733
-0.927559 -0.747466 -4.394915 -2.758046 0.323503 0.298992 3.165657 0.951355
-0.904976 -0.715547 -3.424065 0.746520 0.323645 0.270198 3.211887 0.954918
-1.022909 -0.419539 -4.594179 -3.238855 0.307213 0.298892 3.118846 0.963329
-0.967953 -1.229628 -2.354595 -1.347776 0.334633 0.299015 3.210594 0.944573
-0.992169 -0.948950 -2.589585 -2.827123 0.322259 0.290767 3.194820 0.947576
-0.945264 -1.612985 -2.312715 -1.905088 0.322854 0.243629 3.218880 0.919344
-1.027127 -0.943450 -1.691543 0.093478 0.300412 0.244690 3.218880 0.961256
-0.948540 -1.361735 -2.570895 -2.575896 0.321142 0.252545 3.218880 0.929969
-0.978328 -1.148603 -2.740049 -1.458705 0.322394 0.280981 3.218880 0.946738
-0.954051 -1.298310 -1.946474 -3.425784 0.309469 0.240016 3.218880 0.935917
-0.963557 -1.275777 -0.330402 -3.134617 0.318746 0.243066 3.218880 0.933275
-1.058374 -0.483226 -4.414347 0.192876 0.305716 0.296606 3.149499 0.964514
-0.934325 -1.014943 -1.432565 -2.183836 0.316481 0.246328 3.218880 0.940843
-0.988992 -0.797284 -1.374064 -3.366116 0.309266 0.249280 3.218880 0.948963
-1.002971 -0.658490 -4.045061 -4.060543 0.310834 0.286299 3.184319 0.958597
-0.934246 -0.892868 -4.586533 0.753783 0.315041 0.251403 3.218880 0.944685
-1.031959 -1.466011 0.005168 -0.874912 0.310971 0.240000 3.218880 0.938614
-1.013783 -1.528269 -0.158271 -4.393057 0.335062 0.298514 3.218880 0.938144
-0.929834 -1.101808 -3.822464 -0.107624 0.323098 0.278532 3.213692 0.940842
-0.966216 -1.500869 0.356354 -1.686635 0.318622 0.240000 3.218880 0.937315
-0.909962 -0.791977 -4.720085 -1.624299 0.316424 0.258740 3.218880 0.949109
-1.003460 -1.968976 -1.204559 -4.371088 0.325642 0.320356 3.218880 0.932973
-1.018366 -0.947101 -3.849619 -1.033712 0.309884 0.290155 3.207789 0.953795
-0.946319 -1.164217 -4.107697 -3.405859 0.325039 0.274918 3.218880 0.939959
-0.974860 -0.862411 -0.311319 -4.672583 0.320640 0.265231 3.182055 0.950981
-1.023565 -0.548483 -2.466245 -4.668681 0.314802 0.279276 3.162163 0.953514
-0.990490 -1.130225 -2.316424 -4.520625 0.322138 0.288868 3.218880 0.948647
-1.048723 -1.653466 0.699389 -3.488505 0.307678 0.240000 3.218880 0.935043
-1.019877 -0.784732 -4.235014 -4.908035 0.315679 0.303771 3.181448 0.955404
-1.043066 -1.392858 -1.061646 0.750820 0.311336 0.240000 3.218880 0.937874
-1.001171 -0.692004 -3.541197 -4.899103 0.285878 0.240000 3.218880 0.961524
-0.950472 -1.391378 -4.300932 -1.070747 0.321135 0.255387 3.218880 0.943753
-0.946642 -1.037942 -3.463124 -3.501039 0.320491 0.275941 3.218880 0.944326
-0.982455 -0.630959 -2.192928 -4.381900 0.312354 0.270016 3.188486 0.952462
-1.013435 -0.790413 -2.951315 -1.857813 0.303412 0.258577 3.218692 0.952488
-0.949793 -1.198141 -2.379795 0.666736 0.318986 0.251634 3.218880 0.942354
-1.020598 -0.764234 -3.081605 0.918212 0.309581 0.263186 3.205180 0.948790
-0.990910 -1.120578 0.542915 -4.997624 0.320275 0.248109 3.218880 0.946191
-0.972643 -1.300538 -1.401809 -2.369044 0.313904 0.240809 3.218880 0.928632
-1.063767 -0.542134 -1.672782 -3.084437 0.291848 0.256157 3.192505 0.962955
-1.036794 -0.928012 -1.411286 -4.803033 0.312676 0.291246 3.214069 0.958197
-1.054669 -1.007987 -0.255009 -2.680451 0.297394 0.240000 3.218880 0.954089
-0.985644 -1.444360 -2.167797 0.547632 0.325691 0.271829 3.218880 0.942761
-1.021993 -1.040888 -4.597404 0.933081 0.311146 0.307132 3.154017 0.950366
-1.000885 -1.338098 -0.698832 -0.131103 0.315002 0.245037 3.218880 0.944662
