-1.005203 -1.072967 -2.354226 -1.080284 0.303128 0.243419 3.218880 0.945524
-1.010937 -1.135925 -2.350423 -1.093517 0.302414 0.240000 3.218880 0.945398
-1.008536 -1.136006 -2.349059 -1.088283 0.307584 0.249956 3.218880 0.954124
-1.017029 -1.185442 -2.373767 -1.094712 0.310981 0.291535 3.213770 0.949006
-1.017163 -1.208518 -2.376549 -1.089752 0.321541 0.309531 3.189867 0.948644
-1.034931 -1.208713 -2.357682 -1.083406 0.295171 0.240000 3.218880 0.944707
-0.949321 -1.181839 -2.273335 -1.122921 0.333292 0.275853 3.218880 0.950331
-0.949231 -1.189773 -2.260849 -1.122572 0.318511 0.244262 3.218880 0.939238
-0.953413 -1.057646 -2.169768 -1.448331 0.323332 0.263643 3.218880 0.939855
-0.951205 -1.048168 -2.173068 -1.449857 0.326957 0.296153 3.216178 0.949673
-0.953916 -1.010582 -2.171122 -1.420171 0.321913 0.266626 3.218880 0.945741
-0.954282 -1.013208 -2.173768 -1.417942 0.320505 0.256255 3.218880 0.948268
-0.955371 -1.009056 -2.173757 -1.420305 0.321214 0.259785 3.218880 0.947584
-0.954358 -1.003382 -2.160533 -1.424142 0.318282 0.250494 3.218880 0.947232
-0.935744 -0.940914 -2.151850 -1.329154 0.333397 0.292424 3.188799 0.952048
-0.914281 -0.816439 -2.278857 -1.337669 0.336128 0.285274 3.180901 0.948380
-0.934614 -0.815773 -2.288617 -1.321563 0.320876 0.267342 3.218880 0.956481
-0.932446 -0.819441 -2.282916 -1.327560 0.335131 0.296327 3.163654 0.950746
-0.955474 -0.792663 -2.331375 -1.355446 0.326535 0.274851 3.191497 0.950058
-0.960629 -0.764607 -2.368862 -1.361565 0.310425 0.258940 3.196668 0.951999
-0.964760 -0.760125 -2.349140 -1.363183 0.308369 0.254141 3.218880 0.960584
-0.992940 -0.791925 -2.456102 -1.420640 0.320471 0.292983 3.207203 0.953861
-1.008883 -0.767303 -2.425539 -1.417579 0.317891 0.292692 3.173313 0.952794
-1.011416 -0.748054 -2.352678 -1.467547 0.320270 0.286877 3.159610 0.946357
-1.004460 -0.796967 -2.338507 -1.454027 0.317576 0.279486 3.185913 0.957226
-0.998481 -0.799912 -2.454246 -1.487688 0.297403 0.244170 3.218880 0.957786
-0.999840 -0.810019 -2.452552 -1.482625 0.316879 0.292641 3.160136 0.955449
-0.992882 -0.845050 -2.452427 -1.445045 0.321338 0.297113 3.179985 0.955277
-0.993872 -0.852048 -2.465332 -1.433401 0.319761 0.288261 3.190849 0.956808
-1.041481 -0.957668 -2.562883 -1.254748 0.324824 0.314851 3.195830 0.958953
-1.041443 -0.949076 -2.558518 -1.255446 0.325301 0.314099 3.171627 0.946613
-1.033684 -0.964544 -2.500841 -1.238783 0.312354 0.277968 3.217679 0.947674
-1.033684 -0.964544 -2.500841 -1.238783 0.310016 0.260932 3.218880 0.948824
-1.026469 -1.000111 -2.490210 -1.244580 0.320480 0.300037 3.200505 0.955343
-1.027937 -1.006739 -2.487950 -1.250683 0.316545 0.305555 3.191664 0.947070
-1.021476 -1.020578 -2.471894 -1.220932 0.319819 0.279901 3.218808 0.946676
-0.922566 -0.862200 -2.494101 -2.489555 0.324631 0.280212 3.195539 0.947257
-1.040329 -0.419432 -4.887519 -2.517593 0.303076 0.290070 3.154179 0.957279
-0.990500 -0.638778 -3.248236 -1.596553 0.312826 0.272719 3.217016 0.953635
-1.058500 -0.797458 -1.212980 -0.596439 0.288221 0.240000 3.216767 0.964748
-0.985288 -1.710138 -0.342001 -1.763371 0.309059 0.240000 3.218880 0.934670
-1.016230 -1.208848 0.062488 -4.846939 0.307599 0.240000 3.218880 0.942365
-1.075937 -0.241193 -4.996103 0.063601 0.295184 0.298239 3.079895 0.968017
-1.052571 -0.494797 -4.271790 -0.264256 0.308534 0.304522 3.145760 0.957483
-0.988299 -1.216901 -1.717180 -1.388759 0.331420 0.301473 3.218029 0.945349
-1.013533 -0.625550 -4.064366 -1.471772 0.312748 0.291998 3.153415 0.954909
-1.052230 0.185705 -4.837137 -1.851520 0.306034 0.298224 3.004726 0.973948
-1.057433 0.078337 -4.455039 -2.949050 0.296472 0.296285 3.005212 0.966840
-1.037214 -0.426718 -4.600243 -3.883860 0.305523 0.294753 3.138984 0.958974
-0.903430 -1.001509 -2.618642 -3.468644 0.311527 0.243073 3.218880 0.944561
-0.935911 -0.826293 -2.773633 -4.792534 0.334774 0.306644 3.187203 0.946415
-1.022910 -1.445357 -1.803764 -0.307586 0.323998 0.304077 3.218880 0.942958
-0.979148 -1.806248 -0.226936 0.136899 0.322133 0.240000 3.218880 0.922743
-0.994290 -0.684132 -2.609463 -2.826401 0.329548 0.307040 3.174420 0.963720
-1.040047 -0.371320 -1.845857 -4.112251 0.312620 0.290073 3.131959 0.961315
-1.090293 -0.706951 -0.848844 -1.535708 0.288090 0.240024 3.213056 0.962534
-0.974984 -1.022635 -3.225612 -0.549036 0.312297 0.254878 3.218880 0.950295
-0.942309 -0.610801 -4.503760 0.438373 0.323524 0.290379 3.155130 0.952336
-0.956514 -0.880598 -4.478970 -4.625831 0.315290 0.273115 3.218880 0.948950
-1.044867 -0.617514 -4.364971 -4.043149 0.304884 0.287383 3.123822 0.940181
-1.063670 -1.039689 -1.532930 -3.226082 0.321800 0.310544 3.218532 0.953210
-0.963205 -1.378173 0.185009 -2.060700 0.313706 0.240000 3.218880 0.938894
-1.017927 -1.916960 -0.570162 0.631790 0.320923 0.240000 3.218880 0.923331
-0.939442 -0.699875 -3.317060 -1.007572 0.327561 0.291352 3.187383 0.951593
-0.990044 -1.039966 -0.670196 -2.816123 0.321131 0.285399 3.203650 0.951416
-1.024317 -1.279842 -0.039758 -1.428436 0.323415 0.262412 3.218880 0.938330
-0.947401 -1.308221 0.393465 -4.311683 0.316710 0.240000 3.218880 0.938976
-0.918082 -0.797307 -2.939531 -1.958117 0.320942 0.258998 3.218880 0.946266
-1.044934 -0.345643 -3.419730 -1.545695 0.300861 0.295794 3.102232 0.968969
-1.029477 -0.662145 -1.835740 -0.925035 0.316506 0.293795 3.161705 0.954742
-1.067564 -0.527304 -1.282964 -4.447809 0.310864 0.291084 3.163545 0.963900
-0.974439 -0.836547 -2.469798 -4.429861 0.326204 0.289235 3.215943 0.950583
-0.996714 -1.340955 -1.481238 0.797121 0.327238 0.270180 3.218880 0.945992
-1.011445 -1.096530 -1.974320 -2.004809 0.303516 0.242717 3.218880 0.943804
-0.917670 -1.199514 -0.475472 -4.785148 0.328875 0.250956 3.218880 0.932436
-0.934896 -0.955775 -1.527255 -3.623384 0.311772 0.243964 3.218880 0.945800
-0.964564 -1.360068 -0.494830 -4.982081 0.318178 0.244313 3.218880 0.929621
-1.005329 -1.133875 -0.522876 -4.889371 0.322600 0.282715 3.215962 0.939326
-1.036016 -1.089466 0.792142 -4.686111 0.304418 0.240000 3.218880 0.946075
-0.949946 -1.686058 -0.904038 0.062692 0.344767 0.302792 3.218880 0.933282
-1.084616 -0.870634 -0.177887 -2.700761 0.292290 0.240000 3.218880 0.961802
-0.993016 -0.140272 -3.429216 -3.113059 0.313967 0.293561 3.055173 0.962751
-1.027863 -0.978533 -1.332059 -2.419559 0.314714 0.272826 3.218880 0.949654
-1.019001 -0.780221 -4.025603 -0.481755 0.292065 0.240095 3.218880 0.954657
-0.987633 -1.128198 -1.419001 -2.784924 0.321616 0.277033 3.218301 0.950837
-0.973297 -0.664613 -4.694037 0.725132 0.314023 0.279806 3.188369 0.959003
-1.019726 -1.530293 -0.073351 -1.109456 0.311742 0.240000 3.218880 0.935668
-0.961411 -0.858395 -2.025768 -3.248938 0.304353 0.246743 3.218880 0.956560
-0.996508 -1.253168 -0.712152 -4.494725 0.332226 0.299387 3.218880 0.942328
-0.964042 -0.707862 -2.036042 -3.423757 0.302680 0.255667 3.210498 0.960559
-1.007942 -0.933389 -0.395754 -1.598109 0.306665 0.248225 3.218880 0.957667
-1.036912 -1.013038 -0.444405 -3.792943 0.307675 0.259870 3.218880 0.952016
-0.939071 -0.758812 -3.975300 0.046892 0.320340 0.266442 3.209066 0.950427
-0.975186 -1.035341 -2.582846 -2.050871 0.313336 0.256079 3.218880 0.945666
-0.973224 -1.059162 -3.001797 -2.712472 0.325063 0.294642 3.218880 0.947617
-1.013467 -0.585784 -2.579971 -3.870119 0.305684 0.281411 3.174448 0.958931
-0.933632 -1.062551 -4.424713 -0.086577 0.324698 0.294063 3.218636 0.945322
-0.934660 -1.067912 -0.386177 -4.921914 0.322099 0.256363 3.218880 0.945013
-1.063151 -0.645005 -1.438511 -4.126713 0.292370 0.259509 3.171810 0.957764
-1.036043 -0.618136 -2.980937 -3.811427 0.304310 0.289249 3.166507 0.963510
-1.044528 -0.554126 -4.104846 -4.938871 0.302515 0.286426 3.158931 0.963273
-0.983891 -0.846469 -4.814637 -1.311739 0.289546 0.240000 3.218880 0.955712
-1.025006 -1.149495 -2.624886 -1.102067 0.297387 0.240000 3.218880 0.946665
-0.971103 -0.877871 -2.230990 -0.492141 0.320937 0.282398 3.205831 0.957601
-1.016639 -1.182034 -0.333188 -3.165884 0.318299 0.269442 3.218880 0.939068
-0.957560 -1.802143 -0.104606 -1.082360 0.332504 0.262062 3.218880 0.923687
-0.971765 -1.495485 0.561342 -3.667923 0.323517 0.243528 3.218880 0.929278
-0.948660 -1.516780 -0.735222 -3.374789 0.327515 0.258429 3.218880 0.933128
-1.000361 -0.751207 -2.219816 -4.044073 0.301023 0.251244 3.218880 0.958909
-0.984012 -1.315007 -2.753623 0.810042 0.308419 0.240000 3.218880 0.935629
-1.015420 -0.625742 -3.775205 -1.935316 0.313438 0.298824 3.167369 0.963065
-0.939840 -1.113397 -1.067116 -3.665916 0.325145 0.264430 3.218880 0.947215
-1.012250 -0.218133 -4.379637 0.127895 0.305141 0.288464 3.088757 0.970354
-0.997661 -0.498403 -2.811936 -2.961014 0.310981 0.277852 3.177301 0.957784
-1.004048 -1.221170 -1.386407 0.501776 0.306003 0.240000 3.218880 0.945741
-0.949896 -1.726732 -2.743986 -3.036569 0.332844 0.321035 3.217232 0.937817
-0.948524 -1.374147 -0.637187 -1.769103 0.331472 0.253685 3.218880 0.929497
-1.004054 -1.166831 -1.284193 0.484065 0.314481 0.242689 3.218880 0.949866
-0.976940 -0.729005 -3.580432 -1.678665 0.320474 0.292744 3.183558 0.953544
-1.012659 -1.274632 0.042806 -2.059443 0.331080 0.295627 3.197562 0.939506
-0.993933 -1.103241 -1.522737 -1.884721 0.304258 0.240000 3.218880 0.945900
-1.014150 -0.470905 -4.625850 -4.353256 0.302837 0.295677 3.143972 0.964131
-0.898611 -0.932450 -4.433869 0.394619 0.334011 0.272605 3.218880 0.944474
-1.019414 -0.523732 -3.461410 -1.735113 0.314796 0.280151 3.199241 0.959991
-0.904756 -1.347112 -0.726094 -3.186907 0.329513 0.247493 3.218880 0.928886
-0.980077 -0.456223 -2.994793 -2.857270 0.306466 0.273896 3.173386 0.958602
-1.068837 -0.002129 -4.159915 0.204517 0.293402 0.295876 3.015353 0.971212
-1.060139 -0.189179 -4.702717 -4.862870 0.310551 0.303023 3.039549 0.955795
-1.119916 -1.072007 0.712869 -2.805852 0.296386 0.240000 3.218880 0.953543
-0.992357 -1.062527 -2.687301 -3.681243 0.320111 0.281342 3.218880 0.944327
-0.985858 -0.957401 -3.536963 -2.877473 0.314045 0.286101 3.212715 0.959863
-0.978711 -1.278637 -0.660103 -3.315300 0.328601 0.271157 3.218880 0.941492
