-0.982673 -1.789348 0.756949 -1.979916 0.321588 0.240000 3.218880 0.938339
-0.958370 -1.075266 -1.502166 -4.317297 0.324955 0.275055 3.218880 0.951100
-0.927185 -1.168466 -2.953315 -2.485627 0.333595 0.266057 3.218880 0.937653
-1.001035 -0.811268 -3.561230 -0.307248 0.297219 0.243015 3.218880 0.954948
-0.969040 -0.926750 -2.329484 -3.795661 0.296107 0.240000 3.218880 0.952055
-0.954434 -1.772898 0.415618 -0.578814 0.338796 0.255071 3.218880 0.925314
-0.954536 -0.873275 -3.208486 -4.576923 0.318442 0.268365 3.208155 0.951599
-1.048893 -0.956861 -0.044544 -4.360523 0.324256 0.290677 3.218880 0.954597
-0.991042 -0.527189 -4.947922 -2.949670 0.316760 0.292706 3.159568 0.956320
-0.955716 -1.322369 -1.658288 -1.107870 0.330528 0.271647 3.218880 0.935808
-0.972741 -0.720058 -4.340903 -0.607622 0.319157 0.297360 3.175875 0.953869
-0.929401 -1.321698 -0.486181 -2.713052 0.321226 0.242847 3.218880 0.938059
-0.933546 -0.241405 -4.144401 -3.196878 0.318373 0.283386 3.100993 0.956452
-0.958246 -0.972294 -0.177734 -2.229919 0.321135 0.251578 3.218880 0.949656
-0.989616 -1.200383 -0.892313 -4.930796 0.326271 0.277835 3.218880 0.940266
-1.029009 -0.080812 -4.531980 -3.779679 0.307452 0.296048 3.057485 0.972677
-0.947570 -0.669824 -4.071891 -0.968875 0.308878 0.251949 3.218880 0.946922
-1.006363 -0.713301 -4.957351 -4.729543 0.305307 0.288277 3.199816 0.962428
-0.991873 -0.885239 -3.933065 -2.822201 0.323256 0.286471 3.218880 0.941181
-0.930963 -1.969016 -0.596552 -0.062324 0.348731 0.280949 3.218880 0.924205
-1.061666 -1.486614 -0.283294 -4.528259 0.319883 0.312727 3.218307 0.946145
-1.066732 -1.106474 -3.138496 0.487685 0.306870 0.282172 3.218880 0.943356
-1.037738 -1.423824 -1.531954 -2.143049 0.300750 0.240000 3.218880 0.936148
-1.019308 -0.770296 -4.166842 0.266132 0.294402 0.248689 3.218880 0.956778
-0.957992 -1.044944 -1.430829 -0.806621 0.316760 0.249895 3.218880 0.945212
-1.022164 -1.914612 0.154687 0.770116 0.319685 0.240000 3.218880 0.932704
-0.973766 -0.339403 -3.494666 -1.080282 0.312177 0.276318 3.139512 0.963223
-0.999442 -0.582388 -4.844956 -3.852827 0.321947 0.292072 3.187145 0.957502
-0.959042 -0.755190 -4.163321 -0.182357 0.306396 0.247297 3.218880 0.948355
-1.025771 -1.268366 -0.277889 -4.806208 0.300417 0.240000 3.218880 0.947045
-1.011918 -1.452876 -0.005130 -4.345050 0.313699 0.243696 3.218880 0.935169
-1.110034 -0.299588 -2.991429 -2.616461 0.281016 0.270619 3.098795 0.972530
-0.978982 -0.352378 -3.760979 -2.705743 0.318225 0.295237 3.098332 0.953596
-1.045504 -0.865092 -0.950856 -1.780191 0.293443 0.240000 3.218880 0.958426
-0.988343 -0.118233 -4.537228 -3.460152 0.314436 0.299135 3.055596 0.960683
-0.975366 -0.871568 -2.083758 -4.770601 0.330796 0.299414 3.214893 0.950423
-1.003891 -0.457879 -4.241272 -2.784573 0.313947 0.290882 3.157098 0.955770
-0.966657 -0.910804 -0.985607 -3.747845 0.332631 0.287668 3.217208 0.952868
-0.983681 -1.109819 -1.179324 -1.939556 0.328137 0.289439 3.218880 0.945671
-1.012260 -1.327670 0.469359 -1.517780 0.311935 0.240000 3.218880 0.948149
-0.981110 -1.623768 0.440267 -1.567580 0.319473 0.240000 3.218880 0.932951
-0.922581 -1.150215 -3.790993 -1.065692 0.321482 0.254633 3.218880 0.938793
-0.978599 -1.116611 -2.423474 -2.190125 0.328540 0.293825 3.218717 0.946427
-0.982822 -0.980787 -1.370473 -3.747242 0.310164 0.253963 3.218880 0.955000
-1.043486 -1.159652 0.172854 -4.083817 0.299027 0.240000 3.218880 0.949418
-0.883123 -1.496505 -0.205795 -1.464835 0.346133 0.258339 3.218880 0.926248
-1.020212 -1.094753 -0.060152 -3.428117 0.326233 0.285980 3.216921 0.953787
-1.011923 -1.176851 0.089066 -2.946629 0.313958 0.251204 3.218880 0.947090
-0.954314 -0.858126 -3.474887 -4.341768 0.322276 0.286719 3.218499 0.954067
-0.963075 -0.674110 -3.734595 -1.287822 0.325350 0.301773 3.163020 0.957214
-0.999084 -1.046326 -2.223978 -1.103976 0.324151 0.292538 3.218064 0.946727
-1.033619 -0.638257 -3.871458 -0.645707 0.286879 0.242991 3.218880 0.961204
-0.927707 -1.503817 -1.105678 -4.830071 0.314057 0.240000 3.218880 0.929256
-0.939880 -0.984640 -4.014187 -0.442238 0.324081 0.283930 3.218880 0.942835
-0.967988 -1.093139 0.347519 -2.430825 0.317315 0.242588 3.218880 0.951807
-0.995656 -0.710090 -2.563789 -3.326867 0.314650 0.288138 3.169633 0.950174
-0.906042 -0.788388 -0.986027 -4.847881 0.332929 0.274362 3.206224 0.949153
-0.916407 -1.835671 0.497483 -1.279286 0.355172 0.286538 3.218880 0.919168
-1.051896 -0.410746 -3.393228 -4.031451 0.307081 0.286500 3.153819 0.968029
-0.967319 -0.153046 -2.769567 -3.396341 0.313084 0.280681 3.098263 0.965771
-0.988019 -1.394350 -0.734590 0.065294 0.314670 0.243464 3.218880 0.943942
-1.078642 -0.500088 -2.806523 -3.731782 0.284865 0.253552 3.196561 0.962567
-0.982498 -0.678536 -3.448807 -0.036518 0.318843 0.275750 3.189088 0.948894
-1.028219 -0.729239 -4.583850 -3.274038 0.309664 0.296837 3.218304 0.956485
-0.977625 -1.217037 -2.182421 -0.179205 0.313928 0.248773 3.218880 0.940547
-0.976475 -0.958399 -4.361624 -0.459120 0.306706 0.255248 3.218871 0.941331
-0.970591 -1.054645 -1.605803 -2.976748 0.304351 0.240024 3.218880 0.940946
-1.048696 -1.382557 0.015943 -1.118108 0.307832 0.240000 3.218880 0.938647
-1.085057 -0.079149 -4.414177 -3.353363 0.291419 0.290484 3.055235 0.969127
-0.983690 -0.733232 -3.049567 -3.886412 0.321977 0.305488 3.153211 0.953900
-1.046352 -0.646640 -3.611585 -2.691448 0.297017 0.287405 3.155966 0.955293
-1.039379 -1.155994 -0.242758 -4.863490 0.312958 0.255247 3.218880 0.946896
-0.891026 -1.109446 -4.504243 -4.608635 0.331498 0.264498 3.218880 0.941022
-0.933202 -1.059386 -1.958247 0.111752 0.335557 0.297993 3.199676 0.954251
-0.935134 -1.118779 -2.627373 -1.849892 0.326232 0.257286 3.218880 0.941737
-0.881711 -1.229590 -2.257505 -1.386867 0.337356 0.270101 3.218880 0.936413
-1.034949 -0.362596 -3.882044 -0.021789 0.307288 0.292260 3.106519 0.960924
-1.003984 -0.921502 -2.649210 0.989645 0.326813 0.305435 3.168892 0.950908
-0.970610 -1.374116 -1.642146 -0.540257 0.311191 0.240000 3.218880 0.932538
-0.958253 -0.736793 -2.489335 0.006297 0.332226 0.284401 3.177778 0.950194
-1.006485 -0.347898 -3.784996 -1.500816 0.311552 0.270334 3.196098 0.964013
-1.029328 -0.417967 -4.819635 -3.584368 0.299671 0.276523 3.169564 0.959403
-1.075585 -0.844454 -0.002664 -3.153393 0.295659 0.240000 3.218880 0.959073
-0.981952 -2.131714 -0.466894 0.735044 0.340776 0.288912 3.218880 0.932315
-1.092562 -0.201319 -4.528446 0.328864 0.295513 0.294046 3.070368 0.963949
-0.942376 -0.073982 -4.775027 -2.900396 0.313724 0.305752 3.041592 0.970775
-1.017200 -0.596889 -3.954991 -0.794669 0.307616 0.285498 3.161049 0.951777
-0.956429 -1.476746 -1.315959 -3.155557 0.327261 0.269457 3.218880 0.927302
-1.023750 -1.561604 -4.751569 -4.276797 0.315935 0.303517 3.218880 0.930408
-1.035319 -1.649362 -1.797572 0.886567 0.312582 0.240000 3.218880 0.922988
-0.959391 -1.382133 0.826235 -3.780138 0.320134 0.241304 3.218880 0.943000
-1.004927 -1.196808 -0.096678 -3.110316 0.301749 0.240000 3.218880 0.947165
-0.993357 -0.903191 -4.574270 -1.084583 0.291140 0.240000 3.218880 0.955610
-1.033713 -0.748418 -3.972187 0.343818 0.283758 0.241870 3.203215 0.962223
-0.947502 -0.831012 -4.819135 0.465408 0.309865 0.258388 3.218880 0.951236
-0.979379 -1.086837 -3.579847 -0.352119 0.329328 0.297620 3.218880 0.949839
-0.943399 -0.679204 -4.855457 -0.547714 0.328843 0.291770 3.213962 0.957118
-0.965541 -1.206434 -1.168575 -1.873099 0.319658 0.248077 3.218880 0.939625
-0.987821 -2.240112 0.269620 0.131017 0.323179 0.240000 3.218880 0.927732
-1.024854 -0.874645 -0.503582 -4.693392 0.293303 0.240000 3.218880 0.954416
-0.932149 -2.135746 0.823381 -0.980001 0.327233 0.240000 3.218880 0.921998
-1.109666 -0.076327 -3.657892 -1.403682 0.288161 0.301181 2.978022 0.969599
-1.052625 -0.748057 -3.307675 -3.315732 0.308954 0.298504 3.182932 0.950780
-1.024467 -0.281464 -4.758344 -2.904828 0.307096 0.298634 3.136445 0.970257
-0.938922 -1.017842 -0.969890 -1.918998 0.314099 0.244001 3.218880 0.951366
-1.040992 -0.793608 -4.015744 -0.166651 0.307361 0.293008 3.218269 0.957978
-1.062893 -0.631213 -2.227780 -2.751996 0.310474 0.306217 3.159356 0.962534
-0.964018 -0.223377 -4.623857 -1.557722 0.319232 0.291440 3.103303 0.961828
-0.874338 -0.757893 -3.069402 -4.846342 0.331540 0.265996 3.218880 0.945471
-1.033912 -0.877657 -2.690443 -3.941368 0.294420 0.240000 3.218880 0.947539
-0.925485 -1.430488 -0.200725 -1.205994 0.322545 0.244686 3.218880 0.933540
-0.956456 -1.135934 -2.334333 -1.980600 0.339127 0.316326 3.218880 0.946324
-1.079283 -1.337291 -1.643836 0.933799 0.327312 0.311334 3.218880 0.946516
-0.952608 -1.991908 -0.677316 -0.920326 0.341321 0.299023 3.218880 0.924977
-0.972725 -1.200027 -3.293628 -0.514373 0.319703 0.286962 3.218880 0.943910
-1.043742 -0.251373 -3.431919 -2.610191 0.304340 0.291397 3.086564 0.960008
-1.025359 -0.857662 -0.555726 -3.897686 0.322639 0.279655 3.218880 0.955013
-1.075174 -0.964682 -3.641390 0.000336 0.304003 0.306824 3.203956 0.956943
-0.954988 -1.168678 -1.960593 -2.636315 0.312999 0.246292 3.218880 0.940384
-1.007242 -0.881630 -1.307060 -2.776616 0.315326 0.275753 3.217967 0.953975
-0.971846 -0.607534 -4.081475 -3.448445 0.307203 0.266046 3.200388 0.953586
-1.015121 -0.636918 -4.836417 -3.590744 0.311597 0.302223 3.197313 0.961528
-0.981148 -0.558298 -4.532408 -4.448747 0.317710 0.275713 3.213524 0.960239
-0.991801 -0.961673 -0.506124 -3.664842 0.307498 0.241723 3.218880 0.946895
-1.001132 -1.355842 -0.711777 -0.633807 0.327032 0.271639 3.218880 0.933693
-0.905348 -1.462539 0.488248 -3.091833 0.332906 0.242827 3.218880 0.925076
-0.907578 -0.754854 -3.174862 -1.945004 0.325666 0.270086 3.218880 0.950071
-0.991334 -0.528437 -2.529951 -1.866715 0.324915 0.292209 3.161366 0.965522
-1.030619 -0.176237 -4.942598 0.428108 0.300072 0.281273 3.131095 0.969872
-0.975594 -1.179659 -1.736102 -0.092048 0.313197 0.241374 3.218880 0.940397
-1.020538 -0.796933 -1.703199 -2.479114 0.298344 0.246283 3.218880 0.956874
-0.960480 -1.610305 0.943865 -4.313951 0.323165 0.240039 3.218880 0.936126
