-1.033963 -0.907554 -1.274960 -2.906611 0.314063 0.267884 3.218880 0.945908
-0.977159 -0.606595 -2.584703 0.127788 0.320221 0.281496 3.168637 0.956145
-1.051589 -0.677042 -1.559950 -1.856287 0.315266 0.296440 3.135381 0.955790
-1.049556 -1.180965 -0.618556 -3.325333 0.316195 0.287693 3.218880 0.940258
-0.894177 -1.548356 0.489832 -4.588407 0.344797 0.266737 3.218880 0.925536
-1.007672 -0.903758 -4.294143 -0.367147 0.316359 0.292727 3.218557 0.957419
-1.047373 -0.781638 -1.494311 -1.937985 0.296112 0.241338 3.218880 0.957286
-0.950480 -0.886965 -3.802550 -1.354521 0.317502 0.279126 3.213513 0.956761
-0.994198 -1.014779 -2.466607 -0.730397 0.322886 0.284889 3.217418 0.949156
-0.991289 -0.902689 -1.753554 -3.266088 0.314152 0.265487 3.218880 0.953555
-1.012016 -0.784770 -1.372605 -0.834917 0.297578 0.241789 3.214880 0.964739
-1.021550 -0.900163 -4.062286 0.019383 0.315980 0.291208 3.218880 0.952396
-0.961700 -0.458490 -4.824555 -4.610332 0.325934 0.305626 3.163056 0.957813
-1.049713 -1.514429 -0.715977 0.318149 0.310034 0.245013 3.218880 0.943744
-0.903472 -0.815743 -3.323002 -0.585123 0.327350 0.262527 3.218880 0.951447
-0.961279 -0.480921 -4.308991 -0.418981 0.317176 0.294819 3.141145 0.957957
-0.972344 -0.911725 -3.261976 -1.710112 0.318381 0.272097 3.215991 0.952081
-1.035702 -0.760516 -4.284586 -0.080858 0.303722 0.275325 3.202331 0.956936
-1.029448 -1.381046 0.607942 -2.991099 0.311415 0.240000 3.218880 0.934416
-1.012526 -1.008213 -2.240156 -2.252845 0.306688 0.252910 3.218880 0.949991
-0.975193 -0.764212 -3.267740 -4.604320 0.323212 0.284596 3.168701 0.942359
-1.048133 -0.633058 -4.358281 -4.934302 0.311614 0.301691 3.169063 0.956584
-1.014293 -0.978980 -2.734720 0.280645 0.300981 0.240000 3.218880 0.946014
-0.989184 -0.249235 -4.429517 -0.124124 0.314407 0.295783 3.062147 0.950905
-1.017911 -0.426909 -2.318762 -1.508685 0.309519 0.276181 3.128959 0.963501
-1.000642 -1.445257 0.980197 -1.164900 0.319606 0.240026 3.218880 0.942260
-0.974089 -0.975230 -1.721768 -2.608754 0.301727 0.240000 3.218880 0.944134
-0.950674 -1.968273 0.847766 -2.425480 0.326141 0.240000 3.218880 0.919926
-0.925140 -0.866972 -4.479222 -1.912516 0.327061 0.277403 3.218880 0.940576
-0.983192 -1.621934 -0.816534 0.823663 0.317370 0.240000 3.218880 0.934350
-0.984119 -0.868650 -4.757515 0.937156 0.303953 0.251456 3.218880 0.947139
-0.973727 -1.466372 -0.348891 -1.885894 0.336744 0.297976 3.218880 0.939985
-0.997386 -0.387089 -4.624471 -3.819339 0.314977 0.288546 3.151603 0.958599
-0.931974 -0.958631 -3.295547 -4.591416 0.318642 0.260227 3.218880 0.946135
-0.989495 -1.226155 0.125777 -2.516762 0.327640 0.257704 3.218880 0.932255
-1.011058 -1.323231 -0.654188 -0.994865 0.306757 0.240000 3.218880 0.943914
-1.021320 -1.507782 0.783982 -4.693601 0.310237 0.240000 3.218880 0.938754
-1.027720 -0.787953 -1.428169 -3.374945 0.320307 0.308837 3.169037 0.945754
-1.028693 -0.888226 -2.376569 -4.448344 0.319519 0.281314 3.218880 0.950911
-1.019154 -0.502034 -4.533171 -4.483208 0.304598 0.280887 3.188278 0.960095
-0.911271 -0.123054 -4.980652 -3.989933 0.323980 0.300000 3.073277 0.966963
-1.049138 -0.450213 -3.272342 -0.867543 0.313217 0.303591 3.122851 0.955240
-0.920104 -1.676725 -2.853280 -0.020369 0.318841 0.240000 3.218880 0.921263
-0.997497 -0.548492 -4.972167 -0.129585 0.306558 0.271235 3.210616 0.955107
-1.097842 -0.903755 -2.405126 -3.536758 0.305033 0.313965 3.174514 0.962083
-0.972899 -1.076925 0.457910 -2.536061 0.311721 0.240284 3.218880 0.954904
-1.023986 -0.663167 -2.639738 -1.530179 0.325863 0.300733 3.207762 0.955159
-0.955518 -1.206542 -4.737577 -1.757202 0.313908 0.273869 3.218880 0.946840
-0.973573 -1.265940 -0.214363 -1.778969 0.308891 0.240000 3.218880 0.945168
-0.996093 -1.024542 0.016598 -4.177666 0.309745 0.240125 3.218880 0.946363
-1.011408 -0.170448 -4.771946 -1.046059 0.298341 0.276303 3.139933 0.968530
-0.984571 -0.744825 -3.552691 -4.905854 0.300118 0.250110 3.218880 0.956268
-1.000310 -1.715668 -4.430310 -0.771014 0.302653 0.240000 3.218880 0.932414
-0.978696 -0.815790 -2.036845 -4.167065 0.318983 0.274293 3.201589 0.952959
-1.044199 -0.556481 -3.817652 -2.214731 0.308605 0.291558 3.160370 0.963005
-1.048364 -0.325876 -3.567632 -2.238578 0.297023 0.291846 3.092618 0.967300
-0.940576 -1.400648 -0.389320 -1.517861 0.332637 0.254713 3.218880 0.934907
-0.962289 -0.649258 -3.549277 -2.714022 0.320637 0.287061 3.192841 0.949639
-0.925375 -2.258252 0.538493 0.013714 0.333220 0.240000 3.218880 0.920246
-0.951249 -1.447642 -0.621678 -4.707444 0.324626 0.260710 3.218880 0.943393
-0.944684 -2.152740 0.543850 -0.331343 0.329541 0.240004 3.218880 0.922535
-0.979480 -0.833537 -0.608343 -2.735073 0.321059 0.268854 3.218107 0.959797
-0.918603 -1.140022 -1.673498 -3.158871 0.316139 0.243363 3.218880 0.936899
-1.014207 -0.709485 -2.850247 -2.747402 0.311271 0.284907 3.165817 0.954603
-1.064788 -0.218319 -2.758281 0.671141 0.299443 0.272939 3.092253 0.969221
-0.990907 -1.035634 -2.272620 -0.896067 0.321252 0.267778 3.218880 0.948023
-0.927150 -0.659931 -4.436153 -1.333609 0.326906 0.288630 3.218563 0.953236
-1.019925 -1.621308 -1.481960 0.161041 0.323109 0.297690 3.218880 0.933408
-1.036920 -0.498966 -3.579406 0.588710 0.315913 0.291706 3.148274 0.955903
-0.962218 -1.048927 -2.086861 -4.538435 0.305426 0.240000 3.218880 0.938795
-1.041923 -1.244982 -0.228634 -4.205072 0.293165 0.240000 3.218880 0.947929
-1.071775 -0.898758 -2.060538 -1.352884 0.314776 0.289583 3.218647 0.949333
-1.018305 -0.618166 -3.020950 -0.574162 0.291802 0.246202 3.206058 0.961968
-0.943687 -0.753967 -4.737398 -3.315234 0.316261 0.264283 3.218350 0.949103
-1.010666 -0.911609 -0.996194 -4.294357 0.298051 0.240019 3.218880 0.949293
-1.085225 -0.053379 -3.207914 -0.970445 0.298481 0.296024 2.991660 0.956887
-0.997410 -0.758554 -4.666788 -3.753989 0.310324 0.279526 3.218268 0.959708
-1.014061 -1.321143 0.426524 -2.562369 0.315817 0.243050 3.218880 0.936473
-1.047982 -0.631010 -4.452402 -1.309028 0.311407 0.284778 3.218211 0.963981
-0.945922 -1.000794 -2.411768 -3.031679 0.326222 0.288235 3.214003 0.948865
-1.008801 -0.759860 -4.078746 -3.322270 0.300525 0.253921 3.218880 0.950271
-1.006960 -0.522224 -3.526752 -4.931222 0.315745 0.293675 3.206750 0.964398
-1.021558 -0.571578 -4.072665 0.873754 0.311695 0.283589 3.187666 0.965440
-0.902848 -0.921908 -3.907023 0.670685 0.321787 0.260624 3.218880 0.947358
-1.012527 -1.633180 0.354922 -0.542007 0.314265 0.240000 3.218880 0.931554
-1.018341 -0.340210 -2.654854 -3.698475 0.312829 0.294763 3.107016 0.960938
-1.023585 -0.224168 -3.000729 -2.160877 0.310653 0.288581 3.108893 0.968667
-1.016607 -1.415834 -1.019752 0.261235 0.314768 0.240000 3.218880 0.932306
-1.040435 -1.514364 -1.742105 -4.661515 0.320616 0.314125 3.210795 0.942626
-0.985017 -1.014509 -0.583498 -1.619182 0.321461 0.256280 3.218880 0.951699
-0.912671 -0.933075 -2.963271 -2.696226 0.332308 0.290834 3.204997 0.943513
-1.117355 -1.033482 0.098737 -0.762913 0.289143 0.240000 3.218880 0.964561
-0.946053 -0.922488 -3.066176 -1.637122 0.315582 0.254869 3.218880 0.947545
-0.994682 -0.296893 -4.700550 -2.042726 0.323081 0.305862 3.123162 0.962373
-0.968456 -0.712091 -1.971035 -3.396867 0.314230 0.270666 3.195451 0.950252
-0.962162 -0.566655 -3.696477 -4.374226 0.309955 0.261704 3.210706 0.953836
-0.901937 -1.108268 -4.424582 0.205045 0.331528 0.266476 3.218880 0.941507
-0.980051 -1.528670 -1.192373 0.145572 0.327224 0.260050 3.218880 0.938529
-1.141478 -0.907396 -1.103362 -0.833843 0.282244 0.240000 3.218880 0.960299
-1.039800 -1.419863 -3.798026 -0.514511 0.311535 0.304096 3.218880 0.950440
-0.965498 -0.705138 -3.874751 -1.317698 0.327924 0.298836 3.190012 0.952074
-1.100007 -0.895713 -0.251205 -4.693221 0.288976 0.240000 3.218880 0.957037
-0.994185 -0.853375 -1.946933 -1.216187 0.321555 0.293535 3.208679 0.956817
-1.019349 -1.125175 -3.245553 -4.919717 0.315444 0.305092 3.206691 0.943645
-1.060705 -0.632158 -0.417159 -2.550630 0.290762 0.241119 3.218880 0.963250
-1.043648 -0.530839 -3.774991 -2.531498 0.308322 0.296796 3.152713 0.965030
-0.978034 -0.579583 -4.049745 0.341357 0.313146 0.276714 3.150190 0.950013
-0.954654 -1.151749 -2.958613 0.202403 0.305691 0.240000 3.218880 0.941521
-0.952944 -0.388728 -4.030865 -4.153275 0.316837 0.280690 3.158719 0.960494
-0.997841 -1.188927 -3.162628 -4.308418 0.303575 0.240000 3.218880 0.940206
-1.046885 -0.458272 -2.833426 0.091554 0.312762 0.297219 3.138029 0.962395
-0.980962 -1.279069 -2.080336 0.098150 0.306288 0.240000 3.218880 0.936312
-1.028451 -0.715710 -3.561319 -4.406303 0.313490 0.301618 3.174674 0.959092
-0.960491 -0.502344 -4.498706 -1.140480 0.320962 0.285595 3.216759 0.964878
-0.984234 -1.024292 -2.196462 -4.239955 0.317316 0.296797 3.218880 0.947275
-0.968031 -0.737948 -1.625452 -2.783050 0.321624 0.278277 3.195906 0.956887
-1.018420 -1.378249 -1.589842 -0.264613 0.324167 0.305080 3.218880 0.935870
-0.937281 -0.995428 -1.500839 -2.413475 0.323407 0.268799 3.218880 0.942608
-1.022954 -1.008696 -4.487318 -2.323055 0.318445 0.303707 3.177174 0.944649
-1.042793 -0.447112 -4.395985 0.987495 0.302318 0.285002 3.158230 0.964432
-1.029766 -1.087965 -2.016815 -0.807901 0.314759 0.282139 3.218880 0.957923
-0.936758 -0.834133 -4.701138 -1.140391 0.323951 0.287463 3.210106 0.950874
-1.071793 0.006182 -4.762620 -4.509853 0.302290 0.296941 3.055219 0.968944
-0.991271 -1.233919 -0.821108 -3.018343 0.305121 0.240000 3.218880 0.945894
-1.014653 -1.210245 0.075063 -3.600181 0.309513 0.241531 3.218880 0.943616
-1.009295 -0.747914 -4.678990 -3.022554 0.299056 0.281240 3.140856 0.945026
-0.982620 -0.565503 -4.061699 0.314457 0.308424 0.270034 3.159009 0.961912
-0.965670 -0.735936 -3.228489 -2.365576 0.323831 0.296898 3.186522 0.952577
-1.093466 -0.614992 -4.020696 0.953930 0.297232 0.301606 3.153128 0.960906
-0.994565 -0.433018 -4.560917 -4.853097 0.320678 0.296784 3.151207 0.958570
-0.952615 -1.719554 -0.313755 -1.389331 0.332167 0.298581 3.218880 0.936199
-1.039550 -0.602374 -2.907144 -3.093619 0.309005 0.287489 3.164531 0.953825
