-1.046796 -0.353853 -4.388803 -3.750948 0.298850 0.290076 3.099222 0.963685
-0.952022 -1.672984 0.716863 -2.108205 0.326745 0.240052 3.218880 0.921275
-1.018278 -0.793180 -0.543483 -4.260859 0.327493 0.283861 3.190124 0.952458
-1.122210 -1.389379 0.940998 -3.980028 0.294388 0.240000 3.218880 0.939439
-0.921044 -0.938188 -3.658186 -4.132880 0.329180 0.279668 3.218880 0.950570
-1.007991 -0.471784 -3.548099 -0.549596 0.310512 0.286880 3.128043 0.947689
-0.992033 -1.237718 -1.480769 -0.601397 0.315264 0.254348 3.218880 0.946553
-0.992529 -0.458171 -3.391255 -1.665707 0.329595 0.312651 3.108107 0.949271
-1.048836 -1.238121 -0.972159 -1.128743 0.306456 0.249242 3.218880 0.948099
-0.986269 -0.927563 -2.685029 -3.573735 0.315987 0.264596 3.218880 0.946235
-1.004675 -1.105397 -3.814699 -4.553843 0.313113 0.278288 3.218880 0.947027
-0.962158 -0.833647 -3.318500 0.950565 0.321950 0.298935 3.162523 0.948517
-0.948555 -1.142479 -1.464308 -2.337700 0.311055 0.240000 3.218880 0.940569
-1.017801 -0.297371 -2.304898 -4.393355 0.304767 0.280965 3.105854 0.964293
-1.034189 -0.789989 -2.724020 -3.793378 0.307251 0.302043 3.156566 0.954571
-0.920863 -1.617432 0.297713 -1.509749 0.327060 0.240000 3.218880 0.926767
-0.972037 -1.097147 -1.645076 -2.125911 0.327570 0.277883 3.218880 0.946974
-1.023234 -1.084429 -1.281898 -4.126088 0.314832 0.292291 3.217717 0.950745
-1.019253 -1.012886 -2.457384 -3.004190 0.318135 0.306323 3.206492 0.949989
-1.017241 -1.074116 -1.601249 -2.750808 0.315924 0.280019 3.218880 0.952108
-0.978194 -1.276020 -0.727475 -1.334859 0.324450 0.270435 3.218832 0.945629
-0.945974 -1.081692 -0.331232 -3.310088 0.343615 0.295049 3.217909 0.940246
-0.916717 -1.065988 -4.937983 0.098982 0.327355 0.274005 3.218880 0.939611
-0.947678 -1.811183 -0.133240 0.563861 0.330107 0.240000 3.218880 0.926909
-0.963335 -0.724201 -4.873017 0.188378 0.310895 0.267016 3.218880 0.957741
-1.005791 -0.870804 -3.271190 -0.235654 0.304514 0.258115 3.218880 0.949997
-0.923866 -1.510643 0.043211 -2.138651 0.332122 0.242067 3.218880 0.925098
-0.986038 -0.585688 -4.015297 -4.465545 0.314816 0.281345 3.190041 0.959305
-0.931675 -1.368030 -2.333436 -0.741363 0.327714 0.251617 3.218880 0.927546
-0.971523 -0.275893 -4.985504 -4.977234 0.322474 0.291745 3.157106 0.962964
-0.992842 -0.670847 -3.699925 -3.213270 0.316697 0.284229 3.210815 0.949327
-0.907136 -1.950067 -0.141501 -1.957967 0.348842 0.290255 3.218880 0.937685
-1.025671 -0.933423 -4.078308 -4.673944 0.312954 0.305126 3.217220 0.956252
-1.001975 -0.157352 -4.246001 -4.817440 0.315561 0.294945 3.068793 0.960859
-0.946467 -1.163740 -1.456677 -1.813200 0.313242 0.241669 3.218880 0.934196
-0.908902 -1.566658 0.946594 -3.236346 0.338548 0.250341 3.218880 0.926476
-1.005648 -0.921534 -1.710953 -0.751693 0.300257 0.241868 3.218880 0.955120
-0.967175 -1.195289 -0.143024 -3.676338 0.325713 0.254674 3.218880 0.944593
-1.044016 -0.432309 -2.610652 -1.424027 0.303077 0.274964 3.134886 0.959307
-1.010496 -0.956535 -2.659726 0.162637 0.294356 0.240420 3.218880 0.956216
-0.961760 -0.484436 -4.414337 0.778763 0.317125 0.282263 3.148207 0.949244
-1.016080 -0.476735 -4.980024 -1.710075 0.286417 0.248500 3.200972 0.961637
-0.990031 -1.035908 -2.321040 -1.303319 0.297821 0.240000 3.218880 0.947607
-0.908012 -1.136763 -2.787029 -0.579778 0.329381 0.281221 3.218880 0.944359
-1.006155 -0.848329 -1.685123 -1.152668 0.315575 0.275454 3.204251 0.954162
-1.014959 -1.165100 -1.898141 -4.468956 0.303127 0.242488 3.218880 0.938151
-1.022550 -0.509806 -4.522913 0.164738 0.307375 0.295191 3.107191 0.952256
-0.996836 -0.600171 -3.287914 -2.663260 0.317054 0.294997 3.175326 0.960361
-0.975315 -0.501829 -3.980600 0.006626 0.296613 0.250096 3.205533 0.961716
-0.980451 -2.153362 0.949693 -0.224327 0.326484 0.240000 3.218880 0.928353
-0.987181 -0.984268 -2.527860 -4.207104 0.320951 0.295295 3.193519 0.947127
-0.965591 -0.473826 -4.110420 -2.172527 0.305710 0.265477 3.192944 0.960371
-0.997061 -0.368332 -4.910035 -1.827026 0.302509 0.277913 3.136354 0.963229
-1.008012 -0.375153 -2.498843 -4.061059 0.312894 0.281533 3.119920 0.955717
-1.036950 -0.802915 -2.967078 -4.644696 0.291234 0.245431 3.218880 0.956394
-0.957464 -1.168084 -0.925288 -3.035742 0.326589 0.280207 3.218725 0.947506
-0.957210 -0.724082 -4.322904 0.121061 0.313963 0.275099 3.216335 0.950801
-0.921043 -1.143016 -3.126502 -2.643610 0.341727 0.303956 3.218880 0.940256
-0.947090 -0.654879 -2.480390 -3.913475 0.318474 0.275538 3.204403 0.955944
-0.885305 -1.349009 0.263643 -4.568598 0.322192 0.240000 3.218880 0.934996
-1.023133 -0.699448 -4.480725 -0.661342 0.305090 0.280707 3.184118 0.960264
-1.110490 -0.194750 -4.890610 -0.741494 0.291829 0.295503 3.068394 0.974460
-0.970072 -1.570683 0.239161 -0.670070 0.343145 0.272456 3.218880 0.937746
-0.976119 -1.531369 0.283249 -1.809429 0.334726 0.276986 3.218880 0.945195
-1.016749 -0.932023 -4.022009 0.312374 0.295975 0.240000 3.218880 0.942947
-1.009519 -0.510006 -3.450987 -3.659943 0.314216 0.289081 3.162346 0.962452
-1.027296 -0.703632 -3.307625 -3.575464 0.314710 0.289784 3.214733 0.947831
-0.997566 -1.811733 0.821525 -1.494870 0.319517 0.240000 3.218880 0.928120
-1.012943 -1.047578 -2.794373 -1.190276 0.317115 0.273685 3.218880 0.946560
-0.949135 -0.877141 -2.801312 -2.453948 0.319224 0.262224 3.218880 0.944720
-0.957255 -0.871717 -1.422420 -4.357909 0.319412 0.271809 3.218880 0.951329
-1.033378 -0.670047 -2.498383 -4.947661 0.309523 0.273674 3.218880 0.961830
-1.098178 -0.574775 -3.076319 -3.450603 0.287816 0.272024 3.171487 0.958944
-0.959400 -1.127065 -2.258398 -4.720443 0.332517 0.285109 3.218880 0.941412
-0.923599 -0.737061 -4.591144 -3.781177 0.304853 0.247251 3.218880 0.956382
-1.018114 -1.352375 -2.189963 -0.688012 0.314783 0.283391 3.218880 0.951005
-1.010496 -0.565741 -4.449615 -3.523964 0.305251 0.272506 3.181430 0.959812
-1.017578 -0.396879 -4.824805 -0.244705 0.299598 0.264937 3.159727 0.963331
-1.005602 -1.111892 0.072733 -3.719698 0.306122 0.240000 3.218880 0.942193
-0.951275 -0.955675 -3.397727 -3.100795 0.319640 0.275126 3.218880 0.951180
-1.044952 -0.730817 -2.273766 -0.725046 0.294382 0.245318 3.218880 0.959686
-1.004737 -0.716163 -2.790451 -2.332551 0.314529 0.294187 3.145903 0.953847
-0.973074 -0.737609 -3.180951 -3.210288 0.321863 0.300337 3.147192 0.956666
-0.970274 -0.886700 -2.478491 -0.438866 0.314326 0.258854 3.218880 0.950560
-1.051281 -0.598025 -3.485172 -0.129316 0.300288 0.276140 3.199790 0.966741
-1.008197 -0.557132 -4.842721 -3.796498 0.311195 0.293886 3.110321 0.953439
-0.981549 -0.273765 -3.029614 -4.544804 0.311303 0.288890 3.096089 0.955928
-1.026382 -0.664177 -0.401375 -4.722890 0.298286 0.246445 3.218880 0.960422
-0.939508 -0.807624 -1.318042 -3.981282 0.323890 0.269041 3.193848 0.948521
-1.001118 -0.495339 -2.952398 -1.729120 0.294544 0.248369 3.182221 0.952809
-0.956050 -0.986870 -3.064525 0.281974 0.312011 0.246416 3.218880 0.945790
-0.934011 -1.080772 -2.515815 -2.796436 0.333880 0.281988 3.218880 0.945226
-0.997103 -1.169074 -0.965857 0.254283 0.312976 0.240000 3.218880 0.943362
-0.996304 -1.128317 -1.061726 -3.013574 0.305093 0.240000 3.218880 0.944376
-1.019933 -1.356544 -1.260146 0.336437 0.303278 0.240000 3.218880 0.945586
-1.001338 -0.306551 -3.612086 -4.490763 0.319280 0.292412 3.164926 0.970064
-1.012942 -1.074156 0.027567 -3.483901 0.323012 0.274985 3.218880 0.949957
-1.000746 -0.652986 -4.023761 -3.028525 0.309449 0.265810 3.218880 0.956557
-0.985558 -1.232885 -4.172960 -0.977210 0.326178 0.282431 3.218880 0.936160
-1.011368 -0.742440 -1.104321 -0.944546 0.314139 0.266529 3.210653 0.954034
-1.053057 -0.626816 -2.411856 -3.856271 0.296914 0.274669 3.195045 0.962078
-1.037409 -0.427217 -1.373987 -2.452843 0.311196 0.285065 3.136834 0.958848
-0.994257 -1.326591 -3.991553 -1.017737 0.324843 0.301985 3.218880 0.943202
-1.005706 -1.132357 -3.021816 0.295060 0.321002 0.289490 3.218880 0.948151
-1.016779 -1.085784 0.077525 -2.878105 0.306110 0.240000 3.218880 0.948989
-0.974119 -0.875550 -2.609090 -0.633336 0.310491 0.255384 3.218880 0.950348
-0.970626 -0.887889 -1.810977 -3.664701 0.310581 0.251170 3.218880 0.955673
-0.970239 -1.073009 -4.768460 -3.496909 0.324289 0.293586 3.218880 0.941447
-1.003316 -0.866212 -2.706365 -3.618738 0.294526 0.240000 3.218880 0.949653
-1.069733 -1.288830 -0.680979 -1.503807 0.319597 0.295738 3.218880 0.939318
-1.055252 -0.576091 -1.554897 -1.283100 0.303775 0.276640 3.149172 0.962222
-1.006607 -1.553371 0.871762 -1.823651 0.311872 0.240000 3.218880 0.932102
-0.984013 -1.005541 -1.123719 -4.440393 0.305427 0.240076 3.218880 0.941100
-1.040250 -0.092337 -4.820868 -0.369282 0.316179 0.313902 3.076626 0.970150
-1.044202 -0.387635 -4.818765 0.154755 0.306780 0.295804 3.109666 0.958426
-0.972128 -0.335513 -3.867782 -2.071240 0.316805 0.286065 3.139746 0.963004
-0.961399 -1.064695 -1.526826 -1.208349 0.308510 0.244666 3.218880 0.941731
-0.955460 -0.984865 -3.717707 0.369515 0.317740 0.276999 3.218880 0.946871
-1.050799 -1.213252 -0.901832 -4.891766 0.309510 0.277698 3.218880 0.944471
-0.971208 -0.219239 -4.493389 -1.579099 0.311142 0.285720 3.117455 0.970846
-1.066385 -0.357135 -2.817563 -3.931207 0.285498 0.262078 3.160982 0.963641
-0.969792 -1.500519 -2.096503 -0.106252 0.307613 0.240000 3.218880 0.926430
-0.940468 -1.754433 0.054560 -0.427284 0.325582 0.240011 3.218880 0.931756
-0.997171 -1.153065 -2.437253 -1.201601 0.324007 0.292826 3.210691 0.951565
-0.984251 -1.712549 -3.696687 -2.342348 0.331313 0.322964 3.218880 0.929507
-0.919172 -2.238846 -0.104259 0.821537 0.330192 0.240000 3.218880 0.922993
-1.004596 -1.521565 0.583504 -1.585144 0.309027 0.240000 3.218880 0.937268
-1.065577 -1.054066 -4.297579 -4.937704 0.292017 0.284739 3.218738 0.955155
-1.025598 -0.444951 -3.647497 -1.693235 0.295371 0.280885 3.114193 0.961101
-0.975153 -0.512316 -2.945474 -3.825084 0.314746 0.282595 3.163555 0.961166
-0.951491 -1.098627 -3.336950 -3.503127 0.324090 0.272861 3.218880 0.944439
-1.008222 -1.021132 -2.927328 -3.073807 0.311933 0.284989 3.218880 0.952799
