-1.037839 -1.061784 -1.974566 -1.179988 0.308144 0.285715 3.218767 0.948323
-0.975923 -0.698980 -2.150134 -3.217808 0.320577 0.285000 3.197419 0.950968
-1.044196 -0.030322 -4.468850 -2.077625 0.317499 0.312921 3.038132 0.975493
-1.030687 -1.928676 0.155357 -1.578524 0.306079 0.240000 3.218880 0.931379
-0.924615 -0.795558 -4.086195 -1.091913 0.317906 0.287176 3.200840 0.956469
-1.041102 -0.657932 -3.948563 -2.023795 0.304462 0.261614 3.218670 0.954389
-0.982999 -1.008261 -2.818894 0.782519 0.329139 0.273219 3.218880 0.952395
-0.982793 -0.397014 -3.744491 -4.856754 0.318461 0.288592 3.157463 0.955072
-0.960963 -1.098788 -3.012285 -3.266685 0.323785 0.290764 3.217374 0.939369
-0.983809 -0.465309 -3.540106 -1.890642 0.309652 0.287389 3.120767 0.954376
-0.980719 -1.161914 -0.754373 -1.326925 0.327472 0.269541 3.218880 0.947608
-0.936046 -0.963621 -3.888337 0.740170 0.319721 0.275970 3.218880 0.942813
-1.026716 -0.733168 -0.789255 -3.463795 0.301473 0.251353 3.193304 0.959348
-1.042015 -0.149929 -4.257451 -2.297613 0.307485 0.295771 3.114256 0.971048
-0.953488 -1.625656 -3.883865 -3.295269 0.338310 0.318290 3.200682 0.934265
-0.969862 -1.746196 -0.021762 -4.519598 0.336956 0.307531 3.218880 0.937489
-0.987369 -0.838900 -4.337849 -0.655958 0.321940 0.290919 3.218372 0.945760
-0.956831 -1.653160 -3.513865 -2.318249 0.339957 0.316352 3.202215 0.925605
-1.021468 -0.852422 -1.876254 0.348392 0.303207 0.242604 3.218880 0.952796
-0.954889 -0.899609 -3.949494 -3.395289 0.300040 0.240704 3.218880 0.954150
-0.965728 -1.152951 0.261328 -3.672309 0.319904 0.251817 3.218880 0.948928
-0.942246 -0.486794 -3.451890 -2.496170 0.325055 0.279112 3.192588 0.954035
-1.037119 -0.765594 -2.963052 -4.710967 0.299756 0.269456 3.217148 0.968195
-0.977192 -0.145415 -4.668701 -3.638171 0.317894 0.293313 3.063519 0.961191
-0.958281 -1.121424 -2.192738 -2.687083 0.334461 0.290943 3.218880 0.934853
-1.029420 -2.044332 -0.051205 0.588667 0.317476 0.240000 3.218880 0.923817
-0.982714 -0.702591 -3.776773 -4.782305 0.293877 0.242132 3.218880 0.956177
-1.088558 -0.406789 -4.126098 0.181426 0.303354 0.292376 3.172263 0.964350
-0.894331 -1.001223 -0.661856 -3.406818 0.339538 0.266913 3.218880 0.947113
-0.914625 -1.183803 -3.185905 -4.478765 0.327224 0.263197 3.218880 0.937042
-1.022722 -0.659103 -3.176326 -0.767469 0.317752 0.290355 3.173856 0.957259
-0.997722 -1.138404 -1.678347 0.064162 0.323357 0.277185 3.216846 0.944068
-1.024210 -1.089847 -1.243038 -2.137000 0.319660 0.280207 3.218880 0.940376
-1.053436 -1.057744 -1.862351 -3.495022 0.300925 0.242653 3.218880 0.943170
-0.982743 -0.962401 -3.170416 0.150198 0.313991 0.259770 3.218880 0.946010
-1.006821 -2.126447 0.252803 0.698722 0.321516 0.240000 3.218880 0.929844
-0.986539 -0.809193 -1.611914 -4.190884 0.308316 0.253616 3.218880 0.956639
-0.935673 -0.723905 -4.495297 -2.148905 0.318008 0.273976 3.188790 0.943230
-0.994974 -0.310305 -4.684220 -4.185013 0.321493 0.304150 3.138518 0.955592
-1.002632 -2.390705 0.446344 0.190268 0.341112 0.276769 3.218880 0.914164
-0.991461 -1.488211 -0.808125 -3.143746 0.326307 0.277810 3.218880 0.932451
-1.102197 -0.748426 -0.986019 -4.560271 0.307329 0.297903 3.178004 0.956224
-1.005717 -1.100884 0.240622 -2.749826 0.323829 0.278836 3.218275 0.949541
-1.009089 -1.559419 0.944574 -4.092564 0.310917 0.240000 3.218880 0.940495
-0.910323 -0.873156 -2.109902 -4.446077 0.337676 0.287923 3.218880 0.951534
-0.949399 -0.509095 -4.656818 -4.581793 0.321271 0.292070 3.152227 0.961338
-1.027737 -0.785696 -1.498843 -2.358193 0.308246 0.273579 3.177408 0.953232
-1.041059 -0.228174 -4.476726 -4.635949 0.304247 0.297023 3.069777 0.967172
-1.051694 -1.409338 0.244914 -1.095337 0.309311 0.240630 3.218880 0.943650
-0.955655 -0.712540 -4.062036 -2.720828 0.310617 0.267020 3.179798 0.937020
-0.990006 -0.619638 -3.697751 -4.764392 0.318957 0.280217 3.173326 0.958584
-0.940048 -0.485738 -4.717867 -2.884649 0.330881 0.305921 3.155440 0.950342
-0.944410 -1.285554 -3.175860 -4.441410 0.327906 0.279974 3.218880 0.931806
-0.911702 -1.361311 -0.999216 -0.026572 0.333778 0.249276 3.218880 0.933843
-1.013049 -1.594774 -0.954407 0.303068 0.330186 0.286857 3.218880 0.934127
-0.926661 -0.941474 0.068012 -3.543452 0.322768 0.250199 3.218676 0.952803
-1.026053 -0.657056 -3.302305 -3.565213 0.323456 0.303360 3.178015 0.965351
-0.969357 -1.632984 -0.310750 0.365522 0.310909 0.240000 3.218880 0.942441
-1.025633 -1.067097 -0.039008 -4.830516 0.322945 0.270457 3.213519 0.938157
-1.002243 -1.342358 0.798194 -4.240655 0.309766 0.240000 3.218880 0.946827
-1.022946 -1.295038 -4.288010 -0.067248 0.324130 0.305073 3.218880 0.950922
-1.018785 -0.539651 -3.032542 -3.491880 0.308160 0.287878 3.166143 0.950078
-0.988755 -0.723694 -3.316934 -1.241040 0.310572 0.276351 3.192158 0.947634
-1.000059 -1.744422 0.462166 -0.527470 0.318148 0.240000 3.218880 0.937757
-1.029650 -0.334008 -2.530783 -2.958608 0.323408 0.313535 3.082680 0.953818
-1.056507 -0.484363 -3.647737 -4.078209 0.304869 0.302022 3.149803 0.968593
-0.991014 -0.887961 -1.263140 -1.929780 0.305020 0.249275 3.210919 0.953532
-1.029444 -0.692251 -2.292475 -0.869423 0.320768 0.296584 3.193739 0.955508
-0.964287 -1.171410 -1.257625 -3.035125 0.304583 0.240000 3.218880 0.939939
-1.049658 -0.890967 -0.589830 -4.446296 0.291096 0.240000 3.218880 0.959274
-0.980495 -0.901692 -4.026128 0.644104 0.308619 0.260878 3.218880 0.953415
-0.990345 -0.701958 -3.373654 -2.392920 0.311686 0.261376 3.218880 0.949303
-1.025129 -0.905018 -0.668225 -3.189694 0.313391 0.272650 3.171576 0.942852
-1.046153 -0.377854 -4.018391 -2.128688 0.296189 0.289921 3.099311 0.963348
-1.004948 -0.677221 -4.132895 -4.489540 0.311871 0.298518 3.181936 0.959900
-0.944656 -0.990091 -0.946144 -2.217585 0.332516 0.275087 3.218880 0.954295
-1.030364 -2.118183 0.370325 0.970442 0.324660 0.240000 3.218880 0.920104
-1.024836 -0.538359 -2.986400 0.377094 0.311844 0.282293 3.165788 0.962030
-0.976255 -1.012067 -1.911212 -4.774946 0.327366 0.285947 3.218880 0.954070
-1.040263 -0.574439 -4.103287 0.897671 0.284028 0.244949 3.193416 0.964645
-1.013219 -0.877552 -3.611418 -4.071851 0.316716 0.289687 3.218880 0.950548
-0.931829 -1.020740 -3.010659 -2.469217 0.328314 0.288397 3.218880 0.946580
-1.046777 -1.658513 0.968139 -3.665361 0.304914 0.240000 3.218880 0.928905
-1.019450 -0.625704 -3.383470 -2.590988 0.288515 0.247886 3.215356 0.963269
-1.043897 -0.992721 -2.979925 -0.890344 0.314044 0.296674 3.196996 0.948545
-0.921400 -1.165014 -1.978911 -2.076423 0.333354 0.278717 3.218730 0.943340
-0.999069 -0.809027 -1.393403 -4.376006 0.310262 0.251959 3.218880 0.948242
-0.936674 -1.406943 -0.679368 -1.915536 0.326242 0.250265 3.218880 0.933319
-0.998828 -1.211667 -2.484998 -2.531991 0.320911 0.299829 3.204415 0.937868
-0.986933 -0.846650 -2.316330 -4.537093 0.325756 0.296242 3.217050 0.960594
-1.052777 -1.414991 0.258522 -2.036315 0.300575 0.240000 3.218880 0.939768
-1.100253 -1.119284 -0.997435 -2.431905 0.309879 0.291378 3.218880 0.944281
-0.947971 -1.482395 -1.755194 -1.052919 0.326152 0.254364 3.218880 0.929303
-0.972251 -0.676008 -4.880302 -3.530574 0.324732 0.299311 3.177731 0.952695
-0.919516 -1.187070 -3.252498 0.739734 0.314574 0.240918 3.218880 0.937893
-0.930884 -0.851584 -4.367361 -0.636561 0.335000 0.295879 3.218880 0.943382
-1.012238 -0.583390 -1.266940 -2.757802 0.296069 0.249365 3.196493 0.962578
-0.926605 -1.528055 -1.198089 -2.994665 0.321075 0.240006 3.218880 0.927696
-1.096919 -0.251506 -4.696452 -2.445918 0.282871 0.275116 3.077874 0.961046
-0.974687 -1.947078 -0.126313 0.479955 0.323249 0.240000 3.218880 0.935516
-1.036296 -1.032336 0.393136 -4.337345 0.295391 0.240000 3.218880 0.952583
-0.954555 -1.726099 0.656439 -1.914579 0.330501 0.251629 3.218880 0.928366
-0.960757 -0.444711 -3.825972 -1.432521 0.321723 0.297406 3.134576 0.966562
-1.041155 -1.415236 0.509963 -1.280460 0.316208 0.240186 3.218880 0.934227
-0.991759 -1.853006 0.127879 -1.725159 0.310826 0.240000 3.218880 0.927309
-0.956467 -0.693318 -3.461811 -3.915784 0.322387 0.290862 3.190541 0.956247
-0.983923 -0.799397 -4.163814 -2.478006 0.320579 0.285672 3.200173 0.948547
-1.027131 -1.264691 -1.091238 -1.821291 0.328685 0.313951 3.216183 0.944128
-0.997175 -1.018341 -3.610223 -0.209429 0.317588 0.297240 3.218880 0.950357
-1.061920 -0.379481 -1.908699 -3.474535 0.300657 0.282631 3.115281 0.966274
-1.032212 -0.492061 -1.749802 -1.156809 0.316292 0.296368 3.098361 0.966819
-0.974449 -1.090995 -0.455735 -4.332735 0.312939 0.241360 3.218880 0.938775
-1.005904 -1.285308 -0.651446 -0.861965 0.306438 0.240000 3.218880 0.940132
-0.916908 -1.272869 -1.451187 -1.751789 0.332679 0.261577 3.218880 0.940829
-0.952914 -0.817375 -3.828954 -2.991444 0.329130 0.309358 3.206147 0.951405
-0.964291 -0.626933 -1.878313 -4.079223 0.333157 0.305311 3.168470 0.954493
-0.951579 -1.090888 -2.661750 0.793034 0.306835 0.240000 3.218880 0.942878
-0.959207 -1.882568 -1.166177 -3.169248 0.336263 0.303345 3.218880 0.936041
-0.915424 -1.123310 -2.950881 -4.982124 0.337491 0.289540 3.218880 0.932570
-1.023944 -1.930749 -0.195485 0.738136 0.310975 0.240000 3.218880 0.931754
-0.898677 -1.062786 -0.985821 -2.738022 0.324827 0.247766 3.218880 0.943431
-1.001041 -0.823286 -2.070927 -3.027242 0.294530 0.243370 3.218880 0.960029
-0.938933 -0.989600 -4.016358 0.893943 0.326332 0.283985 3.218880 0.946477
-1.028412 -0.446398 -3.109742 -1.523932 0.314411 0.291280 3.150025 0.957308
-0.913473 -1.209494 -1.009717 0.212692 0.340534 0.264065 3.218880 0.941788
-1.007752 -0.659056 -2.162457 -2.619849 0.315798 0.288085 3.202074 0.962784
-0.985673 -1.327052 0.029183 -2.880172 0.309043 0.240010 3.218880 0.942025
-0.918348 -0.803822 -4.314210 -4.665715 0.335970 0.288640 3.218880 0.944569
-0.981627 -1.166957 -0.061622 -2.281152 0.330039 0.256637 3.218880 0.935914
-0.969810 -1.358893 0.449387 -1.500133 0.326242 0.246052 3.218880 0.940858
-0.964049 -0.901782 -2.183532 -3.087807 0.305118 0.244083 3.218880 0.949394
