-1.044161 -0.842623 -4.505198 0.889814 0.311298 0.313687 3.182709 0.953033
-0.975171 -0.719848 -2.000520 -2.680630 0.315690 0.277035 3.176989 0.948460
-0.994656 -1.559108 0.583446 -1.400724 0.325537 0.257021 3.218880 0.939617
-1.014323 -0.692390 -2.462929 -0.187903 0.307107 0.270123 3.166357 0.954607
-1.102163 -0.236758 -3.158215 -1.569227 0.295114 0.289096 3.064073 0.965512
-0.958861 -1.289817 -0.402226 -2.135816 0.330036 0.283122 3.218880 0.938667
-0.937200 -0.512149 -2.836649 -3.861416 0.321767 0.277158 3.191166 0.952859
-0.951738 -1.151213 -3.601357 -0.663834 0.330350 0.306071 3.187115 0.940191
-0.914820 -1.002672 -2.531243 -0.021210 0.325590 0.271799 3.218880 0.940922
-0.952573 -0.332733 -4.620136 -4.797475 0.315900 0.287118 3.117198 0.956696
-0.958328 -1.262761 -1.324983 -4.437615 0.339074 0.302314 3.218651 0.931413
-1.006087 -0.653780 -2.708524 -4.582146 0.311823 0.291090 3.170566 0.949656
-1.014514 -2.368558 0.840801 0.625092 0.324800 0.240000 3.218880 0.929306
-0.966147 -0.829123 -2.410926 -4.838614 0.329382 0.286784 3.216563 0.944128
-1.015636 -0.640783 -2.787859 -1.046424 0.316490 0.297068 3.138409 0.957441
-1.064719 -0.302617 -4.270536 -3.178024 0.303447 0.294312 3.116729 0.957033
-1.001623 -0.948547 -4.810813 -1.491567 0.315787 0.305275 3.207909 0.951350
-0.930236 -1.711985 -0.739715 -1.827453 0.323604 0.240000 3.218880 0.921212
-0.947564 -0.705604 -2.789133 -1.951023 0.322478 0.272265 3.218880 0.958571
-0.974461 -0.469833 -2.734376 -4.255567 0.319654 0.294438 3.142174 0.953697
-0.987818 -0.201078 -4.848333 -3.791298 0.309964 0.295125 3.080421 0.973488
-0.982374 -0.722264 -3.629521 0.038168 0.316422 0.301157 3.173014 0.949137
-1.093212 -0.610488 -3.464032 -2.228489 0.300277 0.296577 3.173391 0.964708
-0.992376 -1.065928 -0.748280 -1.791580 0.307247 0.240000 3.218880 0.949075
-1.025677 -1.641969 0.836699 -2.508485 0.313028 0.240000 3.218880 0.938977
-0.960760 -0.549402 -3.962547 -3.296117 0.313607 0.273141 3.181700 0.952590
-0.960859 -0.794949 -3.042554 -0.068679 0.319208 0.272142 3.218880 0.953306
-1.009049 -1.072842 -4.915416 0.791148 0.310017 0.304333 3.203743 0.954664
-0.910072 -1.432593 -2.301562 -0.217993 0.338707 0.287470 3.218880 0.934531
-1.012317 -0.951884 -3.948301 -3.654654 0.307304 0.278812 3.218489 0.952999
-0.970367 -1.238018 -0.569323 -3.560317 0.303880 0.240000 3.218880 0.937299
-0.950641 -0.582450 -3.942104 0.778401 0.329222 0.288069 3.190732 0.951596
-1.020766 -1.784676 0.013051 0.315067 0.312298 0.240000 3.218880 0.936952
-1.073230 -0.508761 -2.198706 -2.306379 0.301508 0.277619 3.160722 0.957224
-1.010455 -0.541457 -2.627149 -1.750215 0.312842 0.294808 3.128230 0.959649
-1.010458 -0.902696 -1.364467 -4.357530 0.323678 0.302794 3.207046 0.956052
-0.954674 -0.632628 -3.153966 -4.238194 0.323764 0.281987 3.169464 0.948341
-0.959650 -0.696634 -3.334153 -4.374254 0.318497 0.278800 3.207699 0.952488
-1.002825 -1.429620 -0.595876 -2.829303 0.324312 0.304407 3.216147 0.941463
-1.013903 -0.652937 -0.751134 -3.605595 0.310195 0.258045 3.218880 0.959964
-0.968386 -0.672303 -2.136072 -4.479947 0.314951 0.266600 3.212292 0.954628
-0.906607 -0.977089 -4.772425 -0.502610 0.331905 0.288061 3.218880 0.945373
-0.916568 -1.750328 -3.587021 0.725170 0.347953 0.316092 3.218880 0.912494
-1.005739 -0.611865 -2.749137 -2.167245 0.317072 0.302672 3.140228 0.955693
-0.960994 -0.867477 -3.313871 -2.381936 0.326368 0.303343 3.213165 0.950854
-0.996508 -0.638011 -3.651911 0.557529 0.313341 0.274874 3.190891 0.950402
-0.948386 -0.893590 -2.732485 0.849465 0.311638 0.248796 3.218880 0.953594
-1.003481 -0.665263 -4.528069 -4.878902 0.312734 0.291003 3.181527 0.958846
-0.955431 -1.090552 -3.775187 -4.185968 0.324840 0.284636 3.218880 0.947161
-0.972323 -0.693785 -3.184232 0.211168 0.316331 0.275025 3.176185 0.944688
-1.047894 -0.196020 -4.952117 -0.756498 0.303346 0.304314 3.093483 0.975909
-0.988009 -1.023425 -2.739919 -1.858129 0.303401 0.240414 3.218880 0.943431
-1.015437 -0.767441 -4.939420 -3.299134 0.313553 0.293710 3.202761 0.958982
-1.089759 -0.813970 -2.092967 0.839577 0.317064 0.310701 3.159969 0.959129
-0.992238 -0.471559 -2.972224 -0.723062 0.323378 0.290936 3.137924 0.952072
-1.029742 -1.010355 -1.047971 -2.517178 0.300263 0.240011 3.218880 0.947058
-0.950490 -0.565615 -1.492527 -2.331685 0.311209 0.260885 3.138334 0.961206
-1.043944 -0.696516 -0.695185 -4.854235 0.313264 0.291026 3.154525 0.957772
-0.942801 -0.653374 -4.716505 -1.777764 0.327574 0.292731 3.197347 0.951396
-1.016517 -1.210413 -0.903474 -2.728701 0.310103 0.246397 3.218880 0.938814
-0.963255 -0.655498 -3.254087 -4.261497 0.328570 0.301033 3.186591 0.956632
-1.024069 -1.283673 0.920045 -4.273623 0.311718 0.241434 3.218880 0.944854
-1.005692 -0.433237 -3.871664 -1.032560 0.290370 0.253459 3.161902 0.964190
-1.020103 -1.408426 0.413049 -2.180985 0.327505 0.285431 3.218227 0.954702
-0.908837 -1.113505 -0.023577 -3.828264 0.334693 0.256103 3.218880 0.937846
-1.020002 -1.124906 -4.348390 -0.137255 0.319627 0.270869 3.218880 0.935846
-0.958052 -1.395830 -0.949981 -0.498284 0.342624 0.276011 3.218880 0.926158
-0.938830 -0.718196 -3.966381 -4.145029 0.326135 0.275775 3.211622 0.950111
-1.046725 -0.193256 -4.415272 -4.379431 0.306836 0.288939 3.099528 0.968644
-1.002389 -0.599125 -3.824322 -0.675614 0.322425 0.292184 3.165034 0.949345
-0.965189 -0.987682 -2.283436 -3.463941 0.315829 0.251918 3.218880 0.942128
-0.947476 -1.105598 -2.185230 -1.931971 0.328672 0.272725 3.218880 0.941960
-1.032074 -0.676845 -4.615790 -0.567278 0.313205 0.290109 3.182447 0.951988
-1.033133 -0.696802 -4.913297 -3.154318 0.304386 0.283060 3.202056 0.958441
-0.960996 -0.785401 -2.221570 -4.383481 0.301483 0.243875 3.218880 0.956615
-0.947154 -1.626269 -3.283833 0.890546 0.334855 0.305420 3.218880 0.940805
-0.973833 -0.935084 -2.441312 -3.713623 0.318371 0.273837 3.218880 0.950128
-1.001249 -1.409977 -1.337523 -0.697441 0.307448 0.240000 3.218880 0.939151
-1.022555 -0.433617 -3.891355 -2.895016 0.304022 0.280535 3.123755 0.954110
-0.961393 -1.106552 -2.744656 -2.496185 0.331227 0.297321 3.218880 0.943636
-0.945164 -1.234709 -3.101008 -2.268094 0.326321 0.273380 3.218880 0.937780
-0.994398 -1.600699 -2.452311 -0.553862 0.323563 0.284995 3.218880 0.937507
-1.023405 -0.529501 -3.461068 -3.887225 0.318717 0.307893 3.107885 0.956093
-0.895091 -1.397289 -0.747929 -1.992186 0.323013 0.240000 3.218880 0.931479
-0.958375 -1.546902 -1.950840 0.179394 0.320105 0.240111 3.218880 0.930174
-0.986436 -0.811881 -1.478711 -3.537587 0.318393 0.278673 3.178453 0.935335
-1.004359 -1.180576 -4.039314 -4.628705 0.312904 0.300562 3.218719 0.952245
-0.964539 -0.994257 -3.110676 -4.341411 0.328752 0.284929 3.218880 0.946882
-0.974851 -0.630758 -2.623709 -2.114427 0.314041 0.269051 3.205024 0.950856
-0.969333 -1.563822 -0.211264 -1.520211 0.337573 0.263320 3.218880 0.930311
-0.978487 -0.798872 -4.190189 -1.126599 0.316079 0.294970 3.202607 0.950345
-0.979624 -0.940407 -2.801487 -4.367526 0.311507 0.271333 3.218569 0.953050
-0.953863 -1.040641 -1.186967 -3.480224 0.320195 0.251990 3.218880 0.945337
-1.025486 -1.083650 -1.591451 -1.053715 0.299369 0.240000 3.218880 0.946506
-1.022583 -0.842594 -2.228406 -2.651297 0.312520 0.287238 3.186469 0.956219
-0.926239 -0.756694 -3.820527 0.858028 0.326284 0.284441 3.215084 0.951558
-0.951696 -1.449973 -1.513892 -1.292124 0.334470 0.287984 3.218880 0.937599
-1.001997 -1.038720 -3.246755 -0.338390 0.299774 0.240000 3.218880 0.941085
-1.018616 -0.825556 -1.683004 -3.606590 0.293156 0.240000 3.218880 0.953436
-0.980001 -2.823655 0.755751 0.628550 0.358328 0.327211 3.218880 0.921206
-0.897631 -2.252416 0.498002 -1.207062 0.360029 0.286257 3.218880 0.916024
-0.992851 -0.570698 -4.236543 -4.209065 0.310278 0.271496 3.204796 0.962813
-0.997822 -0.728594 -3.576329 -3.617313 0.314307 0.278562 3.208231 0.952452
-1.045294 -0.858999 -2.791561 -3.281598 0.312500 0.281116 3.218880 0.946631
-0.978808 -1.012046 -1.288221 -2.793753 0.324251 0.264042 3.218880 0.939835
-1.060400 -1.406966 0.735307 -4.582215 0.329397 0.308656 3.212866 0.949621
-0.992639 -1.325785 -1.000518 -4.775991 0.319189 0.269517 3.218880 0.946779
-0.942971 -1.513647 -2.365612 -4.202354 0.331158 0.277219 3.218880 0.927816
-1.086866 -0.826381 -3.987077 -0.399240 0.295054 0.257475 3.218880 0.950464
-1.002819 -0.970989 -3.107546 -1.306629 0.315669 0.283489 3.218663 0.958424
-0.942031 -1.209436 -1.859866 -2.623506 0.314801 0.243153 3.218880 0.937256
-0.991300 -1.035501 -3.000049 -0.501443 0.320634 0.282020 3.218880 0.951188
-1.005732 -0.815871 -2.146017 -2.377811 0.294491 0.240024 3.218880 0.960763
-1.025469 -0.371186 -4.424677 -2.558718 0.300427 0.276570 3.145301 0.958317
-0.943581 -0.979195 -3.467350 -0.249831 0.302702 0.240048 3.218880 0.951227
-0.943100 -1.741378 -0.988955 -0.176646 0.324829 0.240000 3.218880 0.921174
-1.004428 -0.501769 -1.475236 -2.319749 0.318011 0.278126 3.175469 0.961407
-0.905377 -1.041780 -2.353620 -3.122064 0.316258 0.245017 3.218880 0.940922
-1.042125 -1.854311 0.508510 -4.843614 0.317099 0.269602 3.218880 0.932222
-0.912777 -1.596116 0.196011 -4.011446 0.343902 0.273966 3.218880 0.938864
-1.074732 -0.459144 -3.965429 -3.921869 0.284936 0.267881 3.178195 0.970751
-1.026541 -0.977334 -0.655447 -1.486917 0.306698 0.252122 3.218880 0.955000
-0.975088 -1.415494 -2.099573 -2.273176 0.332770 0.301715 3.218880 0.935176
-0.994943 -0.897488 -1.788086 -0.960253 0.300717 0.240000 3.218880 0.946860
-1.008751 -1.187926 -3.468020 -1.291926 0.315835 0.293677 3.218880 0.952224
-0.987923 -0.860144 -3.411083 -0.570082 0.322947 0.298439 3.209965 0.952499
-0.986369 -1.839169 -0.197672 0.221457 0.324171 0.240000 3.218880 0.925004
-1.010418 -0.630962 -2.321480 -3.835915 0.319988 0.300090 3.190021 0.956506
-0.962579 -1.217125 -0.599264 -0.986843 0.311873 0.240783 3.218880 0.951621
-1.021593 -0.490614 -4.546410 -2.762641 0.308400 0.303841 3.122902 0.960782
-1.012727 -1.259135 -0.940930 -3.766762 0.324667 0.290478 3.218880 0.943073
-1.017115 -1.472250 -0.169383 -1.436482 0.320765 0.243425 3.218880 0.933404
