-0.988048 -1.085956 -1.533044 -2.193007 0.316822 0.270036 3.218880 0.946652
-0.981584 -1.027804 -1.677304 -2.288092 0.326592 0.297921 3.218880 0.960412
-0.993113 -1.146226 -1.823041 -2.331068 0.299805 0.240000 3.218880 0.943105
-0.993969 -1.135474 -1.825192 -2.325381 0.304397 0.244927 3.218880 0.945491
-0.992817 -1.100286 -1.802015 -2.328805 0.300535 0.240000 3.218880 0.947797
-0.998682 -1.102240 -1.781706 -2.326254 0.301052 0.240000 3.218880 0.945736
-0.991909 -1.085200 -1.817371 -2.313020 0.313439 0.270965 3.218880 0.946688
-1.004625 -1.079071 -1.786766 -2.302321 0.295576 0.240000 3.218880 0.953849
-1.005266 -1.078862 -1.782745 -2.297485 0.294576 0.240000 3.218880 0.948241
-1.015211 -1.090197 -1.769481 -2.300152 0.296790 0.240000 3.218880 0.949946
-1.032930 -1.077182 -1.771724 -2.274359 0.293909 0.240000 3.218880 0.951101
-1.031710 -1.078009 -1.768922 -2.282865 0.294510 0.240000 3.218880 0.948748
-1.043997 -0.984653 -1.781381 -2.274786 0.296140 0.247456 3.218880 0.949367
-1.044388 -0.994272 -1.796242 -2.267246 0.301720 0.276264 3.218880 0.956849
-1.050310 -0.970399 -1.756882 -2.255357 0.301490 0.293712 3.188813 0.956535
-1.066272 -0.768719 -1.841724 -2.267783 0.302492 0.301597 3.179135 0.961833
-1.072179 -0.777321 -1.835036 -2.274091 0.306946 0.284902 3.188926 0.953554
-1.069063 -0.786716 -1.825852 -2.266359 0.286129 0.246814 3.218752 0.960463
-1.072119 -0.754250 -1.800595 -2.250700 0.279909 0.240000 3.218880 0.965422
-1.076620 -0.751649 -1.847953 -2.198304 0.280306 0.240038 3.218880 0.967069
-1.083234 -0.754147 -1.794194 -2.192171 0.285932 0.240473 3.218880 0.960295
-1.083684 -0.751702 -1.792782 -2.193213 0.286433 0.241834 3.218880 0.961482
-1.095776 -0.732823 -1.784344 -2.229880 0.286896 0.244749 3.218880 0.960293
-1.093757 -0.727931 -1.792374 -2.240421 0.302418 0.284832 3.198684 0.957715
-1.089456 -0.713936 -1.761612 -2.221938 0.300250 0.280895 3.204860 0.965530
-1.089914 -0.714490 -1.756168 -2.217436 0.300908 0.280398 3.169651 0.945793
-1.090375 -0.721662 -1.767106 -2.220438 0.305039 0.297405 3.189823 0.959461
-1.088882 -0.713799 -1.749857 -2.223923 0.288124 0.243776 3.218880 0.955006
-1.072157 -0.812101 -1.794782 -2.251393 0.310312 0.284644 3.215271 0.959473
-1.066011 -0.848407 -1.794410 -2.245096 0.291455 0.240074 3.218880 0.951242
-1.063193 -0.844991 -1.756102 -2.244908 0.317256 0.307779 3.156085 0.949446
-1.030032 -0.766712 -1.759696 -2.162471 0.311923 0.277001 3.204031 0.948472
-1.025742 -0.758925 -1.767255 -2.149706 0.306088 0.256422 3.218880 0.960422
-1.029799 -0.711364 -1.763249 -2.186668 0.309471 0.292748 3.185829 0.966463
-1.023784 -0.715978 -1.753095 -2.187998 0.305545 0.275939 3.211410 0.964368
-1.023023 -0.737629 -1.773085 -2.190477 0.310729 0.285129 3.176810 0.957558
-1.023682 -0.734803 -1.777180 -2.181829 0.299415 0.251320 3.218880 0.961191
-1.027847 -0.679900 -1.789643 -2.201662 0.294943 0.257658 3.164569 0.956583
-1.031304 -0.659625 -1.790266 -2.238668 0.312261 0.292136 3.152894 0.964866
-1.033809 -0.669642 -1.785338 -2.243399 0.293087 0.263150 3.167492 0.959229
-1.038899 -0.610554 -1.782943 -2.247598 0.299628 0.257797 3.182768 0.964010
-1.041697 -0.633983 -1.806691 -2.235364 0.301430 0.278097 3.167286 0.966418
-1.032997 -0.652020 -1.799572 -2.231947 0.291694 0.245703 3.191533 0.958043
-1.028285 -0.624464 -1.816316 -2.239531 0.309426 0.287344 3.147767 0.953575
-1.025988 -0.641023 -1.801619 -2.235921 0.314087 0.298257 3.153102 0.960373
-1.027904 -0.655555 -1.828255 -2.212099 0.304955 0.274841 3.162869 0.963368
-1.065088 -0.643294 -1.774766 -2.244657 0.288005 0.246939 3.206570 0.963724
-1.062250 -0.636726 -1.778043 -2.243922 0.295346 0.264402 3.178766 0.963462
-1.045831 -0.568456 -1.747657 -2.307640 0.310811 0.294729 3.133103 0.960671
-1.054501 -0.616541 -1.856759 -2.327154 0.305712 0.277411 3.164079 0.964665
-1.055303 -0.614640 -1.848708 -2.329056 0.285801 0.245149 3.190168 0.963366
-1.055074 -0.613009 -1.847905 -2.331702 0.292510 0.259432 3.165001 0.961630
-1.047792 -0.613250 -1.829338 -2.342041 0.293926 0.263536 3.176015 0.966202
-1.030451 -0.676164 -1.872132 -2.319421 0.280521 0.240000 3.197199 0.966728
-1.031185 -0.604397 -1.777458 -2.385321 0.285797 0.242351 3.179551 0.962919
-1.031708 -0.602187 -1.768919 -2.386632 0.289754 0.253150 3.134156 0.952143
-1.002481 -0.648931 -1.750060 -2.395788 0.307129 0.272556 3.151248 0.958523
-1.005190 -0.607992 -1.801332 -2.387970 0.298596 0.254252 3.180125 0.962834
-1.003480 -0.658353 -1.790970 -2.391212 0.295968 0.247821 3.187173 0.960946
-1.000140 -0.637981 -1.787677 -2.381079 0.303594 0.270209 3.173262 0.965971
-0.993380 -0.561933 -1.766749 -2.394143 0.312544 0.281773 3.128139 0.957905
-0.985257 -0.525449 -1.831973 -2.323972 0.302385 0.256827 3.158303 0.956036
-0.981181 -0.513894 -1.865647 -2.316471 0.314987 0.286229 3.094404 0.955939
-0.974137 -0.470981 -1.895760 -2.320587 0.299578 0.252915 3.161431 0.963029
-0.973043 -0.471514 -1.889196 -2.316815 0.302694 0.261369 3.146348 0.962482
-0.955351 -0.418777 -1.894329 -2.354949 0.319170 0.282555 3.115840 0.959692
-0.965013 -0.412165 -1.911109 -2.364146 0.314761 0.272478 3.142506 0.964106
-0.961438 -0.359321 -1.907391 -2.382709 0.318706 0.282163 3.103265 0.960374
-0.956907 -0.364372 -1.909099 -2.362985 0.310304 0.262607 3.142663 0.962148
-0.956907 -0.364372 -1.909099 -2.362985 0.319321 0.279618 3.120945 0.964818
-0.975708 -0.363477 -1.910688 -2.373195 0.326841 0.293443 3.102930 0.963202
-0.975196 -0.365244 -1.914893 -2.365437 0.326512 0.296207 3.102545 0.960960
-0.976724 -0.374093 -1.930277 -2.467006 0.312209 0.279866 3.121664 0.963236
-0.978343 -0.385700 -1.889506 -2.406115 0.317923 0.277296 3.128923 0.960960
-0.991200 -0.373208 -1.836483 -2.429755 0.318260 0.283356 3.148670 0.971595
-0.972171 -0.407342 -1.829042 -2.443625 0.329923 0.293431 3.123738 0.958051
-0.982356 -0.391441 -1.811230 -2.459615 0.324322 0.299260 3.099225 0.960980
-0.986973 -0.413616 -1.765126 -2.493413 0.315076 0.281930 3.121486 0.956188
-0.991039 -0.387489 -1.718752 -2.463622 0.323129 0.291767 3.100480 0.955600
-0.988203 -0.394724 -1.716433 -2.457864 0.306853 0.266597 3.183523 0.971701
-0.986977 -0.389759 -1.724711 -2.462530 0.317701 0.277233 3.118726 0.954633
-0.986977 -0.389759 -1.724711 -2.462530 0.314107 0.275735 3.126741 0.952544
-0.986638 -0.393387 -1.730571 -2.460764 0.318404 0.290220 3.111150 0.963125
-0.971726 -0.393135 -1.727845 -2.468964 0.316288 0.276635 3.130248 0.956558
-0.970497 -0.376153 -1.766208 -2.477631 0.321015 0.291562 3.105862 0.957889
-0.968485 -0.374868 -1.765403 -2.469837 0.332697 0.299800 3.105602 0.960350
-0.947030 -1.416633 0.590721 -3.062288 0.320116 0.240000 3.218880 0.939498
-1.006749 -1.466720 0.010071 -3.474439 0.308868 0.240000 3.218880 0.937749
-0.897117 -2.359178 0.380061 -1.073489 0.340471 0.240000 3.218880 0.900353
-0.997266 -1.100155 -1.025354 -3.170056 0.304553 0.240000 3.218880 0.944182
-1.015500 -1.469626 0.274171 -2.211119 0.308968 0.240000 3.218880 0.937111
-0.965617 -1.277568 -1.473650 -1.508001 0.316431 0.244174 3.218880 0.936967
-0.963637 -1.798737 -0.036185 -4.524916 0.334334 0.279502 3.218880 0.927712
-0.951101 -1.054368 -2.229062 -3.052369 0.318760 0.264087 3.218880 0.948280
-0.952795 -0.969613 -4.128484 -3.230134 0.308279 0.245180 3.218880 0.945399
-0.919964 -0.475557 -4.597620 -2.190888 0.327527 0.296284 3.179482 0.963914
-1.043552 -0.838198 -2.065639 -2.142133 0.306344 0.296231 3.164195 0.956261
-0.984745 -1.418893 -2.253161 -4.708470 0.325839 0.312989 3.206931 0.940867
-0.942956 -1.505866 -1.378463 -2.969732 0.313035 0.240000 3.218880 0.931031
-0.966097 -0.809961 -1.405730 -4.521435 0.316223 0.261629 3.218880 0.952183
-1.098965 -0.205467 -3.417777 -4.720549 0.283323 0.281975 3.036545 0.965230
-1.023088 -0.874459 -1.716146 -4.685120 0.312395 0.279552 3.196192 0.951398
-0.981531 -1.229654 -0.311674 -2.128785 0.328731 0.261120 3.218880 0.941472
-0.999552 -0.826499 -3.396171 -2.478837 0.316543 0.306949 3.186422 0.963401
-1.004134 -0.543284 -4.498400 -2.612025 0.321833 0.308911 3.171874 0.962132
-1.077331 -0.376776 -3.005062 -2.355293 0.300785 0.293194 3.102530 0.963934
-0.986923 -1.221944 -0.619993 -3.957203 0.321337 0.259727 3.218880 0.937662
-0.916915 -0.364129 -3.742075 -4.134509 0.306111 0.275193 3.143966 0.969604
-1.069741 -1.124168 -0.570502 -3.931349 0.291325 0.240000 3.218880 0.953968
-1.047130 -0.807559 -0.154776 -3.253973 0.297964 0.243138 3.218880 0.963786
-0.987437 -0.724142 -4.186210 0.314871 0.296118 0.244512 3.218880 0.960908
-0.980566 -1.724667 0.868559 -4.510415 0.314352 0.240000 3.218880 0.939419
-1.014165 -1.239161 0.044353 -1.562309 0.306609 0.240000 3.218880 0.951363
-1.021402 -0.844045 -4.365253 -3.378130 0.298789 0.288977 3.197329 0.952432
-0.983447 -0.998363 -1.329655 -0.798081 0.320302 0.264088 3.218880 0.940600
-0.982095 -1.606996 -1.666980 -3.505368 0.320074 0.295137 3.218880 0.936420
-0.968069 -1.249550 -0.751943 -4.077581 0.328265 0.268312 3.218880 0.940580
-0.999937 -1.902997 0.692556 -2.770821 0.308293 0.240000 3.218880 0.927620
-1.003649 -1.311295 0.132660 -2.273569 0.307790 0.240000 3.218880 0.942699
-1.017474 -0.381753 -4.048353 0.313509 0.311696 0.301499 3.105973 0.963752
-1.025260 -0.810613 -3.381220 0.263845 0.297204 0.259216 3.218861 0.959196
-0.923888 -0.190730 -4.556516 -4.367248 0.313086 0.277202 3.100390 0.962271
-0.947801 -1.611527 0.388396 -0.161164 0.327881 0.240163 3.218880 0.932593
-1.009775 -0.493303 -3.416940 -1.403456 0.313017 0.294665 3.131793 0.959400
-0.951883 -0.791745 -3.721788 -0.478748 0.311711 0.260463 3.218880 0.949737
-1.002566 -0.992737 -1.597127 -3.679984 0.326179 0.297782 3.211910 0.947296
-0.948251 -0.440815 -4.888938 0.159566 0.329932 0.296033 3.167430 0.962281
-1.040826 -0.725560 -2.252750 -3.251888 0.309876 0.306000 3.177900 0.962008
-0.971003 -0.613143 -3.978663 0.264596 0.328328 0.307162 3.156858 0.950272
-0.969924 -0.767072 -2.549588 -0.218846 0.323346 0.278051 3.207402 0.954882
-1.059634 -0.624137 -1.399178 -4.486372 0.313469 0.294851 3.177400 0.957773
-1.040140 -0.542179 -4.067671 -2.547470 0.314678 0.309195 3.140728 0.959635
