-1.001145 -0.924424 -1.249331 -1.388150 0.321204 0.282793 3.182868 0.937048
-1.010001 -0.961074 -1.279156 -1.411366 0.306922 0.248198 3.218880 0.948270
-1.015627 -0.965454 -1.291777 -1.401848 0.303085 0.241666 3.218880 0.945349
-1.020550 -0.967970 -1.260784 -1.407964 0.314076 0.276046 3.218880 0.958349
-1.015362 -0.941192 -1.215271 -1.377593 0.304306 0.244935 3.218880 0.949310
-1.021595 -0.929495 -1.217954 -1.399585 0.321256 0.285182 3.217853 0.954850
-1.023861 -0.936169 -1.219952 -1.402431 0.313037 0.262834 3.218880 0.950995
-1.021797 -0.932977 -1.215971 -1.398913 0.321417 0.295285 3.202517 0.952286
-1.020547 -0.932329 -1.214067 -1.405901 0.315389 0.277931 3.218880 0.952707
-1.019491 -0.931284 -1.205297 -1.419319 0.310675 0.259559 3.218880 0.955664
-1.014911 -0.908524 -1.222655 -1.369459 0.311695 0.274070 3.211852 0.949747
-1.015643 -0.944223 -1.258999 -1.396843 0.313213 0.274276 3.218604 0.950411
-0.999795 -0.977136 -1.204625 -1.359466 0.304732 0.240807 3.218880 0.945094
-0.999950 -0.965202 -1.195850 -1.363247 0.308880 0.249250 3.218880 0.949960
-1.003930 -0.966286 -1.200587 -1.360024 0.309267 0.254407 3.218880 0.947315
-0.984871 -0.970655 -1.185420 -1.353933 0.316741 0.252354 3.218880 0.947214
-0.965116 -0.927680 -1.225083 -1.414851 0.329254 0.271244 3.218880 0.954569
-0.974880 -0.927113 -1.227872 -1.447445 0.315698 0.259493 3.218880 0.942313
-0.979054 -0.923368 -1.221603 -1.443672 0.306274 0.243584 3.218880 0.937356
-0.977016 -0.915695 -1.225491 -1.450983 0.315701 0.251651 3.218880 0.950685
-0.975082 -0.913503 -1.257539 -1.414105 0.326107 0.284916 3.196516 0.951793
-0.979430 -0.946622 -1.259506 -1.403638 0.300289 0.240019 3.218880 0.956275
-0.984323 -0.942228 -1.234751 -1.390194 0.304158 0.240498 3.218880 0.950523
-0.982696 -0.937787 -1.249023 -1.358813 0.315136 0.261667 3.218880 0.954147
-0.986666 -0.930639 -1.302164 -1.316860 0.302036 0.240000 3.218880 0.949227
-1.010494 -1.029016 -1.271586 -1.272831 0.296550 0.240000 3.218880 0.948640
-1.009434 -1.028025 -1.269309 -1.269360 0.293580 0.240000 3.218880 0.953234
-1.011606 -1.019254 -1.260241 -1.279397 0.291796 0.240000 3.218880 0.947215
-1.003873 -1.018199 -1.275548 -1.215318 0.298702 0.240000 3.218880 0.949321
-1.008991 -1.032433 -1.264958 -1.215475 0.300238 0.240023 3.218880 0.951439
-1.007963 -1.032899 -1.263570 -1.216269 0.317703 0.295966 3.197483 0.955437
-1.008915 -1.030210 -1.265670 -1.211460 0.299585 0.240005 3.218880 0.951225
-1.008915 -1.030210 -1.265670 -1.211460 0.299604 0.240014 3.218880 0.945084
-1.013937 -1.012981 -1.303356 -1.225516 0.295385 0.240000 3.218880 0.951307
-1.018351 -1.049286 -1.261320 -1.217707 0.294590 0.240000 3.218880 0.949236
-1.016186 -1.056855 -1.253631 -1.214940 0.297313 0.240000 3.218880 0.951459
-1.011535 -1.085875 -1.293901 -1.198703 0.329992 0.298433 3.206168 0.949407
-1.010655 -1.139080 -1.293615 -1.200630 0.323463 0.294169 3.216358 0.955106
-0.983393 -1.161907 -1.183491 -1.379352 0.317164 0.259708 3.218880 0.947110
-0.993039 -1.179714 -1.199996 -1.460856 0.308613 0.240016 3.218880 0.935374
-0.987875 -1.197771 -1.214202 -1.415208 0.306226 0.240000 3.218880 0.942067
-0.986725 -1.201741 -1.212736 -1.417562 0.309493 0.241848 3.218880 0.942352
-0.986233 -1.201142 -1.213280 -1.420165 0.317982 0.260044 3.218880 0.949624
-0.987942 -1.183437 -1.228712 -1.422872 0.323366 0.289074 3.215111 0.939977
-0.980621 -1.188873 -1.200978 -1.417836 0.330518 0.273400 3.218880 0.942813
-1.008591 -0.415165 -3.442673 -2.866934 0.306703 0.276472 3.158835 0.955474
-0.919664 -0.992892 -3.197989 -3.619712 0.311117 0.246504 3.218880 0.939899
-0.945404 -2.201370 0.880150 -3.106652 0.331265 0.240000 3.218880 0.913703
-0.923712 -2.392445 0.543238 0.704899 0.343299 0.240000 3.218880 0.912930
-0.947092 -0.575932 -4.098461 -1.555743 0.317312 0.271053 3.206332 0.950684
-0.973720 -0.849384 -2.735126 -0.860003 0.325010 0.285636 3.186346 0.955660
-0.991197 -1.162290 -0.013833 -4.902814 0.308699 0.240000 3.218880 0.944241
-0.926224 -1.353217 0.377211 -3.843566 0.345313 0.275647 3.218880 0.934141
-0.891849 -0.966149 -0.594539 -4.380947 0.329409 0.255645 3.218880 0.949177
-1.063243 -1.220740 0.224113 -3.539950 0.312347 0.251535 3.218880 0.942417
-1.045629 -2.049158 0.247423 -0.586658 0.336221 0.307126 3.218880 0.935908
-0.971197 -1.307381 0.955123 -4.582286 0.331977 0.266379 3.218880 0.935453
-1.049084 -1.243487 -1.112626 0.478744 0.315540 0.255335 3.218880 0.948702
-1.069325 -0.858481 -3.969188 -0.360380 0.293219 0.282434 3.218880 0.958553
-1.021221 -0.602849 -4.257707 -2.162955 0.303757 0.273012 3.192580 0.959735
-0.943862 -1.133891 -3.166770 -0.064416 0.311812 0.242605 3.218880 0.934263
-0.993226 -1.994710 0.847264 -0.443403 0.325096 0.240000 3.218880 0.928097
-0.991736 -0.187236 -4.615062 -2.406107 0.310888 0.300222 3.090612 0.960522
-0.982259 -0.637287 -4.135866 -4.008491 0.328341 0.306139 3.154709 0.954010
-1.022677 -0.692911 -3.669485 -0.646968 0.314866 0.307240 3.101206 0.945609
-1.004371 -1.068995 -1.091002 -2.495381 0.321691 0.276084 3.217341 0.959281
-1.030998 -1.164797 0.744434 -3.808796 0.301022 0.240000 3.218880 0.949696
-1.078372 -0.540970 -1.795997 -2.864248 0.303233 0.294986 3.126587 0.961419
-0.965494 -2.687733 0.745374 0.986046 0.337193 0.240011 3.218880 0.909396
-1.012198 -0.981074 -1.275660 -0.576643 0.310978 0.252649 3.218880 0.955289
-0.948945 -0.639611 -4.601496 -2.375710 0.326581 0.302261 3.186445 0.957310
-1.079287 -0.389811 -2.276640 -0.350820 0.313305 0.301729 3.063535 0.958849
-1.017897 -0.930360 0.447505 -4.770954 0.306875 0.241525 3.218880 0.955746
-0.940434 -0.590013 -3.550893 -3.722506 0.327973 0.294595 3.162984 0.950322
-1.036781 -1.071587 -2.389074 0.307146 0.319081 0.288578 3.218880 0.947760
-0.927652 -0.810288 -3.217113 -4.364828 0.326443 0.273393 3.218880 0.945946
-0.944610 -1.416582 -4.746345 -4.714261 0.310693 0.240000 3.218880 0.935508
-0.920523 -1.739313 -1.992372 -1.107206 0.341285 0.284064 3.218880 0.932226
-0.952456 -1.645606 0.543243 -1.916020 0.332276 0.246625 3.218880 0.923205
-1.020161 -0.960772 -2.578935 0.717421 0.295645 0.240059 3.218880 0.953995
-1.022758 -0.820654 -2.463362 -2.421757 0.299651 0.266211 3.218880 0.961085
-1.045364 -0.796310 -3.793746 -2.942349 0.312157 0.286928 3.200972 0.948930
-1.001959 -0.547613 -4.997787 -3.784163 0.306240 0.265184 3.206243 0.957629
-0.972943 -0.911145 -3.421915 -1.052505 0.306966 0.246058 3.218880 0.949612
-1.027098 -1.389306 -1.141515 -3.846242 0.305600 0.262679 3.218880 0.945946
-1.108394 -0.695503 -3.013504 -2.046732 0.297265 0.296833 3.131662 0.953478
-1.022804 -0.417804 -1.955296 -4.284816 0.316507 0.295538 3.107332 0.961791
-1.032023 -0.199770 -3.719755 -2.728060 0.301035 0.275677 3.125155 0.964159
-0.973393 -0.535822 -4.815048 -1.490149 0.322654 0.289831 3.176812 0.957515
-0.930970 -1.758211 -0.351069 -0.600587 0.334760 0.247312 3.218880 0.921736
-0.993696 -0.798097 -3.854296 -0.079317 0.314938 0.288337 3.207056 0.952500
-0.991719 -1.101026 -0.714877 -4.931249 0.295794 0.240000 3.218880 0.954320
-0.952859 -0.812213 -4.225728 0.584711 0.311243 0.257734 3.218880 0.956248
-0.967896 -0.673556 -4.492420 -4.345153 0.314709 0.281884 3.218880 0.956843
-1.019874 -0.419857 -4.318236 -3.651954 0.318529 0.310627 3.132734 0.960645
-1.064319 -0.705758 -2.987608 -4.174642 0.284453 0.244216 3.218880 0.963275
-0.962628 -0.820946 -2.748895 -3.674763 0.322181 0.289100 3.171166 0.950034
-1.010227 -0.524209 -4.574740 -2.993314 0.311342 0.294153 3.151134 0.957551
-1.004805 -0.392054 -3.984263 -0.667888 0.317492 0.298298 3.109731 0.954665
-1.008727 -0.390852 -3.163664 -3.962505 0.310635 0.293798 3.139044 0.961224
-1.029772 -0.202952 -3.916601 -4.430386 0.304344 0.293412 3.079876 0.955304
-1.007500 -0.643460 -2.823505 -1.201920 0.297786 0.251918 3.218880 0.957534
-0.891507 -2.037221 0.413520 -2.120329 0.343943 0.242899 3.218880 0.911641
-0.975583 -1.676955 0.264112 -2.080238 0.317936 0.240000 3.218880 0.925185
-1.003532 -0.307886 -4.202511 -1.787277 0.314389 0.295840 3.104070 0.960859
-0.970821 -0.714544 -3.368630 -3.067331 0.311982 0.271435 3.206434 0.954969
-0.973198 -1.225527 -1.959496 -0.383644 0.318340 0.267438 3.218880 0.943977
-1.028595 -1.367000 -1.945469 -0.423345 0.307944 0.283253 3.181131 0.927881
-0.941167 -0.639152 -4.722425 -0.132626 0.327046 0.282184 3.218780 0.949572
-1.023703 -1.526068 0.596102 -2.696932 0.310141 0.240000 3.218880 0.933790
-1.013213 -0.186389 -4.612981 -0.879096 0.304721 0.304012 3.058661 0.961959
-0.911238 -0.774021 -3.415597 -0.615840 0.331480 0.290244 3.197388 0.950011
-0.962105 -1.616447 -0.244243 -4.430926 0.323625 0.254161 3.218880 0.926133
-0.955636 -0.915374 -3.322117 0.970619 0.306156 0.241331 3.218880 0.941373
-1.003783 -0.313226 -2.804075 -2.530962 0.313284 0.297934 3.087922 0.964842
-0.990521 -0.782328 -2.893183 -0.650907 0.294030 0.240000 3.218880 0.952379
-1.054471 -0.864111 -1.097308 0.812915 0.301236 0.242569 3.185674 0.961794
-1.003990 -1.550136 -0.682461 0.121516 0.312378 0.240031 3.218880 0.933552
-1.015875 -1.294593 -1.651763 -2.041184 0.318248 0.289041 3.218880 0.952027
-0.974190 -1.407091 -0.728146 -4.011610 0.332931 0.272371 3.218880 0.930546
-1.001711 -0.691696 -0.535011 -2.974775 0.305692 0.248750 3.192275 0.949995
-1.020673 -0.556715 -4.642365 -2.644626 0.286746 0.261329 3.181526 0.960151
-0.944665 -0.700914 -1.323679 -3.656407 0.314113 0.258587 3.218880 0.953645
-1.010330 -1.179610 -0.696174 -3.228420 0.327465 0.285575 3.218880 0.945362
-0.974580 -0.994709 -4.589419 -2.118743 0.321010 0.287043 3.218880 0.940880
-1.052508 -1.023253 -1.496320 -1.026456 0.308016 0.259889 3.218880 0.944466
-1.010308 -1.037803 -1.517858 -2.973462 0.334220 0.314684 3.211967 0.956387
-0.997702 -1.337688 0.027937 -4.214829 0.310431 0.240000 3.218880 0.939705
-0.875191 -1.184172 -2.716472 -0.266340 0.335561 0.250462 3.218880 0.934000
-1.021527 -0.946348 0.613210 -4.840366 0.314033 0.254659 3.208504 0.946644
-1.014799 -1.372195 0.737473 -2.599861 0.311681 0.240000 3.218880 0.947361
-0.896883 -1.346265 -4.258888 -2.005356 0.340801 0.298107 3.218880 0.933977
