-0.971664 -1.793330 -0.050461 -1.994573 0.313177 0.240000 3.218880 0.930976
-1.011183 -1.020654 -0.087562 -1.005622 0.327839 0.270482 3.191019 0.945405
-0.991595 -0.304070 -3.046971 -4.218681 0.309838 0.285468 3.124105 0.960310
-0.974479 -1.639331 -4.346731 -0.151741 0.336496 0.326407 3.218880 0.943750
-1.016692 -0.575182 -3.919587 -4.220066 0.305036 0.279786 3.160054 0.969362
-0.995669 -1.363004 -0.079998 -4.488549 0.322993 0.281513 3.218880 0.944677
-1.010739 -0.247053 -4.630778 -4.123768 0.299904 0.274075 3.161669 0.970481
-0.936693 -1.242554 -3.238699 -4.942458 0.325289 0.267931 3.218880 0.940145
-0.973766 -1.588559 -0.338877 -4.273009 0.338493 0.302955 3.218880 0.937886
-0.984761 -0.688776 -3.362623 -2.739906 0.331344 0.305174 3.186125 0.962095
-1.046638 -0.145803 -4.256880 -0.443676 0.305080 0.288494 3.060693 0.963406
-0.922913 -1.694618 0.396120 -0.989166 0.337203 0.245073 3.218880 0.930526
-1.041926 -0.595267 -4.898732 -4.863438 0.307155 0.303664 3.181094 0.960784
-0.918762 -1.990064 -0.313616 -0.185006 0.331895 0.240000 3.218880 0.916966
-0.958513 -0.716790 -2.395785 -3.570668 0.311964 0.263341 3.208177 0.952925
-0.997677 -1.311912 -1.787987 -0.342300 0.332231 0.318411 3.218880 0.947561
-1.023035 -0.895057 -2.531977 -2.694635 0.306989 0.274048 3.218725 0.955726
-0.944302 -0.841642 -2.341680 -2.733071 0.330353 0.295398 3.191488 0.955310
-0.965365 -1.244361 -3.307077 -2.535151 0.320272 0.269946 3.218880 0.937808
-0.924092 -1.437794 0.101621 -1.386743 0.325960 0.240000 3.218880 0.936119
-0.948670 -1.322290 -0.743282 -2.447929 0.334053 0.288326 3.218880 0.935354
-0.988366 -1.325596 -1.974613 -2.007907 0.319815 0.289965 3.218880 0.945628
-1.046105 -0.612902 -2.588567 -4.681343 0.283227 0.244479 3.209054 0.962418
-0.985155 -0.656582 -3.530360 -2.995722 0.307409 0.268278 3.192653 0.952388
-1.027559 -1.134523 -1.973589 -1.458255 0.293166 0.240000 3.218880 0.941533
-0.977161 -0.343275 -3.972673 -4.335402 0.307231 0.272960 3.139584 0.955630
-0.935024 -0.263976 -2.651703 -2.502807 0.320692 0.282526 3.118019 0.964083
-0.986700 -1.194864 -0.749963 -3.789908 0.302945 0.240000 3.218880 0.941048
-0.980838 -0.984749 -1.539530 -0.777634 0.328356 0.279170 3.208189 0.933414
-1.000928 -1.911487 0.748351 -1.084804 0.316051 0.240005 3.218880 0.929625
-0.977278 -1.475356 -0.652618 0.554630 0.319814 0.240092 3.218880 0.938876
-0.989043 -1.417912 -0.302257 -1.152293 0.338273 0.301500 3.218880 0.947556
-0.991212 -0.680190 -2.060133 -2.406191 0.311487 0.270436 3.213761 0.962106
-0.942319 -1.080827 -0.746489 -3.210980 0.332618 0.282178 3.218880 0.949781
-0.952822 -1.500778 0.703271 -1.876922 0.320999 0.240000 3.218880 0.942488
-1.013034 -1.168771 0.152056 -2.858334 0.307592 0.241507 3.218880 0.941517
-0.991634 -0.802539 -2.151069 -0.296278 0.333859 0.299367 3.198212 0.950002
-1.043168 -0.689290 -3.164710 -2.108808 0.308959 0.297341 3.169258 0.949594
-1.013328 -0.367960 -4.386168 -0.053493 0.305330 0.290868 3.107769 0.967402
-0.951023 -0.494463 -4.285020 -1.245940 0.317060 0.279449 3.162648 0.957439
-1.011399 -1.943441 0.817997 -3.293169 0.312115 0.240000 3.218880 0.925774
-0.927170 -1.059972 -0.887938 -3.392821 0.333384 0.267043 3.202039 0.940280
-1.096606 -0.470777 -2.527941 -4.613857 0.300471 0.282718 3.174120 0.957043
-0.954354 -1.116522 -0.594800 -4.651778 0.315538 0.248386 3.218880 0.943515
-0.991326 -0.885846 -1.107685 -3.363300 0.308486 0.254406 3.218880 0.952575
-1.018690 -1.566237 0.171487 -0.284394 0.316435 0.240000 3.218880 0.946762
-1.015307 -0.425790 -3.281979 -2.389524 0.314487 0.302196 3.115080 0.963858
-0.905197 -1.586189 -1.844657 -0.117740 0.355318 0.313545 3.218880 0.928231
-1.030781 -1.032989 -2.551577 -1.637860 0.294377 0.240000 3.218880 0.949245
-1.001783 -1.620793 -0.012644 -1.894180 0.305697 0.240000 3.218880 0.937391
-1.079970 -0.822648 -2.091148 -2.626818 0.288087 0.242386 3.218880 0.950197
-0.997117 -0.641632 -3.287337 -1.699002 0.301932 0.252864 3.218880 0.960914
-1.031372 -1.094449 -3.099022 -2.521735 0.309039 0.255337 3.218880 0.945457
-1.005716 -0.799633 -2.286946 -1.661193 0.296556 0.244158 3.218880 0.953329
-0.986892 -0.411519 -2.486804 -1.988483 0.306186 0.264330 3.191203 0.963953
-1.027473 -0.492870 -3.352514 -3.156898 0.295596 0.257122 3.195447 0.962752
-0.897495 -1.326378 -0.995815 -1.989311 0.334818 0.265655 3.218880 0.936059
-0.950738 -0.704339 -2.700742 -4.029556 0.317088 0.283635 3.175723 0.950693
-1.013274 -1.050685 -1.361074 -1.639246 0.309901 0.249111 3.218880 0.950638
-0.987492 -0.936361 -4.436489 -1.118111 0.319683 0.277817 3.218880 0.944941
-1.009886 -0.949113 -1.420228 0.305451 0.315078 0.247242 3.218867 0.958818
-0.942752 -0.890353 -4.622488 -3.640313 0.323537 0.273281 3.218880 0.940250
-1.030566 -0.628335 -4.619672 -0.274921 0.306052 0.282489 3.139116 0.954806
-0.971191 -1.678503 -1.223254 0.282412 0.327589 0.271913 3.218880 0.938913
-0.981795 -0.804311 -4.330375 0.898483 0.309016 0.263146 3.218880 0.951673
-0.930198 -1.661586 0.649002 -2.456561 0.327970 0.240000 3.218880 0.929673
-0.947035 -1.594535 -0.206898 -1.138959 0.319951 0.240000 3.218880 0.934463
-0.924084 -0.439554 -4.124372 -2.461785 0.315468 0.267759 3.189455 0.957845
-0.983971 -0.370006 -3.535763 0.848808 0.318688 0.293724 3.100648 0.957977
-0.965691 -1.739833 -0.105420 0.547137 0.326111 0.240000 3.218880 0.927856
-1.039763 -1.736694 -0.810564 -1.624877 0.317825 0.283157 3.218876 0.939980
-0.998886 -0.827546 -3.321470 -1.191849 0.325472 0.302976 3.193396 0.954329
-0.988238 -2.199971 0.047766 -3.192999 0.334285 0.338154 3.218880 0.931579
-0.940604 -1.250974 -0.153843 -4.240312 0.312619 0.240000 3.218880 0.940764
-0.943761 -0.468608 -3.942047 -3.607118 0.335146 0.296616 3.173524 0.955849
-1.058394 -0.526258 -2.007395 -2.319962 0.301600 0.269336 3.147263 0.955292
-1.000567 -0.414054 -4.179580 -0.428451 0.305257 0.273225 3.181316 0.967791
-1.026611 -0.516207 -4.909417 -4.402592 0.291293 0.258717 3.215067 0.964759
-0.926378 -1.328297 -2.694538 -2.040524 0.314388 0.240000 3.218880 0.934739
-1.021792 -1.430656 -1.255599 -3.046627 0.326185 0.308015 3.218808 0.950749
-1.035217 -0.981915 -1.363034 -0.205237 0.293494 0.240000 3.218880 0.959614
-1.015124 -1.491158 -0.316416 -1.420285 0.308902 0.240000 3.218880 0.934315
-1.019617 -0.607030 -2.294729 -1.044129 0.303991 0.255202 3.213615 0.956251
-0.927057 -0.850625 -3.317542 -2.439680 0.323296 0.274068 3.218880 0.951969
-1.009179 -1.758660 -0.468123 -1.570022 0.332138 0.309491 3.218880 0.932482
-0.992027 -0.788428 -1.955551 -2.631992 0.322458 0.288411 3.191652 0.950840
-0.995091 -0.268166 -4.065616 -1.782500 0.311656 0.294290 3.085139 0.967910
-0.948305 -0.715284 -3.333714 -3.824864 0.322603 0.280311 3.206210 0.962133
-1.039227 -0.677673 -2.361973 -4.960151 0.293518 0.258194 3.207307 0.961466
-1.001446 -0.485539 -3.974271 -3.121706 0.312598 0.289203 3.190008 0.955381
-0.978828 -0.432523 -3.655603 -3.582425 0.305458 0.265050 3.158331 0.963297
-0.988095 -0.593451 -4.359342 -1.303549 0.315346 0.279457 3.218221 0.963931
-0.945823 -1.044457 -3.735701 -3.389747 0.322559 0.276500 3.218880 0.949353
-0.996612 -0.542150 -1.908992 -1.291381 0.319797 0.279327 3.169408 0.960470
-0.988757 -1.421313 -1.661854 -2.382417 0.341440 0.330355 3.218880 0.939176
-0.906942 -1.319668 -3.831219 -0.061541 0.336934 0.302522 3.218880 0.938509
-1.041145 -0.632797 -3.482785 -3.144425 0.284189 0.241131 3.218880 0.957159
-0.978046 -0.914122 -2.436790 -4.574873 0.300183 0.240009 3.218880 0.948095
-0.997234 -0.702163 -2.595570 -4.096874 0.310889 0.266117 3.210894 0.955341
-0.976129 -1.195843 -1.525512 -2.306397 0.319325 0.289533 3.218880 0.941942
-1.048123 -0.359278 -3.247200 -0.446742 0.303230 0.291586 3.064232 0.949337
-0.937777 -1.550749 0.008240 -1.937922 0.337548 0.262058 3.218880 0.931145
-0.949620 -0.624915 -4.931347 -2.656946 0.313224 0.271847 3.194251 0.954198
-0.945724 -1.340776 0.933083 -4.867977 0.318361 0.240000 3.218880 0.942878
-0.975979 -0.634532 -4.403478 -3.338264 0.313640 0.279246 3.211397 0.968433
-0.969222 -0.829994 -2.550784 -4.346902 0.324490 0.289778 3.216531 0.948930
-1.029054 -0.814835 -1.064021 -3.986307 0.307645 0.285974 3.187889 0.962834
-1.051762 -0.678665 -2.954153 -3.846576 0.288513 0.246542 3.218880 0.956911
-1.000849 -1.290023 -0.947475 -1.411967 0.309173 0.240000 3.218880 0.932415
-1.029203 -0.955452 -0.019384 -3.617472 0.297784 0.240000 3.218880 0.953729
-0.902868 -1.235318 -1.958424 0.244345 0.315735 0.240064 3.218880 0.941561
-1.042938 -1.006518 -2.996176 -4.159618 0.308105 0.303400 3.210346 0.956775
-1.001263 -1.872572 -0.261983 0.906588 0.322253 0.240000 3.218880 0.923522
-0.960045 -1.415460 -0.463844 -1.956097 0.322033 0.247313 3.218880 0.932185
-1.004632 -1.124133 0.300461 -3.990082 0.327586 0.277917 3.218457 0.951282
-1.010384 -0.789480 -3.492420 -0.273599 0.296355 0.247617 3.218880 0.948639
-0.970702 -2.161676 -0.032582 0.615148 0.331369 0.240000 3.218880 0.921345
-1.020562 -1.099114 -1.583028 -4.761970 0.300378 0.240000 3.218880 0.938460
-1.121949 -0.634401 -4.020058 -4.604412 0.288510 0.295527 3.155946 0.963024
-1.033352 -1.340836 -3.005554 0.055467 0.322400 0.292711 3.218880 0.944215
-0.961701 -0.792635 -2.826316 -0.132202 0.315207 0.272390 3.206113 0.956601
-1.034966 -0.378846 -2.387170 -0.916096 0.317886 0.296215 3.113363 0.967499
-1.037907 -0.755043 -4.682928 -1.880272 0.298282 0.271650 3.217384 0.950843
-0.998722 -0.380973 -4.573172 -2.829826 0.318591 0.305485 3.144953 0.965853
-1.012723 -0.767713 -3.010918 0.370454 0.310527 0.289112 3.174543 0.958098
-0.960259 -0.915540 -0.597116 -4.381566 0.325532 0.280029 3.206949 0.948934
-0.929597 -1.265897 -0.584387 -2.034022 0.327323 0.249462 3.218880 0.940718
-0.949641 -1.253815 -1.611071 0.962627 0.311175 0.240000 3.218880 0.941745
-1.023225 -0.805766 -1.621057 -3.863704 0.301361 0.250898 3.218880 0.955754
-1.114154 -0.576896 -1.966541 -0.541248 0.295188 0.289381 3.132290 0.956163
-1.036518 -1.426661 0.968627 -4.300408 0.313354 0.240000 3.218880 0.934136
