-0.986117 -0.996170 0.230339 -2.858214 0.327883 0.265160 3.218880 0.945115
-0.948434 -1.130242 -0.649736 -1.401268 0.316314 0.245238 3.218880 0.946984
-0.986613 -1.047177 -1.999944 -2.557450 0.320120 0.275175 3.218880 0.945374
-0.983581 -0.840949 -4.154385 -3.296781 0.293600 0.240000 3.218880 0.950847
-0.933012 -0.972046 -0.602490 -4.771868 0.316354 0.245124 3.218880 0.944132
-0.965919 -0.804597 -3.400316 -3.542404 0.315051 0.260860 3.218880 0.951874
-0.972798 -0.867567 -1.445536 -4.307221 0.313452 0.261378 3.218880 0.959415
-0.988433 -1.131582 -2.725500 -3.216354 0.319025 0.291543 3.218880 0.943532
-1.068030 -0.660120 -4.129657 -4.691672 0.301389 0.298238 3.146573 0.959698
-0.963880 -1.529721 -0.021165 -1.830984 0.312146 0.240000 3.218880 0.940015
-0.989883 -0.474081 -3.602578 -2.317030 0.314724 0.282494 3.185918 0.963097
-0.937559 -1.716689 -0.371233 -0.989852 0.350449 0.311762 3.218880 0.931945
-1.031453 -0.940491 -3.050291 -3.675156 0.310556 0.284924 3.218880 0.957269
-0.943029 -1.070315 -1.720401 -0.694098 0.321760 0.254584 3.218880 0.946344
-0.965398 -0.981093 -2.508121 -0.059874 0.315106 0.254920 3.218880 0.940958
-0.969150 -1.724676 -0.471203 -4.045723 0.328995 0.294639 3.218880 0.935032
-0.987371 -0.700280 -3.821212 -0.850530 0.291156 0.241509 3.211215 0.961466
-0.948502 -0.953768 -4.637881 0.421308 0.324726 0.289553 3.214758 0.943566
-1.038030 -0.807921 -4.727704 -2.494461 0.308327 0.296868 3.205300 0.954348
-1.011100 -0.916915 -2.102389 -3.762043 0.316679 0.283171 3.218332 0.947782
-1.048475 -0.941482 -4.908190 -3.228599 0.304273 0.302327 3.218664 0.961225
-0.926568 -1.923320 0.793261 0.327323 0.335295 0.240000 3.218880 0.929434
-0.971028 -1.169555 -0.707073 -2.218360 0.307328 0.240000 3.218880 0.947260
-1.024645 -1.790629 -1.624177 0.463542 0.321486 0.284355 3.218880 0.934477
-0.923164 -1.512136 0.853452 -3.723112 0.334850 0.253572 3.218880 0.936938
-0.999982 -0.782387 -4.461913 -3.152902 0.320268 0.309819 3.197170 0.954652
-0.990610 -1.156711 -2.054978 -4.918214 0.326364 0.299468 3.218050 0.951741
-0.915129 -1.161255 -3.986031 0.156953 0.316940 0.261366 3.218880 0.950794
-0.988878 -0.893867 -3.577827 -1.148247 0.321574 0.285003 3.205694 0.947431
-0.933624 -0.723958 -4.383617 -3.707626 0.327726 0.282453 3.212156 0.942032
-1.086990 -0.995774 -1.717031 -0.261560 0.316593 0.309535 3.186657 0.953787
-0.980171 -1.016696 -3.603876 0.088926 0.313370 0.253680 3.218880 0.941818
-0.996441 -1.202052 -0.106274 -4.273315 0.305055 0.240000 3.218880 0.944208
-1.051871 -0.129998 -4.758487 -1.642961 0.297025 0.281268 3.112711 0.969598
-1.011536 -1.046087 -2.945011 -4.353023 0.295544 0.240000 3.218880 0.949133
-0.889618 -1.647522 -0.392970 -3.876603 0.327920 0.242189 3.218880 0.927587
-1.076599 -0.659995 -2.339238 -4.839425 0.300181 0.277999 3.201653 0.956718
-0.875800 -1.240875 -4.435589 -0.926591 0.336874 0.266581 3.218880 0.938863
-1.022009 -0.857624 -0.441463 -2.585468 0.296318 0.240170 3.218880 0.960108
-0.990059 -1.034961 -4.846824 0.976064 0.317434 0.285590 3.216717 0.947440
-1.045082 0.008301 -4.625185 -3.755796 0.296826 0.294345 3.038119 0.973531
-1.054638 -0.540492 -4.104898 -1.774946 0.302765 0.298625 3.150458 0.958211
-0.971416 -1.695763 0.058194 -3.389514 0.342128 0.296185 3.218880 0.934864
-0.947969 -1.616139 0.868171 -4.551972 0.329888 0.245347 3.218880 0.923357
-0.978589 -0.573057 -3.322829 -0.108668 0.303434 0.254047 3.203828 0.960030
-0.965744 -1.028369 -3.241599 -3.554375 0.323510 0.283497 3.191109 0.935059
-0.935527 -1.077012 -0.152466 -3.775587 0.311353 0.240000 3.218880 0.941920
-0.962544 -2.114160 0.311109 0.819386 0.330872 0.240000 3.218880 0.921581
-0.939302 -0.705367 -4.446386 0.994130 0.317081 0.275285 3.184034 0.951796
-0.996019 -0.901876 -0.657137 -2.806122 0.322947 0.269141 3.218880 0.952122
-1.026314 -0.325990 -4.670397 -0.296680 0.305794 0.292656 3.157223 0.956418
-0.970331 -1.271946 -0.317974 -1.819356 0.309777 0.240000 3.218880 0.939743
-1.009304 -0.409983 -3.378612 -2.858269 0.303855 0.281558 3.142189 0.963064
-0.939884 -1.628578 -3.191600 -1.751535 0.326538 0.256294 3.218880 0.923474
-0.982070 -1.840188 0.966397 -3.641432 0.318486 0.240000 3.218880 0.924249
-0.949843 -0.975407 -1.533093 -3.292644 0.328625 0.271928 3.218880 0.947134
-1.005183 -0.925021 -2.136715 -4.960220 0.319060 0.305467 3.209670 0.954348
-0.951751 -0.463244 -4.720074 -0.243941 0.325979 0.292824 3.166553 0.953871
-0.925936 -1.438371 -0.832865 -4.427132 0.318126 0.243965 3.218880 0.934187
-0.942916 -1.200315 -1.497699 -3.629384 0.330346 0.276551 3.218880 0.939385
-1.006019 -0.435985 -3.733186 -3.052827 0.322789 0.300587 3.181074 0.966339
-0.976227 -1.535166 -1.609807 0.763004 0.314946 0.240000 3.218880 0.933677
-0.994228 -0.808886 -1.222476 -2.605632 0.299335 0.244293 3.218880 0.957065
-0.925630 -1.390111 0.143925 -2.973024 0.335611 0.252760 3.218880 0.932596
-1.020346 -0.456152 -2.949384 -3.023649 0.296551 0.257879 3.173139 0.959173
-0.977308 -0.626879 -2.110684 -2.214418 0.321928 0.292023 3.174407 0.954976
-1.012107 -0.595239 -1.867947 -4.188743 0.305137 0.257470 3.193785 0.946668
-0.932606 -0.934018 -4.232102 -1.435094 0.329414 0.274600 3.218880 0.943116
-0.963714 -0.530862 -3.090972 -4.967706 0.318929 0.294861 3.122051 0.964287
-1.014132 -0.448520 -4.180109 -2.530435 0.308926 0.286024 3.156052 0.954993
-0.930563 -1.627615 0.793500 -4.036986 0.326100 0.240000 3.218880 0.932033
-1.016226 -1.267968 0.552826 -4.603445 0.298625 0.240000 3.218880 0.950152
-0.993758 -1.489659 -0.744666 0.625942 0.311193 0.240000 3.218880 0.941899
-1.096119 -0.621525 -3.185538 -2.091595 0.281512 0.253467 3.217627 0.968049
-0.947812 -1.497264 -0.953113 0.324750 0.334102 0.262347 3.218880 0.938736
-1.005765 -1.213560 -0.987505 -1.114132 0.310535 0.243411 3.218880 0.941189
-0.975873 -1.602531 0.290254 -3.130720 0.328515 0.264569 3.218880 0.936243
-1.025905 -1.076049 -1.259199 -3.901847 0.299315 0.242079 3.218880 0.943000
-1.029820 -0.984772 -3.510757 -4.199078 0.313700 0.304051 3.218880 0.953114
-0.925661 -1.171972 -0.162461 -4.860284 0.340810 0.278894 3.218880 0.939479
-0.921940 -1.137613 -2.316024 -2.794412 0.333967 0.277946 3.218880 0.933709
-0.965364 -0.763033 -4.455149 0.701796 0.311886 0.259111 3.218880 0.948510
-0.994724 -0.191496 -4.877017 -4.798935 0.304225 0.304637 3.019369 0.964623
-0.987839 -0.520602 -3.651569 0.045414 0.323704 0.314825 3.087128 0.948543
-0.996192 -1.223609 -1.748496 -1.709579 0.336549 0.310251 3.218880 0.945827
-1.028811 -0.875086 -0.394339 -4.719928 0.297405 0.240067 3.218880 0.960697
-0.992557 -1.329919 -0.498857 0.641028 0.317691 0.240000 3.218880 0.943475
-1.037206 -1.422059 -0.534925 -0.004427 0.315588 0.245365 3.218880 0.941812
-0.941857 -1.105336 -0.430814 -1.832966 0.331262 0.269226 3.218880 0.945075
-1.015491 -0.619275 -3.168776 0.204144 0.310591 0.275588 3.170232 0.952982
-0.981814 -1.133863 -3.852516 -1.007658 0.309689 0.265412 3.218880 0.942611
-1.009084 -0.777188 -4.152205 -0.779196 0.331638 0.320335 3.134773 0.954570
-1.026680 -0.975902 -2.594309 0.555713 0.324326 0.316745 3.196993 0.952017
-0.911112 -1.385089 -0.851619 0.521388 0.329397 0.241112 3.218880 0.936604
-0.948445 -0.680828 -2.160476 -1.841223 0.314718 0.255071 3.218880 0.951737
-0.900492 -1.196379 -4.030253 -2.624903 0.333495 0.270834 3.218880 0.932084
-1.006455 -0.734950 -3.581706 -2.259479 0.313685 0.303095 3.133056 0.949408
-1.004143 -0.489630 -2.685729 -1.991048 0.313368 0.294899 3.124410 0.963563
-0.956621 -1.554576 0.638653 -2.122767 0.327452 0.241885 3.218880 0.930655
-1.012310 -0.204702 -2.861233 -3.790821 0.305457 0.283620 3.110790 0.964734
-0.979422 -2.548539 0.586226 0.817371 0.334621 0.240000 3.218880 0.915699
-0.968692 -0.848516 -4.974166 0.619843 0.321717 0.299422 3.207947 0.951111
-0.940507 -2.069893 -2.276997 -4.985849 0.349771 0.319904 3.218880 0.919098
-0.939329 -1.735963 -0.423575 -2.442110 0.327530 0.241348 3.218880 0.921332
-0.973624 -0.860350 -3.760585 -4.474336 0.322907 0.295220 3.188667 0.950021
-0.967271 -0.627777 -4.486604 0.962477 0.319167 0.273842 3.190856 0.951707
-1.045318 -0.392945 -2.209741 -2.336615 0.309885 0.292824 3.116021 0.959012
-1.038436 -0.222694 -3.794654 -4.772591 0.304714 0.285741 3.089530 0.960840
-0.950094 -1.279809 -0.584850 -0.842825 0.320769 0.242159 3.218880 0.940040
-1.015262 -0.833545 -3.437755 0.822884 0.316316 0.291127 3.197500 0.943911
-1.021497 -1.351206 -1.781225 -0.012359 0.316789 0.264461 3.218880 0.937381
-1.020916 -1.001731 -1.243011 -2.845404 0.314309 0.287564 3.218880 0.948877
-0.971164 -1.112747 -1.637703 -3.505498 0.316380 0.258148 3.218880 0.947703
-0.938167 -0.511996 -3.195221 0.561711 0.323700 0.273523 3.177520 0.958497
-1.025173 -0.774055 -0.981614 -4.013460 0.309604 0.289700 3.147442 0.950371
-0.989534 -0.692306 -2.825258 -3.525219 0.313830 0.263686 3.217225 0.950970
-0.989539 -2.960663 0.893069 0.754406 0.353690 0.271703 3.218880 0.908400
-0.966865 -0.902949 -3.856422 -2.172559 0.313033 0.267919 3.218273 0.937809
-1.001292 -0.311565 -4.349248 -4.672782 0.310704 0.291146 3.107451 0.962167
-0.941326 -0.402355 -3.387180 0.632454 0.316126 0.274291 3.121074 0.955675
-1.013285 -1.389943 -1.042367 0.018816 0.331175 0.280463 3.218880 0.937887
-0.933157 -1.368961 0.111193 -3.672013 0.326699 0.248763 3.218880 0.942304
-1.011850 -0.760256 -4.871414 0.699763 0.307567 0.264466 3.218880 0.951961
-0.935025 -1.588367 0.325586 -1.871936 0.324197 0.240483 3.218880 0.929882
-0.963929 -0.616294 -4.439844 0.387791 0.317725 0.290669 3.166207 0.949601
-1.033595 -0.323371 -4.516096 -2.118156 0.299309 0.272726 3.170027 0.968919
-0.971436 -0.430098 -3.790817 -2.621338 0.318022 0.288031 3.157952 0.960358
-1.017966 -0.932856 -3.897679 -0.958307 0.306798 0.263177 3.218880 0.951147
-0.987487 -1.496546 -0.259940 -1.271554 0.315457 0.240000 3.218880 0.938228
-0.962044 -0.824701 -1.484791 -4.025534 0.306022 0.244673 3.218880 0.952359
-0.988445 -0.512752 -2.667490 -1.978788 0.305759 0.272974 3.157806 0.962647
