-0.955526 -0.813290 -4.796988 -2.776592 0.320902 0.273020 3.203489 0.955869
-0.949908 -1.006463 -4.752245 -3.750107 0.311313 0.251131 3.218880 0.944971
-0.989783 -0.718128 -4.062253 -0.241193 0.304038 0.251442 3.218880 0.948110
-0.954084 -2.120822 0.868992 -0.809399 0.324900 0.240000 3.218880 0.924671
-0.979377 -1.365610 -1.633641 -1.160789 0.314181 0.251935 3.218880 0.941847
-0.959953 -0.753673 -4.066325 -4.746996 0.297591 0.252611 3.218568 0.954739
-1.069257 -0.665251 -2.518032 -4.492814 0.307502 0.298747 3.200191 0.957714
-1.006142 -0.834742 -4.364838 -4.188200 0.294991 0.241863 3.218880 0.948992
-0.983123 -1.395033 0.370941 -3.894125 0.317605 0.242370 3.218880 0.941524
-0.922672 -1.493964 -0.229797 -3.187772 0.321388 0.240000 3.218880 0.927082
-0.940276 -0.965902 -1.983916 -4.259880 0.328709 0.298411 3.215483 0.956817
-1.069589 -0.680494 -3.506340 -0.841244 0.299965 0.294990 3.175931 0.960427
-0.920498 -1.051744 -3.895424 -1.174875 0.328772 0.299936 3.217713 0.951471
-0.942636 -1.314294 -1.019089 -2.941811 0.314418 0.240000 3.218880 0.934018
-0.994197 -1.053654 -0.602692 -3.179554 0.318516 0.271617 3.191621 0.952433
-0.930127 -0.676280 -4.313081 0.799063 0.321446 0.278151 3.188152 0.956387
-1.092434 -0.178736 -1.548882 -1.073266 0.300108 0.276677 3.072682 0.975141
-0.967772 -0.832345 -4.919371 -1.633491 0.297935 0.241313 3.218880 0.947632
-1.032490 -1.400050 0.808020 -4.351624 0.317028 0.278982 3.218765 0.948663
-0.960761 -0.877194 -3.184973 -2.603385 0.333840 0.310366 3.209844 0.948991
-1.053673 -1.840829 0.165802 -2.380894 0.325504 0.292039 3.218880 0.932562
-0.965007 -1.157089 -0.317361 -3.934249 0.323822 0.256176 3.218880 0.937940
-0.944186 -1.234207 0.348974 -3.461458 0.321231 0.248112 3.218880 0.947329
-0.938775 -1.876549 -0.491504 -1.675558 0.341020 0.285926 3.218880 0.926191
-0.981225 -1.015365 -1.208696 -4.292276 0.322113 0.271663 3.218428 0.941853
-1.034672 -0.349278 -3.390104 0.230829 0.303333 0.289424 3.095127 0.961050
-0.968838 0.040382 -4.327540 -3.379023 0.309601 0.294969 3.006490 0.966954
-1.012423 -1.516634 -2.645780 -4.009253 0.319103 0.306977 3.218880 0.940200
-1.011958 -0.815877 -2.492114 -3.764065 0.313154 0.296269 3.175945 0.942644
-1.009908 -0.624853 -2.134286 -3.431519 0.294572 0.247566 3.210869 0.962511
-1.017668 -0.544760 -4.292079 -0.637144 0.284189 0.245391 3.185533 0.963023
-1.024811 -1.518574 0.327617 -0.247252 0.315412 0.240000 3.218880 0.941448
-0.894747 -0.514235 -3.140204 -2.700056 0.332558 0.280312 3.172332 0.958028
-1.011017 -0.787285 -3.757099 -2.915202 0.313599 0.290880 3.195605 0.951598
-1.003967 -0.942085 -0.064741 -2.988349 0.302138 0.240090 3.218880 0.950947
-1.037259 -0.609417 -3.339316 -2.291669 0.315637 0.310153 3.186725 0.961376
-1.006190 -1.013172 -3.162111 -4.362433 0.316953 0.308094 3.200798 0.952934
-0.916594 -1.777612 -1.703416 0.867737 0.339952 0.261160 3.218880 0.926294
-0.934650 -0.809117 -2.245387 -1.148425 0.313833 0.249452 3.218880 0.947561
-0.984424 -1.419242 -0.071094 -3.225061 0.320066 0.250846 3.218880 0.942395
-0.949479 -1.321234 0.600734 -4.930157 0.326866 0.245581 3.218880 0.929544
-0.946105 -1.030196 -1.533638 -3.793198 0.311710 0.244665 3.218880 0.946488
-1.087104 -0.905424 -1.705859 0.017448 0.289041 0.240000 3.218880 0.956991
-1.013553 -1.095586 -0.925446 -2.516192 0.318111 0.278505 3.218880 0.943663
-0.978658 -0.897939 -0.756144 -1.062473 0.306715 0.241503 3.217076 0.954554
-0.941497 -1.706754 -0.749905 -0.178310 0.325155 0.240000 3.218880 0.922309
-0.921111 -1.598052 -2.569520 -0.142207 0.340603 0.296638 3.218880 0.926847
-1.017506 -1.236832 -0.208899 -3.720662 0.308834 0.240000 3.218880 0.934357
-0.909805 -1.092786 -4.187283 0.836929 0.338567 0.294724 3.215398 0.947075
-0.972227 -1.300809 -2.464603 -0.306531 0.321982 0.287207 3.218880 0.933748
-1.019404 -1.762566 -0.703424 0.659877 0.314121 0.240000 3.218880 0.925254
-0.951358 -2.230163 0.809973 -0.281548 0.337555 0.247569 3.218880 0.916991
-1.009916 -0.486271 -3.190755 -4.911738 0.306872 0.279153 3.135442 0.967579
-0.998796 -2.078586 0.421647 0.373092 0.326210 0.240000 3.218880 0.930272
-1.034636 -0.950386 -1.756841 0.251781 0.306228 0.250574 3.218880 0.951424
-1.024994 -0.350219 -4.573129 -3.673478 0.308813 0.290419 3.114639 0.960357
-0.928066 -1.627237 0.788359 -2.206693 0.324233 0.240000 3.218880 0.939302
-1.014766 -1.231678 -1.321304 -1.014239 0.298514 0.240000 3.218880 0.946006
-1.027156 -0.333034 -4.355370 -4.013273 0.305673 0.296561 3.097955 0.963366
-1.073594 -0.884876 -4.952810 0.553776 0.300403 0.291056 3.205049 0.952755
-1.027952 -1.234668 0.180601 -1.005951 0.320199 0.243311 3.218873 0.942121
-0.972006 -1.398875 -1.122631 0.317680 0.320620 0.241572 3.218880 0.942993
-0.960256 -1.154757 -2.275355 -4.458113 0.323272 0.270957 3.218880 0.940462
-1.032707 -1.226972 -0.217723 -0.548864 0.326324 0.259036 3.218880 0.939566
-0.939888 -1.398102 0.751843 -4.466232 0.324485 0.243102 3.218880 0.938228
-1.011697 -1.267040 -2.379447 -1.911362 0.320808 0.294976 3.218880 0.945220
-0.941565 -1.161379 -3.809518 -0.399625 0.330888 0.290099 3.218880 0.940370
-1.035518 -0.412094 -4.721569 -4.817561 0.301465 0.291335 3.147170 0.968378
-0.994930 -1.020490 -2.899037 0.462535 0.299257 0.240000 3.218880 0.949678
-0.978304 -1.000842 -3.600528 -1.302530 0.304945 0.241211 3.218880 0.946301
-0.972093 -0.799880 -4.360435 -3.921754 0.303138 0.259381 3.218880 0.953878
-0.987522 -0.915860 -2.726291 -2.382089 0.304193 0.246769 3.218880 0.946132
-0.981645 -1.149753 -3.396465 -1.117910 0.314915 0.255612 3.218880 0.936213
-1.004335 -0.572047 -4.025566 -1.539856 0.307613 0.270483 3.170343 0.957092
-0.972480 -0.791136 -2.241489 -1.042807 0.298097 0.240452 3.218880 0.961159
-0.987669 -0.872328 -2.228471 -0.542829 0.312322 0.252077 3.218880 0.950171
-0.980797 -0.237185 -3.720079 -2.876792 0.314981 0.303297 3.078639 0.963159
-0.947967 -0.668701 -4.950041 -0.573843 0.303159 0.251587 3.218880 0.954984
-0.932361 -0.505211 -3.437379 -2.422086 0.318690 0.288177 3.169961 0.961300
-0.952456 -1.265313 -0.724890 -1.012162 0.318221 0.244743 3.218880 0.945813
-0.968370 -1.255478 -1.769559 -3.561313 0.320681 0.265787 3.218880 0.929235
-0.994474 -0.778202 -1.765765 -2.255151 0.324227 0.272288 3.214681 0.948818
-0.937754 -0.797074 -4.902916 -0.639941 0.328766 0.306606 3.217593 0.960234
-0.959413 -1.802703 0.519123 -1.055235 0.322641 0.240000 3.218880 0.927186
-0.969049 -0.874326 -0.119400 -4.659788 0.319964 0.255326 3.218880 0.950627
-0.932150 -1.578350 -4.599774 -1.502643 0.343485 0.321183 3.218880 0.930978
-1.015181 -1.424745 0.581727 -4.662946 0.336896 0.284015 3.218880 0.931801
-0.924507 -1.401951 -0.929534 -2.043368 0.316631 0.240000 3.218880 0.935377
-1.040421 -1.286602 0.749992 -4.495155 0.304241 0.240000 3.218880 0.948364
-0.936052 -1.060197 -3.154024 -1.657642 0.308435 0.244277 3.218880 0.944696
-0.974036 -1.033342 -4.335839 -1.358616 0.322125 0.274280 3.218880 0.941637
-1.009578 -0.999395 -0.226527 -3.355079 0.313950 0.256930 3.218880 0.953981
-0.972095 -0.788198 -2.932363 -3.856568 0.308113 0.258598 3.218880 0.952608
-0.965161 -0.644018 -4.327772 0.849299 0.319626 0.291374 3.208198 0.962353
-0.956085 -0.979203 -0.863346 -3.784203 0.313404 0.250487 3.218880 0.950283
-1.082408 -0.712666 -2.305314 -2.198927 0.296988 0.258921 3.218880 0.952864
-0.922559 -0.770404 -2.535375 -0.857818 0.321578 0.262625 3.218880 0.952606
-1.035351 -0.589276 -2.296281 -4.614032 0.314527 0.296262 3.140371 0.958115
-1.031226 -0.314549 -4.654035 -2.418404 0.303851 0.283923 3.158320 0.971712
-0.895693 -1.282339 -1.704770 -4.712709 0.339808 0.275925 3.218880 0.939457
-0.959741 -0.747886 -1.330920 -4.708568 0.311475 0.259455 3.169825 0.935573
-0.959117 -1.177903 -1.861500 -3.262587 0.306657 0.240000 3.218880 0.952157
-0.953430 -1.040702 -2.105281 0.003323 0.314812 0.245986 3.218880 0.943338
-1.043326 -1.066853 -3.522019 0.503520 0.295984 0.240478 3.218880 0.942180
-1.018685 -1.469416 -0.349132 -1.546245 0.309616 0.240000 3.218880 0.944017
-1.010592 -1.356051 0.538276 -3.108470 0.321779 0.243669 3.218880 0.932874
-1.050311 -0.324853 -4.916702 0.856818 0.302232 0.273838 3.176639 0.969934
-0.984029 -0.775741 -3.107787 -4.951062 0.319974 0.290656 3.203339 0.948614
-0.922988 -1.206121 -3.113005 -3.895968 0.330234 0.257135 3.218880 0.928217
-0.990869 -0.917557 -4.881162 -3.007160 0.319663 0.286978 3.218643 0.949199
-1.039521 -1.274412 -3.256490 -1.279790 0.318573 0.305557 3.218632 0.943525
-0.915047 -2.110130 -0.121107 0.840990 0.338915 0.240000 3.218880 0.917631
-1.041659 -1.176985 -1.527099 0.431593 0.316269 0.275335 3.218635 0.945732
-1.058158 -0.619870 -1.995640 -0.303410 0.297723 0.249805 3.197134 0.959155
-0.992607 -1.176707 -0.453541 -2.246594 0.306147 0.240000 3.218880 0.949147
-0.975357 -1.423116 0.103585 -1.512800 0.312836 0.240000 3.218880 0.939789
-1.016560 -0.711798 -3.939041 -3.062493 0.309304 0.306867 3.190017 0.967124
-0.965745 -1.069828 -2.475701 -2.785091 0.303328 0.240000 3.218880 0.945565
-0.935421 -1.094537 -3.204359 -2.250785 0.328886 0.287013 3.218880 0.945150
-1.015893 -1.255092 0.376663 -4.615768 0.332255 0.296379 3.218880 0.945858
-1.000377 -1.176288 -3.197495 -1.626222 0.310132 0.254394 3.218880 0.936128
-1.031297 -1.154498 -0.640634 -1.599529 0.319563 0.283904 3.218880 0.955577
-1.043081 -0.331975 -2.126254 -4.050539 0.313692 0.296785 3.078141 0.963208
-1.034050 -0.896619 -2.502339 -0.309042 0.305266 0.251055 3.218880 0.949935
-1.037441 -1.178716 -0.028992 -1.584970 0.303253 0.240000 3.218880 0.946302
-0.924660 -1.068064 -2.970447 -3.631260 0.328457 0.278233 3.218880 0.950182
-1.022374 -1.276568 -2.657377 -4.114095 0.317473 0.309301 3.218880 0.956314
-1.050708 -0.734843 -0.747925 -3.789108 0.316118 0.279398 3.217868 0.960725
-1.045776 -0.762483 -1.390559 -1.800286 0.308666 0.273699 3.215037 0.959872
-0.934425 -0.760415 -3.492693 -0.002764 0.310921 0.253704 3.218880 0.953881
-0.927416 -0.979374 -3.022667 -4.197519 0.330549 0.282267 3.218880 0.944578
-0.965141 -0.914437 -2.450701 0.990993 0.327405 0.287993 3.184346 0.945001
