-0.994076 -1.884725 0.583631 -1.184095 0.317715 0.240000 3.218880 0.926513
-1.037773 -0.736085 -3.663224 -2.481680 0.287514 0.241534 3.218880 0.951368
-1.033630 -0.742076 -4.317492 -1.025421 0.307112 0.275670 3.218723 0.966433
-1.024368 -0.976885 -4.958759 -4.862473 0.305029 0.273503 3.218880 0.949622
-0.968562 -0.889351 -2.427021 -0.195873 0.313240 0.250687 3.218880 0.940693
-0.934674 -1.097240 -3.874081 -0.056125 0.319235 0.256388 3.218880 0.934623
-1.015056 -0.841552 -0.269867 -3.142787 0.311033 0.252492 3.218880 0.949406
-1.014724 -1.320343 -2.080296 0.235450 0.304784 0.240000 3.218880 0.932667
-0.944171 -1.334126 -0.000389 -4.997675 0.312791 0.240017 3.218880 0.940650
-1.068296 -0.745978 -1.049259 -4.979554 0.298578 0.274439 3.170128 0.953199
-0.962824 -1.073571 -1.589885 -4.840000 0.305531 0.244465 3.218880 0.942725
-0.953398 -1.742792 -0.704089 -2.622129 0.324701 0.252140 3.218880 0.927411
-1.009415 -0.539032 -3.467244 -0.427439 0.300389 0.261859 3.205413 0.963087
-0.967172 -1.129647 -3.413723 -1.126059 0.319202 0.265358 3.218768 0.943767
-1.032222 -1.492127 0.656138 -3.098734 0.310193 0.240000 3.218880 0.934004
-1.009734 -0.801801 -3.620899 -3.059128 0.315381 0.294709 3.211194 0.953236
-0.990687 -1.226959 -1.220462 -4.294485 0.312632 0.259783 3.218880 0.943697
-0.982214 -0.378143 -4.106728 -0.933276 0.319900 0.282547 3.156500 0.952828
-1.030172 -0.764291 -2.245951 -0.542496 0.321098 0.290382 3.170226 0.956377
-1.090565 -1.501467 0.662076 -2.917073 0.297572 0.240000 3.218880 0.941513
-0.946859 -0.712106 -3.962443 -2.978005 0.324580 0.287893 3.201617 0.952125
-0.977234 -0.778802 -3.325150 -2.386674 0.320965 0.282791 3.215957 0.952287
-0.892345 -1.647330 -0.255265 -1.778706 0.341512 0.250950 3.218880 0.920172
-1.043437 -1.447855 0.980918 -4.822768 0.325085 0.296684 3.218880 0.948312
-0.982201 -0.751488 -4.595908 -3.156155 0.314698 0.291725 3.189433 0.958852
-0.989450 -0.801602 -2.117252 -3.910446 0.317358 0.283266 3.200815 0.956751
-1.009552 -0.358537 -4.515379 -4.320801 0.302094 0.276363 3.112880 0.957010
-1.013952 -1.126414 -3.643766 0.544378 0.316658 0.291409 3.218480 0.949344
-0.955075 -1.466813 0.681672 -2.433700 0.334883 0.256029 3.218880 0.937517
-1.000185 -1.483598 0.229191 -3.308127 0.312801 0.240000 3.218880 0.936160
-1.006917 -0.592261 -4.656062 -3.087926 0.289957 0.246123 3.217795 0.959355
-0.950638 -0.996527 -2.075694 -1.749627 0.333779 0.283833 3.218880 0.943193
-1.004336 -0.678491 -1.443677 -3.538890 0.315436 0.272519 3.181237 0.954728
-0.981666 -0.910038 -1.090981 -4.193915 0.311984 0.256249 3.218880 0.950013
-0.969489 -1.044115 -2.218652 -2.068685 0.320144 0.267484 3.218880 0.948590
-1.012352 -0.947560 -2.847883 -0.429449 0.313863 0.286521 3.186437 0.946603
-1.045170 -0.347940 -3.947670 0.421448 0.298568 0.282912 3.069677 0.959380
-0.943773 -1.684249 0.733933 -1.564423 0.325360 0.240003 3.218880 0.936576
-1.006306 -1.584529 0.957776 -4.848272 0.316656 0.243520 3.218880 0.929125
-0.993426 -1.736126 0.998830 -2.080346 0.328288 0.244236 3.218880 0.936240
-0.984745 -0.802181 -2.759023 -3.647820 0.319588 0.293686 3.193754 0.957978
-0.957678 -0.995994 -3.262746 0.135213 0.303513 0.243119 3.218880 0.952021
-1.031592 -0.653255 -4.345718 -2.947174 0.311615 0.289209 3.190825 0.957261
-1.013159 -1.234986 -0.133315 -2.326823 0.310870 0.241549 3.218880 0.944204
-0.939910 -0.663785 -3.723705 -0.433239 0.321202 0.279180 3.179369 0.965153
-0.960193 -0.992107 -2.011029 -0.765051 0.310654 0.246290 3.218880 0.947135
-0.979137 -1.053880 -3.603973 -1.012772 0.301531 0.246894 3.218880 0.943964
-0.987026 -1.134245 -1.456592 -1.317452 0.322035 0.257473 3.218880 0.947030
-0.952578 -1.510237 -0.389098 -4.348731 0.352243 0.305306 3.218880 0.936354
-1.021575 -0.619394 -4.657643 -4.931016 0.305286 0.290091 3.168178 0.958922
-0.996547 -0.126761 -4.998223 0.436973 0.305837 0.291476 3.066473 0.965883
-0.948942 -1.066516 -1.826993 -4.914187 0.313022 0.245236 3.218880 0.937274
-0.977138 -0.777820 -3.832261 -4.903690 0.313004 0.262909 3.216599 0.954307
-1.006992 -0.794145 -2.842411 -2.734000 0.292052 0.240000 3.218880 0.951399
-0.850292 -1.712041 -2.649055 -0.451626 0.353890 0.287822 3.218880 0.917098
-0.962934 -1.186894 0.430369 -4.304788 0.326927 0.251143 3.218880 0.942262
-0.982094 -1.276226 -2.773391 -1.439206 0.302851 0.240000 3.218880 0.941704
-0.994134 -0.619645 -1.248070 -3.487469 0.313974 0.266022 3.171854 0.951836
-0.913590 -0.973883 -4.282388 -1.657614 0.340028 0.314245 3.216643 0.956433
-1.005704 -1.309726 -3.555576 -1.173223 0.301351 0.241443 3.218880 0.932490
-1.014570 -0.611151 -1.669449 -3.465501 0.309500 0.277654 3.161010 0.962940
-1.037702 -0.984175 -2.434613 0.830354 0.312786 0.286173 3.218113 0.948478
-1.055956 -0.451139 -4.067414 0.409769 0.306866 0.296075 3.131691 0.954500
-1.061494 -1.289816 0.434215 -4.974150 0.319636 0.286921 3.218880 0.948203
-1.019212 -0.511068 -1.800999 -3.096785 0.317397 0.299486 3.116593 0.956227
-0.981368 -0.785141 -0.216786 -3.240961 0.334438 0.297753 3.156291 0.956657
-1.006226 -1.278325 -0.383632 -4.776541 0.331020 0.316703 3.218880 0.951472
-0.989257 -0.216276 -2.859767 -1.842731 0.323456 0.305397 3.082084 0.965735
-0.991073 -1.256629 -3.383640 -0.477720 0.326858 0.289499 3.218880 0.945388
-0.972583 -0.953774 -2.086634 0.657351 0.311868 0.245532 3.218880 0.954353
-1.032714 -1.184691 0.196347 -3.157763 0.304769 0.241179 3.218880 0.951329
-0.981730 -0.621585 -3.886791 0.284123 0.313522 0.268846 3.175563 0.961411
-0.984386 -1.444688 -3.605244 -2.883161 0.326629 0.306202 3.218880 0.930252
-0.977665 -0.960491 -1.485803 -0.883727 0.332168 0.287767 3.217165 0.956040
-1.033717 -0.496975 -3.549039 -2.321764 0.316212 0.309797 3.118872 0.959396
-0.973657 -0.558618 -2.703909 -1.679411 0.310498 0.280718 3.149728 0.963660
-0.953326 -1.025650 -0.455213 -3.729274 0.308315 0.240034 3.218880 0.951119
-1.013985 -1.044444 -1.271141 -1.869744 0.318766 0.269423 3.218880 0.947282
-0.994647 -0.692911 -2.980508 -1.678301 0.305573 0.264546 3.217807 0.957879
-0.995919 -0.721354 -3.267169 -2.401316 0.295236 0.245228 3.218880 0.959117
-0.999692 -1.227840 -4.360202 -0.051118 0.296302 0.240000 3.218880 0.939950
-1.058464 -0.228226 -4.486842 -2.413304 0.296855 0.278014 3.139874 0.968413
-1.031443 -1.331633 -0.662854 -1.880031 0.297871 0.240000 3.218880 0.934607
-1.047850 -1.121411 -3.547114 -0.648532 0.301568 0.251647 3.218880 0.942147
-1.011540 -1.165386 -2.364555 0.354609 0.302285 0.240000 3.218880 0.942782
-0.958144 -0.749039 -3.809207 -3.009647 0.320891 0.286101 3.218880 0.955248
-0.951072 -0.935816 -2.306501 -2.620716 0.325766 0.280670 3.218880 0.947271
-0.971568 -1.038927 -1.072104 -3.804856 0.314909 0.255156 3.218880 0.951101
-0.936328 -1.119878 -3.674754 0.808957 0.339228 0.292743 3.218880 0.937979
-0.956394 -0.705122 -4.114198 -2.481304 0.325615 0.309249 3.164830 0.950619
-0.966244 -0.791385 -2.550423 -0.474533 0.331263 0.291466 3.193317 0.952512
-0.959963 -0.940125 -2.761267 -4.767607 0.313901 0.266276 3.218880 0.955272
-1.013086 -0.780226 -4.622213 -3.948674 0.314982 0.311831 3.198717 0.955574
-1.006443 -0.446185 -3.782390 -3.983208 0.305659 0.280824 3.170217 0.963226
-0.988130 -0.641072 -2.565552 -1.244559 0.303095 0.251793 3.218880 0.959749
-0.999206 -1.007945 -0.458191 -2.928314 0.305343 0.240000 3.218880 0.946953
-0.971521 -1.389822 0.846590 -3.519127 0.326345 0.247972 3.218880 0.944685
-0.984591 -0.980475 -3.501649 0.482090 0.320354 0.285048 3.218880 0.951887
-1.038455 -0.789440 -1.268753 -0.020409 0.297426 0.240613 3.218880 0.961309
-0.978954 -0.681358 -1.441807 -1.813123 0.315414 0.267128 3.195333 0.955441
-1.028916 -0.398734 -4.631678 -3.715580 0.301360 0.280698 3.149043 0.962858
-0.944294 -0.809381 -3.958303 -2.111963 0.328948 0.297257 3.216070 0.954031
-0.958538 -0.862344 -3.939942 -3.351135 0.308209 0.256292 3.218880 0.952438
-0.992805 -1.148018 0.146857 -3.025714 0.306212 0.240000 3.218880 0.943096
-0.956904 -1.888456 -3.186062 -0.091932 0.334142 0.319056 3.218880 0.934083
-0.944346 -0.562135 -1.669153 -2.055322 0.319201 0.276976 3.145280 0.950835
-0.923566 -1.622215 -0.286492 -4.744894 0.321999 0.240000 3.218880 0.926060
-1.035865 -0.079674 -4.104560 -2.709935 0.304539 0.307450 3.054278 0.971265
-0.977795 -1.170062 -0.429465 -0.766176 0.318606 0.248513 3.218880 0.949381
-0.992762 -0.999745 -2.947672 0.735956 0.296385 0.240026 3.218880 0.948293
-0.998544 -1.466741 -0.606992 -0.373744 0.313169 0.240000 3.218880 0.934405
-0.992156 -1.039725 -0.423485 -2.580884 0.312151 0.243985 3.218880 0.946187
-1.031058 -1.246805 -1.501094 -4.663224 0.305344 0.268676 3.218880 0.943877
-1.031531 -0.939401 -0.205659 -4.941213 0.320151 0.295576 3.188948 0.950377
-0.981394 -0.324263 -4.447873 -3.217093 0.315603 0.300406 3.114494 0.965595
-1.051584 -0.775707 -3.827317 -2.132678 0.304839 0.293535 3.206745 0.962738
-0.982505 -1.112262 -3.205228 0.794307 0.318639 0.274762 3.218880 0.941908
-0.977606 -1.025990 -4.299774 -0.673907 0.318127 0.278487 3.218880 0.943286
-1.126236 -0.502828 -4.094525 -0.417398 0.290337 0.300168 3.173530 0.968645
-1.049969 -1.376539 0.949940 -2.568538 0.309720 0.240008 3.218880 0.936806
-1.023003 -0.523879 -1.954260 -3.188482 0.295426 0.273192 3.162965 0.963522
-0.978645 -1.071605 -4.801880 -4.351411 0.311926 0.299358 3.214580 0.953073
-1.027585 -0.522825 -2.530108 -2.346945 0.307514 0.279325 3.146880 0.957777
-0.960830 -1.187234 0.678747 -4.708319 0.326006 0.252837 3.218880 0.942891
-1.021263 -0.793780 -2.847119 -4.241138 0.310430 0.282061 3.210815 0.953458
-1.045813 -0.932964 -3.277756 -2.804514 0.290911 0.243448 3.218880 0.953506
-1.076215 -0.735711 -1.409315 -3.803534 0.307419 0.288471 3.192991 0.953606
-0.986947 -1.371634 -1.525131 0.666799 0.317405 0.246371 3.218880 0.937875
-1.016878 -1.111742 0.009315 -2.508392 0.307656 0.240000 3.218880 0.948610
-1.059514 -1.358304 -1.095285 0.308172 0.309078 0.241878 3.218880 0.939668
-0.978101 -0.737103 -4.549361 0.775022 0.313513 0.276650 3.215015 0.957003
-1.010889 -0.660077 -2.640885 -1.204020 0.314810 0.280997 3.214867 0.954107
