-1.023358 -0.359717 -4.189231 -3.648095 0.311439 0.297977 3.104276 0.960843
-0.965151 -0.657714 -3.833702 -1.198951 0.329519 0.309100 3.150592 0.949217
-1.013986 -0.722912 -0.878947 -2.293382 0.295044 0.240657 3.217377 0.960961
-0.997296 -1.221442 -0.665651 -1.645226 0.310164 0.240000 3.218880 0.937676
-1.006397 -0.564144 -3.930753 0.421507 0.312095 0.297893 3.138862 0.953885
-0.958625 -1.172806 -0.851037 -1.373457 0.330860 0.267045 3.218880 0.937036
-1.006053 -0.961952 0.048640 -3.613958 0.313199 0.252845 3.218880 0.942914
-0.998324 -0.651185 -4.866020 -3.494265 0.303004 0.283172 3.218880 0.960496
-0.982315 -0.690572 -4.137558 -3.297941 0.300999 0.248382 3.218880 0.949926
-1.002940 -0.241863 -4.835273 -0.468421 0.307822 0.296480 3.099728 0.966011
-0.964265 -1.009633 -0.463995 -3.477935 0.331135 0.273800 3.218880 0.948116
-0.951726 -1.024762 -1.760089 -0.884503 0.331443 0.290574 3.209534 0.943709
-1.001535 -1.323887 -0.774617 -4.763146 0.323805 0.286453 3.218880 0.946837
-0.948911 -1.414398 -0.212040 -2.919775 0.327921 0.245956 3.218880 0.933183
-0.943682 -0.563360 -4.202858 -3.462841 0.320863 0.275470 3.216748 0.954456
-1.056157 -1.050914 -0.708045 -3.468630 0.321364 0.291488 3.188938 0.949758
-1.028913 -1.010079 -1.358019 -3.868035 0.316243 0.276379 3.218725 0.947680
-1.016116 -0.707036 -2.867919 -3.711387 0.289545 0.251421 3.204761 0.959243
-0.998461 -1.061241 -0.066997 -3.923226 0.304836 0.240000 3.218880 0.947945
-1.014839 -1.679308 -0.445465 -3.539319 0.319598 0.300896 3.200817 0.940140
-0.960142 -0.613680 -3.447817 -2.366571 0.316077 0.289009 3.171152 0.954213
-1.075946 -0.395312 -4.341445 -3.788564 0.281654 0.257973 3.168180 0.964879
-1.002872 -0.547342 -4.422304 -3.809242 0.314434 0.307955 3.141655 0.960040
-0.919185 -1.348219 -0.469076 -2.945591 0.350829 0.306324 3.209576 0.942354
-0.945429 -1.163186 -3.822604 -1.268192 0.316773 0.253461 3.218880 0.937034
-1.030102 -0.279747 -4.227321 -3.746793 0.306561 0.297022 3.085079 0.966944
-0.987770 -1.068246 -4.046446 -0.751426 0.309329 0.254062 3.218880 0.944800
-0.980557 -1.413357 -3.513388 -4.169869 0.309032 0.240000 3.218880 0.924231
-0.959639 -1.996699 -1.527889 -3.247318 0.333951 0.272219 3.218880 0.924823
-1.035809 -0.434174 -4.273356 0.519314 0.316414 0.301507 3.145652 0.964831
-1.049396 -0.662550 -0.552622 -4.418609 0.296343 0.250371 3.190416 0.958320
-1.047419 -0.311456 -4.824516 -0.847776 0.305415 0.292219 3.111979 0.963211
-0.924865 -0.436118 -4.731647 0.362062 0.320742 0.283360 3.122145 0.952414
-0.981470 -0.958214 -1.786716 -0.498221 0.301757 0.241958 3.218880 0.962943
-0.994732 -0.403793 -3.079089 -4.500481 0.301466 0.264592 3.173069 0.963087
-0.977057 -1.480952 -0.971955 -4.533189 0.327578 0.285886 3.218880 0.935709
-1.021519 -1.165882 -0.572786 -1.272315 0.307976 0.243194 3.218880 0.947340
-0.930662 -1.479494 -0.240664 -2.319614 0.323097 0.241886 3.218880 0.933940
-1.005000 -1.199256 -0.847992 -3.346629 0.306885 0.240000 3.218880 0.938139
-1.018577 -1.185588 -0.485256 -4.002434 0.316061 0.255344 3.218880 0.941510
-0.915708 -0.870771 -4.755639 -1.942754 0.329946 0.282063 3.217309 0.945693
-0.946208 -1.779690 0.570336 -0.816128 0.328556 0.240000 3.218880 0.929862
-0.989917 -0.726984 -4.637325 -2.356083 0.290591 0.241710 3.218880 0.958626
-0.985277 -0.250195 -4.058870 -1.947448 0.312250 0.292652 3.076835 0.963817
-0.986901 -0.788825 -3.149535 -4.952115 0.313553 0.271194 3.218880 0.951147
-0.979391 -1.345920 -1.129227 0.199604 0.308328 0.240002 3.218880 0.937064
-0.986672 -1.608550 -0.843311 -0.589118 0.315045 0.240032 3.218880 0.928678
-0.962990 -1.370535 -1.712998 -3.416151 0.329131 0.287278 3.218796 0.935996
-1.074672 -0.221688 -2.847699 -4.654528 0.294437 0.290387 3.077959 0.965177
-0.965029 -0.909476 -4.113500 -4.300521 0.320468 0.292678 3.218880 0.958001
-0.996789 -0.475939 -3.636395 -0.304459 0.315715 0.289881 3.137091 0.960526
-0.989044 -0.391624 -3.561005 -4.749950 0.309267 0.293812 3.112526 0.962288
-1.030454 -0.458721 -4.344452 -3.795333 0.313997 0.301652 3.147493 0.958342
-0.959839 -0.860080 -2.896509 0.492669 0.313171 0.250068 3.218880 0.947681
-1.020987 -0.506676 -1.670222 -4.298505 0.315243 0.296243 3.161529 0.957741
-0.964857 -0.877927 -3.447247 0.759786 0.311547 0.253160 3.218880 0.952700
-0.932817 -0.857188 -0.202489 -4.773451 0.327250 0.261486 3.201361 0.952871
-1.093895 -0.532905 -4.976382 0.564159 0.294150 0.281799 3.179257 0.967936
-1.050079 -0.635601 -3.777318 -4.577166 0.296474 0.275001 3.192348 0.962672
-1.048371 -0.946479 -0.139939 -3.363405 0.296321 0.240000 3.218880 0.955416
-0.988016 -0.768191 -3.287194 -4.049345 0.319084 0.286229 3.209841 0.956669
-0.948420 -1.454791 -0.110980 -2.024902 0.343114 0.295956 3.218880 0.932299
-0.978434 -0.239297 -3.943754 -1.758535 0.307896 0.286623 3.082660 0.962310
-1.012064 -0.604973 -2.879555 -2.889929 0.312273 0.300716 3.141492 0.957508
-1.010644 -0.542662 -2.647188 -2.916647 0.312367 0.285946 3.218880 0.964142
-1.016171 -0.935169 -3.480961 -0.030203 0.301329 0.243862 3.218880 0.943815
-1.042288 -0.389156 -4.835297 -0.873604 0.304705 0.284870 3.152622 0.965581
-0.993725 -0.390288 -4.149522 0.261287 0.313929 0.288953 3.115615 0.958886
-1.002668 -1.271991 -0.987571 -0.613993 0.306691 0.241381 3.218880 0.947080
-0.935470 -1.533908 -1.255229 -1.251089 0.336781 0.268054 3.218880 0.922372
-1.023396 -2.150049 0.279471 0.092520 0.315736 0.240000 3.218880 0.923706
-0.973692 -0.891427 -2.010569 -0.868153 0.317787 0.262726 3.218880 0.956225
-0.974315 -0.881918 -2.015036 -0.862735 0.320734 0.273066 3.218880 0.959714
-0.974838 -0.884046 -2.021303 -0.864019 0.305829 0.242913 3.218880 0.950221
-0.974150 -0.917274 -2.049469 -0.887989 0.312922 0.247285 3.218880 0.948386
-0.967957 -0.927234 -2.067677 -0.875502 0.317931 0.260696 3.218880 0.953940
-0.970923 -0.932490 -2.039783 -0.861283 0.311527 0.257752 3.218880 0.953365
-0.964432 -0.930003 -2.046655 -0.892059 0.318071 0.278647 3.178119 0.939892
-0.964947 -0.934806 -2.050083 -0.900858 0.321053 0.271212 3.218880 0.961275
-0.965126 -0.937451 -2.051154 -0.906014 0.308502 0.247138 3.218822 0.948414
-0.962271 -0.925405 -2.072215 -0.927521 0.322156 0.265031 3.218880 0.950268
-0.989969 -0.964931 -2.121649 -0.896243 0.318848 0.260158 3.218880 0.947724
-0.986924 -0.968572 -2.128316 -0.900922 0.331248 0.283638 3.195082 0.943028
-0.997100 -0.895598 -2.060050 -1.023918 0.322252 0.286242 3.202534 0.952409
-1.052944 -0.946972 -2.225409 -1.119613 0.311018 0.280767 3.218766 0.952000
-1.073891 -0.945487 -2.199343 -1.189401 0.289062 0.240000 3.218880 0.955929
-1.087122 -0.984513 -2.230127 -1.167858 0.295000 0.256426 3.218880 0.947672
-1.082841 -0.995193 -2.233909 -1.169630 0.291030 0.240000 3.218880 0.950500
-1.086182 -0.982528 -2.224404 -1.176162 0.303305 0.307555 3.171014 0.956874
-1.089136 -0.999784 -2.207057 -1.150484 0.284693 0.240000 3.218880 0.961078
-1.081326 -0.974554 -2.205240 -1.132533 0.289589 0.240044 3.218880 0.952005
-1.078896 -0.943202 -2.201575 -1.091867 0.307650 0.303032 3.200929 0.959296
-1.092847 -0.937219 -2.239497 -1.078039 0.302068 0.303386 3.183968 0.957402
-1.093687 -0.940659 -2.244219 -1.070666 0.298538 0.299968 3.184948 0.955776
-1.094776 -0.953492 -2.243469 -1.093367 0.286176 0.240000 3.218880 0.951778
-1.085358 -0.938468 -2.352199 -1.077098 0.301610 0.306786 3.173861 0.957506
-1.088204 -0.954709 -2.365101 -1.071855 0.295934 0.283262 3.196529 0.953837
-1.086583 -0.936245 -2.366587 -1.073914 0.304194 0.294851 3.185354 0.962189
-1.076618 -0.937161 -2.377135 -1.045181 0.280390 0.240011 3.218880 0.962881
-1.078880 -0.934130 -2.359259 -1.055184 0.279858 0.240000 3.218880 0.961296
-1.073868 -0.938773 -2.338977 -1.060691 0.281911 0.240000 3.218880 0.961171
-1.038654 -1.016898 -2.212148 -1.027169 0.292486 0.248793 3.217230 0.965918
-1.038512 -1.012300 -2.203165 -1.026620 0.296316 0.247432 3.218880 0.954884
-0.992958 -0.992766 -2.304462 -1.075258 0.303171 0.244751 3.218880 0.950359
-0.997740 -0.997333 -2.312621 -1.091251 0.299637 0.240000 3.218880 0.945990
-1.002409 -0.999757 -2.302378 -1.093276 0.313854 0.269933 3.218880 0.949498
-1.002159 -1.006294 -2.353548 -1.097298 0.321645 0.275277 3.217969 0.955634
-1.002507 -0.985835 -2.373868 -1.108550 0.296897 0.240000 3.218880 0.950190
-0.993069 -1.031481 -2.370348 -1.101162 0.300211 0.240000 3.218880 0.949705
-0.992612 -1.021021 -2.361345 -1.111976 0.312458 0.269531 3.216929 0.950305
-0.989894 -1.002955 -2.371882 -1.109722 0.317420 0.272034 3.207856 0.947023
-1.011998 -1.120485 -2.345197 -1.059085 0.318977 0.296994 3.185287 0.952712
-1.009838 -1.119061 -2.347268 -1.091948 0.292200 0.240000 3.218880 0.953293
-1.009970 -1.076459 -2.369648 -1.124368 0.294326 0.240000 3.218880 0.951057
-0.995278 -1.003311 -2.440544 -1.205041 0.296093 0.240000 3.218880 0.954281
-0.996115 -1.000401 -2.439009 -1.204557 0.296341 0.240000 3.218880 0.953951
-0.999985 -1.009696 -2.448868 -1.189361 0.295350 0.240000 3.218880 0.951817
-0.983194 -1.029501 -2.505981 -1.173201 0.296843 0.240000 3.218880 0.949382
-0.984559 -1.029758 -2.476324 -1.180683 0.304384 0.243629 3.218880 0.951151
-0.983356 -1.038187 -2.464451 -1.205939 0.305108 0.240126 3.218880 0.947124
-0.984950 -1.036822 -2.467566 -1.217730 0.305867 0.244060 3.218880 0.950369
-0.985418 -1.051190 -2.476387 -1.220436 0.319571 0.290100 3.213309 0.954321
-0.983595 -1.072409 -2.462838 -1.238726 0.304443 0.243574 3.218880 0.948263
-0.976285 -1.074317 -2.472039 -1.254487 0.317003 0.285404 3.217264 0.959093
-0.975513 -1.071487 -2.475565 -1.245223 0.305858 0.240049 3.218880 0.948725
-0.974383 -1.064043 -2.477903 -1.239088 0.323180 0.286236 3.200130 0.949318
-0.975043 -1.031600 -2.462595 -1.186260 0.308877 0.247158 3.218880 0.948830
-0.975348 -1.030417 -2.462689 -1.185679 0.308999 0.246060 3.218880 0.946996
-1.000504 -1.049913 -2.399178 -1.227498 0.325048 0.283818 3.175836 0.940666
-0.997122 -1.045078 -2.396541 -1.229103 0.315897 0.261428 3.218880 0.950559
-1.008751 -1.032171 -2.357332 -1.175741 0.319573 0.287771 3.217038 0.953539
-1.005999 -1.041345 -2.358361 -1.156699 0.301779 0.241144 3.218863 0.947005
