-0.970484 -0.957967 -1.291780 -1.885895 0.334041 0.294175 3.218443 0.949161
-1.055318 -1.393521 -1.151067 0.762654 0.319206 0.269842 3.217848 0.948091
-0.970946 -1.327514 -0.279119 -2.621641 0.317129 0.244109 3.218880 0.939395
-1.018998 -1.518304 0.244810 -1.822625 0.309197 0.240000 3.218880 0.943394
-0.926791 -0.982508 -3.401024 -4.546984 0.322251 0.270708 3.218880 0.949663
-0.979083 -1.698036 -1.508728 0.387037 0.314316 0.240000 3.218880 0.924114
-0.967289 -1.266239 -0.106338 -0.785947 0.329111 0.253656 3.218880 0.943689
-0.995241 -0.694229 -3.694570 -0.959674 0.291249 0.242539 3.218880 0.957657
-0.997369 -0.448344 -4.465942 -3.042464 0.315272 0.292888 3.154851 0.959223
-1.000767 -0.230874 -4.949529 -4.606296 0.321575 0.307094 3.072847 0.955854
-0.988362 -1.055146 -1.342021 -1.012617 0.314055 0.246877 3.218880 0.944162
-0.993704 -0.855367 -3.385112 -2.914114 0.322814 0.271361 3.218880 0.950511
-1.000605 -0.846023 -3.191759 -0.296827 0.292766 0.240000 3.218880 0.954665
-0.926937 -0.676837 -2.180708 -2.248444 0.310296 0.251715 3.218880 0.954575
-1.040892 -1.198139 -0.955556 -0.593978 0.304788 0.240000 3.218880 0.944357
-1.006360 -0.770946 -1.768665 -2.088356 0.291967 0.240000 3.218880 0.957370
-0.900818 -1.958175 0.824373 -0.420506 0.344351 0.242521 3.218880 0.919320
-1.001660 -0.961709 -2.210672 -3.717674 0.326687 0.301461 3.218880 0.940368
-0.985452 -0.422677 -4.995495 -3.777392 0.298823 0.261808 3.172114 0.961446
-1.003321 -0.946329 -3.651754 0.833065 0.295000 0.240000 3.218880 0.946501
-0.957394 -0.999330 -0.805743 -2.817787 0.313096 0.245148 3.218880 0.944826
-1.036243 -0.225832 -3.044620 -4.748502 0.306086 0.297042 3.062709 0.959037
-1.036262 -0.733068 -2.240573 -0.216304 0.298593 0.258632 3.169040 0.964800
-0.961779 -1.286293 -2.981690 -4.196325 0.323829 0.273172 3.218880 0.943314
-1.032516 -0.297252 -3.870314 -2.369669 0.299096 0.275478 3.132214 0.965860
-1.029131 -0.768053 -3.548145 -4.273187 0.302506 0.282091 3.202370 0.952451
-1.019484 -1.014639 -2.005207 -4.364607 0.303595 0.245262 3.218880 0.942320
-0.970725 -1.290367 -1.829209 -0.228328 0.304973 0.240000 3.218880 0.943106
-0.985909 -0.663615 -4.976918 -0.057399 0.285559 0.240000 3.218475 0.961474
-0.951687 -0.715168 -2.953079 -2.135090 0.327066 0.283190 3.218780 0.956290
-0.974865 -0.694820 -2.406945 -4.393227 0.316920 0.265621 3.218880 0.947983
-0.988808 -1.722863 -0.932449 -0.203093 0.314405 0.240000 3.218880 0.924305
-0.994173 -1.002459 -0.192332 -2.272978 0.310650 0.252442 3.206861 0.952080
-0.973157 -1.231144 -0.453510 -1.710637 0.317022 0.246062 3.218880 0.943703
-1.026385 -0.478298 -3.703479 -1.064270 0.297344 0.260680 3.208479 0.959660
-1.005850 -0.942510 -1.409867 -1.786086 0.307485 0.244942 3.218880 0.942238
-0.934002 -1.213128 -2.381395 0.210795 0.330354 0.275535 3.218880 0.940213
-1.029235 -0.710545 -4.484789 -3.269163 0.308760 0.312989 3.157153 0.962224
-0.931591 -1.085300 -4.199898 -0.334427 0.329113 0.278042 3.218880 0.939672
-0.946396 -0.911539 -1.184339 -3.495366 0.330080 0.276148 3.218880 0.947032
-0.988763 -0.688492 -3.454250 -3.767125 0.310572 0.270055 3.218860 0.955092
-1.067894 -1.273639 -0.733827 -1.648438 0.315098 0.298331 3.218880 0.944302
-1.052724 -0.887225 -1.314105 -2.633730 0.309090 0.277163 3.218193 0.953312
-1.008535 -0.374057 -4.827762 -0.216509 0.314640 0.293307 3.119862 0.962576
-0.957807 -0.793532 -4.597954 0.484404 0.308869 0.259560 3.218880 0.953300
-1.085960 -0.618886 -4.204719 -2.682204 0.298096 0.287051 3.203695 0.959981
-0.985917 -0.677404 -4.783819 -1.616931 0.318489 0.300349 3.182933 0.958215
-0.989546 -0.449265 -4.775092 -1.508189 0.301939 0.268313 3.176585 0.959732
-0.965412 -0.507734 -3.611971 -2.962590 0.314453 0.277575 3.187120 0.955765
-0.976695 -1.197593 -1.092959 -3.951092 0.306066 0.240000 3.218880 0.940272
-1.088975 -0.735524 -1.400271 -4.224949 0.302666 0.265503 3.218880 0.955455
-0.997932 -0.602994 -4.607723 0.737361 0.309455 0.283919 3.174803 0.956238
-1.012683 -1.232126 -0.416616 -1.774447 0.319994 0.267498 3.218880 0.945993
-1.025545 -0.519325 -4.719306 -4.667895 0.312149 0.300175 3.150113 0.960243
-0.910737 -1.127110 -4.682755 -1.129469 0.324698 0.262427 3.218880 0.936794
-0.937887 -1.562617 0.801334 -4.275169 0.326294 0.240000 3.218880 0.932409
-0.926369 -1.415741 -2.225628 -1.816998 0.320284 0.240845 3.218880 0.924860
-1.073115 -0.516841 -2.336211 -4.364782 0.298749 0.282511 3.143426 0.950776
-0.936729 -0.426553 -4.423630 -4.882921 0.299261 0.257791 3.163164 0.965768
-0.947556 -0.855383 -1.871228 -2.433237 0.319762 0.277936 3.166145 0.938722
-1.062539 -1.018517 -0.490418 -2.644604 0.292023 0.240000 3.218880 0.949823
-1.044163 -1.219104 -1.434958 0.140499 0.317224 0.287893 3.218880 0.944317
-0.996292 -0.527369 -3.427475 -3.909043 0.320656 0.295978 3.175533 0.959517
-0.962509 -0.489375 -3.587985 -4.354051 0.330088 0.305675 3.139067 0.956305
-0.959990 -1.395956 -3.505638 0.967525 0.336107 0.307260 3.218880 0.945315
-0.991093 -0.863501 -2.977600 0.978564 0.317776 0.279466 3.218880 0.959474
-0.980727 -1.694161 -0.224668 -1.072110 0.317367 0.243104 3.218880 0.938881
-0.975297 -0.752889 -4.746267 -3.362628 0.317452 0.287918 3.189641 0.957083
-0.993626 -1.323377 0.820948 -3.733808 0.320940 0.245591 3.218880 0.941698
-1.066120 -0.054486 -3.638875 -0.937617 0.298053 0.295029 3.019604 0.967002
-0.995819 -1.165483 -2.587392 -2.429968 0.313137 0.279965 3.218880 0.943732
-0.986262 -0.914984 -2.937097 -1.085509 0.300380 0.240138 3.218880 0.944215
-1.049103 -1.204347 0.218064 -4.549221 0.301946 0.240000 3.218880 0.952848
-0.970288 -1.208994 -3.108220 -1.137883 0.324011 0.293885 3.218880 0.948284
-0.990604 -1.162843 -2.362094 -2.429027 0.321378 0.280179 3.218880 0.940955
-1.004028 -1.238314 -2.873477 -1.496625 0.316798 0.275575 3.218880 0.939572
-1.038994 -0.505212 -2.757367 -4.541930 0.312144 0.306094 3.125894 0.956918
-1.047450 -0.927119 -1.627910 -0.727013 0.295648 0.240000 3.218880 0.949602
-0.947621 -0.814007 -3.943742 0.128782 0.323120 0.271025 3.218880 0.947883
-1.010556 -0.727340 -2.216756 -1.212580 0.320208 0.283737 3.203267 0.950397
-1.044252 -0.183544 -4.912037 -3.496127 0.303141 0.296426 3.118000 0.970669
-0.990485 -0.939611 -1.024010 -1.390171 0.314528 0.249549 3.218880 0.947415
-0.987777 -1.505970 -0.847224 -0.607603 0.332266 0.289468 3.218880 0.944716
-1.009155 -1.519647 -0.336606 -4.815022 0.313036 0.240339 3.218880 0.931566
-1.086324 -0.505568 -2.458739 -4.098497 0.290827 0.265575 3.160590 0.961761
-0.927630 -1.207204 -2.216498 -4.864630 0.339751 0.293860 3.218880 0.936126
-0.960524 -0.961741 -0.609511 -1.909677 0.314496 0.246534 3.218880 0.946585
-0.983760 -0.533851 -3.555353 0.610601 0.309380 0.269021 3.191603 0.961249
-0.985254 0.069262 -4.177453 -3.627665 0.317517 0.303347 3.001716 0.957942
-0.976982 -1.187947 -1.143644 -4.097833 0.304309 0.240000 3.218880 0.943143
-0.946939 -0.714170 -3.358532 -0.993722 0.322190 0.284822 3.218880 0.954039
-1.038692 -0.814850 -1.589326 -0.597438 0.313736 0.266641 3.218880 0.957532
-1.047543 -0.233377 -3.517772 -1.190391 0.305974 0.286473 3.103843 0.963719
-0.976226 -0.909196 -4.866591 -1.563730 0.312947 0.265438 3.218880 0.952518
-1.017122 -0.919991 -1.465157 -2.987399 0.306464 0.275416 3.217771 0.959036
-0.953752 -0.759610 -0.397072 -4.803114 0.306103 0.240057 3.218313 0.946208
-0.954561 -0.611951 -4.066981 -1.016815 0.328047 0.301238 3.183572 0.957929
-1.016890 -1.400430 0.219569 -1.769194 0.330484 0.284391 3.218880 0.938215
-0.943963 -0.957308 -4.202682 0.954378 0.314968 0.257451 3.218880 0.946679
-0.992135 -0.956120 -1.099668 -4.227946 0.308148 0.248279 3.218880 0.945283
-0.964607 -1.171340 -2.916326 -4.489428 0.324320 0.270584 3.218880 0.943897
-0.989048 -0.567832 -2.544447 -3.852039 0.311661 0.287062 3.148980 0.965267
-0.991035 -0.887367 -2.732608 -1.806213 0.317376 0.287837 3.206342 0.952266
-0.987577 -0.608848 -1.376561 -2.626565 0.311780 0.267214 3.185125 0.951306
-0.991914 -0.445545 -4.352607 -2.791930 0.315363 0.296839 3.122241 0.953408
-0.931377 -1.226704 -0.274148 -3.906341 0.317089 0.242383 3.218880 0.951437
-0.972667 -0.692520 -2.280251 -2.011227 0.322225 0.292646 3.189936 0.950530
-0.984614 -1.203595 -0.078474 -3.620658 0.316243 0.244983 3.218880 0.939494
-1.043661 -0.815048 -4.955727 -2.755920 0.301368 0.287070 3.199407 0.948780
-0.924753 -1.299546 -0.647182 -2.934764 0.326497 0.246657 3.218880 0.934549
-1.040805 -0.654252 -4.694290 -2.397891 0.304850 0.303582 3.162674 0.960850
-0.981612 -0.852089 -2.887027 -3.616127 0.309658 0.275321 3.218301 0.953300
-0.950440 -0.763548 -3.576391 -4.393729 0.323945 0.266202 3.218880 0.947481
-0.994078 -1.192912 -0.639354 -2.394150 0.306134 0.240000 3.218880 0.937852
-0.932740 -1.847851 0.288863 -1.575074 0.335931 0.266309 3.218880 0.924681
-0.981815 -1.180086 -1.980461 0.278843 0.311934 0.251609 3.218880 0.946910
-0.968510 -0.809337 -1.735401 -0.814323 0.323926 0.282626 3.207148 0.951836
-0.978137 -0.773607 -3.348586 -1.405287 0.315284 0.276936 3.187093 0.955733
-1.097826 -0.298358 -2.033684 -1.959758 0.292982 0.270844 3.133832 0.970603
-0.957423 -1.154228 -2.914063 -0.902888 0.328135 0.295534 3.218880 0.941554
-0.975524 -0.748364 -1.458486 -4.305917 0.328316 0.293439 3.206716 0.950865
-1.005000 -0.953574 -2.366295 -2.955666 0.323873 0.305326 3.178963 0.952682
-0.962496 -0.740947 -2.984759 -2.915811 0.313965 0.268892 3.213086 0.958448
-1.022071 -1.304380 0.405603 -2.614774 0.316976 0.246687 3.218880 0.940389
-0.950417 -1.414118 -2.728424 -3.904314 0.311195 0.240000 3.218880 0.927603
-1.017204 -0.733382 -1.668940 -3.947852 0.322079 0.282145 3.212855 0.953674
-0.978376 -0.443957 -3.303662 -4.687601 0.313854 0.289595 3.103546 0.957923
-0.995661 -0.630064 -2.625058 -1.015933 0.317416 0.292440 3.179033 0.957591
-1.060998 -2.198995 0.500789 0.970789 0.324362 0.240000 3.218880 0.928226
-0.979865 -0.730177 -2.449862 -3.945516 0.294064 0.241141 3.218880 0.962133
-1.049004 -1.025577 -0.867733 -3.937524 0.291175 0.240000 3.218880 0.950969
