-1.023052 -0.449032 -2.270078 -3.902766 0.315443 0.298080 3.102021 0.960936
-1.000245 -0.649507 -2.211449 -1.227842 0.309313 0.281007 3.138761 0.959602
-0.911081 -0.741871 -3.997032 -0.813043 0.329110 0.291608 3.202322 0.949534
-1.027284 -0.614473 -3.883239 -4.401765 0.307706 0.299335 3.163232 0.960693
-0.974495 -0.723944 -3.385091 -0.798356 0.325302 0.298866 3.174895 0.955782
-1.037988 -0.153510 -4.680573 0.523154 0.300553 0.284322 3.097053 0.960957
-1.041245 -0.568592 -2.437200 -3.326429 0.308555 0.296820 3.145068 0.952915
-1.003364 -1.553309 -0.227816 -0.456829 0.318842 0.240000 3.218880 0.928290
-0.934186 -0.596021 -2.106546 -3.056028 0.322519 0.272922 3.181587 0.949784
-0.918177 -1.146243 -2.327968 -2.209906 0.334056 0.287186 3.218880 0.942534
-1.002830 -0.364475 -4.763070 -1.959941 0.314844 0.310897 3.085122 0.964682
-0.939739 -1.109707 -2.671465 -4.377851 0.322416 0.262432 3.218880 0.941968
-1.079437 -0.310973 -3.624681 -2.265763 0.301590 0.306493 3.077855 0.961981
-0.907243 -1.390667 -0.306738 -3.088542 0.323787 0.242083 3.218880 0.932135
-0.957092 -1.800294 -0.198204 -0.301697 0.341179 0.286400 3.218543 0.931744
-1.006611 -0.607833 -1.598273 -2.034420 0.301070 0.250871 3.214352 0.960502
-0.944628 -1.049374 -1.348498 -4.872320 0.331029 0.294630 3.218702 0.944024
-1.073508 -0.435233 -3.906478 -0.096517 0.310844 0.302816 3.147252 0.961480
-1.017744 -0.954050 -0.781798 -3.998745 0.291291 0.240000 3.218880 0.962712
-0.992116 -1.259714 0.416759 -4.170568 0.309045 0.240000 3.218880 0.941385
-0.989145 -1.574950 0.462249 -1.365296 0.313029 0.240000 3.218880 0.943300
-1.030714 -1.343205 -0.038172 -0.367554 0.311508 0.240000 3.218880 0.943857
-0.923903 -1.160320 -2.506542 -3.272479 0.321526 0.249396 3.218880 0.938440
-0.979458 -0.815208 -3.141249 -1.587987 0.316894 0.284661 3.218528 0.952688
-0.972277 -0.957551 -3.446729 0.601096 0.328435 0.298676 3.218880 0.940452
-0.952212 -0.959913 -1.294006 -2.546935 0.315207 0.247589 3.218880 0.944697
-1.002914 -0.398580 -4.514050 -2.902910 0.311791 0.279108 3.191627 0.964925
-0.968024 -0.406834 -4.868629 -1.671209 0.325359 0.307658 3.124190 0.960554
-0.990871 -0.896403 -4.269848 -1.018433 0.324014 0.313478 3.194283 0.951115
-1.020781 -0.280630 -4.050781 0.108592 0.311009 0.311372 3.086149 0.962654
-1.024687 -0.540595 -2.492953 -3.791891 0.306536 0.269966 3.158705 0.946294
-1.084627 -0.062322 -4.578526 -1.792448 0.299823 0.306627 3.032410 0.976709
-0.997637 -0.916714 -1.666001 -0.563813 0.319168 0.269576 3.205402 0.941600
-0.959852 -0.888121 -1.052787 -2.593494 0.315253 0.250863 3.218880 0.952440
-1.004799 -0.559336 -1.945188 -3.897920 0.317342 0.290099 3.153787 0.953989
-1.003582 -0.557383 -2.007044 -1.686897 0.316510 0.278977 3.189406 0.958660
-0.977332 -0.485466 -2.662446 -3.439557 0.317141 0.291114 3.183385 0.960129
-0.976100 -0.680023 -4.988616 -2.952667 0.325126 0.319027 3.165093 0.953854
-0.968700 -1.387912 -1.930305 0.053618 0.330953 0.275365 3.218880 0.927750
-1.017607 -0.438782 -4.974067 -0.881686 0.300186 0.285337 3.115708 0.962281
-1.047130 -1.431560 0.890189 -3.483944 0.323218 0.274914 3.218592 0.937519
-0.969958 -0.939317 -3.236609 -3.297319 0.320539 0.264080 3.218880 0.943031
-0.957517 -0.503395 -2.607989 -4.965253 0.321737 0.289864 3.165651 0.959413
-1.127043 -0.939835 -2.390605 -1.140048 0.302945 0.303829 3.196780 0.959966
-1.034497 -0.618041 -1.254684 -4.537219 0.283981 0.240000 3.191747 0.965870
-0.943085 -0.690574 -2.643734 -3.797224 0.301673 0.245321 3.218880 0.956009
-1.038885 -1.291755 -0.362842 0.153609 0.310299 0.240006 3.218880 0.944292
-1.018210 -1.022288 -0.171862 -3.720813 0.304495 0.241537 3.218880 0.946182
-0.964710 -0.367767 -3.360206 -3.374326 0.325026 0.299602 3.129747 0.957923
-1.028828 -0.843051 -3.764148 -1.638681 0.292709 0.246389 3.218880 0.955982
-1.026062 -1.209606 -0.112958 -4.665981 0.307752 0.240000 3.218880 0.939630
-0.969728 -0.774672 -1.981145 -0.978534 0.319754 0.259522 3.218880 0.944260
-1.033683 -0.424748 -2.638154 -1.973257 0.300452 0.271663 3.117762 0.960544
-0.991727 -1.344523 -1.916680 -3.378727 0.296760 0.240000 3.218880 0.935028
-1.050979 -1.706100 0.151188 -0.058419 0.311942 0.240013 3.218880 0.931071
-0.987311 -0.664495 -2.964455 -1.216681 0.316486 0.281447 3.189037 0.957150
-1.036585 -0.642444 -3.759027 0.735593 0.311518 0.287652 3.173029 0.965233
-0.968316 -1.289739 -3.200639 0.402840 0.320891 0.287540 3.218880 0.944004
-0.969987 -0.846038 -3.344903 -0.532791 0.311658 0.285650 3.200870 0.954244
-1.035839 -0.454103 -3.328570 -3.393000 0.301770 0.281670 3.106570 0.958089
-1.066010 -0.246649 -4.171178 -4.568855 0.293904 0.287052 3.080008 0.962339
-0.946389 -1.098124 -2.509487 -1.769343 0.314575 0.249673 3.218880 0.949347
-0.990154 -1.436121 -0.043514 -1.461521 0.308011 0.240000 3.218880 0.940207
-1.109721 -0.557431 -2.706038 -2.797042 0.287844 0.264092 3.193670 0.960536
-0.978725 -0.588734 -3.338894 -1.322276 0.319837 0.291219 3.180064 0.957231
-0.986901 -1.138151 -2.093199 -1.313875 0.318710 0.293389 3.218880 0.955968
-1.009112 -0.785237 -4.894440 -4.098345 0.312134 0.284666 3.218880 0.951091
-0.991421 -0.844161 -1.699123 -4.874230 0.322881 0.296590 3.196890 0.945946
-0.998128 -0.576986 -4.377228 -3.776698 0.315048 0.292966 3.188981 0.955216
-1.057095 -0.375703 -2.947102 -3.305030 0.290181 0.262322 3.177981 0.967910
-0.945877 -1.176703 -3.429132 -1.243160 0.335591 0.303834 3.218880 0.944648
-0.982414 -1.396631 -2.073610 -2.231891 0.321919 0.284322 3.218880 0.940024
-0.937792 -1.454902 -2.470688 0.375056 0.341332 0.321761 3.218285 0.930641
-0.954471 -0.603893 -1.989420 -4.889826 0.317446 0.272077 3.145287 0.945255
-0.966282 -0.484018 -2.752965 -2.487372 0.320128 0.300989 3.132956 0.957939
-0.978379 -0.877612 -1.875798 -1.270088 0.322790 0.287743 3.218880 0.954962
-1.006247 -0.672714 -2.753211 -3.308052 0.322650 0.306436 3.206644 0.958164
-0.898151 -1.723960 0.806136 -3.732844 0.333967 0.244718 3.218880 0.929664
-0.916614 -0.477667 -4.394174 -0.918572 0.337388 0.304723 3.143914 0.956458
-1.009542 -0.846648 -3.687742 0.109301 0.303986 0.268678 3.210908 0.957634
-1.010724 -1.167228 -0.881226 -0.651122 0.310852 0.241217 3.218880 0.943926
-1.013673 -1.263298 0.767281 -3.665264 0.320869 0.249206 3.218880 0.944760
-0.963346 -1.537401 -0.867769 0.897616 0.327477 0.247136 3.218880 0.931722
-0.978457 -1.052722 -1.365358 -1.816040 0.306273 0.240000 3.218880 0.944324
-0.939458 -2.435763 0.874557 -0.441272 0.358561 0.310839 3.218880 0.917223
-0.969223 -0.914831 -1.492361 -2.692839 0.324417 0.286824 3.206840 0.952417
-1.060037 -0.622319 -2.507341 -4.488466 0.308960 0.304119 3.144685 0.959722
-0.898436 -0.813726 -4.665175 -1.457879 0.333525 0.282946 3.218880 0.950345
-0.988937 -1.181922 -4.960810 -2.389686 0.312807 0.288556 3.218470 0.953889
-0.987586 -0.988366 -1.318355 -3.276684 0.310240 0.245327 3.218880 0.943977
-1.069508 -0.524015 -4.722427 -1.596427 0.294922 0.293542 3.168513 0.961988
-1.057200 -0.275598 -4.850716 -4.776136 0.300790 0.311718 3.065893 0.967488
-0.959521 -0.726882 -4.474515 -2.849741 0.325565 0.287287 3.185425 0.951808
-0.995218 -0.458961 -3.945955 -4.603419 0.324467 0.310328 3.120850 0.954017
-0.968744 -1.030927 0.303817 -4.470305 0.305782 0.240000 3.218880 0.953104
-0.938979 -1.019300 -4.223294 -0.543304 0.325763 0.288710 3.218813 0.944716
-0.960487 -0.533070 -3.670583 -2.327191 0.310294 0.272075 3.171742 0.968876
-0.955228 -1.825593 -1.034447 -0.545943 0.337926 0.308746 3.218880 0.938498
-0.966345 -1.095097 -2.568815 -1.403228 0.308138 0.240472 3.218880 0.940385
-1.006899 -0.512068 -2.908915 0.618199 0.325082 0.299194 3.145466 0.953112
-0.976543 -1.035179 -0.399077 -3.624760 0.322799 0.253840 3.218880 0.948748
-1.012587 -0.704316 -1.525455 -3.488692 0.305086 0.258774 3.218880 0.956266
-0.949205 -2.360407 0.966157 -0.207756 0.342949 0.240005 3.218880 0.903821
-1.011632 -2.185731 0.828711 -3.797544 0.309875 0.240000 3.218880 0.922142
-0.991282 -1.610654 0.927304 -3.789391 0.336028 0.279262 3.218808 0.929129
-0.946885 -0.998656 -2.017466 -1.554205 0.310329 0.246729 3.218880 0.949271
-1.000432 -0.554920 -4.389019 -2.725415 0.313619 0.282592 3.210157 0.954726
-0.994948 -0.716306 -2.739182 -0.354713 0.305829 0.250918 3.218880 0.955477
-0.995902 -0.922076 -1.243153 -3.161065 0.321625 0.282718 3.196016 0.937847
-0.930248 -1.577195 -0.142409 -0.951830 0.334063 0.248410 3.218880 0.929571
-0.931574 -1.983581 0.779419 -3.245360 0.333835 0.240445 3.218880 0.913195
-1.046470 -0.154969 -4.040363 -2.854615 0.295800 0.290372 3.054600 0.962424
-1.097122 -1.780803 0.082709 0.900680 0.312768 0.240000 3.218880 0.936396
-1.010693 -0.582553 -3.780978 -0.171898 0.320211 0.304476 3.153946 0.965198
-0.997138 -0.971680 -1.857673 -0.768210 0.319487 0.284514 3.218880 0.954450
-0.969878 -1.176045 -1.541101 0.261781 0.320560 0.262457 3.218880 0.943040
-0.940209 -1.320974 -0.455353 -2.747678 0.316113 0.240000 3.218880 0.940853
-1.019351 -1.361481 -0.028944 -1.292021 0.317774 0.243691 3.218880 0.947509
-0.948732 -1.199396 -3.860005 -3.237373 0.317095 0.268430 3.218880 0.939451
-0.978885 -0.556648 -4.567158 -3.171852 0.317024 0.286889 3.192250 0.956867
-0.960340 -0.436377 -4.082363 -4.824931 0.312315 0.274393 3.192504 0.959387
-1.006253 -1.216135 -0.186110 -2.941744 0.328997 0.272869 3.218880 0.938155
-0.971079 -0.820253 -3.740776 -1.377999 0.317124 0.267561 3.218880 0.938506
-1.003818 -0.431639 -3.647565 -4.943974 0.307132 0.283098 3.154186 0.961372
-0.979131 -0.799083 -1.788356 -3.872598 0.317097 0.277161 3.206995 0.956373
-0.970999 -1.027316 -4.940682 -4.029186 0.295770 0.240000 3.218880 0.944387
-0.968934 -0.952945 -0.940162 -2.043151 0.303719 0.240000 3.218880 0.953149
-0.966692 -0.701815 -1.853652 -2.759419 0.306384 0.256477 3.176714 0.952123
-0.953613 -1.473991 -1.870337 -3.490406 0.316024 0.240000 3.218880 0.933701
-0.963736 -0.837691 -4.234671 0.208098 0.333729 0.301894 3.218797 0.947769
-0.902263 -0.783604 -4.217968 -2.009697 0.325256 0.271401 3.204138 0.952403
-0.972326 -1.289869 -1.918075 0.101856 0.312305 0.240638 3.218880 0.941717
