-0.900711 -1.729955 0.753357 -3.145218 0.354792 0.263698 3.218880 0.915317
-0.946910 -0.709317 -4.434733 -4.814687 0.310844 0.257059 3.216672 0.958470
-0.984143 -1.105840 -3.849986 -1.505167 0.323101 0.298655 3.218880 0.940843
-1.002614 -1.225888 -3.235020 -3.819564 0.317496 0.312823 3.218880 0.942000
-0.989571 -0.616609 -3.466093 -3.210075 0.308390 0.266786 3.218554 0.958810
-1.044358 -0.759171 -3.400915 0.950294 0.312590 0.304814 3.141329 0.958479
-0.932721 -0.834219 -3.040660 -0.936507 0.322390 0.268443 3.218880 0.948880
-0.981841 -0.662104 -4.658580 -0.642187 0.292606 0.247609 3.216112 0.963736
-0.923062 -0.478839 -4.271300 -1.344453 0.311340 0.267220 3.146300 0.955857
-1.028971 -0.688994 -2.970234 0.082401 0.323213 0.314327 3.159025 0.954532
-1.027184 -0.937632 -0.670705 -2.000080 0.316827 0.261478 3.218866 0.953827
-0.971123 -1.341528 -0.364404 -4.472306 0.319021 0.250621 3.218880 0.936223
-1.019076 -0.461455 -2.064135 0.117566 0.302745 0.258975 3.176119 0.961184
-0.926940 -0.721380 -2.178258 -3.720454 0.308427 0.252334 3.218880 0.956027
-0.915246 -0.814900 -4.717319 0.002594 0.311659 0.251886 3.218880 0.951064
-1.060431 -1.803230 0.997254 -0.526136 0.315529 0.240000 3.218880 0.930223
-1.066540 -0.775584 -4.658325 -0.264375 0.303005 0.298068 3.204047 0.959042
-0.963488 -0.658723 -3.431343 -3.693998 0.324969 0.305033 3.136859 0.951870
-1.043877 -1.279224 0.767177 -4.419346 0.303936 0.240000 3.218880 0.942919
-1.040403 -0.490272 -4.070816 -3.143162 0.321720 0.327273 3.142044 0.964719
-0.971843 -1.184063 0.655158 -3.835027 0.314633 0.240254 3.218880 0.948159
-1.001991 -1.041304 -4.597772 -1.165947 0.318130 0.279082 3.218803 0.953150
-0.884931 -1.516489 -2.134450 -3.142248 0.327721 0.240996 3.218880 0.922507
-0.988044 -2.079569 0.469913 -0.769911 0.320886 0.240000 3.218880 0.920176
-1.062591 -0.677560 -3.585370 -0.118047 0.300119 0.273625 3.193225 0.960372
-0.893546 -1.758337 0.245842 -3.470915 0.338452 0.245317 3.218880 0.916023
-0.965604 -0.873909 -4.692342 -4.482520 0.334247 0.301373 3.218880 0.953737
-0.933194 -1.342714 -3.990476 -2.339765 0.333155 0.296062 3.218880 0.936810
-1.046722 -1.238361 0.001730 -3.451462 0.324594 0.303824 3.200953 0.941181
-1.016674 -0.873559 -3.703423 -4.284998 0.321014 0.302896 3.190674 0.949558
-1.019268 -0.574026 -4.787747 -2.131379 0.314236 0.301077 3.178502 0.953586
-1.090820 -0.476649 -4.324908 0.966590 0.286140 0.280256 3.163068 0.970241
-0.992150 -0.869707 -4.453406 -2.673188 0.311315 0.279269 3.218880 0.960714
-1.042631 -1.387153 0.989979 -4.194838 0.304500 0.240000 3.218880 0.942657
-1.009665 -1.680856 0.245181 -1.591068 0.314820 0.240000 3.218880 0.936497
-0.966328 -0.846632 -2.657084 -1.292135 0.313324 0.274159 3.218311 0.948974
-1.033036 -1.098915 -2.466372 -4.716127 0.312644 0.292344 3.218880 0.947694
-0.970006 -1.357876 -1.038064 -3.603823 0.324312 0.253465 3.218880 0.931394
-0.948683 -1.725111 -0.140311 -3.847396 0.319931 0.240000 3.218880 0.928767
-0.989372 -1.157814 0.549015 -2.509719 0.318695 0.243233 3.218880 0.939393
-1.005577 -1.382949 -1.400236 -0.162148 0.312017 0.243278 3.218880 0.939457
-0.923045 -1.338162 0.454136 -3.905565 0.324131 0.240485 3.218880 0.938586
-1.012506 -0.442476 -4.052578 0.740572 0.316983 0.304254 3.128045 0.959552
-1.015966 -1.224086 -1.505212 -0.493313 0.322476 0.272881 3.218880 0.936832
-1.004681 -0.327338 -3.319383 -2.909072 0.320641 0.301972 3.097911 0.958025
-1.003713 -0.628609 -3.230635 -2.618937 0.307752 0.272666 3.197918 0.961083
-0.992541 -1.253799 0.147534 -3.109399 0.325093 0.259697 3.215435 0.930304
-0.993515 -0.997070 -0.796792 -3.924692 0.313124 0.272478 3.218880 0.954258
-0.980903 -0.497179 -2.396437 -3.271424 0.319829 0.280565 3.149457 0.951893
-0.992793 -0.747738 -4.164224 -0.069462 0.310536 0.269995 3.218880 0.951602
-1.077928 -0.959197 -1.790567 -2.819170 0.298056 0.303910 3.192764 0.954612
-1.022054 -0.861316 -2.768136 -3.442849 0.309302 0.277556 3.192657 0.954917
-1.030183 -1.281140 0.725132 -4.354683 0.320514 0.281529 3.218880 0.949262
-0.983191 -0.918911 -3.257445 0.966741 0.302403 0.240233 3.218880 0.950132
-0.985811 -1.944011 -0.494715 0.858217 0.321205 0.240000 3.218880 0.927991
-0.996289 -0.396306 -3.870001 -0.067010 0.323340 0.292077 3.188846 0.955291
-0.999626 -0.608352 -2.645988 -2.515823 0.307396 0.277335 3.193179 0.951186
-0.975773 -1.146788 -3.465088 -1.239461 0.320955 0.281766 3.218880 0.944405
-1.003247 -1.061380 0.124163 -3.735802 0.297463 0.240000 3.218880 0.952695
-1.015103 -1.170009 -0.667247 -4.250221 0.326023 0.294907 3.218880 0.952126
-1.052539 -1.756481 0.611063 -3.282918 0.320719 0.318302 3.218880 0.942928
-0.955732 -0.724540 -4.045458 -1.174175 0.319958 0.278706 3.199173 0.947613
-1.060183 -0.584843 -4.794866 -1.715937 0.303927 0.288745 3.156879 0.953728
-1.008326 -1.575136 -0.034123 0.334748 0.328255 0.253068 3.218880 0.932519
-1.041922 -0.769644 -2.780357 -1.128774 0.310504 0.296571 3.192320 0.962169
-0.964722 -0.544331 -2.846930 -3.409009 0.320406 0.279671 3.190436 0.952920
-0.991059 -0.932380 -4.996253 -3.286255 0.322434 0.304411 3.207084 0.950405
-0.934406 -1.678590 -0.848472 -4.015928 0.342481 0.289479 3.218880 0.932161
-0.961104 -1.802898 0.162868 -1.331141 0.325882 0.240118 3.218880 0.925661
-0.994892 -2.058381 0.529815 -0.379268 0.325165 0.240000 3.218880 0.919700
-1.043492 -0.805837 -1.855156 -1.636042 0.310541 0.284607 3.201751 0.952776
-0.927298 -1.111213 -3.097880 -2.933842 0.306279 0.240000 3.218880 0.940659
-0.971881 -0.627625 -1.560122 -4.685141 0.321844 0.281220 3.181032 0.955360
-0.991034 -0.605292 -2.748470 -3.216742 0.304168 0.271758 3.172932 0.962054
-1.006820 -0.922631 -1.874782 -3.525774 0.324021 0.303685 3.198971 0.957445
-0.943074 -1.305738 0.676534 -3.612930 0.325258 0.243681 3.218880 0.935097
-1.007109 -1.880452 0.272034 0.161502 0.325400 0.240000 3.218880 0.928513
-0.951194 -0.890801 -3.000817 0.503048 0.310664 0.253773 3.218880 0.950859
-1.062383 0.286441 -4.492766 -2.013988 0.303539 0.319614 2.884847 0.967607
-0.912355 -1.410911 -1.530184 -1.204932 0.336980 0.285332 3.218880 0.934526
-0.929281 -1.389596 -4.269384 -3.360037 0.320082 0.253917 3.218880 0.937323
-0.921848 -0.502653 -4.654268 -0.446737 0.338522 0.303373 3.153467 0.948216
-0.941666 -0.666523 -4.083257 -0.549094 0.321511 0.275584 3.182306 0.951783
-0.996233 -0.335149 -4.343880 -1.103907 0.318583 0.304599 3.117611 0.968896
-0.959700 -0.322287 -3.843810 -2.580945 0.315524 0.287367 3.109368 0.956446
-0.883402 -0.613603 -4.337222 0.788219 0.336233 0.284437 3.215589 0.948226
-0.954263 -0.827934 -4.196838 -4.774405 0.327564 0.294392 3.204509 0.949184
-0.978293 -1.674969 0.664558 -0.917121 0.324059 0.240000 3.218880 0.935771
-0.980634 -0.812244 -4.420544 0.111020 0.315744 0.285947 3.206232 0.953615
-1.044474 -1.659643 0.805575 -2.654945 0.309842 0.240000 3.218880 0.931658
-1.027598 -0.899485 -3.140479 0.084998 0.299563 0.261002 3.214454 0.953809
-1.014780 -0.208361 -4.700656 -1.212915 0.324051 0.303862 3.116556 0.957878
-0.990462 -0.726863 -4.431097 -0.725734 0.314234 0.271787 3.218880 0.956852
-0.961065 -1.557983 0.130397 -4.528450 0.325506 0.251141 3.218880 0.942308
-1.000090 -0.432413 -2.861991 -4.362524 0.315097 0.281391 3.170849 0.958202
-0.909982 -1.420639 -2.250308 -4.804670 0.312601 0.240005 3.218880 0.936199
-0.962737 -0.813358 -2.619985 -2.106799 0.320373 0.288066 3.177954 0.951527
-0.983841 -0.782503 -1.407010 -4.053940 0.310728 0.258443 3.218880 0.952596
-0.954047 -2.074984 -0.041522 -1.490128 0.354398 0.323991 3.218880 0.918683
-0.991612 -1.578200 0.926209 -4.084022 0.317212 0.240000 3.218880 0.935323
-1.003761 -0.772817 -1.522004 -1.349497 0.323847 0.284566 3.186275 0.953719
-1.043551 -0.466123 -1.481141 -3.975195 0.306535 0.282749 3.132695 0.957353
-0.965055 -0.975414 -2.124753 -3.252800 0.304939 0.244632 3.218880 0.950576
-1.046800 -0.847847 -0.563788 -4.278847 0.309049 0.287909 3.177092 0.951794
-1.041195 -0.463221 -3.931497 -2.780195 0.298544 0.280992 3.175528 0.964667
-1.003312 -1.060755 -1.848511 -3.932254 0.305621 0.241290 3.218880 0.940559
-0.993776 -0.572212 -4.917185 -0.973281 0.305008 0.269044 3.183416 0.955049
-0.976371 -1.560152 0.207599 -1.016596 0.325053 0.240082 3.218880 0.927120
-1.004463 -0.766395 -4.133756 -3.058120 0.312617 0.297077 3.217289 0.955345
-1.000803 -0.738874 -3.410934 -1.006121 0.305166 0.262515 3.218880 0.952229
-1.037233 -0.695480 -3.556020 -2.026713 0.289850 0.243683 3.218880 0.960980
-0.947985 -0.993150 -2.258168 -0.463977 0.321646 0.261091 3.218880 0.947463
-1.030297 -1.382599 -1.860280 0.538955 0.327185 0.312175 3.218880 0.946390
-0.941435 -0.979422 -1.149805 -2.269051 0.331597 0.273055 3.218880 0.949046
-0.992638 -1.022441 -1.233479 -1.149205 0.315554 0.249685 3.218880 0.948021
-0.977212 -0.918095 -3.763170 -2.263349 0.319685 0.289757 3.218880 0.949933
-0.949932 -0.424351 -4.106561 -2.666475 0.317578 0.277868 3.180129 0.958715
-1.025049 -0.500490 -4.099271 -3.582220 0.285088 0.247242 3.194929 0.964029
-0.893087 -1.299452 -1.708155 -3.111490 0.317201 0.240007 3.218880 0.933413
-0.955185 -1.491981 0.667404 -3.499325 0.319173 0.240000 3.218880 0.939165
-0.978187 -1.294752 -3.214791 -4.220782 0.324120 0.307478 3.218880 0.942898
-1.017694 -1.309719 0.026813 -4.589607 0.325984 0.285171 3.218880 0.941000
-1.053370 -0.294287 -3.327417 -3.300519 0.287865 0.270494 3.113842 0.965755
-1.050582 -0.882298 -3.823119 -2.584121 0.307039 0.290784 3.218880 0.948967
-1.021520 -0.834138 -2.643252 -3.639099 0.313928 0.280705 3.214784 0.949827
-1.054350 -1.039691 -0.453173 -3.772122 0.307507 0.280603 3.178782 0.945178
-0.966037 -1.293093 -4.711858 -3.117082 0.330255 0.292929 3.218880 0.937435
-0.960001 -1.112619 -4.189680 -1.064539 0.317840 0.277839 3.218880 0.942386
-0.885819 -1.898834 0.202804 -0.818878 0.336721 0.240000 3.218880 0.915137
-1.071677 -1.114864 -1.542389 -3.332507 0.308470 0.290717 3.200341 0.945691
-0.952732 -0.931766 -2.828151 -1.660065 0.319640 0.258249 3.218880 0.946050
-1.060909 -0.673598 -3.448900 0.059707 0.319777 0.320845 3.151415 0.953233
