-1.018037 -1.412406 -0.714973 0.991169 0.306381 0.240000 3.218880 0.949453
-0.989121 -0.979063 -3.019341 -4.270766 0.325168 0.296513 3.218880 0.941888
-0.974177 -2.297364 0.728122 0.564950 0.331738 0.240000 3.218880 0.924344
-0.998092 -1.729677 0.926184 -3.666890 0.314437 0.240000 3.218880 0.923524
-1.002907 -1.242134 -0.240056 -3.243640 0.306185 0.240000 3.218880 0.942952
-1.098415 0.030141 -4.714384 -2.012421 0.286085 0.286311 2.982397 0.970684
-1.014804 -1.030620 -1.511583 -3.225920 0.315577 0.285735 3.194945 0.945731
-1.006069 -1.239681 0.678559 -4.500778 0.302001 0.240000 3.218880 0.953946
-1.028887 -0.866824 -2.398013 -4.443887 0.305105 0.306692 3.189178 0.956755
-1.019982 -1.092110 -1.053787 -1.427538 0.327075 0.308974 3.172528 0.946889
-1.013156 -0.417494 -2.659185 -3.764266 0.317646 0.301006 3.097957 0.952868
-0.983581 -0.989435 -4.411144 -0.256610 0.319966 0.287178 3.218526 0.955670
-1.025351 -0.661524 -3.383919 -3.289656 0.289800 0.243780 3.218880 0.952609
-0.986045 -0.867689 -4.976304 -0.336498 0.290549 0.240042 3.218880 0.955716
-1.001830 -1.731956 -1.011646 -0.079359 0.315393 0.240013 3.218880 0.939140
-0.902241 -0.577824 -3.811025 -4.276774 0.320157 0.260845 3.218880 0.951152
-0.933440 -1.267182 -0.687022 -2.983041 0.343614 0.287365 3.218880 0.938614
-0.989309 -1.309275 -1.499780 0.217251 0.330748 0.290991 3.218880 0.944527
-0.972559 -1.308790 -0.781497 -3.025042 0.318433 0.243137 3.218880 0.934582
-1.015621 -1.745329 -0.309331 0.048653 0.321917 0.240000 3.218880 0.927869
-1.010163 -1.079863 -2.724719 -2.928710 0.299841 0.240000 3.218880 0.943619
-1.032687 -0.236922 -3.395501 -4.279965 0.299815 0.278181 3.112427 0.957584
-0.891313 -1.275284 -2.300136 -0.851575 0.333011 0.255603 3.218880 0.936470
-1.018344 -1.346471 -1.289479 -0.203192 0.306805 0.240000 3.218880 0.941631
-0.998088 -0.740117 -4.119138 -3.297318 0.304376 0.258126 3.218880 0.951470
-1.017698 -1.125157 -0.985153 -2.480950 0.300870 0.240000 3.218880 0.946242
-1.011319 -1.279576 -0.815726 -0.291569 0.306509 0.240000 3.218880 0.938200
-0.957409 -1.135876 -1.654704 -1.185708 0.306300 0.240000 3.218880 0.944527
-0.982779 -1.177560 -1.994209 -2.855843 0.318333 0.251537 3.218880 0.932260
-0.969072 -1.515940 0.971489 -4.910801 0.323014 0.240146 3.218880 0.929752
-1.023404 -0.881279 -3.456152 -4.427290 0.306106 0.259335 3.218880 0.942768
-0.938894 -0.402897 -4.636296 -3.161440 0.313766 0.273011 3.151911 0.952481
-1.073176 -0.931917 -3.625755 -0.724415 0.303121 0.294781 3.210569 0.953833
-0.979185 -1.269432 -0.700516 -4.522333 0.333983 0.296878 3.218880 0.938707
-1.008209 -0.842759 -3.368997 -4.444974 0.311335 0.284508 3.218880 0.959424
-0.974225 -0.560819 -4.451685 -3.249847 0.322760 0.290734 3.189197 0.954799
-1.046953 -1.411115 -1.478365 0.696046 0.307040 0.240000 3.218880 0.930167
-1.126268 -0.584456 -0.039416 -3.541144 0.309942 0.291880 3.119073 0.961779
-0.923982 -0.978381 -4.076551 0.735982 0.329132 0.282937 3.209558 0.938493
-1.032429 -0.209752 -3.785926 -2.746040 0.312418 0.306894 3.061276 0.964419
-0.949385 -0.520645 -4.582662 -3.401191 0.306071 0.266434 3.199007 0.961758
-0.909739 -1.549199 -3.230974 0.633280 0.343917 0.303518 3.218880 0.930229
-0.917619 -2.034852 0.942425 -1.484851 0.327271 0.240000 3.218880 0.922361
-0.968366 -1.632030 -0.203398 -1.290143 0.318627 0.240000 3.218880 0.931238
-0.976470 -1.472526 0.235338 -1.579915 0.320013 0.240000 3.218880 0.936685
-0.984634 -0.890760 -1.852190 -3.845782 0.310339 0.268203 3.218880 0.959189
-0.966738 -1.174518 -0.409700 -4.179070 0.311225 0.240000 3.218880 0.940372
-0.943757 -0.790076 -3.352037 0.931005 0.320298 0.259124 3.218880 0.948125
-1.018519 -0.818941 -4.807716 0.928529 0.313255 0.301095 3.203312 0.959222
-0.987590 -0.670726 -1.608048 -2.478475 0.324643 0.286275 3.188811 0.956201
-0.955006 -2.168682 0.982708 -0.752065 0.332893 0.240000 3.218880 0.915552
-1.043276 -1.410211 -0.517331 -2.940228 0.310501 0.260093 3.218880 0.944324
-0.966104 -1.658019 0.699044 -3.758054 0.319447 0.240000 3.218880 0.932662
-1.018241 -0.921680 -0.061225 -4.803342 0.295382 0.240000 3.218880 0.958616
-1.033376 -0.555123 -4.762163 0.274736 0.312899 0.295041 3.174281 0.963037
-0.984937 -1.089158 -4.506747 -1.210844 0.309336 0.253538 3.218880 0.945456
-1.000563 -0.587292 -4.198727 -0.627624 0.306684 0.258504 3.216924 0.960184
-1.045004 -0.447791 -3.553199 -3.846694 0.305003 0.277705 3.147845 0.967279
-0.951884 -0.574124 -4.176673 -3.256738 0.316192 0.287234 3.173288 0.960149
-0.972408 -1.044278 -0.901707 -3.260915 0.307763 0.240000 3.218880 0.944947
-0.957149 -1.433870 -0.833908 -3.134075 0.320342 0.242959 3.218880 0.925117
-0.949555 -1.316046 -3.032588 -2.470703 0.329404 0.293180 3.218880 0.937381
-0.951146 -0.751226 -4.352872 -0.971602 0.323699 0.303038 3.200560 0.958156
-0.929468 -0.673105 -4.464561 -0.935084 0.328905 0.290843 3.183406 0.952032
-1.002990 -1.278165 0.432168 -2.988326 0.306178 0.240000 3.218880 0.948406
-1.016780 -0.535992 -4.608053 -0.064264 0.309889 0.290469 3.164567 0.952616
-1.049745 -0.609298 -4.106090 -2.287998 0.291661 0.260948 3.218527 0.963784
-1.024120 -1.348355 0.089985 -1.917759 0.310471 0.240000 3.218880 0.934337
-1.047610 -0.067039 -4.866872 -4.190453 0.304332 0.318142 2.988380 0.965005
-1.028479 -0.907277 -4.851980 -0.820515 0.310106 0.285285 3.209529 0.952944
-1.017353 -0.344519 -4.406370 -1.622803 0.307796 0.308638 3.061727 0.965198
-0.966689 -0.337983 -0.957672 -2.909251 0.328131 0.283427 3.118863 0.960313
-0.996297 -1.882825 0.116391 0.774092 0.342639 0.253095 3.218880 0.920341
-0.918543 -2.262743 0.893876 -0.523771 0.345710 0.244117 3.218880 0.918542
-1.045780 -0.707802 -3.431119 -4.142957 0.311101 0.288339 3.217306 0.959826
-1.030226 -1.247842 -0.924325 -0.584769 0.299985 0.240000 3.218880 0.945714
-1.069619 -0.811005 -2.840313 -3.328466 0.281272 0.241998 3.218880 0.958937
-1.013424 -2.255633 0.588300 0.679951 0.321710 0.240000 3.218880 0.919169
-0.921335 -1.489983 -0.162536 -1.207576 0.344371 0.261157 3.218880 0.927647
-1.029684 0.071644 -4.525708 -2.207080 0.298119 0.293604 2.955109 0.960620
-0.964700 -0.933270 -3.541932 -2.653729 0.298834 0.240000 3.218880 0.946322
-0.945610 -0.642976 -4.210489 -4.435125 0.317648 0.287729 3.195085 0.961477
-0.982137 -1.200157 -0.875557 -0.057206 0.308314 0.240000 3.218880 0.947798
-0.943282 -1.526434 -0.885496 -0.705049 0.332281 0.255877 3.218880 0.927332
-1.034528 -1.763602 0.499446 -3.614470 0.319007 0.295773 3.218880 0.940264
-0.943730 -1.372208 -2.164653 0.210640 0.338773 0.290813 3.218880 0.937053
-0.956908 -1.097100 -3.764179 -1.652447 0.313259 0.245731 3.218880 0.938941
-0.939272 -1.097741 -4.139271 0.539472 0.312256 0.246139 3.218880 0.933412
-1.026501 -0.600093 -4.758483 -1.706400 0.302862 0.284472 3.172813 0.958638
-1.014698 -1.348336 0.271806 -2.581056 0.322870 0.259161 3.218880 0.933740
-0.964834 -1.118180 -1.044613 -2.462440 0.327352 0.290774 3.216909 0.944474
-1.033614 -1.064620 -3.706741 -1.700820 0.299662 0.289783 3.218880 0.956320
-1.004590 -0.904106 -4.880706 -0.267262 0.294969 0.243679 3.218880 0.945671
-0.953531 -1.260768 0.257178 -4.674468 0.315925 0.240000 3.218880 0.944722
-0.975762 -1.180791 -1.203690 -4.116156 0.304496 0.240000 3.218880 0.945508
-1.029230 -0.814138 -4.309820 -3.227207 0.310242 0.289508 3.218880 0.957736
-0.965232 -0.809784 -3.112916 -4.228172 0.325632 0.290187 3.185324 0.952122
-0.988539 -0.027172 -3.791914 -4.023465 0.308811 0.298373 3.051807 0.970883
-0.992340 -0.979524 -1.394026 -3.049826 0.311734 0.253682 3.218880 0.947177
-1.012658 -0.808804 -1.498050 -1.039672 0.321829 0.287522 3.185067 0.954195
-0.978328 -1.046513 -2.438921 -0.852200 0.311431 0.247401 3.218880 0.941689
-1.037148 -0.673912 -3.006534 0.254972 0.298893 0.258431 3.218770 0.961137
-1.015834 -1.112222 -1.230473 -2.463502 0.332337 0.312171 3.215424 0.953674
-0.952925 -1.014595 -0.583579 -1.601513 0.320235 0.250593 3.218880 0.950221
-0.964993 -1.961812 -0.217271 0.527163 0.329360 0.240000 3.218880 0.918847
-0.978448 -1.306736 0.008611 -2.739963 0.306327 0.240000 3.218880 0.943894
-0.908130 -0.999264 -3.970585 -2.938461 0.328296 0.261483 3.218880 0.927586
-1.008197 -1.380975 0.410391 -4.364451 0.303884 0.240000 3.218880 0.945487
-0.984083 -1.555625 0.848904 -3.843532 0.316359 0.240000 3.218880 0.930416
-1.020259 -1.612639 -0.738822 -2.720531 0.324002 0.311733 3.218880 0.941065
-0.975795 -1.813658 -0.005982 -1.638111 0.322300 0.240011 3.218880 0.922441
-0.996004 -0.788185 -1.940580 -3.520345 0.317489 0.286652 3.170491 0.956844
-1.004453 -0.431121 -4.866356 -2.980780 0.304858 0.310752 3.080705 0.961669
-0.930060 -1.743793 -0.059712 -1.482243 0.329485 0.241472 3.218880 0.924490
-0.967948 -1.026188 -0.945512 -2.494766 0.337761 0.291130 3.218880 0.942334
-0.995919 -0.798590 -1.767282 -3.115663 0.312906 0.266317 3.218880 0.944566
-1.073028 -1.079235 -0.392492 -3.357845 0.314097 0.295676 3.218608 0.950803
-0.965286 -1.468740 -1.042642 -1.488268 0.337046 0.307329 3.218880 0.941934
-0.949797 -1.113711 -3.460555 -0.314641 0.332133 0.312201 3.218880 0.947583
-1.061964 -0.775289 -2.241254 -4.793595 0.309006 0.291823 3.187687 0.961643
-0.927904 -0.706666 -2.273439 -2.901190 0.316249 0.259166 3.218880 0.952984
-1.010243 -1.316171 -1.213177 -0.211453 0.321644 0.259459 3.218880 0.935961
-0.965772 -1.268679 0.137528 -3.151212 0.322207 0.247974 3.218880 0.945139
-0.946547 -0.596871 -3.994678 -3.499366 0.300029 0.251166 3.192664 0.952734
-0.947802 -0.892499 -2.940166 -2.147776 0.299332 0.240000 3.218880 0.948193
-1.008467 -0.777650 -4.468777 -0.855238 0.318407 0.304038 3.203381 0.952788
-1.089904 -0.849031 -2.771600 -1.006728 0.282665 0.240000 3.218880 0.955758
-1.010977 -0.624064 -2.385288 -0.119438 0.322183 0.286276 3.149011 0.956020
-0.998124 -1.380626 -3.383233 -0.468086 0.317395 0.284542 3.218880 0.936733
-1.013167 -0.868482 -0.739390 -3.063691 0.301870 0.244281 3.218880 0.958984
-0.986611 -0.416035 -2.646843 -4.548739 0.323893 0.289115 3.144353 0.961773
-1.017047 -0.566141 -3.933508 -1.460825 0.292103 0.266373 3.189672 0.960503
