-0.974753 -1.604762 -0.234573 0.274955 0.323132 0.240040 3.218880 0.934269
-0.988684 -0.575549 -4.260847 -1.849075 0.311276 0.285336 3.176498 0.955101
-0.965600 -1.120933 -0.400729 -3.653605 0.314080 0.242011 3.218880 0.939860
-0.985634 -1.116222 -2.477694 -2.127062 0.310170 0.260738 3.218880 0.946856
-0.946778 -1.865963 0.693707 -2.309101 0.349149 0.287674 3.218880 0.920626
-1.067137 -0.331677 -3.685803 0.375837 0.305033 0.290185 3.132020 0.962599
-1.037933 -0.386917 -2.463802 -1.427130 0.304915 0.279929 3.111878 0.951081
-0.973568 -0.742275 -3.366605 -0.594708 0.318928 0.276209 3.206064 0.946725
-1.006989 -0.118074 -4.914705 -1.292079 0.319962 0.314870 3.079192 0.964433
-1.085972 -0.837998 -3.312981 0.877486 0.303464 0.312597 3.137590 0.956926
-0.981140 -0.690882 -4.456313 -2.249898 0.308322 0.259829 3.218880 0.954835
-1.009503 -0.282286 -3.641633 -0.437783 0.299462 0.260958 3.147616 0.960862
-0.928783 -0.365506 -4.940227 -4.866039 0.314453 0.283911 3.131963 0.948775
-1.047382 -1.125882 -1.679576 0.294446 0.302694 0.251252 3.218880 0.951029
-1.011103 -1.681692 0.601689 -3.967679 0.314010 0.240000 3.218880 0.923366
-0.957020 -0.932276 -3.568382 -2.952535 0.331927 0.297121 3.218880 0.943573
-0.916409 -1.137548 -2.102179 -4.325715 0.336995 0.273904 3.218880 0.947525
-0.961378 -0.967370 -2.476871 -0.083610 0.323164 0.282399 3.194814 0.948449
-0.918199 -1.639814 -0.298056 -2.754585 0.327007 0.241424 3.218880 0.929034
-1.040748 -1.377146 -0.287531 -2.168633 0.303418 0.240000 3.218880 0.942030
-1.011794 -0.876721 -3.829873 -1.275181 0.288683 0.240000 3.218880 0.954067
-0.976192 -1.791628 0.045364 -1.017736 0.319479 0.240000 3.218880 0.933424
-0.970807 -1.072978 -2.096811 -3.395028 0.323452 0.306131 3.218785 0.940506
-1.032716 -1.860609 -0.088648 0.970273 0.318482 0.240000 3.218880 0.928784
-1.023545 -0.512368 -4.034031 -3.109760 0.305430 0.282554 3.132196 0.963455
-1.118896 -0.639691 -2.590377 0.092282 0.293770 0.258105 3.218880 0.956334
-0.939194 -1.337085 -0.333517 -2.530067 0.336235 0.287559 3.218880 0.941358
-1.067769 -0.320728 -1.739832 -2.821001 0.308270 0.285997 3.123294 0.966007
-0.978014 -1.002292 -4.265129 -3.070164 0.323963 0.275620 3.218880 0.943621
-0.937971 -1.155032 -3.075623 -1.407311 0.315567 0.249249 3.218880 0.936309
-1.048513 -0.447234 -2.602205 -4.995529 0.292791 0.267814 3.147080 0.964170
-0.896212 -0.707497 -3.745226 0.369154 0.332135 0.289006 3.190367 0.951296
-0.995295 -0.786328 -1.159240 -3.460339 0.311108 0.260526 3.218880 0.953721
-0.962672 -0.732488 -1.998843 -4.950061 0.326930 0.292177 3.175917 0.952830
-0.983353 -0.856067 -2.451137 -2.547598 0.320823 0.274424 3.218880 0.943988
-1.069646 -0.453573 -4.350634 -0.892281 0.303221 0.301422 3.114211 0.973760
-1.019139 -0.426865 -3.560411 -2.719659 0.291218 0.258974 3.163525 0.962055
-1.033560 -0.573435 -4.111539 -3.836559 0.301183 0.269940 3.189283 0.958406
-1.018159 -0.612647 -4.410341 -3.013735 0.301629 0.274115 3.167719 0.961963
-0.998721 -0.957295 -4.229151 0.793643 0.311487 0.272593 3.218880 0.946307
-0.950544 -0.696830 -2.046848 -4.847115 0.330133 0.287630 3.197066 0.955489
-0.979135 -2.058086 0.763974 -0.047916 0.330916 0.240000 3.218880 0.939401
-0.975798 -0.795914 -1.367100 -3.140173 0.313052 0.272695 3.185431 0.957153
-1.006177 -1.282309 -1.880502 0.229667 0.320915 0.282550 3.218880 0.949238
-1.061686 -0.614253 -2.386906 -0.203509 0.311045 0.294735 3.154277 0.962743
-1.012839 -1.591886 -1.239089 0.529719 0.310362 0.240000 3.218880 0.927575
-1.006785 -0.489470 -2.814686 -4.424056 0.300718 0.263954 3.194456 0.956896
-0.924694 -0.603071 -3.860718 -1.439836 0.325825 0.289084 3.165953 0.947816
-0.938298 -0.314870 -4.398481 -1.588708 0.322295 0.300023 3.105087 0.953297
-0.950685 -0.862843 -3.257171 -2.798572 0.313575 0.281834 3.200814 0.949382
-1.028534 -1.517739 0.782673 -3.697437 0.306207 0.240000 3.218880 0.939223
-1.011440 -1.255504 -1.652805 -1.252701 0.304684 0.240000 3.218880 0.942285
-1.042808 -0.973909 -1.664867 -1.518366 0.293235 0.240000 3.218880 0.952361
-1.078985 -1.023377 -1.910005 0.514989 0.296968 0.241981 3.218880 0.940493
-0.968311 -0.879611 -1.519313 -3.934721 0.318516 0.262676 3.218880 0.947920
-1.010118 -0.917413 -1.870721 -2.574397 0.309528 0.278667 3.210654 0.954742
-1.057044 -0.504906 -2.726016 -2.397530 0.304196 0.292840 3.132197 0.965844
-1.003545 -1.733154 -0.974347 0.791582 0.315694 0.240000 3.218880 0.931410
-0.962223 -0.696167 -3.719679 0.324747 0.315292 0.282485 3.210043 0.960957
-1.020769 -1.262288 -1.538730 -1.122745 0.296585 0.240000 3.218880 0.938251
-0.990581 -1.104614 -0.908183 -1.886368 0.327041 0.274066 3.218880 0.935875
-0.985640 -1.792057 0.963478 -2.050539 0.328395 0.240000 3.218880 0.923890
-0.969588 -1.039984 -4.033884 0.383117 0.323183 0.291538 3.218880 0.947005
-1.027601 -0.745347 -4.671507 0.818899 0.316979 0.303424 3.194312 0.956215
-1.040738 -0.690459 -0.611139 -1.226822 0.315067 0.278934 3.172025 0.955964
-1.017686 -1.834006 0.071663 -0.861606 0.308054 0.240000 3.218880 0.931812
-1.001159 -1.840700 0.143079 -0.391040 0.336778 0.277900 3.218880 0.944049
-0.985459 -1.998161 -1.413343 0.370224 0.317793 0.240000 3.218880 0.917727
-1.016054 -1.039137 0.220899 -3.434416 0.304717 0.240000 3.218880 0.947565
-0.996203 -2.126391 0.268671 0.594427 0.321708 0.240000 3.218880 0.925692
-1.036116 -1.097652 -0.130835 -2.975137 0.330045 0.302256 3.196163 0.954783
-0.981633 -0.789748 -3.383590 -3.999300 0.300178 0.246257 3.218880 0.951372
-1.021504 -0.701138 -2.015391 -2.610893 0.298181 0.260301 3.218880 0.964809
-0.998471 -0.462656 -4.149385 -2.523213 0.297675 0.262520 3.176632 0.959519
-0.921387 -1.188908 0.239391 -4.697468 0.320797 0.245957 3.218880 0.946013
-0.929360 -0.642131 -3.880876 -2.193382 0.297642 0.242127 3.218880 0.959471
-0.921534 -1.681635 -0.384027 -1.901548 0.320314 0.240000 3.218880 0.925163
-0.999060 -1.325777 0.458237 -2.982856 0.327595 0.270845 3.218749 0.949537
-0.952987 -0.895561 -4.289514 0.421445 0.324489 0.265444 3.218880 0.940539
-0.966016 -0.810025 -4.051334 -1.946190 0.317078 0.301738 3.161805 0.950673
-0.983617 -1.215543 -2.818764 0.586199 0.305604 0.244211 3.213316 0.939955
-0.965808 -1.212832 0.287043 -4.319664 0.328945 0.254668 3.218880 0.934846
-0.980187 -1.052525 -4.494094 -2.189042 0.325103 0.301790 3.218880 0.948177
-0.990756 -1.165994 -0.975187 -3.675273 0.300398 0.240000 3.218880 0.942489
-1.067463 -0.455114 -4.258557 -1.047772 0.295148 0.291618 3.144138 0.963774
-1.005524 -0.692199 -1.103739 -3.899751 0.323315 0.293236 3.173228 0.954394
-1.034403 -0.496810 -4.288791 0.628778 0.288031 0.253225 3.172995 0.963828
-1.022447 -0.683382 -2.937911 -1.771624 0.308123 0.282079 3.208173 0.955841
-0.953045 -1.399910 0.902020 -3.068407 0.325983 0.253312 3.218880 0.943818
-0.924934 -0.901322 -0.767226 -4.852375 0.334227 0.266229 3.218880 0.946619
-0.953996 -2.527274 0.097618 0.792905 0.345333 0.286462 3.218880 0.912069
-1.059465 -0.246949 -4.823261 -4.115492 0.310146 0.317432 3.068817 0.969343
-0.951076 -1.173953 -2.007536 0.495391 0.333305 0.275089 3.218880 0.940154
-0.917034 -0.853104 -2.568993 -2.512766 0.319078 0.255151 3.218880 0.950661
-1.028631 -1.617066 0.716258 -1.472093 0.318002 0.240000 3.218880 0.936387
-1.017218 -0.883742 -0.807041 -1.871162 0.322600 0.280115 3.218880 0.955836
-1.006012 -0.899347 -4.349012 -0.122728 0.302178 0.256476 3.218880 0.947534
-0.960430 -0.897817 -4.181465 -1.837776 0.320396 0.266228 3.218880 0.947815
-1.055503 -0.531122 -4.722674 -1.166117 0.298011 0.300157 3.143529 0.958930
-1.028806 -1.690046 0.423030 -4.192242 0.307983 0.240000 3.218880 0.933144
-0.997054 -1.395523 0.919873 -3.535880 0.330777 0.266341 3.218605 0.937481
-1.038849 -0.924300 -2.769858 -3.152392 0.310005 0.294066 3.210841 0.956821
-0.943989 -2.208908 0.804893 -1.400593 0.340227 0.244522 3.218880 0.912954
-1.070235 -0.032891 -3.054359 -1.749076 0.300586 0.310523 2.983720 0.965543
-0.970776 -0.917546 -1.145381 -4.399385 0.318822 0.287849 3.203719 0.958288
-1.000214 -0.585222 -2.701551 -3.680513 0.312965 0.282144 3.197052 0.963372
-0.965151 -1.284079 -0.669967 -1.635598 0.335571 0.286904 3.218758 0.941524
-0.961991 -1.162653 -1.369262 -4.785964 0.327496 0.289038 3.217613 0.944728
-1.036620 -0.601271 -1.495175 -2.052772 0.316559 0.289783 3.141065 0.953148
-1.012951 -0.711701 -2.543096 -2.508172 0.294405 0.251297 3.218880 0.964047
-0.962262 -1.920722 -0.764841 0.288262 0.327624 0.240000 3.218880 0.916591
-1.008171 -1.010362 -1.190877 -4.721435 0.295111 0.240000 3.218880 0.955651
-0.974562 -1.570380 -0.526721 0.402684 0.325508 0.241417 3.218880 0.934742
-0.949416 -0.745945 -4.984457 -3.488405 0.328117 0.294178 3.198542 0.952993
-1.011122 -1.438208 -0.301784 -2.654917 0.314044 0.241344 3.218880 0.939548
-0.974785 -1.608842 0.842601 -2.004650 0.320487 0.240000 3.218880 0.937280
-0.995465 -0.943795 -4.138564 -1.670562 0.318929 0.285310 3.218880 0.952976
-0.974892 -1.739197 0.970756 -4.803376 0.309434 0.240000 3.218880 0.934075
-0.947118 -0.473000 -4.635815 -0.436740 0.317525 0.296273 3.180863 0.962092
-0.864079 -1.249033 -1.699167 -3.601751 0.340388 0.261446 3.218880 0.931544
-1.030402 -0.539033 -3.391046 -0.746267 0.288606 0.247826 3.204688 0.963867
-0.974300 -1.157186 -3.007320 -2.250939 0.318145 0.261654 3.218880 0.936982
-1.051996 -1.346519 0.197425 -1.641517 0.298406 0.240000 3.218880 0.946692
-0.940348 -1.174323 -0.270977 -1.888524 0.336866 0.280446 3.198307 0.940567
-0.879043 -0.979240 -2.034949 -3.581183 0.350500 0.294124 3.199852 0.929941
-0.981785 -0.425642 -4.833469 -3.446362 0.323000 0.314156 3.110737 0.958048
-1.003227 -0.979148 -2.529619 -0.789825 0.313946 0.270486 3.218880 0.942615
-0.959023 -0.839344 -1.195116 -4.102088 0.323836 0.261723 3.218880 0.947913
-1.051937 -1.922260 0.725949 -2.967097 0.326993 0.298554 3.218880 0.933712
-1.045745 -1.104058 0.158191 -3.443672 0.315970 0.267099 3.218880 0.950652
-0.927484 -1.044134 -3.162926 -1.655885 0.334437 0.298251 3.218880 0.950550
