-1.007879 -1.515422 -0.735710 0.704634 0.336903 0.285564 3.218880 0.940976
-0.917911 -0.883988 -0.330304 -4.241428 0.317633 0.245772 3.218880 0.950488
-0.944549 -0.923107 -2.056327 -3.207960 0.312013 0.248782 3.218880 0.951242
-0.969463 -0.892554 -1.405312 -0.256414 0.325571 0.262870 3.218880 0.952798
-0.931623 -1.125034 -3.681053 -0.901352 0.331528 0.300256 3.218880 0.946982
-0.959941 -0.279842 -4.676229 -1.814982 0.312957 0.284746 3.125018 0.962102
-1.015506 -0.295149 -3.558201 -2.329526 0.312332 0.302169 3.087524 0.965162
-1.031736 -0.684887 -2.279501 -1.784055 0.313070 0.284095 3.194976 0.953605
-0.946530 -0.556753 -4.404361 -3.656735 0.308202 0.265621 3.185320 0.960646
-0.999121 -0.999903 -3.280651 -2.167960 0.300189 0.240597 3.218880 0.946033
-0.985899 -0.348816 -4.850602 -3.673366 0.303434 0.276097 3.142260 0.959990
-0.999326 -1.328761 0.109206 -4.635000 0.311416 0.240000 3.218880 0.936395
-1.053456 -0.442636 -4.035717 -4.302927 0.316015 0.316808 3.152440 0.959816
-0.998807 -0.360737 -4.278133 -0.387667 0.304397 0.285117 3.103162 0.964452
-1.006526 -0.624477 -2.210883 -1.304040 0.318723 0.291827 3.167778 0.961021
-0.942129 -1.128418 -2.821128 0.200813 0.318435 0.250882 3.218880 0.945376
-0.978019 -0.771885 -2.969406 -4.087424 0.312294 0.262021 3.218880 0.954193
-0.942112 -0.871279 -2.083913 -3.503309 0.334695 0.299158 3.198736 0.944592
-0.994353 -1.065929 0.263886 -4.548439 0.309933 0.244130 3.218880 0.949958
-0.908998 -1.035782 -2.404276 -3.718569 0.329083 0.276672 3.218880 0.945841
-0.949124 -1.141114 -2.363407 -3.528300 0.341230 0.308442 3.216136 0.943648
-1.016670 -1.447851 -0.558094 0.523064 0.313824 0.240000 3.218880 0.937055
-1.039396 -0.382383 -3.124125 -3.971027 0.319765 0.309652 3.115345 0.963214
-1.107011 -0.376453 -4.400112 -1.564109 0.284510 0.286768 3.111157 0.963963
-1.101013 -0.721832 -2.877003 -1.997331 0.300893 0.295266 3.162443 0.949455
-0.904156 -1.858210 0.298513 -1.293988 0.333910 0.240010 3.218880 0.922336
-0.869700 -1.095463 -4.088175 -3.642075 0.328159 0.261213 3.218880 0.937426
-0.999345 -0.740893 -2.408649 -2.437361 0.314667 0.271166 3.215287 0.953572
-1.038342 -0.644244 -4.608935 -2.984026 0.284949 0.242250 3.218880 0.961891
-1.024475 -1.064974 -3.561671 -0.397500 0.294208 0.240000 3.218880 0.950038
-0.972884 -0.748530 -3.224576 0.903939 0.321345 0.287160 3.192601 0.947205
-0.999796 -0.292685 -4.172402 -4.596667 0.319062 0.302798 3.119254 0.961381
-1.041857 -0.982117 -4.164556 -0.807428 0.312400 0.302470 3.210519 0.955283
-0.995212 -0.851791 -2.773274 0.151072 0.318818 0.284777 3.193506 0.952784
-1.017997 -1.048386 -3.961140 -3.807776 0.314036 0.303901 3.216274 0.951389
-0.991763 -1.499508 0.436408 -4.681542 0.313693 0.240000 3.218880 0.932814
-1.043285 -1.264276 -0.929298 -3.391892 0.298476 0.240000 3.218880 0.946526
-1.080994 -1.050587 -0.689767 -1.561609 0.290074 0.240000 3.218880 0.951831
-1.030468 -0.655373 -4.528881 -1.254058 0.316288 0.306182 3.188155 0.961486
-0.954143 -0.737512 -3.583441 -1.939726 0.321199 0.274194 3.218880 0.943828
-0.975616 -0.679013 -3.918199 -4.949468 0.314426 0.275841 3.194540 0.946719
-0.962337 -0.459222 -4.149066 -2.607441 0.316516 0.281600 3.123128 0.950714
-0.929816 -0.884937 -4.204822 -0.330533 0.325590 0.282113 3.211163 0.952956
-1.008954 -0.982528 -0.537689 -2.206832 0.306978 0.242722 3.218880 0.949933
-1.050015 -1.995840 0.581171 -0.713005 0.317667 0.240000 3.218880 0.927638
-1.001127 -0.967616 -1.884908 -3.489537 0.309276 0.255235 3.218880 0.948426
-0.988507 -1.594340 -3.396782 -0.574195 0.318533 0.307225 3.218880 0.938547
-1.018977 -1.792400 -0.092055 -0.187626 0.309175 0.240000 3.218880 0.932476
-0.968981 -1.140528 -1.430510 -3.964186 0.311619 0.242579 3.218880 0.939283
-0.954314 -1.058871 -0.394789 -3.722793 0.322721 0.257887 3.218880 0.947528
-1.024619 -1.030259 -1.447741 -1.827663 0.316140 0.287739 3.218880 0.950371
-0.926930 -0.978145 -4.498942 0.903154 0.330475 0.272200 3.218880 0.946103
-0.965263 -0.472580 -3.162558 -4.847905 0.308650 0.270470 3.206072 0.961241
-0.963550 -1.104138 -1.612802 -2.461600 0.319384 0.251714 3.218880 0.935786
-0.990179 -1.133576 -0.608391 -4.849654 0.303094 0.240000 3.218880 0.943541
-0.982394 -0.642220 -2.545808 -2.316081 0.314601 0.287227 3.181473 0.966180
-0.996155 -0.470959 -3.034587 -4.088023 0.313591 0.285680 3.142942 0.957933
-1.018745 -0.492826 -4.600942 -0.334529 0.312063 0.287618 3.168248 0.964042
-1.015885 -0.723466 -1.814254 -4.275915 0.294158 0.241199 3.218880 0.957677
-0.967893 -1.120475 -3.385301 -4.920249 0.330821 0.309701 3.204886 0.956232
-0.937779 -1.388905 -2.908262 -1.671143 0.331168 0.280508 3.218880 0.936437
-1.013652 -1.887907 0.736771 -2.414188 0.335908 0.321890 3.218880 0.933086
-1.000790 -0.927151 -3.174101 -3.793944 0.291515 0.240000 3.218880 0.950961
-1.085512 -0.593496 -2.692083 -1.480989 0.307117 0.299370 3.103996 0.957390
-0.996217 -1.176027 -1.290876 -2.414996 0.323441 0.300058 3.218880 0.954625
-0.958423 -1.235533 -1.916296 -4.240331 0.327979 0.283221 3.218880 0.943452
-0.915172 -1.441060 -0.728504 -0.441008 0.330954 0.246967 3.218880 0.934833
-0.988161 -1.682583 0.857511 -2.981853 0.326690 0.241112 3.218880 0.920758
-1.007319 -0.598472 -0.775967 -3.131671 0.311963 0.268096 3.164752 0.958725
-0.948930 -1.280727 -2.499600 -2.740632 0.336228 0.303878 3.218880 0.938197
-1.003591 -1.245718 -0.161618 -3.785817 0.331335 0.293382 3.213953 0.945667
-0.952760 -1.132540 -1.568307 -2.997246 0.331806 0.290480 3.218509 0.939485
-0.958933 -0.941642 -4.200222 -4.829777 0.324398 0.294868 3.218880 0.950262
-0.965653 -0.805994 -2.863119 -1.095315 0.328024 0.296736 3.185175 0.950941
-0.874549 -0.998635 -4.102072 -3.193850 0.322937 0.250704 3.218880 0.934653
-0.941479 -0.916138 -1.681590 -2.587222 0.311196 0.248194 3.218872 0.948494
-1.085369 -0.744853 -2.757401 -0.648462 0.303378 0.299207 3.204331 0.958199
-1.059134 -0.561914 -1.646951 -3.802241 0.305720 0.278179 3.177897 0.955240
-1.004369 -0.562735 -4.370385 -4.081667 0.310225 0.281841 3.195991 0.964960
-1.004714 -0.669920 -4.914113 -2.628081 0.287003 0.243029 3.218880 0.955793
-0.952326 -0.430534 -4.547070 -3.803324 0.319564 0.289009 3.160802 0.959657
-1.045101 -1.004428 -0.113568 -2.772966 0.309582 0.250116 3.218880 0.949941
-0.968784 -0.973213 -4.004216 -4.125557 0.324274 0.301150 3.214665 0.952467
-1.002058 -1.774340 -0.267697 -4.878450 0.315225 0.240000 3.218880 0.922140
-0.972401 -1.843869 0.608854 -1.206663 0.324018 0.240000 3.218880 0.926195
-0.995642 -1.501020 0.746605 -1.655518 0.322018 0.241640 3.218880 0.941520
-0.946642 -0.864432 -4.072924 -0.485822 0.326250 0.280686 3.218880 0.946498
-0.921259 -0.514561 -3.906720 -3.765124 0.316756 0.274878 3.176005 0.958966
-1.023545 -1.350300 -0.546534 -2.788986 0.317251 0.255263 3.218880 0.941259
-0.978340 -0.984567 -4.121347 -3.383161 0.321736 0.275015 3.218880 0.938065
-0.989179 -0.950787 -4.477335 0.997131 0.312726 0.263673 3.218880 0.950560
-1.028671 -0.911753 -1.224058 -0.636590 0.303853 0.243268 3.218880 0.953817
-0.983292 -0.610262 -4.921719 -3.138256 0.319623 0.294982 3.191108 0.960612
-0.965906 -1.410329 -2.797773 -4.018371 0.310436 0.240000 3.218880 0.928232
-1.000300 -1.214107 -2.098228 -3.431034 0.314565 0.247978 3.218880 0.926607
-0.990786 -1.285664 -2.267624 -2.592074 0.321665 0.277554 3.218880 0.937110
-0.952947 -0.562231 -4.576986 -4.244640 0.314329 0.274229 3.188379 0.959898
-1.015695 -1.666846 0.462208 -1.286656 0.321731 0.241437 3.218880 0.932071
-1.020999 -1.616084 -2.280762 0.231153 0.300778 0.240000 3.218880 0.933293
-1.033472 -0.820110 -3.433414 -0.400673 0.315425 0.300788 3.217592 0.965947
-0.989393 -1.358966 -1.858737 -1.402290 0.327310 0.289616 3.218880 0.945012
-0.939944 -1.491289 0.342954 -1.164668 0.334626 0.248385 3.218880 0.935995
-0.959365 -1.472151 -0.819286 0.771817 0.336304 0.252619 3.218880 0.933042
-1.031444 -0.398827 -4.266507 0.971488 0.311889 0.303389 3.100966 0.967488
-0.947230 -1.335710 -2.027435 -0.186359 0.329904 0.278845 3.218880 0.936797
-1.015750 -0.445044 -4.523193 -1.145355 0.306569 0.287161 3.131520 0.967474
-0.983024 -0.532047 -3.961374 -3.774016 0.323062 0.303261 3.191961 0.959506
-1.003343 -1.300747 -0.434848 -1.924940 0.308395 0.240000 3.218880 0.941051
-1.030277 -0.335872 -4.110364 -3.965352 0.300253 0.290673 3.117190 0.961083
-0.996419 -0.130591 -4.528265 -3.663292 0.314594 0.303220 3.058088 0.961148
-0.950865 -0.808831 -3.648762 -3.372233 0.322772 0.282765 3.218880 0.949628
-0.932721 -0.688361 -3.655219 -1.469016 0.313132 0.259296 3.218880 0.952367
-0.884933 -1.300069 -1.148226 -0.280170 0.329162 0.243471 3.218880 0.929581
-0.967513 -0.113724 -2.881730 -2.643997 0.326984 0.299698 3.056497 0.961573
-1.023298 -0.582775 -3.985810 -1.910804 0.313613 0.285902 3.194935 0.963485
-0.950395 -0.963210 -3.760407 -4.578722 0.323264 0.271274 3.218880 0.950219
-0.944330 -0.692680 -4.541231 0.132952 0.321874 0.288523 3.194958 0.956974
-1.001960 -0.747792 -2.692942 -1.868520 0.312589 0.280501 3.205007 0.951669
-1.004719 -1.686427 -0.652028 -0.998130 0.312556 0.240000 3.218880 0.927095
-0.952455 -0.975020 -1.996031 -2.761690 0.321921 0.285217 3.203545 0.947021
-0.980537 -1.857506 0.166437 -1.089805 0.318984 0.240000 3.218880 0.921398
-0.971765 -0.968957 -1.236708 -1.013848 0.303089 0.240000 3.218880 0.950978
-1.038023 -0.788884 -3.108359 -1.511949 0.312505 0.279990 3.196419 0.954019
-1.034215 -1.756546 0.006658 -1.085443 0.310489 0.240000 3.218880 0.924309
-1.042835 -1.503370 0.446212 -2.837172 0.323526 0.297535 3.218880 0.949503
-1.018649 -0.212376 -4.208853 -4.467271 0.308473 0.288551 3.090746 0.964564
-1.013224 -0.656364 -1.719127 -1.752555 0.318670 0.279590 3.183283 0.964183
-1.029691 -0.558172 -1.583179 -1.392598 0.308041 0.289599 3.113454 0.960645
-1.029694 -0.822136 -3.360190 0.253678 0.293450 0.243662 3.218880 0.956178
-1.001157 -0.842281 -3.487487 -3.854155 0.315761 0.301769 3.218880 0.950681
-1.025472 -1.424102 0.029771 -1.031008 0.305846 0.240000 3.218880 0.943536
