-1.095455 -0.589735 -2.003568 -4.445989 0.296682 0.282319 3.154837 0.955858
-0.976984 -0.444122 -3.428329 -0.755352 0.314082 0.273348 3.179157 0.951467
-0.916384 -1.512224 -4.791658 -4.262286 0.338234 0.292207 3.218880 0.942287
-0.908681 -0.457239 -4.014554 -3.998432 0.324522 0.279068 3.180544 0.955532
-1.003246 -0.636403 -2.509190 -0.081252 0.301037 0.253033 3.198690 0.962719
-0.966699 -1.310901 -1.553871 0.537123 0.322869 0.254772 3.218880 0.942760
-0.866399 -2.079788 0.766227 -2.803042 0.369644 0.291939 3.218880 0.917179
-0.964793 -0.605539 -3.212645 -0.850926 0.322596 0.290403 3.165168 0.952976
-1.017215 -1.193339 -0.190365 -2.963626 0.326207 0.289109 3.218880 0.945746
-0.962396 -0.816395 -3.203471 0.147480 0.332937 0.294379 3.185792 0.949850
-1.013980 -0.588187 -4.065480 -0.515485 0.318732 0.295683 3.177797 0.950129
-0.944029 -0.847934 -2.994533 -3.644719 0.327151 0.275907 3.207406 0.934999
-0.944019 -0.523674 -4.296198 -2.909380 0.321440 0.278890 3.155602 0.956704
-0.994090 -1.580084 -0.000016 -2.735784 0.311978 0.240000 3.218880 0.935061
-1.034395 -0.662120 -1.907749 -2.530423 0.287110 0.243162 3.199491 0.965114
-1.070116 -0.709728 -4.988308 -1.471817 0.295649 0.297436 3.164035 0.957699
-0.985216 -1.461723 -2.255209 -3.685021 0.325083 0.296386 3.218880 0.940635
-0.901576 -0.831479 -2.363323 -3.330255 0.332608 0.269119 3.218880 0.938627
-0.998850 -0.968040 -0.904199 -1.972784 0.326446 0.290207 3.197320 0.951435
-0.981539 -0.871436 -3.306066 -1.471694 0.315918 0.294353 3.213444 0.958166
-0.999436 -0.845673 -3.843241 -2.168939 0.319730 0.296402 3.175025 0.954102
-0.999929 -1.518533 0.078143 -4.681342 0.333356 0.295378 3.218880 0.930286
-0.965014 -1.402286 -0.517420 -4.541488 0.321206 0.250148 3.218880 0.936166
-0.986048 -0.930480 -1.505757 -3.919398 0.309373 0.245601 3.218880 0.943962
-1.010497 -0.239120 -4.563161 -3.255875 0.317394 0.306462 3.123296 0.968087
-0.939252 -1.038302 -1.043938 -2.752353 0.331450 0.269740 3.218880 0.949328
-1.027067 -0.646700 -1.922915 -1.016573 0.314853 0.286956 3.202032 0.969121
-0.984893 -0.627374 -4.730899 -2.691158 0.313952 0.273791 3.218496 0.951108
-0.979245 -1.660833 -1.083142 0.714734 0.312234 0.240000 3.218880 0.937356
-1.032017 -0.566450 -4.023526 -1.082738 0.311797 0.297735 3.177863 0.962250
-0.990232 -1.356984 -0.672117 -0.114483 0.310748 0.240000 3.218880 0.942348
-1.008369 -0.879185 -2.167291 -3.731010 0.320322 0.295011 3.208795 0.949024
-0.999931 -2.334253 -0.313182 0.972776 0.320914 0.240000 3.218880 0.919572
-1.040832 -1.315659 0.444831 -1.936846 0.305315 0.240000 3.218880 0.944654
-0.906653 -1.720472 0.718502 -2.327278 0.329601 0.240000 3.218880 0.926004
-1.018951 -0.766047 -3.944105 -2.944010 0.313563 0.279761 3.218416 0.950612
-0.943341 -1.534380 -2.053907 -2.503598 0.314416 0.240000 3.218880 0.929197
-1.014483 -0.135298 -3.664688 -2.301733 0.296378 0.274533 3.090246 0.972056
-0.973955 -1.263148 0.385439 -4.536846 0.309054 0.240000 3.218880 0.943122
-1.057672 -0.651798 -4.754804 0.332424 0.300001 0.285505 3.206969 0.956262
-0.990949 -1.236264 -0.655505 -3.609263 0.309514 0.240000 3.218880 0.944930
-0.989707 -0.834201 -1.528051 -1.190525 0.308482 0.247596 3.218880 0.954881
-1.000809 -1.399955 -1.022489 -4.122470 0.322876 0.307975 3.218880 0.940745
-1.046043 -0.649942 -1.351252 -2.727994 0.294978 0.251733 3.215892 0.960593
-1.009947 -0.937409 -4.768169 -4.610483 0.309169 0.294574 3.216623 0.956162
-0.957277 -1.255612 -1.518771 -0.019646 0.317739 0.243338 3.218880 0.938916
-1.033391 -0.559235 -3.145108 -1.565569 0.315628 0.286400 3.142770 0.947968
-1.008682 -0.581575 -2.542670 -3.375631 0.313482 0.288074 3.168382 0.958141
-0.934555 -0.710269 -2.435610 0.198138 0.322844 0.269734 3.207934 0.957192
-0.942852 -0.905103 -2.060299 -4.504474 0.318073 0.256460 3.218880 0.948597
-0.958275 -0.784664 -2.487788 -3.566308 0.330145 0.306343 3.191117 0.948352
-0.916691 -1.015232 -3.687899 -0.867243 0.324578 0.274337 3.218880 0.944452
-0.997548 -1.472988 0.318196 -4.642611 0.330218 0.286632 3.218689 0.936156
-0.931546 -0.667718 -4.387764 -0.729676 0.324828 0.291050 3.185072 0.956742
-1.011148 -1.227592 -0.366754 -3.082880 0.306876 0.240338 3.218880 0.943206
-1.015834 -0.618797 -2.794758 -2.048049 0.308643 0.285924 3.168941 0.958759
-0.981307 -1.822817 -0.441481 0.838986 0.316598 0.240000 3.218880 0.934224
-0.981041 -1.640551 -1.229066 0.136395 0.336447 0.300490 3.218880 0.930955
-1.083878 -0.391354 -3.595328 0.497115 0.294055 0.299362 3.115360 0.966873
-1.008453 -1.540063 0.226820 -2.129287 0.314339 0.240000 3.218880 0.935565
-0.961211 -0.888839 -3.293248 -4.492344 0.301252 0.241463 3.218880 0.949995
-0.991662 -0.639993 -3.657002 -0.665312 0.318061 0.294855 3.169463 0.955001
-0.981182 -0.774729 -3.381434 -2.747570 0.314213 0.274261 3.218880 0.956063
-0.957767 -0.685910 -4.514897 0.089744 0.318584 0.287003 3.187245 0.954334
-1.010854 -0.824822 -1.701558 -1.735173 0.304384 0.255919 3.218880 0.955974
-1.003931 -0.915197 -1.684781 -2.106202 0.321416 0.283634 3.191645 0.951988
-1.017647 -0.949758 -0.523896 -3.685487 0.311601 0.247754 3.218880 0.944123
-0.988754 -0.752377 -4.063795 -1.184624 0.313039 0.283164 3.205725 0.961831
-1.001973 -0.828957 -3.670003 0.579000 0.318256 0.289813 3.184919 0.936426
-1.016125 -0.256899 -4.487890 -0.044584 0.308292 0.291819 3.108852 0.958373
-1.006215 -0.808137 -4.252337 -4.293816 0.320758 0.307628 3.172081 0.955202
-0.967569 -0.733027 -2.717210 0.393686 0.320335 0.272389 3.191036 0.942991
-0.963567 -1.144657 -0.294174 -3.653211 0.310015 0.243807 3.218880 0.949578
-0.959335 -1.078045 -1.393928 -3.645860 0.317328 0.255689 3.218880 0.944847
-1.070319 -0.446914 -3.404480 -0.831091 0.284819 0.253577 3.181219 0.963153
-1.007156 -0.839941 -2.864975 -2.568759 0.297336 0.241524 3.218880 0.952038
-0.977579 -0.953193 -4.503740 -1.974711 0.322411 0.274731 3.218880 0.955074
-1.047889 -1.173926 -1.120623 -3.245969 0.309499 0.256076 3.218880 0.936556
-0.969116 -0.565897 -2.175867 -4.163931 0.318872 0.284240 3.174914 0.955418
-0.939667 -0.707936 -4.111080 -4.930301 0.301648 0.245638 3.218880 0.958528
-0.974040 -0.702102 -3.291666 -4.356860 0.294655 0.242275 3.218880 0.957349
-1.030568 -0.514148 -3.987959 -2.476417 0.307589 0.292445 3.128055 0.968018
-0.997849 -0.634581 -4.539315 -0.782877 0.297432 0.251795 3.218880 0.959037
-0.975472 -1.723653 0.865422 -4.290562 0.318268 0.240000 3.218880 0.929347
-1.083918 -0.301598 -2.461374 -1.290774 0.299021 0.280878 3.065600 0.961288
-0.942658 -0.251056 -4.480856 -0.788043 0.317499 0.282473 3.098885 0.956706
-1.032947 -0.277184 -4.269610 -0.342651 0.299752 0.287935 3.078960 0.961119
-0.967881 -1.565063 0.972076 -2.150955 0.325294 0.240797 3.218880 0.937139
-0.963761 -1.011745 -0.956179 -1.862204 0.314618 0.248029 3.218880 0.947845
-1.003536 -0.446232 -1.623542 -4.453043 0.307917 0.277433 3.151303 0.966578
-1.011947 -0.499740 -4.063984 -1.585190 0.300668 0.267177 3.133789 0.957323
-0.906686 -1.571973 -0.220703 -1.646221 0.328185 0.240848 3.218880 0.931945
-0.918327 -1.140071 -0.522227 -3.813141 0.325370 0.246076 3.218880 0.933053
-1.046515 -0.774842 -2.649450 -4.466865 0.306011 0.309723 3.183629 0.967573
-0.973196 -0.568512 -4.108561 -3.483591 0.307053 0.265823 3.176136 0.961283
-1.031614 -0.721669 -1.986979 -1.574689 0.284000 0.240000 3.217568 0.959898
-1.033840 -0.327622 -4.409465 -3.278528 0.294430 0.273855 3.171387 0.965032
-1.014881 -1.525438 -2.574111 -2.451525 0.321326 0.310984 3.218880 0.935458
-0.963019 -0.299896 -4.764234 -0.552789 0.312522 0.289502 3.107204 0.957322
-1.015223 -0.500738 -3.971572 0.270230 0.300262 0.269335 3.173400 0.960584
-0.953483 -1.926667 0.435356 -0.991732 0.337337 0.271137 3.218880 0.926290
-1.105045 -1.287798 0.106641 -2.840012 0.299370 0.240008 3.218880 0.941955
-0.984356 -2.297263 -0.607371 -1.149803 0.346013 0.336466 3.218880 0.935039
-0.916207 -1.404957 -0.296861 -4.404231 0.338356 0.251948 3.218880 0.926719
-1.018298 -0.617499 -3.017416 0.267463 0.314035 0.281432 3.169114 0.959491
-1.006915 -1.285839 -0.000053 -4.091804 0.316025 0.248814 3.218880 0.936499
-1.035568 -0.598124 -3.950550 -4.804480 0.300751 0.263900 3.218822 0.966039
-0.982163 -0.850262 -2.707693 -2.136025 0.322995 0.289843 3.201555 0.948711
-1.056241 -0.940691 -1.984114 -2.591104 0.293706 0.240987 3.218880 0.945552
-0.971340 -1.599213 -3.702587 -2.277419 0.326678 0.313325 3.218863 0.937674
-0.944479 -0.888702 -2.936231 0.933053 0.341949 0.294217 3.218880 0.941314
-0.977814 -2.118242 0.900938 -0.243828 0.326210 0.240000 3.218880 0.932572
-0.915388 -0.596014 -2.901350 -3.706668 0.308342 0.255122 3.205873 0.957998
-0.998886 -0.829348 -1.805315 -2.122618 0.311494 0.259750 3.217276 0.951463
-0.935411 -0.731709 -2.898943 -2.228443 0.306050 0.247240 3.218880 0.955721
-0.941897 -0.739408 -4.089077 -1.515324 0.311557 0.255921 3.218880 0.955128
-1.025294 -0.553562 -4.069845 -1.009937 0.306686 0.291958 3.167096 0.961044
-0.913458 -2.121761 0.561250 -0.767077 0.341902 0.244898 3.218880 0.913204
-1.090231 -0.919474 -3.485956 -0.373977 0.305333 0.310040 3.173356 0.957207
-0.972684 -1.222756 -0.700679 -1.880290 0.318073 0.251347 3.218858 0.939236
-1.068896 -0.885522 -0.526386 -4.767175 0.314225 0.296001 3.122662 0.948999
-1.043803 -0.515161 -3.090675 -3.664439 0.300983 0.287246 3.141778 0.961793
-1.055601 -0.063547 -4.782166 -4.960776 0.299923 0.304293 3.034995 0.965589
-0.984466 -1.046753 -1.070019 -2.216985 0.318686 0.272105 3.218880 0.950433
-1.001901 -1.019333 -1.512829 -4.652175 0.295864 0.240000 3.218880 0.945732
-1.085636 -0.902873 -0.060305 -4.009529 0.292149 0.240000 3.218880 0.954324
-0.922260 -0.904178 -2.218990 -3.527381 0.318727 0.255945 3.218880 0.944201
-1.049484 -0.528583 -3.598758 -2.581294 0.309695 0.312247 3.133904 0.971239
-1.025203 -1.068662 -0.792083 -4.230706 0.295016 0.240000 3.218880 0.954054
-0.918023 -1.386956 -0.670569 -2.145636 0.322698 0.241109 3.218880 0.932144
-1.048201 -0.370051 -3.325810 -4.517622 0.307956 0.305241 3.111246 0.960276
-0.991435 -0.507846 -3.786368 -4.414029 0.308530 0.276456 3.143444 0.952230
