-0.979410 -0.401961 -4.664405 -0.532692 0.309801 0.281302 3.124462 0.950550
-0.969105 -1.661630 -4.112783 -2.442887 0.333373 0.295426 3.218880 0.927331
-1.029279 -1.482012 0.287107 -3.448983 0.320105 0.272330 3.218880 0.943423
-0.996045 -1.150327 -0.439416 -0.263584 0.321941 0.264495 3.190413 0.950553
-0.970147 -1.252340 -1.188735 -0.558172 0.310375 0.240000 3.218880 0.938071
-0.997125 -1.077735 -2.447242 -4.276237 0.318479 0.302752 3.211450 0.958449
-1.009563 -0.502916 -3.315343 -3.003243 0.313741 0.287761 3.164410 0.958214
-0.983048 -0.980001 -1.371022 0.208174 0.313923 0.248150 3.218880 0.949663
-0.995734 -0.770275 -2.666777 -1.702554 0.322548 0.308843 3.148756 0.951705
-0.928405 -0.598964 -3.046599 -2.206662 0.312781 0.259073 3.205582 0.955184
-1.000205 -0.595518 -3.827739 -2.996655 0.304759 0.280948 3.148121 0.960479
-0.966065 -0.408322 -4.071142 -2.781829 0.312857 0.273561 3.184415 0.952785
-1.016566 -1.057949 -3.136863 -0.323129 0.322859 0.303822 3.213440 0.948483
-1.010397 -0.248099 -4.328720 -0.385490 0.308156 0.297208 3.068977 0.959958
-1.039653 -0.420477 -3.787069 -2.060376 0.296132 0.282928 3.120383 0.958147
-0.976454 -0.536219 -2.409878 -1.270046 0.314682 0.274598 3.124185 0.954978
-0.921725 -1.025662 -1.983496 -3.544207 0.328644 0.277801 3.212048 0.939468
-1.027637 -1.067343 -0.063520 -2.870188 0.294390 0.240000 3.218880 0.950266
-0.992789 -1.697716 -0.082884 -1.259710 0.314581 0.240000 3.218880 0.929333
-1.040377 -0.715839 -0.771953 -2.606751 0.298921 0.245039 3.218880 0.960320
-1.022036 -0.740941 -1.762957 -1.741665 0.313460 0.286887 3.185030 0.950315
-1.053488 -0.272089 -4.746531 -0.300165 0.294596 0.284949 3.087099 0.963381
-0.955621 -0.760318 -2.924613 -2.831617 0.310787 0.264311 3.217924 0.952859
-0.999737 -0.767317 -2.233015 -2.530367 0.307649 0.256111 3.218393 0.955256
-0.943379 -0.705756 -3.633814 0.409300 0.336321 0.306450 3.176500 0.955638
-0.970436 -0.062509 -3.950925 -3.349900 0.316075 0.291050 3.031235 0.955397
-0.942236 -1.346408 -3.218050 -4.488472 0.309870 0.240000 3.218880 0.935760
-0.940790 -1.247491 0.135314 -3.909971 0.328390 0.253069 3.218880 0.935421
-1.000399 -0.514940 -4.904333 -3.643560 0.314090 0.284446 3.150908 0.952780
-1.051102 -0.776442 -2.900402 0.093585 0.288267 0.240000 3.218880 0.962329
-1.082923 -0.013548 -4.204557 0.131217 0.301239 0.293534 3.053881 0.971888
-0.960120 -1.093012 -1.156570 0.081084 0.323372 0.256742 3.218672 0.939896
-1.033383 -1.530593 0.030052 -0.299450 0.312654 0.240000 3.218880 0.932848
-1.005843 -1.647408 -0.475581 0.686702 0.313599 0.240000 3.218880 0.933701
-0.981174 -1.148385 -2.624191 -1.474544 0.309006 0.246003 3.218880 0.938147
-1.043672 -0.492219 -2.353997 -4.659916 0.310764 0.298757 3.150644 0.959024
-1.027091 -0.432462 -1.944716 -4.302407 0.316686 0.302927 3.094146 0.956558
-0.916383 -1.024934 -4.395581 -4.578729 0.337663 0.300664 3.218880 0.945045
-0.953108 -0.851820 -4.602690 -1.417448 0.301622 0.244486 3.218880 0.949592
-1.014126 -0.697745 -2.737130 -1.114501 0.284584 0.244886 3.201606 0.959667
-1.009058 -1.035347 -2.657828 -0.005286 0.320293 0.301047 3.213955 0.952848
-1.070094 -1.949448 0.545601 -0.277255 0.328768 0.294952 3.218880 0.937653
-0.904090 -0.778970 -3.611182 -0.677736 0.321939 0.261588 3.218880 0.948244
-0.950328 -0.687729 -4.486539 -3.863885 0.305690 0.252550 3.201321 0.957864
-0.973445 -1.147652 -0.476312 -2.538440 0.323667 0.251823 3.218880 0.945122
-0.945670 -1.380389 0.125201 -4.508238 0.317853 0.240000 3.218880 0.938246
-0.984233 -1.888536 -2.366011 0.679324 0.331457 0.303745 3.218880 0.934571
-1.005700 -0.389366 -4.441880 -2.885957 0.305032 0.276305 3.173791 0.960084
-1.026221 -0.218266 -3.946668 -3.871024 0.312008 0.299693 3.098495 0.960732
-1.056822 -0.355158 -4.040634 -3.371819 0.289560 0.271320 3.136413 0.961768
-1.014108 -0.599260 -3.474347 -0.309213 0.310298 0.289568 3.176601 0.958845
-0.940916 -1.297413 0.399489 -4.863666 0.327788 0.253781 3.218880 0.942274
-0.968582 -0.538612 -3.934963 -1.658940 0.321221 0.281678 3.201786 0.960414
-1.040022 -0.376820 -4.534388 -3.290576 0.300456 0.280733 3.160489 0.967707
-1.007483 -0.306676 -4.799830 -1.965003 0.306243 0.289073 3.112820 0.964584
-0.996488 -0.998846 -1.063216 -4.400659 0.318284 0.279797 3.218880 0.947548
-1.005556 -0.959174 -2.768462 -4.580147 0.294816 0.240000 3.218880 0.945039
-1.003510 -1.399629 -1.615044 -0.850403 0.328731 0.301257 3.205773 0.932559
-0.990990 -0.506421 -4.078226 0.929139 0.301891 0.265100 3.162282 0.964537
-0.986195 -0.664859 -4.238610 -0.848299 0.312886 0.293328 3.184808 0.960610
-0.956769 -1.115596 -1.873247 -1.725391 0.316264 0.240354 3.218880 0.929478
-1.010238 -0.725179 -2.818876 0.557951 0.311520 0.282111 3.191856 0.954976
-1.005638 -0.077206 -4.221511 0.065974 0.321059 0.311787 3.019638 0.963776
-1.045252 -0.489141 -2.557634 -3.316199 0.300518 0.285532 3.159533 0.961641
-0.960265 -0.992326 -1.517442 -0.464932 0.319067 0.251084 3.218880 0.951176
-1.002362 -1.215337 -1.810485 0.767599 0.309869 0.240000 3.218880 0.943095
-0.981578 -1.066502 -1.736296 -3.053071 0.321783 0.299817 3.178183 0.949444
-1.022205 -1.184177 -0.813182 -2.387624 0.319573 0.272017 3.218880 0.940943
-1.091922 -0.650677 -1.561794 -2.943529 0.285683 0.244871 3.218880 0.962953
-1.001231 -0.859792 -0.909708 -3.018647 0.302549 0.241933 3.218880 0.949350
-1.007392 -0.485559 -4.775069 -4.086810 0.306019 0.273443 3.218880 0.958742
-0.980121 -1.011697 -1.752463 -2.550173 0.318927 0.270255 3.206690 0.943266
-0.985522 -0.935960 -2.503737 -0.286102 0.299060 0.240000 3.218880 0.952013
-0.977291 -0.868905 -3.611291 0.643883 0.313057 0.265448 3.218880 0.946952
-0.992815 -0.333883 -2.532266 -4.879228 0.315975 0.285931 3.125626 0.958179
-0.989169 -0.480509 -3.971661 -2.340682 0.296707 0.261521 3.165440 0.964147
-0.998398 -0.182939 -4.912945 -3.911872 0.321554 0.324522 2.997970 0.951920
-1.052597 -1.235059 -0.602863 -1.297508 0.300840 0.240000 3.218880 0.943521
-1.009834 -0.541266 -3.564008 0.483381 0.293112 0.248823 3.177431 0.961415
-0.967348 -1.017775 -1.780010 -0.387872 0.311907 0.243211 3.218880 0.943758
-1.037611 -0.965603 -2.030448 -0.654007 0.300052 0.245397 3.218880 0.949164
-0.952401 -0.809370 -1.604065 -1.356994 0.321905 0.269698 3.218880 0.948487
-0.967977 -1.183610 -1.302932 -4.930810 0.306385 0.240000 3.218880 0.945497
-0.997164 -0.820476 -1.576578 -2.988432 0.301680 0.245156 3.218880 0.954151
-1.014520 -0.309225 -2.220839 -1.952257 0.319236 0.290177 3.094264 0.954689
-1.004723 -0.643396 -3.884817 -0.528390 0.315252 0.290015 3.180427 0.952709
-1.025384 -0.830762 -3.518257 -3.674965 0.315662 0.285697 3.211831 0.953994
-0.968237 -0.901465 -4.734464 -0.554207 0.296318 0.240916 3.218880 0.955274
-1.015030 -0.822756 -2.525715 -3.624575 0.318863 0.296396 3.168969 0.946216
-0.904971 -0.776651 -1.566129 -2.506001 0.339200 0.285168 3.176902 0.943581
-0.970066 -0.824942 -1.664743 -2.066923 0.330330 0.272709 3.183651 0.938119
-0.957219 -0.749850 -2.127525 -4.487585 0.312227 0.257426 3.218880 0.955011
-1.031156 -0.597956 -3.923275 -3.279336 0.312823 0.293293 3.209392 0.962191
-0.927988 -0.544231 -3.759411 -4.644234 0.326045 0.282146 3.214802 0.949904
-1.028435 -1.126918 -2.845794 -4.335792 0.295932 0.240000 3.218880 0.946895
-1.057995 -0.595765 -3.281754 -0.112635 0.302532 0.282548 3.187967 0.955675
-0.945388 -1.972746 -0.576300 0.926800 0.332256 0.240000 3.218880 0.920296
-0.920011 -0.891521 -1.501339 -0.839554 0.323193 0.252442 3.218880 0.949521
-1.033291 -1.087704 -0.520435 -4.248017 0.316267 0.272515 3.205034 0.949257
-1.004363 -0.675131 -2.732102 -0.947962 0.294380 0.243657 3.218880 0.965746
-1.066125 -1.377059 -1.464217 0.573701 0.301983 0.240000 3.218880 0.940493
-0.987286 -2.283322 0.846983 -3.262117 0.324055 0.240000 3.218880 0.914069
-0.938364 -1.548994 -4.020257 -0.819062 0.330777 0.267313 3.218880 0.927989
-0.923178 -1.507575 0.367877 -3.580689 0.346082 0.283547 3.218880 0.934987
-1.057324 -1.025146 -0.673626 -3.995889 0.313108 0.282112 3.214366 0.955109
-0.907230 -1.262455 -3.272694 -3.456772 0.331492 0.272873 3.218880 0.941965
-1.056695 -1.255419 -1.449830 0.430676 0.317397 0.292400 3.218880 0.947615
-1.045324 -0.642154 -4.456848 -0.165021 0.308795 0.297120 3.175716 0.957694
-1.034459 -0.815226 -2.749796 0.725591 0.303880 0.264186 3.218880 0.963771
-1.027066 -0.790321 -2.453480 -4.002961 0.312479 0.295313 3.175158 0.962754
-0.999845 -1.762319 -0.932582 -0.310104 0.341274 0.310005 3.218880 0.931862
-1.023653 -1.494356 0.697022 -2.401969 0.316169 0.240000 3.218880 0.932384
-0.962757 -0.881098 -4.294684 -2.786537 0.297361 0.243998 3.218880 0.950923
-0.972201 -1.429930 -0.797701 -0.608036 0.317515 0.240000 3.218880 0.929899
-0.939200 -0.803763 -4.394042 -4.561388 0.309818 0.254000 3.218880 0.951038
-0.919267 -1.080388 -1.382673 -2.480893 0.345825 0.291366 3.200480 0.931828
-0.998212 -0.908254 -1.465574 -2.319115 0.321444 0.284321 3.193290 0.943784
-1.038070 -1.699499 0.063986 -4.214007 0.313335 0.258888 3.218880 0.915179
-1.079457 -1.020771 -1.925857 0.495359 0.283533 0.240000 3.218880 0.955349
-0.981949 -0.745431 -4.054210 -1.257984 0.328139 0.324071 3.132702 0.956488
-0.992727 -0.752046 -3.598570 -4.760216 0.309594 0.288547 3.200236 0.951452
-1.039648 -0.794337 -3.055820 -2.005023 0.301263 0.272864 3.218880 0.955507
-0.990277 -0.989578 -2.791458 -0.543984 0.325145 0.306605 3.218107 0.954074
-1.008951 -1.005260 -1.206244 -3.003641 0.316438 0.256678 3.218880 0.943730
-0.996734 -1.362173 0.061160 -2.008205 0.313586 0.240000 3.218880 0.937039
-1.027291 -0.934951 -4.789583 -0.670559 0.308925 0.304404 3.196962 0.963185
-0.991170 -1.391247 -1.072723 -4.193699 0.322217 0.287267 3.218880 0.941478
-0.968309 -0.702914 -4.952974 0.705295 0.317535 0.286466 3.193958 0.950096
-1.029602 -0.964572 -2.562823 0.527369 0.307003 0.264159 3.218834 0.954350
-0.988845 -0.796464 -1.064131 -3.114463 0.322681 0.281425 3.212913 0.957284
-1.000643 -0.847641 -1.957950 -4.888324 0.315296 0.279309 3.218880 0.955173
