-0.993797 -0.493424 -4.892575 -3.454509 0.314151 0.298016 3.183784 0.961182
-0.976720 -1.412576 0.085452 -4.644901 0.325827 0.274392 3.218880 0.936076
-0.984692 -0.901884 -1.011743 -4.904702 0.314317 0.255503 3.218880 0.945155
-0.943975 -0.585767 -2.378103 -2.557593 0.324574 0.285289 3.195895 0.960407
-0.986308 -0.586854 -2.742822 -0.385720 0.306453 0.259056 3.198041 0.949401
-0.977880 -0.689634 -2.746993 -3.640900 0.319870 0.278232 3.183677 0.945631
-1.005066 -0.631506 -2.349725 -4.543632 0.324160 0.306612 3.138140 0.954553
-0.961366 -1.050340 -3.167350 -0.794769 0.324250 0.269883 3.218880 0.944603
-0.997431 -1.022843 -2.831339 -1.412824 0.304469 0.241903 3.218880 0.940559
-1.002831 -0.484599 -4.931265 -1.721637 0.305023 0.280585 3.142516 0.954205
-1.010000 -1.355734 -0.474221 0.248357 0.313831 0.240000 3.218866 0.944659
-0.933660 -0.580257 -2.276986 -2.520616 0.322169 0.288261 3.172201 0.961862
-0.979824 -1.530892 -2.903444 -0.292253 0.325538 0.266288 3.218880 0.932918
-0.952095 -0.552468 -4.704937 -1.079092 0.322203 0.306687 3.129698 0.959484
-0.985466 -1.228043 0.282680 -2.955370 0.335915 0.287741 3.218880 0.939400
-1.074856 -0.803037 -2.443406 -4.855731 0.301148 0.289393 3.212043 0.955695
-0.946449 -1.507003 -2.255532 -1.132376 0.318056 0.240000 3.218880 0.921955
-1.051436 -0.689790 -2.941337 0.386744 0.306614 0.271987 3.215533 0.960510
-0.973242 -2.071584 -0.432198 -2.143302 0.333491 0.313711 3.218880 0.925162
-1.032596 -0.731625 -4.200924 -3.829938 0.300188 0.281535 3.163507 0.954548
-1.029465 -0.937365 -1.518361 -2.840252 0.301338 0.245343 3.218880 0.948132
-1.102950 0.093325 -3.902136 -4.578414 0.289415 0.299766 2.962405 0.971459
-1.028020 -0.479407 -1.598185 -4.921577 0.307129 0.298219 3.091046 0.956813
-1.025505 -1.254422 -1.520470 0.209297 0.327126 0.298640 3.218880 0.943668
-1.015388 -0.532826 -4.468993 -4.755977 0.297138 0.261177 3.156370 0.959811
-1.009994 -0.989622 -4.635581 -3.421551 0.306896 0.292645 3.218638 0.956018
-0.921046 -1.031850 -2.983356 -3.983165 0.341501 0.303347 3.218880 0.939320
-1.038249 -0.904593 -1.394842 -2.614069 0.287379 0.240006 3.218880 0.963501
-1.030946 -1.467081 0.866602 -2.900586 0.310937 0.240000 3.218880 0.935439
-0.999913 -0.855745 -1.307859 -4.195198 0.301332 0.245483 3.218880 0.954867
-0.999496 -0.968144 -0.350112 -4.865881 0.316767 0.260709 3.218880 0.952098
-0.961154 -1.020059 -3.642780 -0.821073 0.300265 0.240000 3.218880 0.947690
-1.037946 -0.264359 -2.907744 -2.458694 0.303098 0.293206 3.077828 0.970807
-1.020853 -0.457494 -2.826686 -3.487005 0.305747 0.281484 3.125051 0.952178
-0.987781 -0.887823 -2.161214 -4.571919 0.329718 0.293020 3.208801 0.945572
-1.040456 -0.412680 -1.682371 -3.660765 0.315647 0.296990 3.146356 0.966891
-0.995231 -1.381624 -1.879045 -1.614158 0.330064 0.298329 3.218873 0.937747
-1.008704 -1.434180 -2.561064 0.135120 0.312377 0.299897 3.218880 0.937289
-1.059745 -0.751839 -0.851834 -0.659182 0.290901 0.240000 3.181067 0.959031
-1.030804 -0.777847 -4.966735 -3.263450 0.312793 0.293547 3.216321 0.955771
-1.002459 -0.905436 -2.028478 0.918271 0.326120 0.283035 3.186467 0.945121
-1.040996 -0.623795 -3.973944 -1.183838 0.297166 0.284320 3.173438 0.955237
-1.025568 -2.208439 0.773132 -1.385176 0.329340 0.293147 3.218880 0.929570
-0.991137 -1.898161 0.282556 -1.247473 0.333220 0.266823 3.218880 0.915588
-1.007895 -0.563205 -3.234556 -4.698586 0.316269 0.294746 3.171715 0.956212
-0.980031 -0.453011 -3.878935 -4.242150 0.316135 0.287430 3.166719 0.965662
-0.964093 -0.958893 -1.842229 -3.780016 0.327877 0.291926 3.185663 0.949903
-1.028400 -0.865114 -2.637091 -1.953842 0.314216 0.291281 3.179762 0.953862
-0.935154 -0.708039 -4.587126 -2.486578 0.314043 0.261297 3.218880 0.947509
-1.058523 -0.823472 -2.246250 -2.365738 0.306427 0.283162 3.158838 0.943468
-0.982114 -0.362461 -2.887047 -2.742259 0.321138 0.288906 3.150033 0.955660
-0.983510 -1.018958 -3.183322 -4.066548 0.320989 0.283764 3.218880 0.941911
-0.932895 -0.794798 -1.457996 -2.663733 0.335905 0.280319 3.207429 0.941397
-0.972512 -0.944571 -1.556793 -2.923365 0.318909 0.261965 3.218730 0.952500
-1.003592 -1.500730 -0.192832 -0.924493 0.332924 0.273523 3.218880 0.936510
-0.946951 -1.446214 -0.754321 -1.550571 0.334938 0.276145 3.218880 0.944513
-0.967466 -0.886747 -1.035111 -4.964297 0.327125 0.284845 3.209393 0.951632
-0.911338 -0.993221 -3.104182 -2.571058 0.324766 0.261911 3.218880 0.945130
-0.950844 -1.197835 -1.927429 -1.120039 0.324211 0.260953 3.218880 0.944456
-1.015172 -0.255393 -4.371984 -0.592804 0.300838 0.284176 3.110584 0.964707
-1.084341 -0.531281 -4.720062 -4.177256 0.299986 0.290305 3.169234 0.958283
-0.982820 -0.132409 -4.493340 -1.268214 0.304818 0.291246 3.044502 0.965323
-1.008243 -1.072691 -1.733521 -1.820546 0.307631 0.258309 3.218880 0.948364
-1.007613 -0.515054 -4.784564 -2.959099 0.312425 0.300409 3.132636 0.955259
-1.031726 -1.286796 -3.907770 0.047579 0.309722 0.280718 3.218880 0.950629
-0.948807 -1.706357 0.490573 -3.259345 0.325261 0.240000 3.218880 0.930057
-1.042417 -1.681631 0.159283 -0.448404 0.316506 0.240000 3.218880 0.930268
-0.909960 -0.881683 -2.149235 -4.720757 0.331537 0.275776 3.218880 0.942599
-1.104810 -0.631799 -1.537882 -1.737106 0.293385 0.251055 3.218880 0.950112
-1.046563 -0.818463 -2.240597 -0.901292 0.303425 0.271680 3.218880 0.952161
-0.921810 -1.359284 -1.082835 -2.329821 0.315793 0.240000 3.218880 0.933113
-1.029995 -0.621319 -2.865189 0.095633 0.312109 0.286406 3.166079 0.966371
-1.021125 -0.497018 -1.767509 -3.275483 0.309219 0.290824 3.123368 0.960403
-0.981885 -1.019938 -1.408249 -3.127894 0.302736 0.241895 3.218880 0.947398
-0.966701 -2.208954 0.671211 0.937549 0.334637 0.240000 3.218880 0.925881
-0.992269 -0.302900 -3.250250 -3.365000 0.309039 0.299368 3.086754 0.959789
-1.021176 -0.715268 -4.991931 -3.087611 0.310493 0.295489 3.186635 0.961647
-1.044845 -0.666621 -3.981885 -4.398415 0.301365 0.290682 3.197992 0.963804
-0.994550 -1.152792 -4.646318 -3.551895 0.316816 0.310690 3.218880 0.946454
-1.032249 -0.904634 -2.991814 0.050106 0.320103 0.286621 3.218880 0.957626
-0.903621 -1.740308 -4.701725 -3.680627 0.346110 0.289224 3.218880 0.920470
-0.977247 -0.801476 -3.055585 -3.646658 0.317739 0.291700 3.189109 0.948561
-0.998591 -1.148503 -2.467540 -0.151864 0.306733 0.240000 3.218880 0.940359
-0.953974 -1.711235 -1.979627 0.315953 0.343944 0.311406 3.218880 0.927939
-0.997932 -1.227235 -4.030318 0.151258 0.324702 0.315151 3.218880 0.945474
-1.043935 -0.657627 -2.350228 -1.507175 0.292199 0.244169 3.218880 0.956747
-0.941183 -1.130156 -4.872987 -4.995494 0.327054 0.306826 3.218880 0.949068
-0.939082 -0.934371 -2.539020 -0.997025 0.328245 0.278076 3.218880 0.948030
-1.012395 -1.755392 -0.510886 -1.466673 0.309281 0.240000 3.218880 0.932314
-1.076875 -0.631058 -3.439851 -0.836040 0.307612 0.302577 3.176296 0.954128
-0.992878 -1.501263 -2.110307 -1.221100 0.322030 0.270126 3.218880 0.932726
-1.075652 -0.831649 -1.334709 -2.042735 0.300445 0.249137 3.218880 0.955821
-0.985704 -1.179363 -2.094451 -1.810348 0.320452 0.276608 3.218880 0.946496
-0.962821 -1.205526 -1.559778 0.461408 0.311157 0.240000 3.218880 0.942238
-0.902778 -0.595159 -3.223885 -0.040153 0.324056 0.272028 3.179637 0.956811
-0.961780 -0.673257 -4.355783 -2.284920 0.297769 0.244834 3.218880 0.958561
-0.956634 -1.466250 -2.063290 -0.588595 0.332943 0.279750 3.218880 0.932538
-0.947122 -1.082457 -4.662710 -1.299079 0.306642 0.243864 3.218880 0.939646
-0.958353 -1.649476 -0.970845 0.886137 0.315689 0.240000 3.218880 0.934338
-0.902634 -1.147063 -3.824360 -2.728947 0.325982 0.261798 3.218880 0.939368
-0.921139 -0.518158 -1.852463 -4.517751 0.327040 0.281483 3.156870 0.955379
-0.938764 -1.060234 -2.643553 0.351687 0.324765 0.253853 3.218880 0.938103
-0.975471 -0.876551 -3.295597 -1.867547 0.318494 0.298363 3.192017 0.951064
-0.997825 -0.515640 -4.904398 -0.579499 0.310019 0.275302 3.162810 0.953552
-0.944439 0.121462 -4.987905 -3.568489 0.327176 0.307149 3.040885 0.967397
-0.956854 -0.912438 -3.006713 -0.803751 0.329210 0.302247 3.191004 0.947029
-0.928531 -1.808990 -1.105986 -0.022583 0.350258 0.295849 3.218880 0.915637
-1.038311 -0.742604 -3.763567 -2.050546 0.283839 0.245397 3.218880 0.962721
-0.962027 -2.219500 -0.356276 0.037503 0.324300 0.240000 3.218880 0.913721
-1.038548 -0.857240 -4.773751 0.349116 0.306251 0.282177 3.218880 0.952932
-0.969009 -1.291156 -4.759262 -3.961300 0.324549 0.285221 3.218880 0.942413
-0.996428 -0.375215 -4.075701 0.232061 0.312948 0.276959 3.159606 0.962742
-1.032099 -0.312300 -4.468083 -4.679093 0.298130 0.290302 3.088487 0.966225
-0.927261 -0.676525 -3.545198 -4.513078 0.323132 0.288548 3.177163 0.955539
-0.970113 -1.319320 -1.642483 0.204594 0.333312 0.296362 3.218880 0.943541
-1.050677 -1.025945 -1.125878 -0.816142 0.322342 0.293805 3.155904 0.938046
-0.983368 -1.519933 0.558260 -1.064177 0.316256 0.240000 3.218880 0.938339
-0.980189 -0.976605 -2.452879 -2.942434 0.336201 0.304398 3.213276 0.948152
-1.046748 -0.503633 -3.542015 -0.528842 0.305555 0.301160 3.127307 0.957208
-1.033316 -0.552982 -1.823306 -4.939399 0.314136 0.284477 3.166884 0.959610
-1.021662 -0.742165 -4.866270 -1.010695 0.309580 0.297099 3.205494 0.959135
-0.971393 -1.827907 0.532600 -3.391783 0.317568 0.240000 3.218880 0.923038
-0.982347 -0.662333 -2.583028 -4.046788 0.310422 0.269017 3.161368 0.952532
-1.005403 -0.848582 -3.170270 -1.630189 0.306167 0.284379 3.216391 0.955255
-0.949810 -0.412750 -4.617016 -4.766647 0.314704 0.284562 3.138277 0.960765
-0.948039 -1.855868 -1.553214 -0.852697 0.337739 0.285479 3.218880 0.932844
-1.002440 -0.920208 -3.862738 -2.582026 0.323896 0.310093 3.166427 0.951968
-0.928522 -1.008409 -0.612532 -4.916087 0.334322 0.274815 3.218880 0.947723
-1.006529 -1.046892 -1.921115 0.066558 0.317255 0.281877 3.209612 0.948086
-0.923494 -1.335572 -1.141078 -2.202494 0.322242 0.244542 3.218880 0.938257
-1.067249 -0.376451 -3.739223 -4.463743 0.302893 0.301691 3.125344 0.966487
-0.940791 -0.700648 -2.417273 -0.538816 0.313042 0.260971 3.193251 0.963094
