-0.971446 -1.173372 -1.120513 -3.854303 0.336581 0.286572 3.218492 0.942917
-0.996645 -0.938270 -2.154184 -3.257556 0.316783 0.275399 3.218880 0.949536
-1.026766 -1.251985 -0.942376 -3.865229 0.318264 0.292092 3.218767 0.949444
-1.016389 -0.650788 -3.678009 -1.492850 0.313855 0.310464 3.140704 0.961636
-1.021191 -0.927564 -1.181821 -4.109451 0.311144 0.287773 3.188632 0.950277
-1.000868 -0.482346 -4.938591 0.227748 0.323921 0.307078 3.126830 0.955081
-1.005077 -0.828495 -3.270518 0.186738 0.312685 0.260715 3.218880 0.948661
-0.946359 -1.752681 0.752846 -3.626237 0.318538 0.240000 3.218880 0.932823
-1.065292 -0.719492 -4.364287 -1.326745 0.302724 0.286582 3.204996 0.957499
-1.011424 -0.548112 -4.763561 -3.559270 0.300799 0.274949 3.192122 0.967000
-0.945614 -1.370765 0.389663 -4.767748 0.326531 0.244882 3.218880 0.936016
-0.939409 -0.791493 -4.791418 -0.700571 0.319047 0.292201 3.181937 0.952442
-0.973818 -0.767227 -3.702936 -1.402144 0.314406 0.271948 3.218880 0.955240
-1.069743 -0.962508 -0.884394 0.201017 0.319096 0.287614 3.187403 0.955764
-1.053162 -2.083439 0.934387 0.062191 0.327273 0.240000 3.218880 0.921105
-1.015705 -0.920712 -1.396150 -3.453102 0.318278 0.285522 3.218880 0.949705
-0.973428 -0.683385 -4.879570 -4.184143 0.318710 0.302397 3.178400 0.962105
-1.010630 -0.831283 -1.763964 -3.373884 0.321884 0.302484 3.212357 0.957750
-0.955603 -0.764000 -4.443752 0.562981 0.318133 0.275997 3.218880 0.952215
-0.964633 -0.833602 -3.551891 -0.000675 0.307062 0.252193 3.218880 0.955920
-0.987869 -0.716413 -3.873209 -2.442674 0.315954 0.283300 3.218769 0.958762
-1.043287 -0.695241 -4.544505 -2.330528 0.300702 0.284399 3.192555 0.950410
-1.007800 -0.465874 -2.841397 -2.841516 0.307491 0.282671 3.167622 0.961450
-1.047718 -1.594382 -0.841964 -2.778000 0.304079 0.254066 3.218880 0.934340
-1.030370 -0.832482 -4.348145 -2.384504 0.288306 0.240000 3.218880 0.953847
-0.985669 -0.795226 -4.779774 -0.317232 0.308913 0.283309 3.200645 0.951061
-0.981677 -0.465978 -4.422469 -2.975476 0.307530 0.277030 3.162426 0.962800
-1.033700 -1.740476 -2.851177 -2.875402 0.307613 0.240051 3.218880 0.924649
-0.950568 -0.923621 -3.428341 -2.630103 0.304857 0.243698 3.218880 0.948418
-0.963203 -1.340744 0.325484 -4.395808 0.317146 0.240000 3.218880 0.933821
-0.962835 -1.939491 0.606946 -2.251826 0.316930 0.240000 3.218880 0.930605
-0.932253 -1.057988 -1.755383 -4.467605 0.323865 0.261190 3.218880 0.944148
-1.017789 -0.893650 -2.987063 -2.031992 0.316981 0.295236 3.199977 0.952791
-0.987366 -0.564383 -4.847315 -3.548190 0.313176 0.296419 3.156908 0.956959
-1.055431 -0.408942 -4.823464 -4.902702 0.305537 0.304421 3.120447 0.965764
-0.920167 -1.389717 0.090072 -4.828497 0.327059 0.246939 3.218880 0.936809
-1.012599 -0.768442 -2.567392 0.725676 0.322239 0.297295 3.184597 0.950602
-1.008974 -0.902604 -4.463097 -2.171953 0.295023 0.240000 3.218880 0.946080
-1.021561 -0.436748 -3.992838 -3.849899 0.307275 0.292724 3.142652 0.962149
-0.941018 -1.127599 -2.037967 -2.598409 0.325407 0.268574 3.218880 0.939627
-0.924587 -1.201492 -0.138681 -4.517708 0.316772 0.240000 3.218880 0.942822
-1.030758 -0.677653 -3.791970 0.814229 0.315414 0.307942 3.172072 0.956228
-0.981636 -0.524736 -2.615495 -4.743589 0.304564 0.259228 3.168804 0.958447
-1.049816 -0.464300 -4.152909 -2.369912 0.294550 0.282225 3.182652 0.969401
-1.046275 -0.652249 -4.902388 -1.856793 0.302185 0.303868 3.160650 0.956903
-1.059940 -0.774847 -1.483938 -1.469728 0.312734 0.278778 3.209726 0.955156
-1.013810 -0.401008 -3.866435 -3.249945 0.301142 0.277443 3.124829 0.961699
-1.024137 -1.167586 -1.271777 -4.508186 0.297822 0.240000 3.218880 0.942810
-1.026404 -0.827809 -2.170015 -3.554931 0.317916 0.285521 3.218210 0.952468
-0.976676 -1.425309 -0.320084 -0.412283 0.325822 0.249476 3.218880 0.933572
-1.013883 -1.095793 -2.153942 0.022427 0.295995 0.240000 3.218880 0.949694
-1.009228 -0.847136 -1.322163 -3.903638 0.324382 0.280800 3.218880 0.953615
-1.047192 -0.930999 -0.084753 -2.851379 0.320762 0.277151 3.218880 0.960070
-1.031106 -1.158559 -1.656965 -3.401876 0.323221 0.305826 3.218759 0.945634
-1.063373 -0.454560 -4.037202 -0.952863 0.290190 0.267139 3.151178 0.961823
-0.985381 -1.345687 -1.110677 -1.811257 0.309545 0.240000 3.218880 0.941941
-1.010024 -0.413614 -3.895339 -4.747530 0.306258 0.283952 3.128461 0.956753
-0.933277 -0.857053 -2.720304 -1.725956 0.317876 0.265965 3.218880 0.954077
-1.046166 -0.950667 -1.626321 -3.053498 0.294980 0.241178 3.218880 0.951747
-0.989678 -1.668976 -0.041645 0.090448 0.333263 0.264935 3.218880 0.930862
-1.041206 -0.652902 -4.759531 -2.922558 0.311140 0.307530 3.178048 0.960680
-0.991528 -1.371165 -1.666957 -0.951423 0.334774 0.305393 3.218880 0.941664
-1.030353 -1.650683 0.517511 0.258118 0.322330 0.240000 3.218880 0.939742
-0.859633 -0.888453 -3.947805 -3.962632 0.335882 0.259737 3.218880 0.937795
-1.038701 -0.904453 -3.049375 -0.303696 0.287770 0.240000 3.218880 0.956558
-1.023928 -0.421214 -4.652756 -1.241940 0.301499 0.285553 3.107609 0.951726
-0.996382 -0.911567 -3.443076 -3.125293 0.321291 0.293384 3.218880 0.951013
-1.083077 -0.344474 -4.595123 -2.811265 0.296242 0.293838 3.104170 0.969709
-0.969883 -1.220801 -2.939220 -4.209463 0.330500 0.321765 3.216033 0.939854
-1.055339 -0.814357 -4.756743 -3.843348 0.283663 0.242034 3.218880 0.962108
-0.979212 -1.431296 -2.695012 -2.968593 0.328185 0.286553 3.218880 0.931164
-0.964800 -1.400478 -1.214383 -4.886361 0.331485 0.291018 3.218880 0.940239
-0.997986 -0.848834 -1.480603 -4.107977 0.311043 0.269898 3.217074 0.954812
-0.938632 -0.985751 -2.498277 0.697340 0.320244 0.250823 3.218880 0.944066
-0.959559 -2.336429 0.635672 -1.666157 0.341911 0.302896 3.218880 0.924978
-0.980313 -1.092226 -1.937648 -3.117776 0.309072 0.247693 3.218880 0.943277
-1.065330 -0.480458 -1.896757 -3.997110 0.311752 0.300338 3.142022 0.960511
-0.975850 -0.654749 -4.340000 -1.261971 0.314307 0.283682 3.197092 0.960463
-0.981852 -0.651123 -2.144614 -1.643940 0.316279 0.285840 3.191300 0.959968
-1.082748 -1.040810 -0.497266 -2.433261 0.297780 0.240611 3.218880 0.951884
-1.065884 -0.207098 -2.224864 -3.682015 0.306568 0.287472 3.100406 0.971179
-0.981410 -1.956260 0.017091 0.397065 0.355822 0.311339 3.218880 0.931327
-0.995366 -0.140535 -4.821729 -4.936407 0.301872 0.300529 3.035310 0.965532
-1.047593 -0.660153 -2.401416 -4.671734 0.301341 0.273445 3.197952 0.958185
-0.907413 -1.641507 -0.315357 -0.443579 0.329312 0.240000 3.218880 0.930393
-0.946098 -2.455217 0.791083 0.918887 0.339986 0.240000 3.218880 0.911874
-0.962563 -1.626988 -0.073298 -0.203870 0.317127 0.240000 3.218880 0.940574
-0.983390 -2.205483 0.863518 -3.462561 0.314156 0.240000 3.218880 0.920761
-0.950541 -1.425492 -0.224510 -1.040575 0.317434 0.240000 3.218880 0.939027
-0.912134 -1.824593 0.913919 -3.726305 0.339679 0.249107 3.218880 0.920436
-0.966287 -0.412580 -4.144626 -3.291907 0.316796 0.293348 3.109505 0.963517
-1.037100 -0.805152 -4.023292 -1.283559 0.304939 0.299648 3.168891 0.951504
-0.968240 -1.200864 -1.160996 -0.128382 0.307251 0.240000 3.218880 0.947472
-0.995363 -0.743217 -2.931284 -1.346279 0.322741 0.299420 3.165371 0.947489
-1.015552 -1.341441 -1.122209 -4.821600 0.324818 0.325551 3.218880 0.951208
-0.937662 -1.005879 -4.712474 -0.816767 0.328466 0.269559 3.218880 0.938085
-1.060022 -0.629070 -4.050084 -4.907601 0.308048 0.306673 3.163291 0.964516
-0.995850 -1.160593 -0.777289 -4.721029 0.307825 0.255057 3.218880 0.947161
-0.973146 -0.693991 -3.559430 -1.248477 0.327956 0.301856 3.161339 0.952516
-1.000290 -1.146001 -1.134069 -2.292492 0.309451 0.244511 3.218880 0.940791
-0.972566 -0.701878 -3.947834 0.312150 0.305370 0.256331 3.194264 0.959124
-1.008520 -0.420522 -4.876554 -0.427879 0.305377 0.272863 3.180307 0.964474
-0.993292 -1.559849 0.285383 -1.981335 0.317674 0.240000 3.218880 0.933117
-0.944299 -0.936258 -1.872905 -2.036968 0.312348 0.247591 3.218880 0.945131
-1.027187 -0.526702 -4.987782 -4.776965 0.298334 0.290121 3.169709 0.961278
-0.944874 -0.666673 -2.563645 -2.525201 0.330730 0.298476 3.183470 0.954709
-1.071274 -0.354421 -1.175690 -3.748414 0.304131 0.285193 3.127805 0.962276
-1.021477 -1.276119 -1.725227 -0.143239 0.303176 0.240000 3.218880 0.937132
-0.931999 -0.379943 -3.894103 0.062740 0.324149 0.285518 3.142742 0.960078
-1.041252 -0.504237 -3.000950 0.696206 0.301131 0.260845 3.170626 0.963613
-0.906943 -1.438994 -2.188160 -3.560421 0.337110 0.262872 3.218880 0.925035
-1.013275 -1.109235 -0.852759 -4.021891 0.304669 0.243288 3.218880 0.955672
-0.959699 -0.919556 -2.040397 -1.222461 0.328194 0.276911 3.218880 0.947184
-0.939630 -0.905982 -4.164709 -1.055047 0.334492 0.302530 3.218880 0.946089
-0.983705 -0.556270 -3.896577 -4.468764 0.308933 0.268028 3.213573 0.961962
-0.981903 -1.013156 -2.073687 -3.121449 0.319251 0.269153 3.218880 0.946428
-0.926036 -0.768737 -4.169286 0.737165 0.317532 0.271542 3.184889 0.950378
-1.037029 -0.548969 -2.776208 -2.837494 0.315152 0.303482 3.131015 0.957728
-0.892191 -1.205015 -2.038343 -0.397315 0.331585 0.261144 3.218880 0.938797
-1.027788 -1.099670 -1.444532 -2.291961 0.292878 0.240000 3.218880 0.947189
-1.033309 -0.815408 -4.771105 -1.577503 0.301155 0.273717 3.210517 0.955411
-0.983234 -0.611785 -2.100714 -3.610682 0.321349 0.281621 3.193044 0.953644
-1.025957 -0.390243 -3.963611 -2.550496 0.313597 0.299041 3.140577 0.962677
-1.012466 -1.343149 -1.419677 0.165260 0.319469 0.285230 3.218880 0.947248
-0.935107 -0.974843 -4.536248 -2.323030 0.342547 0.306157 3.196870 0.944774
-0.971187 -0.804609 -1.097103 -2.065165 0.318306 0.260255 3.218880 0.954348
-1.056156 -1.316765 -0.228395 -2.007310 0.299732 0.240000 3.218880 0.943212
-1.021544 -1.251972 0.779830 -2.906692 0.306737 0.240000 3.218880 0.952058
-1.042320 -0.803696 -4.578892 -0.899433 0.318490 0.309482 3.174516 0.952985
-0.963227 -0.768921 -3.962421 -3.006306 0.312074 0.260819 3.218880 0.958233
-0.938433 -1.006114 -1.623942 -0.994013 0.337208 0.296609 3.218880 0.948246
