-0.970118 -0.541667 -3.369704 -4.280962 0.316562 0.291461 3.168604 0.958732
-0.924937 -0.491536 -4.273318 -2.477010 0.323286 0.282500 3.161934 0.953178
-0.997318 -1.874354 0.606645 -0.708305 0.323816 0.240000 3.218880 0.924234
-1.030302 -1.322724 0.645617 -3.909565 0.305352 0.240000 3.218880 0.946173
-0.985530 -0.683607 -2.243459 -3.502453 0.310649 0.270146 3.215167 0.950928
-0.991453 -1.663264 -0.790732 0.705209 0.317059 0.240000 3.218880 0.934544
-0.900788 -1.153531 -2.874437 0.472264 0.322061 0.246772 3.218880 0.936654
-0.992500 -0.884707 -3.493752 0.122078 0.326179 0.306002 3.199760 0.942904
-1.009796 -0.703153 -1.910289 -2.020784 0.297191 0.246698 3.218880 0.953033
-1.051130 -0.760820 -1.912489 -2.885201 0.284453 0.240000 3.218880 0.960995
-0.959054 -2.182458 0.986963 -1.179778 0.327484 0.240000 3.218880 0.922613
-0.947429 -1.702218 0.942164 -4.074593 0.329886 0.248960 3.218880 0.934979
-0.958093 -2.157000 0.346138 0.406235 0.336404 0.240257 3.218880 0.917268
-0.970508 -1.369433 -0.476707 -3.152018 0.313677 0.240000 3.218880 0.934164
-0.931972 -0.733456 -1.337901 -4.683056 0.309829 0.250595 3.218880 0.958959
-0.988821 -1.021504 -2.625722 0.480649 0.307946 0.246342 3.218880 0.947603
-1.027889 -0.604027 -3.552478 -3.678914 0.310504 0.307501 3.141263 0.958222
-0.943758 -0.720367 -4.315233 0.483218 0.313839 0.267246 3.218880 0.950486
-1.017968 -0.889168 -2.912990 0.943965 0.315011 0.291754 3.199370 0.947810
-0.949029 -1.174747 -3.466501 -0.128519 0.331723 0.283213 3.218880 0.936708
-0.889569 -1.591502 -0.508510 -1.763304 0.331077 0.243647 3.218880 0.926242
-0.998573 -0.654334 -1.867763 -3.418551 0.304010 0.262464 3.209208 0.961307
-0.999738 -1.224005 -2.790941 0.420037 0.303880 0.240000 3.218880 0.939221
-1.005183 -1.229605 0.810255 -2.113979 0.314701 0.240000 3.218880 0.947102
-1.046628 -0.561260 -1.876907 -2.382277 0.309083 0.300162 3.115719 0.960263
-0.950169 -1.856290 0.340674 -2.944223 0.330607 0.276156 3.218880 0.929574
-0.935605 -1.124786 -0.059726 -3.265942 0.328819 0.263769 3.218880 0.946906
-0.982045 -0.843246 -2.307756 -3.037189 0.321925 0.293182 3.215517 0.957391
-1.020388 -1.219415 -3.082297 -0.150980 0.319345 0.304834 3.218880 0.944644
-1.049984 -0.490968 -3.625574 -1.546131 0.282434 0.251336 3.173029 0.964802
-1.041406 -1.239254 -2.473581 0.655121 0.304941 0.256163 3.218880 0.948209
-1.066140 -0.346462 -3.887660 0.771796 0.296763 0.284944 3.075599 0.951666
-0.993311 -1.497799 -0.826594 0.440463 0.316380 0.240000 3.218880 0.936196
-1.012244 -0.806083 -3.755695 0.544724 0.313592 0.292334 3.205963 0.953296
-1.042121 -0.892478 -0.401614 -3.501094 0.314567 0.281615 3.116141 0.944309
-0.985662 -0.667736 -2.409362 -1.143020 0.310656 0.269423 3.166359 0.947189
-1.008835 -1.096691 -3.254368 -0.002779 0.321439 0.311952 3.218880 0.950032
-1.004716 -0.641986 -4.909116 -2.182066 0.305283 0.260702 3.218880 0.959366
-1.079639 -0.716594 -4.665425 0.002393 0.280148 0.247623 3.218880 0.962003
-0.997532 -1.446350 0.110871 -4.923495 0.313221 0.240000 3.218880 0.929060
-1.082942 -0.374593 -3.825257 -1.270146 0.298879 0.284039 3.171921 0.969685
-1.051017 -0.791766 -2.178031 -3.829819 0.307671 0.276604 3.195460 0.950984
-1.023007 -0.747965 -3.632367 0.812816 0.324161 0.313565 3.173374 0.953501
-0.982854 -0.514695 -4.658059 -2.710342 0.299298 0.266522 3.194033 0.962100
-0.957225 -1.220216 -2.133240 -0.548120 0.331831 0.281938 3.218880 0.940612
-1.019924 -0.943902 -4.102579 -4.084062 0.313169 0.296405 3.211235 0.956622
-0.964575 -1.115643 -4.280212 -2.405111 0.311184 0.268849 3.218880 0.935432
-0.974885 -0.889497 -3.232090 0.080465 0.328874 0.299048 3.167645 0.957574
-1.052619 -1.379309 0.405689 -4.218690 0.303985 0.240000 3.218880 0.937577
-0.983138 -0.642723 -2.657901 -2.221834 0.310647 0.265183 3.181574 0.971542
-1.050286 -0.531664 -3.991651 -3.994919 0.308422 0.289862 3.217107 0.965219
-1.019868 -1.232400 -0.957130 -2.891871 0.317486 0.279280 3.218880 0.947978
-1.003709 -1.290336 0.272606 -3.681640 0.326721 0.258146 3.218880 0.940096
-1.020889 -0.564789 -4.423874 -4.764278 0.317441 0.306795 3.195271 0.961532
-1.032782 -0.935142 -1.157306 -3.737587 0.297507 0.241009 3.218880 0.955086
-1.029427 -0.571554 -4.168238 0.913644 0.296851 0.258353 3.212627 0.951477
-1.018005 -1.061854 -4.323941 -2.326770 0.309819 0.283246 3.218880 0.944356
-0.969711 -0.477672 -4.438452 -2.206568 0.316859 0.282613 3.160303 0.949088
-0.923754 -1.088021 -4.522324 -0.925568 0.315702 0.258832 3.218809 0.950998
-0.965436 -1.535090 -0.567132 -2.527839 0.336009 0.300958 3.218880 0.936229
-1.012068 -0.977695 -0.884356 -1.941762 0.310804 0.261664 3.218880 0.953425
-1.045600 -0.786064 -3.168120 -4.078034 0.312757 0.296668 3.218096 0.955484
-0.983618 -1.475814 0.970827 -2.900807 0.321310 0.240000 3.218880 0.931993
-0.986963 -1.214731 -0.983432 -1.457718 0.313216 0.241578 3.218880 0.937480
-0.974656 -0.461456 -3.233291 -3.693374 0.311643 0.281050 3.147395 0.953525
-0.927412 -1.203918 -3.525476 0.337617 0.316655 0.248369 3.218880 0.939541
-1.032867 -1.060975 -1.055206 -1.705328 0.316828 0.305369 3.150897 0.956913
-1.037001 -1.164332 -4.238630 -4.455448 0.307631 0.275034 3.218880 0.941166
-1.026388 -0.434350 -3.488394 0.131044 0.295816 0.265709 3.138955 0.960508
-1.052694 -0.711152 -4.129742 -2.844625 0.301397 0.295462 3.180881 0.955088
-0.971694 -0.908922 -2.081470 -0.341853 0.315612 0.250580 3.218880 0.947572
-0.916240 -1.205105 -4.979100 -0.262482 0.325528 0.268272 3.218880 0.931559
-1.058969 -0.862826 -3.309043 -1.182382 0.307677 0.304173 3.210749 0.959216
-0.963013 -1.104216 -0.692197 -4.357183 0.318228 0.246907 3.218880 0.942994
-1.000288 -0.810850 -3.902573 0.775562 0.317895 0.300953 3.197597 0.959168
-0.996071 -0.116385 -4.363255 -1.554858 0.314421 0.295694 3.075456 0.971639
-0.932105 -2.064213 -0.425928 -1.311109 0.344226 0.288736 3.218880 0.921626
-0.986151 -1.441644 -0.670758 -1.034481 0.309006 0.240000 3.218880 0.938651
-0.989247 -1.244061 -3.778885 0.499328 0.322315 0.271884 3.218665 0.937775
-0.987328 -0.841652 -2.407213 -2.213024 0.313543 0.278971 3.218880 0.959904
-1.033742 -0.484428 -2.819230 -4.746738 0.289429 0.250097 3.191705 0.962521
-1.004176 -1.142774 -1.461095 0.202018 0.309331 0.240713 3.218880 0.949175
-0.995422 -0.350148 -4.694878 -1.828202 0.306121 0.284927 3.137625 0.960766
-0.993220 -0.496001 -4.200801 -3.322587 0.307876 0.294879 3.134927 0.954755
-0.975748 -1.915712 -0.258783 -0.681399 0.321021 0.240000 3.218880 0.930782
-1.040015 -0.891483 -2.421574 -4.352288 0.309320 0.266279 3.218880 0.944732
-0.995916 -1.600009 0.465513 -3.637913 0.329820 0.272318 3.218771 0.925629
-1.020866 -0.248349 -2.865073 -2.826926 0.313019 0.294074 3.112327 0.963848
-0.983081 -1.282055 -0.872638 0.587128 0.316601 0.240337 3.218880 0.939171
-0.961776 -0.968485 -4.760950 -1.833469 0.315642 0.258740 3.218880 0.936722
-1.064754 -1.191846 0.854937 -3.418127 0.308255 0.240000 3.218880 0.940901
-1.025030 -1.169432 -0.934593 -2.017519 0.312132 0.263594 3.218880 0.944052
-0.931013 -0.694089 -3.714284 -0.623307 0.307458 0.252830 3.218880 0.955352
-0.989509 -1.425587 -0.315754 -3.687299 0.333939 0.304592 3.218880 0.940137
-0.889095 -1.393724 -0.108923 -3.559284 0.331115 0.251073 3.218880 0.935508
-0.993562 -1.046876 -1.124645 -2.384526 0.321233 0.287544 3.218880 0.949611
-0.992172 -0.704091 -4.686773 -0.406224 0.319452 0.299915 3.193191 0.958514
-0.963899 -1.992476 0.907614 -2.133721 0.342268 0.290210 3.218880 0.932987
-0.922284 -1.516421 -1.830950 -2.008266 0.327299 0.248393 3.218880 0.927315
-0.928781 -1.466136 -0.717045 -2.049739 0.329803 0.245273 3.218880 0.920696
-0.969191 -1.304268 -0.401281 -4.308960 0.314540 0.252041 3.218880 0.949306
-0.979118 -0.690077 -3.664296 0.486340 0.318384 0.279347 3.192048 0.955154
-1.013908 -0.903640 -1.114767 -2.423860 0.295622 0.240010 3.218880 0.956079
-0.996037 -0.631332 -4.468109 -0.091317 0.311295 0.288880 3.185465 0.957514
-0.927636 -1.877242 -1.536353 0.988879 0.356765 0.299766 3.218880 0.924508
-1.057196 -0.893443 -2.696119 -3.414330 0.296991 0.272188 3.216914 0.959668
-0.999900 -0.761758 -3.631574 -0.365378 0.314928 0.283849 3.179215 0.953829
-1.040178 -0.351409 -4.400642 -3.404366 0.300655 0.298982 3.076264 0.963417
-1.043177 -1.106641 0.293584 -3.659699 0.319016 0.275649 3.195900 0.946834
-0.971298 -0.897878 -0.994591 -3.089596 0.326193 0.276541 3.185589 0.949026
-1.004721 -0.878254 -1.027058 -1.792830 0.324480 0.294037 3.206523 0.957327
-0.998955 -0.903237 -1.028337 -1.776028 0.322688 0.272857 3.218880 0.953259
-1.005166 -0.895418 -1.056002 -1.785183 0.319909 0.288076 3.218608 0.963457
-1.005483 -0.879038 -1.037773 -1.785614 0.301677 0.241794 3.218880 0.955728
-1.003811 -0.892245 -1.028767 -1.795439 0.299412 0.241675 3.218880 0.956822
-0.984675 -0.939278 -1.196543 -1.749181 0.300081 0.240000 3.218880 0.950451
-1.030402 -0.871046 -1.171858 -1.736916 0.316940 0.295181 3.170188 0.952114
-1.031593 -0.878703 -1.182707 -1.733173 0.298106 0.244939 3.218880 0.954470
-1.031865 -0.871290 -1.197005 -1.732262 0.292718 0.240000 3.218880 0.959064
-1.033823 -0.876337 -1.188523 -1.727803 0.294406 0.240000 3.218880 0.949723
-1.057946 -0.893011 -1.191556 -1.669472 0.289530 0.240000 3.218880 0.953355
-1.039207 -0.968937 -1.340790 -1.553725 0.315652 0.287580 3.218880 0.967524
-1.028693 -0.942990 -1.359254 -1.548240 0.304093 0.245066 3.218880 0.948136
-1.035357 -0.955877 -1.342588 -1.456416 0.314955 0.279519 3.218880 0.965035
-1.041141 -0.959815 -1.329493 -1.414161 0.314069 0.289751 3.207947 0.958195
-1.045128 -0.831295 -1.239691 -1.580544 0.301401 0.255753 3.218768 0.956750
-1.051884 -0.731365 -1.202361 -1.589343 0.313748 0.298503 3.167640 0.960457
-1.052645 -0.753840 -1.190999 -1.515923 0.299090 0.245724 3.218880 0.958070
-0.984031 -0.930516 -1.140324 -1.480820 0.310427 0.248493 3.218880 0.949041
-0.991086 -0.941453 -1.126744 -1.492263 0.317558 0.266411 3.218880 0.952251
-1.000763 -0.991182 -1.187435 -1.482185 0.305774 0.243137 3.218880 0.945975
-0.995450 -0.916222 -1.227307 -1.418971 0.313667 0.264514 3.217055 0.953180
