-1.017441 -0.315515 -3.150412 -4.362637 0.305981 0.281999 3.130958 0.966359
-0.868793 -1.205177 -3.851490 -4.962261 0.350608 0.293447 3.218880 0.930080
-1.012773 -0.723402 -4.180436 -3.926972 0.314059 0.289790 3.181992 0.954266
-1.010739 -0.544580 -1.598080 -3.756938 0.319385 0.278669 3.184247 0.954883
-0.970112 -0.417367 -3.399300 -4.891585 0.326398 0.297304 3.149935 0.954223
-0.977304 -0.366639 -4.309135 -1.085504 0.327187 0.315889 3.079216 0.956935
-1.020871 -1.228703 -1.399494 -3.582515 0.316613 0.268259 3.218880 0.936023
-1.024422 -0.850156 -0.268911 -4.139255 0.297954 0.242172 3.218273 0.956968
-0.915596 -2.079960 0.692449 -0.106648 0.338486 0.240000 3.218880 0.921385
-0.998474 -1.292806 -0.009040 -0.968570 0.313478 0.240000 3.218880 0.943077
-1.026365 -1.537701 -0.041648 0.610229 0.318496 0.240000 3.218880 0.946385
-0.970811 -1.113438 -2.116265 -4.903230 0.318136 0.278478 3.218880 0.946722
-0.982630 -0.707695 -4.507676 -2.868272 0.319792 0.299383 3.167191 0.957025
-0.977378 -0.382767 -2.821260 -4.498567 0.318787 0.287715 3.117574 0.960843
-0.926704 -1.722374 0.615733 -4.271149 0.332593 0.244406 3.218880 0.920155
-0.993061 -0.438507 -3.192064 -3.470979 0.293780 0.253940 3.204493 0.968696
-0.966522 -1.116663 -1.806449 -2.452929 0.309394 0.244289 3.218880 0.945489
-0.987080 -0.143119 -2.488704 -2.078721 0.312721 0.283933 3.037647 0.958384
-0.953693 -1.570778 0.948308 -4.242620 0.329684 0.245211 3.218880 0.931019
-1.008852 -0.604672 -4.152057 -1.706317 0.307263 0.274802 3.173350 0.957206
-0.960309 -0.716085 -3.460837 -1.554469 0.303111 0.246382 3.218880 0.952304
-0.974695 -1.189547 -3.066171 -0.125930 0.321471 0.290791 3.218880 0.948788
-1.014585 -2.089663 0.453524 0.133317 0.324321 0.240000 3.218880 0.926215
-1.050798 -1.098810 -0.131119 -2.779582 0.309973 0.263475 3.218169 0.947555
-0.977597 -1.155525 0.084683 -2.703759 0.315341 0.246263 3.218880 0.947102
-0.936271 -1.526892 -0.383378 -0.896167 0.329098 0.244894 3.218880 0.933459
-0.993265 -0.883497 -4.029382 -3.779821 0.293415 0.240000 3.218880 0.948385
-0.943185 -1.584221 -0.999421 -1.294746 0.332237 0.261196 3.218873 0.929213
-1.013487 -0.490665 -3.326227 -4.269934 0.307080 0.288128 3.155645 0.961708
-0.924434 -1.129879 -3.633087 -3.305530 0.310594 0.243012 3.218880 0.944866
-1.017714 -0.522387 -3.619639 -0.415965 0.311186 0.284675 3.160318 0.970509
-1.027324 -0.958152 -1.667385 -2.359994 0.319967 0.285019 3.218880 0.954244
-0.921990 -1.942874 0.393678 0.739137 0.343533 0.243234 3.218880 0.924764
-0.973055 -0.659272 -3.167926 -1.699830 0.328565 0.292852 3.177141 0.954076
-1.018266 -1.088989 -0.595605 -1.233570 0.301229 0.240000 3.218880 0.952069
-0.950531 -0.988943 -1.646453 0.126776 0.311835 0.243680 3.218880 0.947857
-0.999338 -1.736420 0.336228 -0.763292 0.316303 0.240000 3.218880 0.939446
-0.991705 -1.271883 -1.128049 -0.360601 0.315464 0.242752 3.218880 0.936864
-1.040202 -0.948170 -1.144883 -4.859552 0.311657 0.272521 3.218880 0.948788
-1.009016 -1.904086 0.693912 -1.387064 0.348246 0.305857 3.218880 0.933718
-0.946654 -1.180497 -3.364289 -0.212909 0.332251 0.280729 3.218880 0.941777
-0.934836 -1.492498 0.981913 -2.559115 0.335529 0.256968 3.218880 0.941953
-0.906086 -0.890094 -1.000753 -3.686925 0.332809 0.267391 3.218880 0.946623
-0.988045 -1.560373 -0.737926 -4.507742 0.312406 0.240000 3.218880 0.931315
-0.947348 -1.817236 0.960795 -2.502856 0.327538 0.240000 3.218880 0.922474
-0.956870 -0.996004 -3.362130 -4.143550 0.314434 0.255951 3.218880 0.942389
-1.051093 -0.640963 -1.969762 -2.465302 0.310024 0.293314 3.166557 0.950689
-1.088797 -0.363116 -4.425833 -4.781601 0.303408 0.314231 3.102723 0.965566
-0.982324 -0.735183 -4.702241 -2.069372 0.318356 0.306168 3.183366 0.953661
-1.024741 -0.954657 -0.445350 -1.012166 0.317017 0.249368 3.218880 0.947162
-0.976346 -1.453785 -0.379775 -4.997644 0.311788 0.240000 3.218880 0.930891
-1.035171 -0.848113 -1.567542 -4.911654 0.310622 0.274437 3.211363 0.955699
-1.016334 -1.094046 -0.229973 -2.724337 0.325074 0.270358 3.203190 0.944665
-1.089973 -0.694152 -2.977917 -2.659288 0.299552 0.302186 3.183678 0.956322
-1.057100 -1.910583 0.721476 -1.726983 0.310237 0.240000 3.218880 0.929660
-0.927902 -2.015152 0.792085 -0.594365 0.335367 0.240000 3.218880 0.923684
-1.003431 -1.246848 0.014293 -1.703097 0.315053 0.240000 3.218880 0.935870
-0.940980 -1.487798 -0.231789 -0.643434 0.328057 0.244496 3.218880 0.941235
-1.057030 -0.817080 -1.345384 -4.949218 0.308210 0.300337 3.184226 0.961681
-0.960590 -1.102818 -2.411028 -4.596937 0.309299 0.243514 3.218880 0.944809
-0.939808 -0.912502 -0.553474 -4.485604 0.331849 0.287157 3.170286 0.940165
-0.939940 -0.741059 -3.405677 -4.264310 0.327319 0.287393 3.201983 0.951101
-0.983758 -0.712707 -2.114720 -2.016003 0.299191 0.251250 3.218880 0.959014
-1.013170 -0.981878 -3.114962 -0.010082 0.297262 0.240000 3.218880 0.942216
-0.930446 -0.549212 -4.840580 -3.254626 0.310367 0.271499 3.184691 0.956885
-1.078085 -0.632421 -1.944413 -3.079221 0.300122 0.276815 3.176072 0.952392
-1.003015 -0.474221 -2.481655 -4.780944 0.316227 0.293904 3.150229 0.963028
-0.981318 -1.064169 -3.315252 0.835975 0.305188 0.240203 3.218880 0.946725
-1.035836 -0.780911 -0.935493 -3.212871 0.315917 0.281543 3.181785 0.957361
-0.938721 -1.395910 -3.948364 -1.024787 0.337175 0.298740 3.218880 0.930539
-1.022583 -0.790910 -1.529027 -1.715170 0.291899 0.240000 3.218880 0.955693
-1.015582 -1.002229 -2.119788 0.351718 0.310182 0.260589 3.218777 0.946595
-0.980687 -1.185114 -2.291978 -0.018273 0.303603 0.240000 3.218880 0.943735
-0.999766 -1.292601 0.071862 -1.113995 0.320884 0.253384 3.218880 0.946247
-1.008470 -0.062427 -3.177124 -3.082798 0.310477 0.299755 3.036327 0.971059
-0.989952 -1.775601 0.583022 -3.517010 0.335554 0.283545 3.218880 0.938408
-1.046951 -0.516246 -3.843896 -1.763813 0.292427 0.274665 3.155055 0.969972
-0.962003 -0.536100 -3.917686 -2.595241 0.308268 0.277988 3.160562 0.962539
-1.033755 -0.143937 -3.382138 -0.020878 0.311848 0.297956 3.046948 0.962679
-0.978890 -0.717901 -3.833350 -0.618461 0.315975 0.288812 3.200557 0.953110
-0.989184 -0.575278 -1.705256 -2.029743 0.309220 0.262524 3.199392 0.959407
-1.109614 -0.399237 -3.666084 -4.342364 0.314490 0.322510 3.140573 0.965573
-0.936478 -1.012750 -3.665166 -1.246110 0.316096 0.252616 3.218880 0.943255
-1.057166 -0.645679 -3.791732 -1.225005 0.291604 0.250518 3.218880 0.958890
-0.988213 -1.032299 -1.499259 0.027773 0.308846 0.240060 3.218880 0.947364
-1.003699 -0.414927 -3.774799 -2.528743 0.320603 0.305174 3.143763 0.966813
-0.985988 -0.387997 -4.607041 -2.527673 0.306227 0.287067 3.116008 0.960594
-1.042749 -0.438937 -3.917481 -4.237034 0.291386 0.271882 3.155515 0.964614
-0.950915 -1.241601 -3.595367 -2.744487 0.323682 0.298568 3.218812 0.938659
-0.948162 -0.942912 -0.722157 -3.637354 0.317578 0.251079 3.218880 0.949595
-0.886608 -0.845433 -3.665201 -1.473030 0.344083 0.287714 3.218880 0.943781
-1.043498 -0.712810 -0.895488 -3.540694 0.293925 0.248209 3.206743 0.962483
-1.051301 -0.314866 -3.980904 -4.687897 0.305023 0.284900 3.135156 0.961102
-1.008305 -0.869696 -2.844668 -4.205049 0.311945 0.290639 3.172796 0.953831
-0.986552 -0.844635 -4.315640 -4.580699 0.320244 0.286877 3.218880 0.950748
-0.971296 -1.325875 -1.201010 0.622633 0.324896 0.248546 3.218880 0.939973
-1.038282 -0.859783 -1.104066 -3.632440 0.297267 0.243759 3.218880 0.950673
-0.934389 -0.777267 -2.172104 -2.886387 0.335129 0.294640 3.201936 0.953452
-0.999440 -0.936334 -1.546855 -2.174927 0.314471 0.272093 3.218880 0.949075
-0.971102 -1.098685 -1.611683 -2.940478 0.321899 0.261677 3.218880 0.946426
-0.933116 -0.721125 -4.251159 -4.618953 0.327553 0.295855 3.206102 0.953190
-0.973432 -1.038355 -2.431134 -0.067165 0.299054 0.240000 3.218880 0.954373
-0.906169 -0.778246 -4.183878 -3.141574 0.324712 0.260056 3.218880 0.943371
-0.958604 -0.701702 -3.563566 -1.965146 0.315748 0.268378 3.192950 0.955048
-1.054680 -0.396218 -3.953814 -1.405034 0.295668 0.271894 3.127815 0.952139
-1.041281 -0.359138 -4.421089 -0.834447 0.293849 0.271380 3.120604 0.957383
-0.964009 -1.754056 0.651751 -0.846876 0.327497 0.240010 3.218880 0.936445
-0.964207 -1.018645 -1.826715 -1.078877 0.329030 0.294934 3.191380 0.949080
-1.014206 -0.819573 -0.699120 -2.559968 0.314579 0.254904 3.218880 0.955307
-1.082542 -0.916531 -1.605131 0.290017 0.295188 0.241078 3.218880 0.954167
-0.983954 -0.760769 -2.941057 -4.502912 0.305934 0.257464 3.205446 0.957271
-0.937414 -1.091057 -2.666056 0.637563 0.338268 0.297989 3.213542 0.941463
-1.032787 -0.596784 -3.384303 0.243309 0.310930 0.282169 3.169853 0.960378
-0.948568 -0.484742 -4.951955 -3.470965 0.296139 0.250440 3.187424 0.963654
-1.002062 -0.809412 -3.552725 -2.672290 0.305312 0.253015 3.218880 0.948270
-0.985616 -1.083884 -1.552915 -3.280361 0.331715 0.306857 3.218880 0.952057
-1.078447 -1.717913 -4.893591 -4.353552 0.314239 0.295853 3.218880 0.938166
-0.912399 -1.472352 -2.681135 -1.536832 0.324466 0.242849 3.218880 0.928256
-0.980453 -1.731849 0.403676 -0.794011 0.320535 0.240000 3.218880 0.935751
-1.003405 -1.546288 -0.815601 0.298219 0.312013 0.240000 3.218880 0.929983
-1.057044 -0.686858 -3.121179 -0.640272 0.301213 0.258082 3.209767 0.947531
-1.027461 -1.103783 -1.710136 0.422169 0.313316 0.252900 3.218880 0.951186
-1.059265 -0.387801 -3.051225 -4.907576 0.307604 0.290558 3.133076 0.959507
-0.996860 -0.586171 -4.525653 -0.914185 0.310108 0.285700 3.161658 0.951701
-0.939432 -1.100628 -4.614993 -2.101233 0.325733 0.293039 3.218880 0.941665
-1.086119 -0.422783 -4.152324 0.740047 0.316043 0.303531 3.164773 0.962995
-1.047423 -0.420776 -2.476609 -2.392066 0.309241 0.292459 3.097715 0.956210
-0.891579 -0.969462 -1.894513 -2.406170 0.341670 0.278168 3.218880 0.937153
-1.060415 -0.419300 -2.080995 -3.779983 0.311466 0.301934 3.125668 0.969616
-0.896438 -1.105002 -1.844740 -3.885286 0.333372 0.271021 3.218880 0.947172
-0.977537 -1.105430 -0.782894 -2.457588 0.320624 0.252900 3.218880 0.941808
-0.980509 -0.874505 -1.753542 -3.153507 0.315634 0.270023 3.218880 0.950324
