0.306211 0.299195 -1.008455 -0.967831 3.147702 0.961268
0.295970 0.291099 -0.987129 -1.018468 3.186830 0.971244
0.313068 0.308802 -0.975095 -1.052249 3.133390 0.966378
0.292666 0.294155 -1.017251 -1.000439 3.117689 0.969048
0.300198 0.310908 -0.985827 -0.948559 3.183935 0.966758
0.312393 0.292551 -0.972474 -1.034737 3.100045 0.955560
0.324283 0.311130 -0.995745 -1.061963 3.084832 0.967274
0.320114 0.317298 -0.979876 -1.013441 3.084801 0.961446
0.309425 0.303158 -0.978725 -1.009994 3.192726 0.965522
0.328856 0.329042 -0.990621 -0.992074 3.158568 0.957924
0.310286 0.306094 -1.011747 -1.033627 3.147609 0.966341
0.320333 0.316995 -0.972943 -0.970904 3.136361 0.966573
0.313783 0.290557 -0.934363 -1.056370 3.201136 0.962200
0.316210 0.312111 -1.011285 -1.013664 3.150189 0.962546
0.312684 0.303005 -1.008635 -1.072554 3.069753 0.961366
0.303142 0.314750 -0.975537 -0.955750 3.149911 0.962092
0.301624 0.292432 -0.992337 -1.015697 3.163712 0.960337
0.312843 0.297945 -0.992266 -1.095057 3.103606 0.965400
0.302969 0.307167 -0.971684 -0.951776 3.196046 0.967034
0.304599 0.304033 -0.975873 -0.987949 3.165054 0.966988
0.292408 0.273331 -0.930834 -1.057844 3.213475 0.967580
0.309619 0.304747 -0.990707 -1.040200 3.107202 0.969332
0.302029 0.296645 -1.012424 -1.020121 3.135579 0.967977
0.308519 0.308535 -0.991744 -0.976862 3.155720 0.968565
0.309393 0.307727 -0.982480 -0.960985 3.165075 0.966509
0.305387 0.294109 -0.964192 -1.026527 3.127366 0.967187
0.313342 0.304502 -0.989360 -1.016519 3.175077 0.974556
0.319359 0.326370 -0.998733 -0.976993 3.095112 0.972268
0.308943 0.303276 -0.979039 -1.010881 3.100182 0.960645
0.309743 0.309788 -1.028750 -0.991348 3.176935 0.973299
0.296675 0.293295 -0.988049 -1.016822 3.218077 0.968651
0.310003 0.323770 -0.941804 -0.873014 3.201945 0.961595
0.302559 0.292650 -0.976864 -1.043853 3.159620 0.966596
0.303204 0.317965 -0.953364 -0.864845 3.198428 0.964271
0.298982 0.307525 -0.988019 -0.928186 3.171933 0.969497
0.303382 0.308180 -0.961864 -0.922040 3.151510 0.962633
0.322257 0.316779 -0.990100 -1.008898 3.077092 0.959860
0.310477 0.306973 -1.009505 -1.000294 3.164757 0.962395
0.302176 0.288210 -0.948417 -1.031286 3.207178 0.965818
0.310153 0.303316 -0.988296 -1.056012 3.162775 0.964859
0.305920 0.292254 -0.954186 -1.095086 3.002865 0.968507
0.298611 0.286048 -0.960403 -1.012632 3.138855 0.969579
0.297151 0.299600 -0.975247 -0.920697 3.155074 0.961814
0.293810 0.293084 -0.991301 -1.013557 3.120575 0.966650
0.297923 0.294480 -0.979593 -0.973868 3.140492 0.964651
0.308284 0.299309 -0.987635 -1.031288 3.111591 0.963501
0.300577 0.298951 -1.039473 -1.020920 3.114148 0.958882
0.317717 0.310845 -1.021181 -1.073516 3.121350 0.962517
0.305205 0.308256 -0.999398 -1.019792 3.107443 0.963761
0.302336 0.299919 -0.959899 -0.967638 3.217662 0.970260
0.314933 0.328267 -0.955779 -0.904848 3.205704 0.962609
0.318162 0.313851 -0.965826 -1.023639 3.038851 0.958241
0.302818 0.304039 -0.981027 -0.967194 3.172262 0.969094
0.289738 0.294065 -1.003396 -0.962843 3.183014 0.966993
0.310757 0.313097 -0.972570 -0.957327 3.163290 0.969838
0.311648 0.309181 -1.021299 -1.002683 3.136446 0.960131
0.313052 0.313254 -1.047504 -1.018304 3.123417 0.964859
