0.329720 0.321821 -0.960876 -1.015895 3.102225 0.962887
0.304989 0.303826 -1.000144 -0.999233 3.121161 0.964960
0.314752 0.313463 -1.011088 -1.001561 3.070198 0.971431
0.299615 0.301269 -1.010419 -0.978351 3.141690 0.964323
0.308101 0.301905 -0.970611 -0.996268 3.083007 0.966396
0.291798 0.288006 -0.954971 -0.978396 3.196963 0.974737
0.307781 0.287236 -0.934238 -1.003006 3.161779 0.959874
0.301743 0.308444 -0.971650 -0.920199 3.140976 0.963460
0.319671 0.315689 -0.988348 -1.019789 3.143509 0.970254
0.288693 0.284247 -0.962715 -0.949053 3.148820 0.968502
0.326270 0.329910 -0.975373 -1.019138 3.024714 0.966783
0.298297 0.310829 -0.981685 -0.916895 3.107437 0.970364
0.300694 0.299284 -0.987427 -0.966269 3.187709 0.961092
0.314597 0.304859 -1.022111 -1.054311 3.120470 0.963078
0.298229 0.282120 -0.965076 -1.040424 3.218880 0.965787
0.297132 0.287029 -0.975579 -0.997667 3.218880 0.961070
0.297921 0.305393 -0.995161 -0.949963 3.218880 0.971507
0.294887 0.278412 -0.970348 -1.043229 3.188109 0.967969
0.312339 0.326505 -0.962927 -0.884472 3.199229 0.959846
0.327546 0.324998 -0.989312 -1.040431 3.085136 0.967488
0.313396 0.304710 -0.989396 -1.054938 3.179674 0.973837
0.307366 0.306500 -0.966856 -0.970885 3.215002 0.971486
0.317577 0.320882 -0.986465 -0.977942 3.127170 0.963212
0.310332 0.296592 -0.952112 -1.019862 3.144585 0.960366
0.294996 0.289695 -1.015339 -1.076224 3.139210 0.977648
0.310604 0.306031 -1.007951 -1.067320 3.055151 0.962780
0.313319 0.300234 -0.974613 -1.021195 3.126705 0.959190
0.316343 0.301085 -1.000297 -1.053809 3.138938 0.957930
0.307369 0.308702 -0.993753 -0.974943 3.183570 0.974166
0.305606 0.301380 -0.958954 -1.030873 3.155411 0.969550
0.289812 0.282319 -0.971120 -0.995346 3.195709 0.971723
0.302324 0.292252 -0.970252 -1.016689 3.206525 0.972200
0.323643 0.345788 -0.968663 -0.836257 3.163313 0.960459
0.315955 0.323148 -0.970673 -0.919013 3.147227 0.964161
0.310919 0.300820 -0.970793 -1.006617 3.139703 0.969939
0.304829 0.299919 -0.976354 -0.974529 3.190927 0.961444
0.304417 0.289225 -0.967445 -1.041992 3.162475 0.957504
0.289715 0.293233 -0.951960 -0.931423 3.201655 0.969532
0.289185 0.300632 -0.976791 -0.887475 3.203400 0.968434
0.302034 0.308687 -0.971664 -0.919478 3.188740 0.965763
0.296075 0.305825 -0.977891 -0.955422 3.205726 0.973231
0.301988 0.297115 -0.962356 -1.015987 3.196221 0.978168
0.297142 0.298763 -0.978521 -0.970884 3.188861 0.968265
0.332262 0.331235 -0.996252 -0.974954 3.102169 0.963753
0.290681 0.305922 -0.987266 -0.888480 3.218880 0.968171
0.313532 0.312933 -0.980577 -0.971863 3.154412 0.966394
0.302534 0.307343 -1.008113 -1.007290 3.099860 0.966705
0.300002 0.313684 -1.014453 -0.958245 3.066478 0.959892
0.320960 0.326011 -0.975560 -0.965604 3.194017 0.970276
0.308708 0.307970 -1.042688 -1.021486 3.155998 0.977869
0.319572 0.324913 -0.930677 -0.905106 3.218628 0.959529
0.308032 0.305544 -0.993155 -0.951037 3.195342 0.954829
0.314223 0.302564 -0.948291 -1.021556 3.178643 0.961103
0.325162 0.334026 -1.010721 -0.965776 3.122803 0.969181
0.300987 0.300202 -0.992774 -0.969160 3.130440 0.970366
0.322040 0.324487 -0.989793 -0.995047 3.094273 0.963258
0.324039 0.309988 -0.995644 -1.052404 3.064733 0.954409
0.321182 0.329108 -0.994106 -0.948544 3.151054 0.965575
