0.304947 0.302785 -1.020061 -1.017842 3.033130 0.963830
0.304913 0.274000 -0.952444 -1.087250 3.166552 0.963277
0.314022 0.282066 -0.963156 -1.120717 3.149284 0.961104
0.307169 0.317851 -0.942495 -0.882238 3.217704 0.961868
0.310341 0.320404 -0.979010 -0.948744 3.182481 0.970195
0.320728 0.326149 -0.999701 -0.963318 3.117102 0.969273
0.308989 0.297974 -1.010142 -1.032462 3.065935 0.965499
0.319630 0.333031 -1.012587 -0.925899 3.171518 0.968289
0.319020 0.316913 -0.995225 -0.995978 3.160366 0.960458
0.311983 0.309150 -1.001173 -1.024402 3.117705 0.960274
0.302449 0.295575 -0.998005 -1.027983 3.157727 0.961944
0.303410 0.299616 -0.961801 -0.997139 3.218880 0.972843
0.305124 0.288552 -0.984408 -1.036641 3.138767 0.960051
0.311666 0.306958 -1.003869 -1.029251 3.057427 0.960747
0.294938 0.294466 -0.997964 -0.991522 3.164610 0.967882
0.301621 0.307321 -1.031068 -1.030795 3.103271 0.968780
0.307599 0.299580 -0.952463 -1.015594 3.132045 0.961338
0.311447 0.308260 -0.969200 -0.943155 3.133154 0.964603
0.309148 0.316614 -1.021857 -0.998153 3.127346 0.965802
0.313002 0.321852 -0.940736 -0.906276 3.180677 0.967355
0.327019 0.317567 -0.973078 -1.041743 3.065505 0.962285
0.303297 0.316135 -0.967172 -0.871792 3.213622 0.958502
0.306044 0.312834 -0.955124 -0.961063 3.150765 0.969280
0.295592 0.297214 -0.979037 -0.959926 3.202206 0.968442
0.291866 0.306280 -1.004179 -0.932722 3.149459 0.973547
0.301474 0.310731 -1.041723 -0.989892 3.095795 0.967372
0.301317 0.300262 -0.997911 -0.991377 3.181042 0.968909
0.302986 0.299445 -0.980561 -1.004314 3.150028 0.960572
0.315571 0.325243 -0.960392 -0.890250 3.156954 0.965493
0.307469 0.299981 -0.978512 -1.012258 3.144196 0.970710
0.301951 0.300354 -0.960752 -1.008845 3.157277 0.960343
0.294486 0.284899 -0.957841 -1.008245 3.212314 0.966867
0.299776 0.307368 -0.975231 -0.929217 3.218880 0.969044
0.293851 0.290367 -0.973165 -0.964200 3.193964 0.968040
0.321573 0.326369 -0.969188 -0.952217 3.172348 0.958935
0.305335 0.304988 -0.994549 -1.002176 3.181355 0.970107
0.306313 0.300498 -1.001708 -1.016354 3.128632 0.963917
0.311388 0.305738 -0.985828 -1.017467 3.071704 0.966560
0.306606 0.289677 -0.989923 -1.103493 3.117135 0.964878
0.299028 0.287938 -1.007130 -1.029985 3.192566 0.960408
0.314365 0.321679 -0.955519 -0.923619 3.178175 0.963222
0.308519 0.307587 -0.985238 -1.010423 3.137606 0.966714
0.309182 0.310496 -0.980689 -0.977575 3.055928 0.962268
0.312299 0.319668 -0.978125 -0.946493 3.142632 0.963224
0.303665 0.289312 -0.927573 -0.964478 3.215444 0.963883
0.305153 0.312948 -1.023529 -0.964062 3.180909 0.965208
0.310483 0.297721 -0.986399 -1.048589 3.114552 0.963467
0.308128 0.284931 -0.961794 -1.072892 3.161910 0.965553
0.321849 0.337958 -1.025933 -0.924717 3.137329 0.966503
0.327333 0.332818 -0.985935 -0.939895 3.163295 0.959918
0.320118 0.314776 -0.989127 -1.020884 3.112178 0.969591
0.310773 0.315922 -0.966437 -0.985905 3.145157 0.963478
0.308509 0.316829 -1.004031 -0.953928 3.138993 0.968311
0.295808 0.281442 -0.968401 -1.048942 3.147479 0.968806
0.300483 0.303419 -0.939960 -0.881831 3.171944 0.965294
0.300734 0.285660 -0.995548 -1.098228 3.123302 0.970190
0.306458 0.308720 -0.981073 -0.971834 3.150717 0.968652
