0.306605 0.315216 -1.086807 -1.095366 3.065540 0.965895
0.298078 0.290960 -0.985997 -1.053192 3.115340 0.967958
0.302557 0.308437 -0.979719 -0.943641 3.169285 0.967602
0.305544 0.290381 -1.032209 -1.065688 3.108708 0.966804
0.309092 0.309756 -0.970658 -0.965191 3.204841 0.968178
0.305314 0.324391 -0.961745 -0.856660 3.211428 0.970224
0.288667 0.298050 -0.985878 -0.940086 3.177255 0.968193
0.297746 0.297499 -0.992046 -0.984836 3.159748 0.969525
0.301331 0.300468 -0.934443 -0.928456 3.201088 0.963318
0.312169 0.313717 -0.965036 -0.986195 3.172619 0.963466
0.312480 0.299820 -1.001676 -1.019717 3.157263 0.955165
0.309521 0.316880 -0.980732 -0.944299 3.188571 0.968675
0.304072 0.306300 -0.958844 -0.981710 3.186261 0.966251
0.301459 0.291017 -0.988315 -1.029697 3.188031 0.964672
0.318171 0.311861 -0.987733 -1.021970 3.168592 0.963737
0.302430 0.303215 -0.948248 -0.942852 3.218602 0.959006
0.318947 0.302350 -0.968656 -0.982911 3.139455 0.955510
0.315256 0.307255 -1.003701 -1.027991 3.138278 0.966511
0.305366 0.302234 -1.002922 -1.028052 3.156995 0.969286
0.313936 0.312182 -1.018802 -1.055728 3.099750 0.963668
0.302457 0.291061 -0.991762 -1.023720 3.068560 0.960160
0.301330 0.309575 -1.027430 -1.016044 3.020519 0.963033
0.315376 0.308585 -1.004492 -1.066428 3.072696 0.960580
0.326023 0.336927 -0.968663 -0.942772 3.067726 0.957739
0.305439 0.289691 -1.011942 -1.109428 3.147638 0.972617
0.299900 0.286503 -0.991136 -1.060365 3.157742 0.969575
0.314715 0.315908 -1.011853 -0.971523 3.157670 0.965987
0.304616 0.305040 -0.985553 -0.965970 3.117524 0.960826
0.311431 0.311935 -1.048430 -1.014955 3.125565 0.969715
0.293666 0.288262 -0.990263 -0.990404 3.218596 0.963532
0.310792 0.290068 -0.951490 -1.065367 3.150868 0.962338
0.305803 0.313665 -0.978386 -0.917248 3.122439 0.964985
0.302206 0.297369 -0.963632 -0.990007 3.218690 0.962552
0.307798 0.300621 -0.966886 -1.016715 3.104321 0.960726
0.307321 0.316284 -0.988505 -0.930552 3.192819 0.957277
0.298481 0.286486 -0.971211 -1.013549 3.185724 0.958218
0.305126 0.310936 -0.995591 -0.965598 3.139174 0.971321
0.301791 0.316737 -0.946565 -0.863309 3.218880 0.962768
0.306344 0.301343 -0.981017 -1.004559 3.077687 0.963700
0.303483 0.316433 -0.964498 -0.890825 3.218880 0.965650
0.307087 0.311323 -0.998942 -0.950276 3.187175 0.969037
0.301162 0.297171 -0.992508 -1.026308 3.138136 0.960903
0.301714 0.304123 -0.995207 -0.971124 3.139714 0.963971
0.306553 0.294648 -0.965588 -1.021427 3.201739 0.967549
0.316915 0.312191 -0.964836 -1.002343 3.114958 0.957801
0.318209 0.311153 -1.051180 -1.085823 3.063367 0.952160
0.309078 0.306337 -0.976777 -0.991691 3.166940 0.966571
0.309737 0.324395 -0.977616 -0.892530 3.165695 0.969511
0.299741 0.290987 -0.960069 -0.966475 3.180243 0.967743
0.309374 0.308946 -0.964307 -0.970704 3.157313 0.965159
0.304272 0.291513 -0.976880 -1.008984 3.187575 0.956401
0.317168 0.320079 -0.974241 -0.966921 3.201928 0.971555
0.307703 0.300358 -0.995081 -1.015814 3.170873 0.965953
0.315144 0.313695 -1.006505 -0.999592 3.186483 0.971439
0.316677 0.336128 -0.995257 -0.867396 3.143901 0.965706
0.298563 0.302693 -0.973011 -0.956136 3.146672 0.970270
0.313260 0.296095 -0.958258 -1.034695 3.153988 0.966184
