0.309517 0.306868 -0.991539 -1.008304 3.143225 0.956858
0.314659 0.317037 -0.975697 -0.933083 3.190376 0.966329
0.298272 0.297805 -1.006517 -1.030620 3.109940 0.968224
0.311501 0.311576 -0.981013 -0.973609 3.149165 0.957977
0.308190 0.299532 -0.947853 -0.934099 3.183324 0.952135
0.297531 0.295936 -0.967881 -0.965065 3.218548 0.964550
0.308762 0.305741 -0.988752 -1.063668 3.116144 0.965849
0.300141 0.285515 -0.996410 -1.073276 3.149067 0.965988
0.302969 0.302248 -0.985494 -0.973997 3.169170 0.967682
0.313895 0.315554 -0.984692 -0.997646 3.097393 0.966832
0.317027 0.320334 -1.015839 -1.011154 3.112717 0.969343
0.305030 0.298266 -1.010417 -1.050438 3.193593 0.974469
0.317081 0.324338 -0.981496 -0.978631 3.119777 0.971435
0.310741 0.304137 -0.981548 -1.021807 3.151184 0.962039
0.313791 0.306786 -0.957076 -1.021898 3.112383 0.965305
0.318267 0.321816 -0.997501 -0.974186 3.152407 0.964156
0.314177 0.299459 -0.939200 -1.051985 3.114821 0.961856
0.305315 0.301611 -0.974584 -1.016408 3.206423 0.967973
0.306073 0.299682 -0.982767 -1.002743 3.159384 0.971732
0.309054 0.309965 -0.982309 -0.976313 3.112888 0.965685
0.297764 0.291498 -0.993259 -1.021400 3.129609 0.961640
0.320963 0.313458 -1.021650 -1.127698 3.084485 0.979186
0.307578 0.295883 -0.967513 -1.047611 3.054551 0.966871
0.303752 0.306434 -0.967025 -0.985330 3.174395 0.972768
0.296439 0.308314 -0.964768 -0.889373 3.218880 0.962383
0.312074 0.310845 -1.019292 -1.047772 3.144128 0.968328
0.304177 0.297530 -0.967835 -0.981531 3.212749 0.962402
0.303566 0.308725 -0.986213 -0.954167 3.218880 0.962770
0.307112 0.310779 -0.990147 -0.970926 3.138112 0.962226
0.302455 0.307660 -0.991930 -0.949795 3.138738 0.956212
0.302546 0.297332 -1.022323 -1.114661 3.137298 0.972604
0.307118 0.310696 -0.978131 -0.951057 3.124202 0.967890
0.293368 0.297873 -0.984313 -0.945805 3.218880 0.969926
0.309188 0.316549 -0.978768 -0.923947 3.160025 0.966411
0.299902 0.298928 -1.000256 -1.006782 3.127887 0.970232
0.300887 0.304769 -1.008651 -1.005725 3.126800 0.969899
0.313330 0.314070 -0.997253 -0.957214 3.160634 0.966092
0.305221 0.308473 -1.008679 -0.982072 3.110099 0.958687
0.309537 0.296473 -0.988714 -1.051449 3.168238 0.967788
0.292776 0.293777 -0.972883 -0.933725 3.127896 0.962594
0.296013 0.292726 -1.044304 -1.002297 3.145505 0.967006
0.303505 0.327857 -0.958802 -0.827534 3.183501 0.962594
0.321375 0.336486 -1.000229 -0.872849 3.089345 0.965227
0.316285 0.319321 -0.981148 -0.961008 3.116159 0.964584
0.299629 0.303559 -1.031476 -1.005012 3.083301 0.969671
0.306689 0.299807 -0.997979 -1.055135 3.114304 0.971777
0.310879 0.325761 -1.029819 -0.940967 3.160669 0.965619
0.309892 0.304048 -0.968080 -0.998135 3.192132 0.963815
0.300749 0.284885 -1.003838 -1.041512 3.174949 0.963366
0.315073 0.314863 -0.962703 -0.945504 3.098403 0.962532
0.319074 0.333782 -0.983060 -0.912427 3.083561 0.966692
0.329177 0.329953 -0.964863 -0.988564 3.129174 0.963427
0.292793 0.289469 -0.990455 -1.019961 3.078608 0.957323
0.301624 0.297394 -0.969878 -0.985485 3.198162 0.967028
0.301682 0.303446 -0.980169 -1.014281 3.196756 0.968509
0.305371 0.310140 -0.994620 -0.964387 3.178428 0.971636
0.314622 0.321460 -1.000100 -0.930161 3.165243 0.970928
0.293476 0.284755 -0.981670 -1.028151 3.155184 0.963562
