0.306654 0.300621 -0.972957 -1.004068 3.123331 0.966835
0.296590 0.290380 -1.005873 -1.034786 3.143848 0.966889
0.306354 0.299289 -0.946637 -0.965126 3.187383 0.954361
0.307389 0.296201 -0.963781 -1.006777 3.194486 0.962046
0.293559 0.292440 -0.984815 -1.038134 3.113793 0.966927
0.301313 0.273076 -0.947737 -1.087513 3.086705 0.962510
0.306337 0.300740 -1.002883 -1.038401 3.137480 0.965315
0.317399 0.316621 -0.996217 -1.015098 3.162386 0.964797
0.312741 0.311722 -1.013280 -1.002979 3.073339 0.954546
0.309090 0.290210 -0.962091 -1.051148 3.137583 0.960105
0.322055 0.336262 -0.987700 -0.911848 3.156016 0.968780
0.309650 0.309539 -0.987206 -0.995975 3.156666 0.963005
0.293002 0.283938 -0.956753 -1.007319 3.193207 0.969965
0.298134 0.296067 -0.976196 -1.001220 3.144982 0.965442
0.301806 0.299995 -1.006862 -0.995049 3.142487 0.970158
0.301469 0.302262 -0.997419 -0.977626 3.156840 0.969873
0.306176 0.293371 -0.965527 -1.028639 3.181141 0.968338
0.312274 0.301273 -0.982322 -1.007328 3.167411 0.962774
0.301579 0.298265 -0.955462 -0.951216 3.163008 0.951668
0.323743 0.332216 -1.019632 -0.982494 3.065735 0.965888
0.327284 0.335729 -0.960389 -0.906471 3.077710 0.959999
0.305057 0.313247 -1.006342 -0.992361 3.139097 0.969001
0.322406 0.312212 -0.988124 -1.030884 3.129948 0.969800
0.297643 0.298320 -0.955169 -0.913125 3.180111 0.964229
0.293785 0.282775 -0.980319 -0.997904 3.195897 0.969033
0.299808 0.298981 -0.957832 -0.949805 3.212163 0.962113
0.306215 0.314097 -0.973867 -0.931916 3.196759 0.962441
0.311768 0.311290 -1.009818 -0.998156 3.127791 0.969678
0.321680 0.310822 -0.974172 -1.093851 3.068479 0.964291
0.310071 0.295103 -0.963309 -1.049681 3.165533 0.964531
0.308186 0.293912 -0.997515 -1.065980 3.110495 0.965794
0.306142 0.305855 -1.013366 -1.022563 3.123854 0.970227
0.313997 0.323942 -1.008647 -0.960341 3.152185 0.973362
0.307646 0.296854 -1.003886 -1.090993 3.193338 0.968106
0.305180 0.292953 -0.983529 -1.053112 3.102270 0.962441
0.309771 0.307501 -0.996654 -1.049253 3.045151 0.967981
0.303727 0.286155 -0.927392 -1.006516 3.158773 0.966440
0.320015 0.306108 -0.978409 -1.054646 3.083311 0.961273
0.304773 0.298095 -0.976940 -0.998657 3.204389 0.965617
0.316554 0.301199 -1.003883 -1.069095 3.057523 0.963398
0.306364 0.296037 -1.022648 -1.110011 3.150236 0.969684
0.295266 0.289635 -0.974840 -0.994110 3.216827 0.969282
0.300689 0.300503 -1.018612 -1.051088 3.074662 0.966680
0.312310 0.297272 -0.983745 -1.102212 3.119455 0.966414
0.307845 0.305907 -1.005476 -1.024404 3.137372 0.966605
0.310671 0.299956 -1.029450 -1.109706 3.109637 0.970349
0.300372 0.295214 -0.952777 -1.007376 3.066793 0.967095
0.294053 0.294740 -0.981598 -0.962995 3.218880 0.973147
0.291600 0.297347 -1.043267 -0.981861 3.104599 0.972662
0.294639 0.313121 -0.972433 -0.859659 3.189168 0.966164
0.302660 0.305756 -0.989196 -0.973266 3.189591 0.968461
0.313826 0.309648 -1.024339 -0.986866 3.120681 0.970545
0.316728 0.308896 -0.996930 -1.062263 3.130411 0.968055
0.314166 0.303339 -0.984264 -0.992451 3.168719 0.963294
0.303374 0.291614 -1.030457 -1.073416 3.151497 0.968103
0.305715 0.305990 -1.060867 -1.058078 3.031136 0.965366
0.301324 0.308041 -0.970608 -0.903553 3.197446 0.965463
