0.304551 0.303187 -0.978132 -0.977463 3.125663 0.968359
0.301934 0.299261 -1.017118 -1.042571 3.161069 0.962056
0.304422 0.314905 -1.014605 -0.976054 3.041755 0.966473
0.328694 0.321588 -1.016525 -1.037781 3.019640 0.969145
0.304485 0.319836 -0.979913 -0.900566 3.206053 0.972905
0.310718 0.298378 -0.987046 -1.053981 3.128869 0.958044
0.307990 0.317604 -0.978961 -0.935883 3.138364 0.967427
0.313928 0.314386 -0.980240 -0.954229 3.148349 0.956395
0.303425 0.293704 -0.955429 -0.981847 3.189405 0.966985
0.308104 0.318778 -0.998387 -0.944775 3.168598 0.970385
0.306808 0.288085 -0.922560 -0.997716 3.110277 0.959154
0.297972 0.310571 -1.005600 -0.922351 3.152459 0.969146
0.306048 0.286119 -0.962747 -1.061491 3.203277 0.964505
0.299632 0.310501 -0.995131 -0.971788 3.105337 0.966539
0.311955 0.305651 -1.017133 -1.064914 3.121969 0.973296
0.320365 0.325572 -0.965353 -0.923131 3.218880 0.959309
0.315575 0.323645 -0.975648 -0.943463 3.218108 0.972026
0.316845 0.314214 -0.997693 -1.015806 3.159719 0.966470
0.314468 0.286547 -0.963374 -1.070139 3.054878 0.956478
0.303252 0.298475 -0.996452 -1.007977 3.116094 0.960948
0.291620 0.296925 -1.008404 -0.999132 3.201219 0.972297
0.316253 0.314667 -0.996279 -0.993602 3.113633 0.975293
0.311101 0.310991 -0.979132 -0.977859 3.152981 0.970839
0.312906 0.295704 -1.008283 -1.057219 3.083248 0.958964
0.309384 0.289652 -0.947777 -1.062175 3.218880 0.961183
0.307508 0.292856 -0.986208 -1.087408 3.189702 0.959150
0.307976 0.300405 -0.960703 -1.005420 3.095954 0.969044
0.297992 0.316640 -0.986899 -0.866802 3.142265 0.967719
0.294807 0.288244 -0.981515 -1.007302 3.155359 0.969199
0.310124 0.318657 -0.997711 -0.962286 3.096812 0.970844
0.314033 0.336064 -0.960005 -0.850541 3.125689 0.965469
0.325796 0.325543 -0.972268 -0.991691 3.138274 0.965206
0.307334 0.295208 -0.966214 -1.002546 3.115293 0.966847
0.318706 0.318253 -0.988273 -1.003428 3.172586 0.959379
0.325513 0.314608 -0.987392 -1.055291 3.101113 0.962293
0.302208 0.286154 -0.973854 -1.055465 3.200573 0.959805
0.311130 0.301309 -0.954429 -0.993295 3.198634 0.964076
0.303302 0.313676 -0.969321 -0.898560 3.154405 0.966116
0.301510 0.303607 -0.996274 -1.003770 3.153627 0.968585
0.304346 0.303416 -0.981798 -0.988522 3.178549 0.971753
0.311165 0.299301 -0.948298 -1.008652 3.113950 0.961752
0.319838 0.319816 -0.986943 -1.013443 3.171105 0.958976
0.310141 0.306380 -0.958381 -1.023253 3.173593 0.968922
0.309057 0.301954 -0.934881 -0.960331 3.217488 0.961095
0.312157 0.329722 -0.985821 -0.908102 3.145079 0.969741
0.300093 0.283672 -0.976948 -1.107301 3.179981 0.973850
0.305145 0.307191 -1.106013 -1.052371 3.093613 0.984502
0.313955 0.331280 -0.985322 -0.906179 3.149582 0.966437
0.321640 0.335806 -0.998111 -0.930967 3.141867 0.972213
0.305226 0.309940 -1.008163 -1.012400 3.094531 0.965824
0.312727 0.309913 -0.977830 -0.987187 3.134595 0.965404
0.297040 0.306234 -0.989709 -0.953977 3.092748 0.967677
0.314312 0.308486 -0.994271 -1.000256 3.100965 0.962451
0.306220 0.315166 -1.009049 -0.938655 3.107821 0.967832
0.305916 0.287942 -0.969676 -1.058731 3.168864 0.958959
0.301939 0.304784 -0.980857 -1.014282 3.093682 0.973481
0.312836 0.306100 -1.001215 -1.036859 3.139631 0.964358
