0.317369 0.318450 -0.947262 -0.957474 3.182182 0.964951
0.315526 0.319994 -0.993217 -0.972269 3.093714 0.958892
0.300057 0.281517 -0.949100 -1.032776 3.200857 0.962547
0.299621 0.322447 -1.026447 -0.930034 3.141811 0.969700
0.298597 0.303399 -0.985967 -0.952497 3.210501 0.973727
0.288480 0.321948 -0.964378 -0.774744 3.218196 0.969443
0.305314 0.306832 -0.991531 -1.001596 3.133155 0.968304
0.317545 0.316916 -0.985166 -1.004066 3.175987 0.969905
0.304419 0.280463 -0.961315 -1.059587 3.080725 0.960356
0.316574 0.305267 -0.984908 -1.041493 3.138195 0.963841
0.300787 0.315883 -1.007251 -0.930419 3.133183 0.964830
0.307929 0.292389 -0.985430 -1.056668 3.131760 0.964036
0.318588 0.311548 -0.960766 -0.995918 3.151706 0.965626
0.306950 0.291292 -1.036063 -1.144806 3.041841 0.966765
0.303092 0.309726 -0.965120 -0.938242 3.129557 0.963717
0.303047 0.302931 -1.007551 -1.022713 3.200787 0.970931
0.324466 0.312542 -1.005468 -1.030222 3.133516 0.963394
0.287950 0.270554 -0.984926 -1.077985 3.172622 0.962762
0.308852 0.315149 -0.994250 -0.968655 3.204967 0.975822
0.309161 0.315127 -0.967449 -0.935286 3.180877 0.962892
0.298406 0.296124 -0.993959 -1.018350 3.151770 0.966132
0.308676 0.305952 -1.002112 -1.001724 3.147351 0.963146
0.299684 0.315177 -0.960603 -0.879725 3.154726 0.962770
0.315780 0.308017 -0.935871 -0.971321 3.110837 0.964080
0.302243 0.307713 -1.067845 -1.013126 3.158366 0.966875
0.297506 0.297116 -0.973903 -0.963989 3.218166 0.970253
0.298036 0.294793 -0.959507 -0.979576 3.177234 0.970267
0.302520 0.296192 -0.974856 -1.042643 3.157696 0.970450
0.328292 0.324774 -1.016870 -1.006361 3.132747 0.967334
0.312639 0.318635 -1.014241 -0.971236 3.044236 0.955089
0.309237 0.311787 -0.979424 -0.991234 3.148876 0.961088
0.303622 0.299844 -0.978667 -0.995402 3.165327 0.968187
0.291620 0.281279 -0.980230 -1.004968 3.120211 0.969109
0.301399 0.320588 -0.967089 -0.871705 3.217061 0.971184
0.308384 0.300596 -0.969862 -1.008405 3.152514 0.957530
0.314908 0.299560 -0.977766 -1.024967 3.216144 0.961072
0.308782 0.305688 -1.001997 -1.034533 3.114867 0.967813
0.313760 0.307949 -1.003368 -1.033571 3.096744 0.963025
0.310731 0.300559 -0.986935 -1.060733 3.172301 0.970144
0.312497 0.315454 -0.997343 -0.964330 3.156616 0.960689
0.310089 0.297431 -0.965102 -1.021488 3.170750 0.968660
0.297405 0.287298 -0.982369 -1.052658 3.190615 0.971157
0.305096 0.298870 -0.994400 -1.015408 3.093281 0.967126
0.303498 0.291814 -0.979361 -1.063481 3.076562 0.970336
0.315907 0.315625 -0.962090 -0.954806 3.137291 0.965954
0.298181 0.281959 -0.974718 -1.046476 3.092364 0.971611
0.319558 0.318048 -1.000817 -1.001817 3.129680 0.960204
0.292290 0.306634 -1.013684 -0.968827 3.190141 0.975385
0.317450 0.308761 -0.972287 -1.030697 3.119570 0.969238
0.298438 0.279118 -0.957799 -1.041104 3.119412 0.970957
0.305364 0.307821 -0.960324 -0.939408 3.218880 0.969057
0.294352 0.280044 -1.021131 -1.131792 3.144949 0.973191
0.290994 0.291400 -0.975470 -0.949529 3.181778 0.968297
0.300784 0.310877 -0.975957 -0.909492 3.218880 0.966541
0.298674 0.298244 -0.940071 -0.922202 3.218880 0.959357
0.307439 0.320377 -0.981903 -0.926903 3.095593 0.960100
0.298695 0.295958 -0.971410 -0.977368 3.212446 0.964322
