0.319885 0.312080 -0.978459 -0.971778 3.109239 0.962586
0.302927 0.299377 -0.977328 -1.031175 3.129262 0.962928
0.302457 0.276669 -0.990639 -1.161544 3.179450 0.965928
0.305921 0.295406 -1.020257 -1.059846 3.164070 0.958456
0.316863 0.313198 -1.023683 -1.085019 3.081909 0.968680
0.309836 0.304309 -0.998587 -1.025565 3.094326 0.956009
0.307137 0.318077 -0.987094 -0.942425 3.215007 0.971018
0.310021 0.307734 -0.995495 -1.017136 3.121726 0.956394
0.315471 0.305214 -0.967952 -1.011426 3.122736 0.958509
0.301382 0.301005 -1.009428 -1.021247 3.124554 0.966514
0.302197 0.305923 -1.001965 -1.008085 3.158916 0.974942
0.321996 0.315195 -1.020895 -1.062557 3.064863 0.964499
0.302972 0.284780 -0.969242 -1.047832 3.139052 0.959617
0.305294 0.292456 -0.969185 -1.051810 3.169016 0.965860
0.319391 0.310020 -0.998103 -1.030252 3.103855 0.963495
0.312207 0.299852 -0.976744 -1.010059 3.174629 0.958233
0.314671 0.323812 -0.955371 -0.896350 3.188149 0.972457
0.301689 0.292856 -1.002153 -1.066495 3.147120 0.973610
0.307080 0.300077 -0.960941 -1.000088 3.060781 0.957848
0.308499 0.312982 -0.974988 -0.957954 3.116194 0.961896
0.298633 0.302613 -0.992128 -0.963220 3.173810 0.966555
0.308999 0.321158 -0.972202 -0.913538 3.162080 0.968513
0.303187 0.298576 -0.985077 -1.001096 3.204364 0.968803
0.307031 0.310918 -0.976406 -0.969483 3.208283 0.972503
0.308569 0.325231 -0.977069 -0.922083 3.204208 0.976338
0.305791 0.323979 -0.974153 -0.845334 3.209002 0.962572
0.311330 0.314115 -0.997372 -0.977275 3.168908 0.962842
0.314981 0.320145 -0.947894 -0.933299 3.199141 0.960395
0.303637 0.289470 -0.983608 -1.065369 3.124101 0.962577
0.295950 0.300279 -1.007885 -0.975515 3.111531 0.969152
0.324394 0.324046 -0.985815 -0.970885 3.147739 0.963958
0.309810 0.295479 -1.021732 -1.050798 3.125046 0.969765
0.294363 0.281649 -0.959100 -1.043805 3.140687 0.967928
0.313505 0.295182 -1.019568 -1.179620 3.070757 0.972907
0.302346 0.299145 -1.000615 -1.028086 3.143143 0.975040
0.304605 0.294878 -0.968507 -0.997543 3.197309 0.957727
0.300889 0.306894 -0.981819 -0.943807 3.176110 0.968636
0.296213 0.292645 -0.979259 -1.016440 3.127787 0.973994
0.303295 0.292344 -0.968768 -1.003906 3.108613 0.967007
0.306937 0.304617 -1.012197 -1.037826 3.084001 0.970887
0.308255 0.309157 -1.029694 -1.020149 3.130800 0.965195
0.316704 0.307542 -0.991509 -0.992309 3.082260 0.954529
0.309723 0.300777 -0.965065 -1.034004 3.131816 0.957268
0.302834 0.299100 -0.962645 -0.969360 3.218662 0.967007
0.323845 0.325521 -0.991313 -0.985084 3.087116 0.968427
0.296159 0.292707 -0.998783 -1.042676 3.191844 0.972494
0.325018 0.324556 -0.972339 -0.973265 3.074675 0.963839
0.336235 0.332571 -0.990466 -0.991746 2.999497 0.963591
0.299351 0.306748 -1.008903 -0.989223 3.157940 0.977679
0.294049 0.287779 -0.971799 -0.991849 3.194188 0.969407
0.304521 0.311286 -0.995258 -0.937786 3.140977 0.958116
0.294455 0.290630 -0.959917 -0.959984 3.210521 0.968113
0.309554 0.297028 -0.972822 -0.996919 3.170018 0.965061
0.310480 0.310966 -0.976400 -0.955184 3.197124 0.966294
0.306144 0.318812 -0.996909 -0.917365 3.168890 0.973273
0.301284 0.289301 -0.984983 -1.038819 3.137727 0.968027
0.316089 0.310038 -1.030153 -1.062094 3.110798 0.969866
0.301103 0.296101 -0.979491 -1.006609 3.196266 0.962443
