0.313586 0.295216 -0.934504 -1.002260 3.147047 0.948506
0.315346 0.319505 -0.993434 -0.974777 3.197658 0.965675
0.304731 0.302116 -0.956785 -0.976226 3.207343 0.975699
0.297333 0.296432 -1.003300 -1.028280 3.101619 0.966151
0.291472 0.287778 -0.972679 -0.996268 3.199061 0.979335
0.291720 0.298549 -1.018775 -1.006295 3.133846 0.966715
0.290783 0.292877 -1.021992 -1.024178 3.133763 0.966408
0.297150 0.299732 -0.954069 -0.926584 3.197483 0.965613
0.307205 0.303834 -0.937840 -0.926465 3.166121 0.971181
0.306661 0.306536 -1.003669 -0.991303 3.176592 0.968813
0.293813 0.293658 -0.970051 -1.000328 3.217788 0.966610
0.290487 0.288449 -0.992936 -0.990919 3.218880 0.967592
0.318147 0.314679 -0.996933 -1.018678 3.082587 0.961193
0.312275 0.315712 -1.016070 -0.991082 3.072420 0.967746
0.324759 0.326452 -0.982713 -0.990345 3.129082 0.970278
0.295480 0.282750 -0.974328 -1.018215 3.186283 0.969455
0.304716 0.310998 -0.966552 -0.938253 3.151639 0.967111
0.303983 0.307701 -0.993013 -1.002407 3.120424 0.969706
0.296724 0.297758 -1.016673 -0.996546 3.160904 0.964607
0.305842 0.309657 -0.997083 -0.946876 3.128410 0.961880
0.317056 0.334122 -1.001033 -0.933146 3.074569 0.962187
0.307934 0.305486 -0.980355 -1.001297 3.097079 0.968568
0.301177 0.306197 -0.983547 -0.954980 3.186774 0.971654
0.303485 0.311068 -0.959853 -0.897163 3.191517 0.962110
0.298317 0.307584 -0.958032 -0.924639 3.168880 0.966633
0.313504 0.318868 -0.992193 -0.981782 3.035000 0.965752
0.306907 0.322022 -0.992712 -0.936822 3.145975 0.974855
0.310306 0.284520 -0.925734 -1.001115 3.125643 0.956648
0.310712 0.308414 -0.978070 -0.987937 3.181180 0.962783
0.307047 0.302627 -0.985793 -1.027467 3.164568 0.964983
0.312729 0.304204 -0.983607 -1.024626 3.157465 0.967979
0.306461 0.316000 -0.993735 -0.968538 3.165636 0.969661
0.315081 0.309651 -1.010671 -1.001940 3.042770 0.963176
0.313614 0.297570 -0.986540 -1.068649 3.104275 0.963839
0.316645 0.318323 -0.974892 -0.955228 3.165094 0.964512
0.314757 0.309672 -0.983334 -1.020514 3.170009 0.969815
0.317263 0.332450 -1.052621 -0.968522 3.008353 0.958619
0.295683 0.287053 -1.011401 -1.087698 3.201138 0.977083
0.316129 0.329472 -0.957076 -0.851294 3.212705 0.961009
0.304456 0.308821 -0.972191 -0.960898 3.197125 0.965582
0.303969 0.294646 -0.964435 -1.016019 3.213841 0.972734
0.304944 0.290204 -1.002264 -1.058391 3.170804 0.969879
0.305961 0.305787 -0.994672 -0.981348 3.153467 0.961257
0.300896 0.288553 -0.971186 -1.012029 3.160970 0.966532
0.300197 0.304044 -1.014519 -0.967024 3.156697 0.970240
0.310159 0.306613 -1.026531 -1.014997 3.175353 0.956791
0.302458 0.303683 -1.004079 -0.983554 3.179649 0.968480
0.309043 0.306988 -0.982851 -0.981829 3.037343 0.961222
0.309012 0.297839 -1.009800 -1.041941 3.213619 0.964411
0.306966 0.299121 -0.967309 -0.987693 3.146266 0.967898
0.320420 0.303839 -0.955025 -1.050803 3.090358 0.964657
0.310699 0.310111 -0.986556 -0.943126 3.166341 0.968030
0.310269 0.301390 -0.957136 -0.971738 3.146807 0.958948
0.309667 0.310469 -0.988365 -0.999128 3.144641 0.960102
0.303181 0.298277 -0.957544 -0.967559 3.199432 0.965740
0.309076 0.297817 -1.001578 -1.121514 3.105015 0.970634
0.297570 0.300304 -0.982562 -1.006335 3.140260 0.976134
