0.298148 0.303201 -1.001538 -0.961221 3.120097 0.961274
0.302278 0.313061 -0.997323 -0.919562 3.211395 0.968591
0.301606 0.305545 -0.981817 -0.984398 3.125757 0.961103
0.296405 0.280533 -0.978924 -1.057825 3.190182 0.966185
0.311187 0.317218 -0.987436 -0.970560 3.152092 0.968153
0.311467 0.324261 -0.971203 -0.904065 3.169203 0.965679
0.302682 0.308085 -1.013870 -0.993920 3.139346 0.968266
0.303093 0.300658 -0.980013 -0.995976 3.177087 0.970838
0.301476 0.291365 -0.990659 -1.030321 3.198639 0.968569
0.304701 0.307990 -0.956193 -0.907960 3.215644 0.960589
0.303605 0.305222 -0.959045 -0.924748 3.147403 0.962045
0.320772 0.324081 -0.991390 -0.990013 3.064762 0.961313
0.313125 0.292507 -1.004400 -1.066831 3.125934 0.963915
0.322806 0.308847 -0.963400 -1.015056 3.045308 0.965487
0.324815 0.314569 -0.972558 -1.015631 3.014626 0.963509
0.308735 0.320290 -0.972732 -0.903613 3.218880 0.969249
0.313640 0.325313 -0.962944 -0.916174 3.111878 0.969079
0.309740 0.320315 -0.996559 -0.981062 3.122199 0.962172
0.307310 0.313356 -0.962145 -0.913457 3.155035 0.967731
0.297199 0.287125 -0.967910 -1.035261 3.177062 0.967368
0.310918 0.305849 -1.031673 -0.984769 3.158080 0.962418
0.314497 0.315895 -0.986645 -0.970536 3.187955 0.967682
0.308196 0.281451 -0.989079 -1.117147 3.174531 0.969883
0.299899 0.318416 -0.971337 -0.872847 3.218880 0.975192
0.301837 0.285955 -1.003825 -1.048527 3.057173 0.964985
0.307049 0.290948 -0.948328 -0.998177 3.126986 0.960709
0.303135 0.305136 -0.992520 -0.922062 3.200724 0.966827
0.313036 0.313083 -0.968870 -0.961727 3.146535 0.968138
0.321547 0.313094 -0.994791 -1.032409 3.106162 0.964516
0.302998 0.300879 -1.016959 -1.017363 3.126194 0.964183
0.313066 0.319710 -0.968176 -0.926911 3.178996 0.968207
0.323517 0.327478 -1.030215 -1.055332 3.075326 0.968745
0.311806 0.317325 -0.991814 -0.970996 3.132451 0.965546
0.317657 0.305117 -0.963104 -1.042344 3.131565 0.965113
0.310989 0.310667 -0.973981 -0.960589 3.206644 0.964734
0.322513 0.327289 -1.040333 -0.994345 3.041789 0.965651
0.300552 0.313024 -0.971271 -0.915456 3.202904 0.971158
0.303664 0.294637 -1.003815 -1.035517 3.189237 0.962507
0.303404 0.302445 -0.997651 -1.013530 3.126231 0.954539
0.304042 0.300262 -0.976679 -0.999137 3.186562 0.969827
0.331318 0.345229 -0.977140 -0.887311 3.127126 0.966647
0.304053 0.300090 -0.958195 -0.989034 3.204488 0.966807
0.294723 0.303947 -0.974588 -0.902950 3.216490 0.967806
0.315889 0.311114 -0.985895 -0.984022 3.087303 0.965742
0.305558 0.290559 -0.971332 -0.993645 3.159478 0.962343
0.307902 0.287026 -0.951442 -1.032075 3.201110 0.961781
0.299972 0.302070 -0.983088 -0.990375 3.194326 0.968412
0.313581 0.326600 -0.967708 -0.921214 3.084390 0.961798
0.303468 0.283225 -0.958028 -1.059256 3.206854 0.966548
0.299254 0.295827 -0.966822 -1.006106 3.218880 0.970092
0.308581 0.310242 -0.964359 -0.947605 3.198723 0.968548
0.310636 0.303992 -0.966887 -0.990666 3.215206 0.959388
0.291603 0.283673 -1.003872 -1.080173 3.056144 0.971848
0.317524 0.295638 -0.949666 -1.065349 3.065816 0.962161
0.302357 0.314758 -1.006599 -0.960393 3.123006 0.966314
0.304511 0.300908 -1.021773 -1.012871 3.119565 0.968481
0.309538 0.311694 -1.000837 -0.947932 3.106567 0.965154
