0.298182 0.298227 -0.963357 -0.986826 3.180591 0.969543
0.293440 0.290504 -0.993225 -1.013866 3.164493 0.967855
0.306641 0.301105 -0.992296 -1.048293 3.138031 0.967442
0.309239 0.317885 -0.982035 -0.890688 3.159329 0.967660
0.300412 0.304880 -0.958048 -0.949763 3.125288 0.961056
0.310188 0.303775 -1.037018 -1.080317 3.012744 0.957119
0.303304 0.302038 -0.962573 -0.972129 3.218880 0.970110
0.310991 0.311083 -1.010388 -1.035500 3.030017 0.962350
0.304302 0.306079 -1.000989 -0.976351 3.183932 0.968572
0.294894 0.307996 -1.007457 -0.957466 3.110840 0.970571
0.299283 0.296859 -0.985432 -1.012838 3.160506 0.969401
0.303057 0.297404 -0.988848 -1.028898 3.126801 0.971232
0.298335 0.298646 -0.976647 -0.999385 3.134911 0.961477
0.290549 0.277673 -0.968933 -1.007792 3.203420 0.962181
0.295398 0.289133 -0.992876 -1.087612 3.126237 0.965312
0.318703 0.319532 -0.964550 -0.962718 3.095420 0.964914
0.310958 0.311266 -0.953529 -0.944397 3.179538 0.969126
0.300905 0.291828 -0.989152 -1.026737 3.174576 0.973956
0.299364 0.291906 -0.935936 -0.972720 3.209497 0.967157
0.302746 0.311230 -0.973530 -0.907178 3.218880 0.971673
0.308718 0.310253 -0.970733 -0.952911 3.123537 0.961297
0.311707 0.306967 -0.981688 -1.008097 3.100768 0.972482
0.302144 0.315046 -0.995424 -0.898044 3.104036 0.962023
0.308534 0.300098 -1.006887 -1.043090 3.118741 0.965247
0.298061 0.296330 -0.979297 -0.987629 3.184201 0.958104
0.305718 0.291611 -0.954351 -0.984036 3.185992 0.966918
0.298316 0.275148 -0.967813 -1.075112 3.183190 0.967465
0.296118 0.306826 -0.995079 -0.907872 3.179158 0.967580
0.308356 0.307243 -1.003973 -1.013268 3.148688 0.964428
0.305218 0.302731 -1.040605 -1.043929 3.155509 0.971914
0.301554 0.294033 -0.979956 -0.994333 3.183658 0.964091
0.309190 0.299849 -0.964226 -1.002604 3.205752 0.962279
0.300329 0.290503 -0.974056 -1.046449 3.088269 0.960960
0.301152 0.313247 -0.983954 -0.950463 3.084301 0.965743
0.296537 0.308975 -0.971140 -0.918614 3.178923 0.969288
0.303220 0.299892 -1.049225 -1.029123 3.108774 0.969059
0.294910 0.286945 -0.960890 -1.015199 3.213330 0.971591
0.296610 0.302695 -0.977321 -0.955825 3.147116 0.967282
0.294935 0.292461 -0.980105 -0.988899 3.175896 0.970881
0.302712 0.314941 -0.986453 -0.948583 3.122878 0.965177
0.304539 0.302323 -0.997250 -1.028981 3.100787 0.965632
0.306920 0.302251 -0.953340 -1.003891 3.172911 0.973252
0.306275 0.313287 -1.001577 -0.982343 3.184298 0.974831
0.316720 0.324103 -0.975967 -0.956928 3.171950 0.967405
0.312574 0.317219 -1.006149 -0.973490 3.148473 0.972200
0.322657 0.336679 -0.970189 -0.899637 3.141565 0.963588
0.311444 0.309192 -1.002905 -1.042697 3.162865 0.963773
0.305719 0.311256 -1.037693 -1.040987 3.104348 0.969102
0.323622 0.317965 -0.990743 -1.029246 3.095478 0.961761
0.310942 0.323281 -0.983310 -0.911183 3.161336 0.967570
0.331158 0.316655 -0.993415 -1.074571 3.147213 0.960373
0.302208 0.301091 -0.975428 -0.993033 3.207381 0.968981
0.293348 0.283060 -0.963922 -0.970895 3.218880 0.967646
0.303919 0.299508 -0.956225 -1.004878 3.181329 0.978599
0.312172 0.318657 -0.980486 -0.910583 3.199314 0.961901
0.299702 0.284647 -0.987487 -1.102242 3.125500 0.971343
0.312527 0.313074 -0.989774 -1.012767 3.077603 0.965442
