0.297769 0.281190 -0.998748 -1.062257 3.189152 0.965779
0.310473 0.312018 -0.964306 -0.990694 3.172908 0.963546
0.289500 0.301284 -0.987573 -0.891202 3.190844 0.971504
0.296346 0.330848 -0.979052 -0.793315 3.206866 0.973783
0.294068 0.308794 -1.000216 -0.928973 3.131488 0.961870
0.307927 0.299583 -0.985318 -1.026711 3.165274 0.966544
0.300341 0.295028 -0.992003 -1.007798 3.153509 0.968137
0.300840 0.294314 -0.935547 -0.965457 3.211292 0.966685
0.306596 0.301383 -0.987829 -1.011272 3.102439 0.963918
0.296417 0.298891 -0.996207 -0.967284 3.198181 0.970560
0.304643 0.299604 -0.970467 -0.985727 3.107742 0.968073
0.317936 0.326066 -0.980032 -0.941147 3.179639 0.967293
0.316074 0.322675 -0.979119 -0.956534 3.148219 0.971816
0.311602 0.303981 -0.967580 -1.030366 3.138044 0.969118
0.306017 0.278054 -0.972973 -1.103716 3.176834 0.968032
0.301725 0.315385 -0.955847 -0.927401 3.150426 0.976310
0.307649 0.292184 -1.007971 -1.036671 3.148048 0.963118
0.298187 0.296252 -0.979756 -0.926115 3.128360 0.957086
0.304511 0.304304 -0.963507 -0.968305 3.218880 0.965188
0.308335 0.303740 -0.977393 -1.012852 3.135786 0.962444
0.310653 0.330568 -0.988692 -0.886370 3.218880 0.970853
0.312617 0.325971 -0.982512 -0.912288 3.178259 0.965310
0.298285 0.294575 -0.953685 -0.976112 3.218880 0.967193
0.298649 0.299054 -0.986946 -0.988687 3.218798 0.975513
0.296075 0.289992 -0.962462 -1.006294 3.217220 0.968311
0.310284 0.302204 -0.994811 -1.063968 3.114616 0.959458
0.310192 0.298552 -0.970230 -1.008217 3.166851 0.958657
0.311080 0.295515 -0.963400 -1.026574 3.181319 0.964675
0.297439 0.292135 -0.983380 -1.070957 3.056940 0.960618
0.311422 0.318049 -1.020296 -0.963585 3.049032 0.969579
0.307231 0.282630 -0.950461 -1.068132 3.132012 0.961995
0.298992 0.298209 -1.009948 -0.915376 3.124962 0.960010
0.305793 0.308542 -0.958843 -0.932432 3.113809 0.968569
0.297139 0.279814 -0.971217 -1.111285 3.172023 0.963537
0.310787 0.312208 -0.982752 -0.975069 3.141676 0.961579
0.317290 0.318559 -1.013791 -0.993074 3.143519 0.968494
0.309018 0.314702 -1.003962 -0.979594 3.156043 0.972538
0.302872 0.308868 -0.988006 -0.956929 3.162916 0.970447
0.313841 0.311080 -0.979046 -0.998129 3.060122 0.964238
0.301618 0.299042 -1.015529 -1.031394 3.033595 0.970375
0.315184 0.307565 -0.979627 -1.019124 3.111118 0.968183
0.302852 0.298375 -0.966216 -0.965840 3.201222 0.965874
0.318356 0.305520 -0.958420 -1.055028 3.102679 0.965410
0.327102 0.335239 -0.983765 -0.933063 3.128445 0.962151
0.325415 0.336090 -0.956186 -0.920143 3.149875 0.966817
0.308489 0.301028 -1.031548 -1.029391 3.105186 0.955041
0.296907 0.300166 -0.963589 -0.947772 3.177919 0.972120
0.291449 0.297585 -1.012558 -1.004173 3.138052 0.971302
0.299869 0.302681 -0.953028 -0.930221 3.181162 0.962701
0.314287 0.337243 -0.991767 -0.868278 3.154281 0.968310
0.301330 0.289146 -0.956921 -1.018335 3.191426 0.969010
0.312536 0.299105 -0.969114 -1.070464 3.082349 0.969524
0.302345 0.294451 -1.013994 -1.044664 3.183353 0.963402
0.295624 0.306426 -0.997396 -0.927869 3.160276 0.965057
0.306159 0.298013 -0.942592 -1.007537 3.214123 0.964464
0.310169 0.319238 -1.006468 -0.942363 3.155050 0.956973
0.298226 0.302150 -1.006792 -0.971287 3.191325 0.971377
