0.294987 0.290674 -0.999963 -1.026796 3.087224 0.968798
0.303934 0.302157 -0.972613 -0.994473 3.077015 0.971289
0.300299 0.294348 -1.025586 -1.090483 3.086434 0.970622
0.305032 0.288837 -1.007434 -1.136600 3.150541 0.971239
0.304746 0.293849 -0.973983 -0.966883 3.188314 0.968340
0.311585 0.309618 -0.988961 -1.009622 3.125215 0.971553
0.296345 0.300251 -0.968520 -0.958337 3.182290 0.961929
0.302585 0.306016 -0.983428 -0.942740 3.146682 0.962839
0.300823 0.298147 -0.996927 -0.993666 3.183605 0.970206
0.296762 0.288035 -0.976387 -1.047982 3.210624 0.974540
0.298597 0.273870 -0.954077 -1.008950 3.214693 0.957791
0.324682 0.332418 -0.995829 -0.937898 3.120552 0.962640
0.322023 0.330698 -0.978166 -0.915458 3.112230 0.962928
0.293487 0.294451 -0.978502 -0.929409 3.209663 0.969058
0.307006 0.302513 -0.968513 -0.937932 3.150731 0.968443
0.313934 0.306261 -1.000163 -1.041457 3.161369 0.957788
0.313648 0.331285 -0.996517 -0.900534 3.161426 0.970074
0.303541 0.298199 -0.980654 -0.998364 3.135138 0.967831
0.330345 0.330910 -1.001932 -0.979844 3.026529 0.967449
0.308934 0.309197 -0.987367 -0.962003 3.179060 0.963138
0.303203 0.304074 -0.960085 -0.943190 3.216265 0.964345
0.315085 0.318659 -0.975438 -0.961696 3.097133 0.962692
0.304184 0.308735 -0.964370 -0.974149 3.087955 0.970106
0.315238 0.314268 -0.968573 -0.996196 3.164041 0.960430
0.309889 0.300515 -0.981293 -1.011982 3.189804 0.965010
0.306226 0.299960 -1.005891 -1.035143 3.150056 0.958597
0.307049 0.300511 -0.988986 -1.037144 3.131571 0.961407
0.298278 0.289303 -1.012030 -1.111339 3.062147 0.970802
0.294616 0.292638 -0.984402 -0.957646 3.184906 0.959776
0.295239 0.292976 -0.977629 -0.991026 3.205710 0.970633
0.304579 0.312701 -0.993774 -1.022657 3.149510 0.973475
0.299429 0.297617 -0.995476 -1.018491 3.207660 0.972655
0.306444 0.300349 -0.945250 -0.991364 3.186729 0.964400
0.297851 0.295412 -0.965511 -0.988380 3.194448 0.965404
0.302106 0.308132 -0.984502 -0.962442 3.124332 0.965030
0.303558 0.303595 -0.961366 -0.976048 3.125605 0.962923
0.307739 0.303031 -0.953867 -0.988726 3.141783 0.969275
0.308619 0.299775 -1.012536 -1.055318 3.116710 0.966378
0.307809 0.291067 -0.977454 -1.087275 3.048192 0.962217
0.303944 0.301403 -1.027314 -1.036576 3.127606 0.966969
0.302779 0.293092 -1.007994 -1.056341 3.154673 0.970985
0.299307 0.312664 -0.952179 -0.890651 3.177669 0.965281
0.296576 0.295369 -0.964735 -0.988933 3.137889 0.961303
0.304941 0.308647 -1.030557 -0.977696 3.167054 0.974419
0.323397 0.305222 -0.995702 -1.086152 3.112737 0.964653
0.327489 0.320381 -1.000350 -1.016111 3.130294 0.970273
0.304618 0.294382 -0.950505 -0.964678 3.216360 0.971293
0.317642 0.320254 -0.968777 -0.936432 3.081721 0.958126
0.306941 0.306831 -0.999008 -0.972826 3.157479 0.966182
0.296979 0.275309 -1.005068 -1.040515 3.167236 0.954546
0.305675 0.299625 -1.041587 -1.044026 3.074140 0.973205
0.300086 0.292496 -0.933692 -0.972854 3.217451 0.959410
0.300093 0.298709 -0.988886 -1.008175 3.105147 0.958566
0.312084 0.287704 -0.990283 -1.109963 3.147172 0.969978
0.327918 0.324465 -1.003917 -1.022435 2.995469 0.957466
0.314962 0.332745 -0.980033 -0.910324 2.986535 0.962724
0.294142 0.283022 -0.985175 -1.026866 3.187980 0.962489
0.300020 0.298607 -0.987694 -1.004476 3.174937 0.965727
