0.308309 0.296023 -0.993073 -1.084537 3.176990 0.968702
0.310148 0.299035 -0.980792 -1.055723 3.132343 0.972317
0.308321 0.294435 -0.974029 -1.035784 3.138494 0.965783
0.317045 0.321513 -0.979647 -0.969516 3.129841 0.969124
0.304115 0.306379 -0.986868 -0.961687 3.218880 0.967182
0.320064 0.315050 -0.980414 -0.988610 3.171179 0.957736
0.317941 0.306960 -1.004110 -1.016826 3.093056 0.961077
0.309289 0.301104 -1.004865 -1.019395 3.084881 0.960785
0.329183 0.332769 -1.006158 -0.939847 3.109640 0.964941
0.305844 0.301536 -0.960424 -1.003350 3.170399 0.960942
0.304876 0.301333 -0.986709 -1.035029 3.164436 0.972163
0.318248 0.311381 -0.972403 -0.986487 3.104742 0.962247
0.314300 0.318215 -1.021040 -0.996643 3.126279 0.964147
0.300400 0.295636 -0.986543 -0.986499 3.172604 0.968662
0.297333 0.296657 -1.030645 -1.047613 3.148930 0.966088
0.319764 0.293052 -0.980655 -1.147632 3.126793 0.963364
0.296948 0.305837 -1.010991 -0.972406 3.154378 0.973132
0.300210 0.292740 -0.991297 -1.024275 3.129182 0.964789
0.301310 0.297873 -0.979680 -0.931780 3.167643 0.962966
0.314320 0.315203 -0.959292 -0.950812 3.196432 0.965505
0.322793 0.308465 -0.977484 -1.060430 3.049056 0.962385
0.301760 0.301521 -0.989334 -1.021892 3.112892 0.963519
0.294369 0.291140 -0.972544 -0.971071 3.207959 0.969275
0.309337 0.307069 -0.975170 -0.974481 3.206906 0.966707
0.296762 0.286233 -1.037782 -1.114970 3.161228 0.969291
0.305708 0.299656 -1.009335 -1.055393 3.044149 0.971360
0.311798 0.302455 -0.992549 -1.054427 3.031672 0.962918
0.310888 0.302365 -0.984482 -1.041031 3.075776 0.971099
0.313467 0.325305 -0.997770 -0.939239 3.106504 0.961502
0.307581 0.312895 -1.014810 -0.986990 3.065458 0.967651
0.302121 0.303882 -0.957045 -0.990587 3.151341 0.969887
0.307935 0.309991 -1.014807 -1.018285 3.143456 0.965295
0.296484 0.299368 -0.979827 -0.910760 3.206308 0.963147
0.301126 0.297768 -0.966395 -1.011327 3.118256 0.969430
0.303139 0.292870 -1.002053 -1.062956 3.150390 0.967039
0.308489 0.317163 -0.986636 -0.938385 3.149139 0.969040
0.296834 0.293819 -0.985898 -0.980507 3.147673 0.966762
0.315412 0.317111 -0.986605 -0.966526 3.130345 0.964810
0.298038 0.307409 -0.958282 -0.895879 3.211518 0.967899
0.293035 0.296170 -0.985128 -0.996487 3.156072 0.964274
0.295094 0.285522 -0.993087 -1.024324 3.106343 0.958614
0.297685 0.302971 -1.026895 -1.012833 3.048465 0.966648
0.303973 0.305734 -0.998792 -0.989421 3.149493 0.971854
0.318369 0.324788 -0.998053 -0.956606 3.166131 0.966629
0.303566 0.292671 -0.999711 -1.092375 3.068895 0.968673
0.313103 0.302195 -0.991279 -1.041212 3.072680 0.964230
0.311906 0.298803 -0.988260 -1.075250 3.060850 0.962598
0.315834 0.316249 -1.004424 -0.997995 3.077221 0.957078
0.308489 0.313425 -0.980583 -0.957634 3.170556 0.962606
0.322202 0.321415 -0.981086 -1.006502 3.097971 0.964821
0.289345 0.300031 -0.983393 -0.897592 3.191220 0.968208
0.313916 0.286809 -0.952231 -1.084928 3.068870 0.971619
0.311106 0.308927 -0.968195 -1.008969 3.071073 0.961436
0.322797 0.317864 -0.943863 -0.993720 3.036279 0.956964
0.314370 0.317914 -0.992763 -0.974487 3.143592 0.966226
0.302515 0.291625 -0.982493 -1.057782 3.156335 0.958330
0.314045 0.307523 -1.010245 -1.068845 3.134478 0.956594
