0.305476 0.309705 -0.986765 -0.970876 3.185887 0.967171
0.312852 0.311045 -1.040099 -1.035362 3.137153 0.962921
0.297391 0.284627 -0.986599 -1.032715 3.154557 0.964830
0.304301 0.297322 -1.017799 -1.051813 3.100919 0.962978
0.307303 0.314119 -0.984727 -0.937134 3.218880 0.969412
0.297015 0.293807 -1.006465 -1.020950 3.182012 0.963859
0.303259 0.286979 -0.978844 -1.067659 3.132161 0.955695
0.301664 0.306558 -0.991201 -0.977095 3.202273 0.973063
0.322883 0.307376 -1.014234 -1.025833 3.135013 0.964461
0.313045 0.318649 -0.986133 -0.920837 3.181778 0.961502
0.321015 0.320833 -0.998977 -0.992002 3.141439 0.971344
0.317922 0.317912 -0.985339 -0.980130 3.121185 0.958383
0.283203 0.286756 -0.996724 -0.946998 3.195824 0.965206
0.294963 0.307213 -0.991686 -1.002432 3.096610 0.973908
0.315113 0.306426 -0.968987 -0.916331 3.098886 0.959312
0.298331 0.298114 -0.966984 -0.938784 3.218880 0.960323
0.307925 0.299905 -0.949368 -0.998745 3.181414 0.969810
0.292949 0.294066 -0.980196 -0.964231 3.190772 0.968233
0.321315 0.327897 -0.983156 -0.920490 3.110337 0.955149
0.307466 0.314380 -0.953208 -0.913028 3.176542 0.961279
0.296052 0.288991 -0.954719 -0.981944 3.218880 0.963494
0.291542 0.297134 -1.028954 -0.953578 3.151610 0.971168
0.303697 0.289890 -0.977334 -1.033931 3.107788 0.966662
0.314603 0.297796 -0.944065 -1.044841 3.121579 0.964069
0.320550 0.316509 -0.956686 -0.973039 3.212089 0.962420
0.315294 0.322995 -1.004397 -0.963305 3.126142 0.967318
0.291868 0.297851 -1.032117 -1.026871 3.162844 0.974805
0.290184 0.274552 -0.964156 -1.031138 3.216221 0.968688
0.305149 0.305991 -0.991592 -1.017692 3.120688 0.975690
0.307440 0.306990 -0.959670 -0.977567 3.218880 0.966068
0.305372 0.289722 -0.941171 -0.985460 3.218564 0.959854
0.312716 0.304869 -0.976283 -1.006921 3.043760 0.963638
0.314359 0.303904 -0.996973 -1.079576 3.118662 0.964810
0.299131 0.298980 -0.959792 -0.956476 3.191294 0.964397
0.309893 0.323052 -0.949589 -0.893520 3.218880 0.962419
0.300124 0.310329 -0.997489 -0.935305 3.189128 0.965059
0.313130 0.301125 -0.956856 -1.011817 3.147112 0.964690
0.302801 0.304673 -0.969638 -0.960279 3.176526 0.970376
0.309884 0.300961 -0.959182 -0.980074 3.099094 0.954650
0.305648 0.303468 -1.022627 -1.030066 3.173521 0.965173
0.320901 0.291924 -0.956365 -1.077652 3.134793 0.959309
0.312735 0.312060 -0.972301 -0.982002 3.118211 0.959050
0.306395 0.317567 -0.986591 -0.949970 3.140632 0.971846
0.311646 0.315171 -0.987191 -0.985368 3.114231 0.967488
0.305220 0.282297 -0.962914 -1.090749 3.127309 0.964640
0.315496 0.309398 -0.973688 -0.999701 3.170340 0.969850
0.306662 0.304100 -1.003378 -1.086001 3.131917 0.969177
0.299077 0.303161 -0.974065 -0.999250 3.130145 0.971245
0.302576 0.315010 -1.010295 -0.978664 3.076371 0.974870
0.310619 0.307323 -0.999679 -1.021040 3.147554 0.962734
0.315228 0.311733 -1.010369 -1.043263 3.157405 0.973266
0.302062 0.307933 -0.987720 -0.956291 3.131678 0.969509
0.307543 0.304342 -0.977277 -0.990147 3.129169 0.959639
0.308900 0.301804 -0.979417 -1.028697 3.173561 0.971801
0.306369 0.310460 -0.998337 -1.008619 3.180720 0.974360
0.312015 0.307844 -0.966038 -1.002154 3.142549 0.957778
0.323044 0.327309 -0.991979 -0.993134 3.110929 0.960269
