0.305974 0.296700 -0.968564 -1.005371 3.185315 0.961024
0.296316 0.287578 -0.958264 -1.008245 3.161348 0.958984
0.308142 0.315669 -0.977698 -0.927278 3.205621 0.965837
0.304540 0.298667 -0.948589 -1.054262 3.161699 0.957377
0.303743 0.302883 -0.990130 -0.996655 3.180631 0.959113
0.310700 0.315182 -0.968495 -0.980756 3.169159 0.968351
0.292431 0.289281 -0.989492 -1.022163 3.198359 0.966661
0.326967 0.323822 -0.969918 -0.976005 3.060362 0.963470
0.301715 0.304970 -1.042618 -1.015492 3.087363 0.961738
0.298406 0.299646 -0.977684 -1.068231 3.169337 0.969140
0.296557 0.281379 -0.965245 -1.051330 3.189971 0.967686
0.310877 0.324516 -0.985001 -0.908516 3.153757 0.970049
0.303199 0.269983 -0.933099 -1.051643 3.192183 0.956941
0.289775 0.298213 -0.998385 -0.957966 3.218880 0.976058
0.296121 0.293097 -0.965970 -1.000813 3.218684 0.971572
0.299731 0.298871 -0.981003 -0.997262 3.169271 0.963405
0.303040 0.309495 -0.984884 -1.000352 3.099276 0.975314
0.321874 0.311178 -0.955596 -1.028965 3.065751 0.960755
0.312740 0.309293 -0.996228 -1.030126 3.081316 0.967323
0.309747 0.294335 -0.988843 -1.028829 3.152495 0.970447
0.302010 0.287221 -0.969313 -1.050184 3.149958 0.966369
0.312916 0.310073 -0.996590 -1.021720 3.081938 0.967737
0.326000 0.315612 -0.986156 -1.070186 3.122657 0.968414
0.305173 0.322994 -0.989764 -0.906339 3.194770 0.974100
0.308665 0.303065 -0.975793 -1.009104 3.133602 0.971268
0.294085 0.285195 -0.996580 -1.012146 3.207557 0.966826
0.306633 0.293539 -1.009165 -1.076801 3.150746 0.963829
0.308079 0.316784 -0.987730 -0.944300 3.142043 0.970274
0.313424 0.308629 -0.988683 -1.062206 3.105740 0.963964
0.301642 0.304599 -0.982631 -0.970171 3.136269 0.956560
0.307180 0.312057 -1.003226 -1.003451 3.046274 0.967351
0.293985 0.286828 -0.982397 -0.986190 3.189636 0.971698
0.305300 0.304004 -0.985907 -0.980492 3.160235 0.972551
0.295573 0.290089 -0.990869 -1.042655 3.079322 0.966166
0.307948 0.301898 -0.962542 -0.988948 3.148266 0.963120
0.293373 0.299492 -0.982079 -0.927292 3.138725 0.965650
0.305575 0.308581 -0.977483 -0.931521 3.208460 0.965965
0.297300 0.307718 -1.009081 -0.942620 3.218411 0.972933
0.315771 0.309676 -0.974869 -1.000194 3.162515 0.967601
0.313090 0.296235 -0.951920 -1.059392 3.157368 0.964135
0.298302 0.295150 -0.983816 -0.981678 3.116670 0.970262
0.311182 0.300595 -0.973593 -1.012669 3.066531 0.961726
0.316686 0.317457 -0.983996 -0.976583 3.093551 0.962013
0.288934 0.298806 -1.006174 -0.922636 3.160279 0.975370
0.310475 0.304320 -0.986404 -0.997690 3.190769 0.961269
0.309037 0.286230 -0.958331 -1.064779 3.103963 0.956914
0.310185 0.306429 -0.995795 -1.030117 3.174417 0.969791
0.318266 0.306453 -0.967786 -1.033259 3.021519 0.959942
0.306029 0.310401 -0.977865 -0.955909 3.158537 0.969255
0.299245 0.294548 -0.967634 -0.987795 3.209225 0.969051
0.305171 0.305148 -1.015930 -1.003100 3.109008 0.968453
0.312372 0.294587 -0.956171 -1.012824 3.161520 0.962523
0.320114 0.322845 -0.986448 -1.008833 3.138748 0.962908
0.298955 0.293293 -1.026350 -1.033647 3.172303 0.969152
0.302517 0.292246 -0.972148 -1.026700 3.123594 0.967656
0.311159 0.290299 -0.967700 -1.088835 3.129025 0.961843
0.300194 0.293305 -0.993955 -1.051224 3.125721 0.971821
