-1.060294 -1.060294 -0.872011 -0.872011 0.295256 0.240000 3.218880 0.958629
-1.036930 -1.036930 -1.025935 -1.025935 0.319210 0.264189 3.174266 0.952596
-0.977376 -0.977376 -1.272977 -1.272977 0.319279 0.289475 3.218880 0.930421
-0.962662 -0.962662 -1.118434 -1.118434 0.318414 0.257361 3.218880 0.940134
-1.104603 -1.104603 -0.838018 -0.838018 0.290796 0.240027 3.107599 0.965554
-0.933423 -0.933423 -1.107258 -1.107258 0.318203 0.246928 3.218880 0.950105
-0.948527 -0.948527 -1.237149 -1.237149 0.326181 0.269952 3.218880 0.927075
-0.991963 -0.991963 -0.963852 -0.963852 0.318071 0.262765 3.012883 0.957307
-0.988577 -0.988577 -0.874849 -0.874849 0.328508 0.279391 3.218880 0.920109
-0.947586 -0.947586 -1.265922 -1.265922 0.327461 0.267859 3.218880 0.943991
-1.031750 -1.031750 -0.964435 -0.964435 0.302233 0.246635 3.076687 0.960863
-1.015914 -1.015914 -0.904875 -0.904875 0.329464 0.294250 3.218880 0.930510
-1.018105 -1.018105 -1.207207 -1.207207 0.309109 0.250693 3.149443 0.952753
-1.082261 -1.082261 -0.878762 -0.878762 0.291233 0.240000 3.164239 0.959973
-0.966711 -0.966711 -1.293978 -1.293978 0.302083 0.243503 3.149284 0.962089
-0.962368 -0.962368 -1.018409 -1.018409 0.305856 0.245211 3.140408 0.959523
-1.027857 -1.027857 -0.816352 -0.816352 0.296641 0.240000 3.179456 0.958244
-0.940096 -0.940096 -1.289292 -1.289292 0.326297 0.275038 3.218880 0.926713
-1.038271 -1.038271 -1.214389 -1.214389 0.302175 0.247832 3.086468 0.958425
-0.942806 -0.942806 -1.111634 -1.111634 0.327107 0.265126 3.188495 0.944460
-1.007558 -1.007558 -0.831064 -0.831064 0.304056 0.241629 3.170567 0.953103
-1.008522 -1.008522 -1.205212 -1.205212 0.292125 0.240000 3.186599 0.961602
-1.057636 -1.057636 -0.763660 -0.763660 0.295277 0.240076 3.070350 0.961904
-1.042217 -1.042217 -0.797774 -0.797774 0.322494 0.304435 3.218880 0.927052
-0.991962 -0.991962 -1.250078 -1.250078 0.334557 0.324886 3.218043 0.926944
-0.973911 -0.973911 -1.136790 -1.136790 0.312725 0.250409 3.189843 0.956784
-0.976111 -0.976111 -1.218821 -1.218821 0.337113 0.323846 3.218880 0.935078
-0.940578 -0.940578 -1.295862 -1.295862 0.314080 0.246682 3.218880 0.944588
-0.984153 -0.984153 -0.980582 -0.980582 0.330703 0.294803 3.218880 0.926898
-0.954477 -0.954477 -1.135961 -1.135961 0.338969 0.291444 3.218880 0.928016
-0.958305 -0.958305 -0.978790 -0.978790 0.331091 0.270969 3.218880 0.928578
-1.029864 -1.029864 -1.138858 -1.138858 0.289448 0.240000 3.093644 0.963823
-1.018105 -1.018105 -1.023449 -1.023449 0.294446 0.240000 3.167379 0.962710
-1.006536 -1.006536 -0.822074 -0.822074 0.307508 0.245528 3.218880 0.956740
-0.974243 -0.974243 -1.183565 -1.183565 0.302414 0.244935 3.120222 0.962467
-1.014424 -1.014424 -0.966381 -0.966381 0.327593 0.280932 3.218880 0.930400
-1.028427 -1.028427 -1.254445 -1.254445 0.298490 0.248907 3.218880 0.925136
-0.979922 -0.979922 -1.154471 -1.154471 0.300125 0.242614 3.141464 0.960499
-1.020663 -1.020663 -0.801580 -0.801580 0.307387 0.243651 3.218880 0.949558
-1.002245 -1.002245 -1.167268 -1.167268 0.321397 0.277034 3.218880 0.930655
-0.999271 -0.999271 -1.010277 -1.010277 0.305875 0.248445 3.100468 0.964856
-1.083591 -1.083591 -0.911189 -0.911189 0.289038 0.240000 3.218880 0.951914
-0.958718 -0.958718 -1.216416 -1.216416 0.323068 0.264891 3.173277 0.953279
-0.988729 -0.988729 -1.214099 -1.214099 0.304518 0.244836 3.218880 0.950941
-0.989574 -0.989574 -0.746830 -0.746830 0.318502 0.255839 3.057314 0.958064
-1.035370 -1.035370 -0.938712 -0.938712 0.302112 0.240000 3.218880 0.951113
-0.964763 -0.964763 -1.135620 -1.135620 0.303310 0.243140 3.130773 0.960935
-0.967016 -0.967016 -1.193115 -1.193115 0.318147 0.266063 3.218880 0.930707
-0.985082 -0.985082 -1.112743 -1.112743 0.328062 0.285187 3.218880 0.928791
-1.013539 -1.013539 -0.894062 -0.894062 0.304878 0.244074 3.218880 0.945926
-1.025960 -1.025960 -0.776110 -0.776110 0.300563 0.240271 3.218880 0.954719
-1.036006 -1.036006 -0.950216 -0.950216 0.319627 0.279524 3.218880 0.931920
-0.967067 -0.967067 -1.109890 -1.109890 0.310547 0.246484 3.218880 0.950183
-0.993618 -0.993618 -1.266026 -1.266026 0.290172 0.240000 3.218880 0.962965
-1.069448 -1.069448 -0.911064 -0.911064 0.297976 0.240000 3.217963 0.957300
-1.072606 -1.072606 -1.136076 -1.136076 0.316626 0.311066 3.218880 0.932127
