-1.063759 -1.063759 -0.971360 -0.971360 0.318782 0.321302 3.218880 0.945601
-0.939692 -0.939692 -1.283359 -1.283359 0.322095 0.259600 3.218880 0.951924
-0.963472 -0.963472 -1.272915 -1.272915 0.324454 0.293660 3.218880 0.929678
-0.933076 -0.933076 -1.253502 -1.253502 0.333006 0.276958 3.218880 0.926980
-0.973953 -0.973953 -1.085257 -1.085257 0.310072 0.251534 3.078348 0.962802
-1.019854 -1.019854 -1.018614 -1.018614 0.307232 0.244513 3.211086 0.954737
-0.961292 -0.961292 -1.140874 -1.140874 0.329667 0.276247 3.218880 0.928888
-0.992550 -0.992550 -1.162786 -1.162786 0.299092 0.243454 3.111772 0.960767
-1.015374 -1.015374 -1.073167 -1.073167 0.300581 0.242059 3.218880 0.951689
-0.968054 -0.968054 -1.167453 -1.167453 0.323908 0.292472 3.218880 0.932653
-1.036810 -1.036810 -1.297990 -1.297990 0.302465 0.247502 3.218880 0.958381
-0.993897 -0.993897 -1.196269 -1.196269 0.325680 0.296979 3.218880 0.933281
-0.983454 -0.983454 -1.205399 -1.205399 0.328001 0.292334 3.218880 0.926534
-0.971484 -0.971484 -1.208713 -1.208713 0.327376 0.308224 3.218880 0.922945
-0.982454 -0.982454 -1.013823 -1.013823 0.304119 0.240631 3.218880 0.955728
-1.039057 -1.039057 -0.942043 -0.942043 0.295927 0.240413 3.076578 0.963721
-0.987063 -0.987063 -1.223912 -1.223912 0.301984 0.241161 3.218880 0.954741
-0.970143 -0.970143 -1.133784 -1.133784 0.315475 0.250959 3.218880 0.938660
-0.963297 -0.963297 -1.129132 -1.129132 0.312537 0.250403 3.086304 0.962025
-1.033142 -1.033142 -1.288743 -1.288743 0.291602 0.240000 3.157287 0.964152
-0.975236 -0.975236 -1.280114 -1.280114 0.297103 0.240000 3.128709 0.961382
-1.039224 -1.039224 -1.243244 -1.243244 0.297662 0.244826 3.216851 0.960796
-1.008318 -1.008318 -0.906542 -0.906542 0.305620 0.240122 3.077634 0.955952
-0.941104 -0.941104 -1.143601 -1.143601 0.338354 0.299316 3.218880 0.916164
-0.990623 -0.990623 -1.294558 -1.294558 0.303011 0.245177 3.218880 0.948801
-1.050207 -1.050207 -1.089223 -1.089223 0.294903 0.240000 3.218880 0.947753
-1.007583 -1.007583 -1.055263 -1.055263 0.294810 0.240000 3.189664 0.961541
-1.008930 -1.008930 -1.149999 -1.149999 0.294150 0.240062 3.104760 0.965022
-1.061224 -1.061224 -1.241268 -1.241268 0.307113 0.284390 3.218880 0.933640
-0.999245 -0.999245 -1.116676 -1.116676 0.294272 0.240007 3.094138 0.959796
-1.069072 -1.069072 -1.058525 -1.058525 0.287581 0.240000 3.211524 0.959963
-1.004647 -1.004647 -0.989733 -0.989733 0.302960 0.243544 3.102203 0.961634
-0.936674 -0.936674 -1.007691 -1.007691 0.325613 0.260058 3.188554 0.957406
-1.019999 -1.019999 -0.978493 -0.978493 0.318869 0.268115 3.218880 0.936520
-0.945246 -0.945246 -1.161859 -1.161859 0.332442 0.279648 3.218880 0.931239
-0.979730 -0.979730 -0.946839 -0.946839 0.322409 0.264862 3.154937 0.951073
-1.017384 -1.017384 -1.102887 -1.102887 0.314789 0.262128 3.218880 0.932912
-0.978995 -0.978995 -0.793424 -0.793424 0.323539 0.254306 3.218880 0.945086
-1.029969 -1.029969 -1.107619 -1.107619 0.291453 0.240000 3.196808 0.959592
-1.006128 -1.006128 -0.845302 -0.845302 0.317178 0.262622 3.218880 0.932048
-0.998618 -0.998618 -1.135789 -1.135789 0.326862 0.286660 3.218880 0.924000
-1.031526 -1.031526 -0.875859 -0.875859 0.324729 0.307156 3.218880 0.933277
-1.069394 -1.069394 -1.160733 -1.160733 0.304194 0.295227 3.218880 0.933176
-0.984719 -0.984719 -1.193987 -1.193987 0.303632 0.240966 3.202326 0.960833
-1.027160 -1.027160 -0.737958 -0.737958 0.321856 0.256778 3.218880 0.934974
-0.988471 -0.988471 -1.259604 -1.259604 0.298408 0.242817 3.079042 0.960934
-0.998218 -0.998218 -0.924696 -0.924696 0.328885 0.301285 3.218880 0.926010
-0.980681 -0.980681 -0.990448 -0.990448 0.309471 0.248301 3.218880 0.952566
-1.015284 -1.015284 -1.235768 -1.235768 0.326008 0.311442 3.218880 0.923808
-1.041986 -1.041986 -1.112914 -1.112914 0.295006 0.240027 3.218880 0.935422
-1.077658 -1.077658 -1.074945 -1.074945 0.310868 0.285938 3.218845 0.937091
-0.937216 -0.937216 -1.261412 -1.261412 0.332639 0.278310 3.218880 0.933992
-0.921917 -0.921917 -1.273055 -1.273055 0.321725 0.255040 3.154000 0.953948
-1.121987 -1.121987 -0.876245 -0.876245 0.296757 0.240000 3.171870 0.959448
-0.988650 -0.988650 -1.298664 -1.298664 0.297953 0.240747 3.157061 0.962939
-0.994382 -0.994382 -1.010673 -1.010673 0.325243 0.296166 3.218880 0.928406
