-1.000090 -1.000090 -1.071139 -1.071139 0.316236 0.262812 3.218880 0.951109
-1.001548 -1.001548 -1.376232 -1.376232 0.298585 0.240000 3.218880 0.946097
-1.021507 -1.021507 -1.320656 -1.320656 0.304851 0.246939 3.218880 0.944904
-1.020133 -1.020133 -1.254124 -1.254124 0.299866 0.240078 3.218880 0.944909
-1.018714 -1.018714 -1.041363 -1.041363 0.302681 0.240000 3.218880 0.948544
-1.024247 -1.024247 -1.135160 -1.135160 0.313440 0.264660 3.218880 0.943335
-1.012927 -1.012927 -1.089582 -1.089582 0.309565 0.246312 3.218880 0.939905
-1.022420 -1.022420 -1.502407 -1.502407 0.303981 0.252740 3.218880 0.951542
-1.019114 -1.019114 -1.025248 -1.025248 0.308556 0.243335 3.218880 0.949334
-1.026995 -1.026995 -1.055688 -1.055688 0.305418 0.240859 3.218880 0.946895
-1.013116 -1.013116 -1.240375 -1.240375 0.306292 0.246506 3.218880 0.942239
-1.011018 -1.011018 -1.039296 -1.039296 0.304305 0.243508 3.218880 0.951862
-1.040310 -1.040310 -1.193126 -1.193126 0.309868 0.256718 3.218880 0.944100
-1.051862 -1.051862 -1.190560 -1.190560 0.312173 0.260764 3.218880 0.946350
-1.022088 -1.022088 -1.036333 -1.036333 0.303581 0.240000 3.218880 0.945892
-1.027273 -1.027273 -1.121682 -1.121682 0.306927 0.254722 3.218880 0.956462
-1.022590 -1.022590 -1.398649 -1.398649 0.302662 0.242237 3.218880 0.946588
-1.006328 -1.006328 -1.307384 -1.307384 0.317842 0.271067 3.218571 0.952528
-1.031199 -1.031199 -1.229961 -1.229961 0.306664 0.252356 3.218880 0.946598
-1.021405 -1.021405 -1.311971 -1.311971 0.302007 0.243844 3.218880 0.943852
-1.004211 -1.004211 -1.150284 -1.150284 0.299612 0.240000 3.218880 0.956012
-1.037166 -1.037166 -1.212690 -1.212690 0.302451 0.243321 3.218880 0.943527
-1.047577 -1.047577 -1.264301 -1.264301 0.305875 0.243324 3.218880 0.950303
-1.003430 -1.003430 -0.962434 -0.962434 0.304163 0.240381 3.218880 0.955086
-1.042400 -1.042400 -1.122036 -1.122036 0.316684 0.261604 3.218880 0.949515
-1.006849 -1.006849 -1.200760 -1.200760 0.307369 0.245988 3.218880 0.945451
-0.993157 -0.993157 -0.853570 -0.853570 0.297252 0.240000 3.218880 0.958428
-0.999315 -0.999315 -1.227423 -1.227423 0.301881 0.240022 3.218880 0.947783
-1.020501 -1.020501 -1.194976 -1.194976 0.313740 0.278719 3.206752 0.954975
-1.026070 -1.026070 -1.371384 -1.371384 0.315947 0.273025 3.218880 0.941862
-1.011320 -1.011320 -1.240403 -1.240403 0.303987 0.244117 3.218880 0.949432
-1.025619 -1.025619 -0.968820 -0.968820 0.299152 0.240000 3.218880 0.952644
-0.991189 -0.991189 -1.249413 -1.249413 0.301708 0.240019 3.218880 0.949866
-1.044618 -1.044618 -1.262471 -1.262471 0.300469 0.241972 3.218880 0.944338
-1.023320 -1.023320 -0.966515 -0.966515 0.301165 0.240618 3.218880 0.949949
-1.032930 -1.032930 -1.124304 -1.124304 0.299686 0.240053 3.218880 0.950407
-1.038395 -1.038395 -1.263104 -1.263104 0.300077 0.240012 3.218880 0.944446
-0.991711 -0.991711 -1.154328 -1.154328 0.305016 0.241955 3.218880 0.942820
-1.021489 -1.021489 -1.506474 -1.506474 0.310982 0.269293 3.218880 0.948890
-1.034168 -1.034168 -1.071068 -1.071068 0.305080 0.245927 3.218880 0.945179
-1.028646 -1.028646 -1.454897 -1.454897 0.320939 0.305974 3.218880 0.953679
-1.003225 -1.003225 -0.965671 -0.965671 0.298393 0.240000 3.218880 0.960637
-1.006406 -1.006406 -1.052754 -1.052754 0.302181 0.240000 3.218880 0.943437
-1.011746 -1.011746 -1.044731 -1.044731 0.299729 0.240000 3.218880 0.951533
-1.038052 -1.038052 -1.282254 -1.282254 0.320236 0.280500 3.218880 0.954337
-0.991204 -0.991204 -1.100215 -1.100215 0.303844 0.240000 3.218880 0.949637
-0.995943 -0.995943 -1.121175 -1.121175 0.297401 0.240000 3.218880 0.950966
-1.017364 -1.017364 -1.157672 -1.157672 0.302612 0.242054 3.218880 0.950401
-1.040667 -1.040667 -0.872243 -0.872243 0.298100 0.240000 3.218880 0.950037
-0.998981 -0.998981 -1.512815 -1.512815 0.313227 0.282138 3.218880 0.948130
-1.005896 -1.005896 -1.018392 -1.018392 0.304058 0.240346 3.218880 0.945743
-1.015157 -1.015157 -1.523654 -1.523654 0.299253 0.240025 3.218880 0.944765
-1.029133 -1.029133 -1.361938 -1.361938 0.301525 0.241840 3.218880 0.941531
-1.003052 -1.003052 -1.103586 -1.103586 0.301378 0.240000 3.218880 0.951983
-1.006844 -1.006844 -1.031434 -1.031434 0.303586 0.240001 3.218880 0.952987
-1.020223 -1.020223 -1.285827 -1.285827 0.304493 0.252973 3.218880 0.951720
-1.023535 -1.023535 -1.431197 -1.431197 0.303989 0.245610 3.218880 0.943091
-1.013473 -1.013473 -0.987630 -0.987630 0.299665 0.240013 3.218880 0.951173
-1.005600 -1.005600 -0.959723 -0.959723 0.300227 0.240000 3.218880 0.953297
-0.987139 -0.987139 -0.999830 -0.999830 0.305409 0.240000 3.218880 0.946887
-1.008984 -1.008984 -1.234325 -1.234325 0.303333 0.240000 3.218880 0.949027
-0.998733 -0.998733 -1.273570 -1.273570 0.302438 0.240399 3.218880 0.941419
-0.988720 -0.988720 -1.408073 -1.408073 0.301680 0.240236 3.218880 0.944946
-1.040563 -1.040563 -1.154375 -1.154375 0.304565 0.244055 3.218880 0.939686
-1.036813 -1.036813 -0.802963 -0.802963 0.305770 0.240035 3.218880 0.951451
-1.035907 -1.035907 -1.346233 -1.346233 0.299864 0.240000 3.218880 0.943766
-1.016561 -1.016561 -1.503059 -1.503059 0.308837 0.258712 3.218880 0.944566
-1.030752 -1.030752 -1.357241 -1.357241 0.300906 0.240200 3.218880 0.941233
-1.022997 -1.022997 -1.109429 -1.109429 0.299786 0.240013 3.218880 0.949920
-1.003333 -1.003333 -1.198897 -1.198897 0.302500 0.240129 3.218880 0.945365
-1.031363 -1.031363 -1.348669 -1.348669 0.312806 0.278500 3.218880 0.951862
-1.020363 -1.020363 -1.168994 -1.168994 0.314841 0.265387 3.218880 0.941271
-1.009301 -1.009301 -1.196972 -1.196972 0.300090 0.240000 3.218880 0.948308
-1.000353 -1.000353 -1.384026 -1.384026 0.303283 0.242388 3.218880 0.943629
-1.016895 -1.016895 -1.198117 -1.198117 0.300150 0.240000 3.218880 0.951072
-1.025911 -1.025911 -1.188547 -1.188547 0.318588 0.272843 3.218880 0.947224
-1.017076 -1.017076 -1.521424 -1.521424 0.302908 0.241743 3.218880 0.941375
-1.009456 -1.009456 -1.243767 -1.243767 0.299413 0.240000 3.218880 0.948830
-1.008088 -1.008088 -1.182568 -1.182568 0.308843 0.249291 3.218880 0.948068
-1.017100 -1.017100 -1.272907 -1.272907 0.299769 0.240000 3.218880 0.944402
-1.019012 -1.019012 -1.587025 -1.587025 0.316037 0.276456 3.218880 0.940593
-1.006639 -1.006639 -1.294415 -1.294415 0.315056 0.256867 3.218880 0.943894
-1.028959 -1.028959 -1.426589 -1.426589 0.314020 0.291181 3.218880 0.947091
-1.032115 -1.032115 -1.017008 -1.017008 0.302491 0.240000 3.218880 0.941200
-1.033007 -1.033007 -0.978405 -0.978405 0.298219 0.240000 3.218880 0.954219
-0.998947 -0.998947 -1.058594 -1.058594 0.300094 0.240000 3.218880 0.944865
-1.041495 -1.041495 -1.269606 -1.269606 0.302170 0.245933 3.218880 0.949245
-1.021767 -1.021767 -1.354758 -1.354758 0.315002 0.273784 3.218880 0.948566
-1.041875 -1.041875 -1.177060 -1.177060 0.293678 0.240000 3.218880 0.946012
-1.024218 -1.024218 -1.287279 -1.287279 0.301359 0.246588 3.218880 0.948578
