-1.010017 -1.010017 -1.156715 -1.156715 0.300919 0.240000 3.218880 0.945610
-1.021970 -1.021970 -1.249319 -1.249319 0.304499 0.245382 3.218880 0.949545
-1.009924 -1.009924 -1.303238 -1.303238 0.299598 0.240000 3.218880 0.945506
-1.029902 -1.029902 -1.277912 -1.277912 0.296659 0.240000 3.218880 0.950362
-1.006057 -1.006057 -1.422443 -1.422443 0.305728 0.245705 3.218880 0.940621
-1.026756 -1.026756 -1.278704 -1.278704 0.299839 0.241137 3.218880 0.953472
-1.019372 -1.019372 -1.462322 -1.462322 0.296311 0.240292 3.218880 0.946330
-0.995600 -0.995600 -0.960530 -0.960530 0.302311 0.240000 3.218880 0.955065
-1.020149 -1.020149 -1.300744 -1.300744 0.296550 0.240000 3.218880 0.952405
-1.037734 -1.037734 -1.436297 -1.436297 0.311123 0.262220 3.218880 0.944320
-1.035188 -1.035188 -1.064003 -1.064003 0.300461 0.240035 3.218880 0.949027
-1.007714 -1.007714 -1.056795 -1.056795 0.305376 0.241465 3.218880 0.935448
-1.017052 -1.017052 -1.239092 -1.239092 0.303851 0.242001 3.218865 0.942563
-1.003792 -1.003792 -1.588971 -1.588971 0.295288 0.240000 3.218880 0.945689
-1.009204 -1.009204 -1.165088 -1.165088 0.297692 0.240000 3.218880 0.957901
-1.008708 -1.008708 -1.206229 -1.206229 0.302026 0.240000 3.218880 0.947196
-0.992239 -0.992239 -1.089398 -1.089398 0.302520 0.240743 3.218880 0.956740
-1.012336 -1.012336 -1.095754 -1.095754 0.303312 0.240053 3.218880 0.944107
-1.014487 -1.014487 -1.346728 -1.346728 0.302306 0.243299 3.218880 0.950285
-0.985114 -0.985114 -1.370756 -1.370756 0.298582 0.240000 3.218880 0.950225
-1.009286 -1.009286 -1.395681 -1.395681 0.304907 0.250521 3.218880 0.947571
-1.012639 -1.012639 -1.611489 -1.611489 0.312551 0.277198 3.218880 0.949967
-1.000426 -1.000426 -1.104268 -1.104268 0.299937 0.240018 3.218880 0.951100
-1.013070 -1.013070 -0.896192 -0.896192 0.300121 0.240000 3.218880 0.946888
-1.053795 -1.053795 -1.216471 -1.216471 0.298341 0.240000 3.218880 0.943700
-1.020496 -1.020496 -1.322107 -1.322107 0.302647 0.244502 3.218880 0.941573
-1.027887 -1.027887 -1.252427 -1.252427 0.302380 0.240000 3.218880 0.942982
-1.028771 -1.028771 -1.264455 -1.264455 0.316115 0.274685 3.218880 0.948796
-1.015876 -1.015876 -0.860857 -0.860857 0.298030 0.240002 3.218880 0.956547
-1.018645 -1.018645 -1.437891 -1.437891 0.299102 0.240000 3.218880 0.941963
-0.994499 -0.994499 -1.284590 -1.284590 0.299609 0.240000 3.218880 0.947178
-1.013073 -1.013073 -0.883955 -0.883955 0.303187 0.240000 3.218880 0.954074
-1.002291 -1.002291 -1.024962 -1.024962 0.310908 0.251356 3.218880 0.944324
-0.996398 -0.996398 -1.313479 -1.313479 0.299645 0.240000 3.218880 0.946981
-1.024548 -1.024548 -1.115001 -1.115001 0.300425 0.240000 3.218880 0.951288
-1.021872 -1.021872 -1.082949 -1.082949 0.310323 0.257343 3.218880 0.948634
-1.005879 -1.005879 -1.036849 -1.036849 0.301114 0.240000 3.218880 0.948679
-1.010439 -1.010439 -1.211790 -1.211790 0.314723 0.273219 3.218369 0.950697
-1.030017 -1.030017 -1.109695 -1.109695 0.300178 0.240028 3.218880 0.942755
-0.995166 -0.995166 -1.105621 -1.105621 0.299383 0.240000 3.218880 0.957758
-1.042652 -1.042652 -1.417873 -1.417873 0.302966 0.241750 3.218880 0.939011
-1.012143 -1.012143 -1.457844 -1.457844 0.315942 0.278887 3.218880 0.944263
-0.998978 -0.998978 -1.229648 -1.229648 0.298038 0.240000 3.218880 0.954938
-1.026668 -1.026668 -1.362124 -1.362124 0.319855 0.296614 3.218880 0.951748
-1.037898 -1.037898 -1.136792 -1.136792 0.306452 0.249309 3.218880 0.947414
-1.011515 -1.011515 -1.003764 -1.003764 0.297007 0.240000 3.218880 0.952814
-1.004664 -1.004664 -1.124000 -1.124000 0.305521 0.241405 3.218880 0.952612
-1.007588 -1.007588 -1.115318 -1.115318 0.298562 0.240000 3.218880 0.952729
-1.036697 -1.036697 -1.012002 -1.012002 0.297933 0.240000 3.218880 0.951990
-1.018217 -1.018217 -1.061186 -1.061186 0.301787 0.240000 3.218840 0.950498
-1.007850 -1.007850 -1.150269 -1.150269 0.297737 0.240000 3.218880 0.953094
-1.016455 -1.016455 -1.502951 -1.502951 0.301198 0.240081 3.218880 0.940190
-0.990808 -0.990808 -1.222073 -1.222073 0.301111 0.240000 3.218880 0.947821
-1.005506 -1.005506 -1.078565 -1.078565 0.302309 0.240000 3.218880 0.948247
-1.020673 -1.020673 -1.143264 -1.143264 0.311245 0.247058 3.218880 0.943212
-1.058486 -1.058486 -1.473649 -1.473649 0.306236 0.273014 3.218880 0.940642
-1.005976 -1.005976 -1.174432 -1.174432 0.307039 0.247867 3.218880 0.945854
-1.002124 -1.002124 -1.144085 -1.144085 0.303787 0.246432 3.218880 0.952863
-1.034144 -1.034144 -0.927638 -0.927638 0.303001 0.240000 3.218880 0.947934
-1.013817 -1.013817 -1.129379 -1.129379 0.301040 0.240080 3.218880 0.951367
-1.024387 -1.024387 -1.175108 -1.175108 0.304584 0.245874 3.218880 0.944856
-1.058708 -1.058708 -0.956717 -0.956717 0.315491 0.273449 3.218880 0.945418
-1.012588 -1.012588 -0.864451 -0.864451 0.304081 0.240091 3.218880 0.954381
-1.004820 -1.004820 -0.983640 -0.983640 0.300210 0.240000 3.218880 0.951144
-1.039737 -1.039737 -1.259060 -1.259060 0.303711 0.246871 3.218880 0.945123
-1.021436 -1.021436 -1.150780 -1.150780 0.300182 0.240000 3.218880 0.951177
-1.041049 -1.041049 -1.359685 -1.359685 0.301045 0.241731 3.218880 0.941113
-1.045282 -1.045282 -1.102713 -1.102713 0.302578 0.240000 3.218880 0.943742
-1.011266 -1.011266 -1.327526 -1.327526 0.313511 0.274291 3.218880 0.949494
-1.001608 -1.001608 -0.914908 -0.914908 0.301543 0.240002 3.218880 0.954235
-1.032318 -1.032318 -0.876970 -0.876970 0.304917 0.240000 3.218880 0.950776
-0.997012 -0.997012 -1.284028 -1.284028 0.318327 0.288532 3.218880 0.944202
-1.020928 -1.020928 -1.277360 -1.277360 0.301081 0.240000 3.218880 0.943448
-1.008737 -1.008737 -1.649869 -1.649869 0.299780 0.240000 3.218880 0.946310
-1.047790 -1.047790 -1.139099 -1.139099 0.299052 0.240213 3.218880 0.943435
-0.994283 -0.994283 -1.358597 -1.358597 0.306719 0.243534 3.218880 0.938973
-1.017653 -1.017653 -1.217126 -1.217126 0.300030 0.240000 3.218880 0.947335
-1.015802 -1.015802 -1.526609 -1.526609 0.319238 0.296812 3.211667 0.954330
-1.010694 -1.010694 -0.912922 -0.912922 0.302059 0.240000 3.218880 0.950813
-0.999973 -0.999973 -1.180675 -1.180675 0.301827 0.240012 3.218880 0.948017
-1.018174 -1.018174 -1.031474 -1.031474 0.302894 0.240296 3.218880 0.947540
-1.048517 -1.048517 -1.091484 -1.091484 0.308211 0.253592 3.218880 0.936093
-1.029176 -1.029176 -1.244786 -1.244786 0.310582 0.268525 3.217491 0.949929
-1.010613 -1.010613 -1.205063 -1.205063 0.303974 0.240000 3.218880 0.946887
-0.982996 -0.982996 -1.190744 -1.190744 0.302638 0.240000 3.218880 0.940766
-0.985436 -0.985436 -0.996928 -0.996928 0.304832 0.240063 3.218880 0.949457
-1.013443 -1.013443 -1.206213 -1.206213 0.305312 0.246254 3.218880 0.954428
-1.045494 -1.045494 -1.085477 -1.085477 0.299475 0.240014 3.218880 0.942158
-0.997179 -0.997179 -1.167134 -1.167134 0.306650 0.244948 3.218880 0.950608
-1.015109 -1.015109 -1.135112 -1.135112 0.300029 0.240044 3.218880 0.950792
-1.016480 -1.016480 -0.972853 -0.972853 0.301260 0.240000 3.218880 0.945283
