-1.030254 -1.030254 -1.019265 -1.019265 0.306954 0.242549 3.218880 0.949666
-1.029223 -1.029223 -1.123235 -1.123235 0.302449 0.240000 3.218880 0.947790
-1.031390 -1.031390 -1.076169 -1.076169 0.304818 0.243798 3.218880 0.942801
-1.001545 -1.001545 -1.376364 -1.376364 0.299161 0.240067 3.218880 0.946711
-1.033221 -1.033221 -1.540894 -1.540894 0.297865 0.243183 3.218880 0.945239
-1.024849 -1.024849 -1.089601 -1.089601 0.303474 0.240000 3.218880 0.941688
-1.037879 -1.037879 -1.430567 -1.430567 0.308814 0.258850 3.218880 0.938426
-1.013478 -1.013478 -1.188794 -1.188794 0.301960 0.240000 3.218880 0.946821
-1.032911 -1.032911 -1.052737 -1.052737 0.303796 0.244634 3.218880 0.950187
-1.020236 -1.020236 -1.123809 -1.123809 0.300477 0.240000 3.218880 0.944655
-1.033713 -1.033713 -1.282298 -1.282298 0.310942 0.275219 3.218835 0.944116
-1.008918 -1.008918 -1.386516 -1.386516 0.298277 0.240000 3.218880 0.945604
-1.019732 -1.019732 -1.349671 -1.349671 0.299885 0.240011 3.218880 0.951851
-1.018230 -1.018230 -0.994229 -0.994229 0.298603 0.240000 3.218880 0.955315
-1.008483 -1.008483 -1.116211 -1.116211 0.306846 0.243904 3.218880 0.944255
-1.026075 -1.026075 -1.200634 -1.200634 0.311131 0.258384 3.218880 0.948830
-1.046180 -1.046180 -1.190821 -1.190821 0.297416 0.240000 3.218880 0.946845
-1.011756 -1.011756 -1.212200 -1.212200 0.306569 0.245306 3.218880 0.948558
-1.028443 -1.028443 -1.430651 -1.430651 0.310528 0.267397 3.218880 0.949053
-1.031523 -1.031523 -0.950560 -0.950560 0.306603 0.241516 3.218880 0.946287
-1.027096 -1.027096 -1.508779 -1.508779 0.316155 0.269529 3.218880 0.944374
-0.985619 -0.985619 -1.120266 -1.120266 0.307460 0.243602 3.218880 0.948967
-1.047691 -1.047691 -1.263071 -1.263071 0.314748 0.290582 3.218880 0.950589
-0.997399 -0.997399 -1.026573 -1.026573 0.307799 0.244169 3.218880 0.949850
-1.026321 -1.026321 -0.917351 -0.917351 0.301010 0.240000 3.218880 0.948119
-1.035675 -1.035675 -1.255589 -1.255589 0.309914 0.269010 3.218525 0.949477
-1.036576 -1.036576 -1.487931 -1.487931 0.317316 0.281769 3.218880 0.949593
-1.001809 -1.001809 -1.438173 -1.438173 0.299556 0.240000 3.218880 0.948617
-1.045143 -1.045143 -1.152652 -1.152652 0.319645 0.283137 3.218880 0.945964
-1.009992 -1.009992 -1.039059 -1.039059 0.298086 0.240000 3.218880 0.951129
-1.030002 -1.030002 -1.079204 -1.079204 0.300805 0.240022 3.218880 0.948741
-1.015723 -1.015723 -1.083070 -1.083070 0.301098 0.240000 3.218880 0.946041
-1.000499 -1.000499 -1.061532 -1.061532 0.304765 0.240000 3.218880 0.947757
-1.008419 -1.008419 -1.155576 -1.155576 0.307538 0.246885 3.218880 0.953505
-1.028504 -1.028504 -1.322879 -1.322879 0.312623 0.266331 3.218880 0.950473
-1.036132 -1.036132 -1.346830 -1.346830 0.306634 0.246118 3.218880 0.940359
-1.031864 -1.031864 -1.029559 -1.029559 0.300314 0.240000 3.218880 0.949099
-1.037613 -1.037613 -1.202643 -1.202643 0.298700 0.240000 3.218880 0.944840
-1.036583 -1.036583 -1.240579 -1.240579 0.311756 0.275435 3.218880 0.951889
-1.028165 -1.028165 -0.927672 -0.927672 0.303690 0.241318 3.218880 0.951410
-1.027162 -1.027162 -1.263457 -1.263457 0.312461 0.261953 3.218854 0.945517
-0.992894 -0.992894 -1.181432 -1.181432 0.307092 0.256158 3.218880 0.947537
-1.006403 -1.006403 -1.029943 -1.029943 0.301530 0.240000 3.218880 0.949764
-1.004211 -1.004211 -1.226251 -1.226251 0.301507 0.242364 3.218880 0.944953
-1.015260 -1.015260 -1.059762 -1.059762 0.303100 0.240000 3.218880 0.950108
-1.041521 -1.041521 -1.250339 -1.250339 0.298644 0.240000 3.218880 0.945020
-1.029125 -1.029125 -1.049479 -1.049479 0.298602 0.240000 3.218880 0.944933
-1.022387 -1.022387 -1.341117 -1.341117 0.299319 0.240000 3.218880 0.944983
-1.027194 -1.027194 -1.257198 -1.257198 0.304316 0.240664 3.218880 0.945468
-1.025030 -1.025030 -1.122858 -1.122858 0.302438 0.240000 3.218880 0.945384
-1.007884 -1.007884 -0.943131 -0.943131 0.303524 0.240000 3.218880 0.952823
-1.031991 -1.031991 -1.350477 -1.350477 0.311709 0.258817 3.218880 0.948518
-1.013648 -1.013648 -1.110452 -1.110452 0.300791 0.240086 3.218880 0.949668
-1.017183 -1.017183 -1.220544 -1.220544 0.309583 0.249402 3.218880 0.950571
-1.027968 -1.027968 -1.193198 -1.193198 0.296915 0.240000 3.218880 0.951431
-1.015654 -1.015654 -1.228850 -1.228850 0.304629 0.242692 3.218880 0.944879
-0.975782 -0.975782 -1.523085 -1.523085 0.302807 0.244613 3.218880 0.947840
-1.017978 -1.017978 -1.464890 -1.464890 0.295272 0.240000 3.218880 0.950060
-1.041122 -1.041122 -0.882796 -0.882796 0.299334 0.240025 3.218880 0.953452
-1.004803 -1.004803 -1.157141 -1.157141 0.302534 0.240043 3.218880 0.949126
-1.022094 -1.022094 -1.327491 -1.327491 0.304766 0.247846 3.218880 0.947059
-1.015578 -1.015578 -1.259832 -1.259832 0.303727 0.245401 3.218880 0.938821
-1.039230 -1.039230 -1.404537 -1.404537 0.321440 0.290748 3.218880 0.947281
-1.013937 -1.013937 -1.125081 -1.125081 0.300852 0.240000 3.218880 0.942920
-0.986765 -0.986765 -1.225849 -1.225849 0.298971 0.240000 3.218880 0.949400
-1.011816 -1.011816 -1.175311 -1.175311 0.324421 0.288819 3.218880 0.945481
-1.051122 -1.051122 -1.040134 -1.040134 0.295655 0.240000 3.218880 0.954160
-1.023241 -1.023241 -1.282912 -1.282912 0.304005 0.242990 3.218880 0.944179
-1.007671 -1.007671 -0.842173 -0.842173 0.305986 0.240100 3.218880 0.951396
-1.029447 -1.029447 -1.017086 -1.017086 0.320057 0.268502 3.218880 0.944306
-1.038558 -1.038558 -1.087783 -1.087783 0.308291 0.255375 3.218880 0.948305
-1.036213 -1.036213 -1.019798 -1.019798 0.302529 0.240000 3.218880 0.946510
-1.042407 -1.042407 -1.517113 -1.517113 0.303312 0.250577 3.218880 0.941252
-1.033465 -1.033465 -1.254546 -1.254546 0.303007 0.241466 3.218880 0.943103
-1.016470 -1.016470 -1.252668 -1.252668 0.306987 0.247731 3.218880 0.939883
-1.014285 -1.014285 -1.161572 -1.161572 0.303439 0.240000 3.218880 0.945371
-1.027737 -1.027737 -0.930929 -0.930929 0.299829 0.240000 3.218880 0.950477
-1.006830 -1.006830 -1.218176 -1.218176 0.302626 0.240000 3.218880 0.946913
-0.998926 -0.998926 -1.169165 -1.169165 0.302762 0.240019 3.218880 0.946316
-0.999393 -0.999393 -0.969389 -0.969389 0.304079 0.240000 3.218880 0.955663
-1.002748 -1.002748 -1.149633 -1.149633 0.297739 0.240000 3.218880 0.952987
-1.016672 -1.016672 -1.347177 -1.347177 0.301240 0.242841 3.218880 0.945583
-1.013498 -1.013498 -0.951633 -0.951633 0.304372 0.240000 3.218880 0.952295
-1.035339 -1.035339 -1.587474 -1.587474 0.300752 0.247220 3.218880 0.948146
-1.021070 -1.021070 -1.091972 -1.091972 0.301225 0.240000 3.218880 0.947786
-1.002031 -1.002031 -1.304586 -1.304586 0.304464 0.240961 3.218880 0.942825
-1.010682 -1.010682 -1.588980 -1.588980 0.314751 0.272549 3.218880 0.938241
-1.015681 -1.015681 -1.009207 -1.009207 0.299824 0.240000 3.218880 0.951634
-1.006549 -1.006549 -1.188018 -1.188018 0.302739 0.240013 3.218880 0.943801
-1.027440 -1.027440 -1.350592 -1.350592 0.302178 0.241534 3.218880 0.945507
-1.019423 -1.019423 -1.511077 -1.511077 0.304454 0.246338 3.218880 0.945649
