-1.007315 -1.007315 -1.162646 -1.162646 0.323131 0.308480 3.218880 0.934464
-0.966636 -0.966636 -1.286085 -1.286085 0.315474 0.248585 3.218880 0.953476
-1.013416 -1.013416 -1.100906 -1.100906 0.299261 0.245451 3.215554 0.955114
-0.995759 -0.995759 -0.791272 -0.791272 0.324208 0.267884 3.218880 0.924537
-1.031851 -1.031851 -0.909153 -0.909153 0.298353 0.240000 3.218880 0.957170
-1.050017 -1.050017 -0.867681 -0.867681 0.306428 0.264184 3.218880 0.928894
-0.973160 -0.973160 -1.234363 -1.234363 0.323327 0.279379 3.218880 0.933125
-1.037859 -1.037859 -0.910409 -0.910409 0.295577 0.240000 3.206268 0.962561
-0.943849 -0.943849 -1.128402 -1.128402 0.301558 0.240649 3.157043 0.957331
-0.940691 -0.940691 -1.166600 -1.166600 0.338068 0.272028 3.218880 0.922203
-0.991868 -0.991868 -1.162459 -1.162459 0.298643 0.240000 3.166366 0.962391
-0.979623 -0.979623 -1.214882 -1.214882 0.313460 0.259696 3.091545 0.953793
-0.962641 -0.962641 -1.040252 -1.040252 0.316487 0.265810 3.218880 0.925412
-1.021289 -1.021289 -1.021487 -1.021487 0.302867 0.241525 3.190248 0.960442
-0.991779 -0.991779 -0.902409 -0.902409 0.325526 0.276858 3.218880 0.927566
-0.980394 -0.980394 -0.820223 -0.820223 0.321382 0.262419 3.218880 0.924843
-0.946502 -0.946502 -1.121331 -1.121331 0.323164 0.268549 3.218880 0.930602
-1.049810 -1.049810 -0.900084 -0.900084 0.299236 0.240803 3.109620 0.959905
-1.035766 -1.035766 -0.986039 -0.986039 0.294241 0.240000 3.218880 0.955915
-0.988980 -0.988980 -1.065231 -1.065231 0.307532 0.246626 3.218880 0.959831
-1.008519 -1.008519 -1.116400 -1.116400 0.320805 0.287970 3.218880 0.941970
-0.994342 -0.994342 -1.271296 -1.271296 0.295230 0.240000 3.135947 0.960837
-1.016408 -1.016408 -1.088303 -1.088303 0.295280 0.240036 3.192825 0.958064
-0.956590 -0.956590 -0.978852 -0.978852 0.314410 0.248692 3.076491 0.957064
-1.005104 -1.005104 -1.048397 -1.048397 0.310221 0.247562 3.218880 0.954012
-0.952200 -0.952200 -1.133152 -1.133152 0.306849 0.245992 3.192663 0.956719
-1.017501 -1.017501 -1.007427 -1.007427 0.305856 0.246488 3.218880 0.939401
-0.987753 -0.987753 -1.163068 -1.163068 0.294103 0.240000 3.218710 0.962343
-1.010722 -1.010722 -1.103026 -1.103026 0.294665 0.240000 3.167189 0.957650
-0.998163 -0.998163 -1.189398 -1.189398 0.295940 0.242767 3.098030 0.963954
-1.047180 -1.047180 -0.943808 -0.943808 0.294880 0.240000 3.166354 0.960184
-0.985759 -0.985759 -1.015958 -1.015958 0.307055 0.245839 3.134842 0.957793
-0.993455 -0.993455 -0.920266 -0.920266 0.318269 0.259919 3.051136 0.962885
-0.939323 -0.939323 -1.146605 -1.146605 0.320148 0.251564 3.193110 0.952991
-0.944080 -0.944080 -1.292403 -1.292403 0.322693 0.269248 3.218880 0.938518
-0.907113 -0.907113 -1.083894 -1.083894 0.337299 0.260488 3.218880 0.950320
-0.924220 -0.924220 -1.281491 -1.281491 0.312548 0.250026 3.119340 0.959394
-0.990542 -0.990542 -1.052913 -1.052913 0.304560 0.243224 3.218880 0.942936
-0.946293 -0.946293 -1.048481 -1.048481 0.310771 0.246245 3.194452 0.957716
-0.926101 -0.926101 -0.938291 -0.938291 0.315352 0.243273 3.168928 0.959033
-1.019742 -1.019742 -1.126921 -1.126921 0.315090 0.281323 3.218880 0.930803
-1.089441 -1.089441 -1.222821 -1.222821 0.293754 0.240000 3.218880 0.955021
-1.011530 -1.011530 -1.066457 -1.066457 0.320737 0.265460 3.218880 0.940094
-0.974478 -0.974478 -1.291058 -1.291058 0.321554 0.267057 3.218880 0.941749
-1.007679 -1.007679 -1.116201 -1.116201 0.313505 0.252525 3.218880 0.942270
-1.039755 -1.039755 -0.967112 -0.967112 0.312257 0.272282 3.218880 0.920617
-1.040884 -1.040884 -1.040417 -1.040417 0.321299 0.304539 3.218880 0.927010
-1.025928 -1.025928 -1.004673 -1.004673 0.312212 0.281445 3.218880 0.931240
-0.926330 -0.926330 -1.280116 -1.280116 0.327998 0.267745 3.218880 0.935050
-0.968940 -0.968940 -0.957162 -0.957162 0.306533 0.247062 3.117468 0.960504
-0.961582 -0.961582 -1.133972 -1.133972 0.299689 0.240000 3.100984 0.960048
-0.984301 -0.984301 -0.882004 -0.882004 0.337932 0.304225 3.218880 0.925658
-0.959130 -0.959130 -1.194870 -1.194870 0.326183 0.265618 3.218880 0.934280
-1.023648 -1.023648 -1.103421 -1.103421 0.300586 0.244269 3.189814 0.954775
-1.064122 -1.064122 -0.812497 -0.812497 0.299007 0.241267 3.086485 0.959580
-1.067430 -1.067430 -1.156979 -1.156979 0.307447 0.298147 3.218880 0.940963
