-0.990470 -0.990470 -1.046347 -1.046347 0.302142 0.242621 3.215619 0.963197
-0.998194 -0.998194 -0.879704 -0.879704 0.302492 0.240000 3.197333 0.956641
-1.008651 -1.008651 -1.285697 -1.285697 0.320844 0.312377 3.218880 0.933478
-1.015221 -1.015221 -1.033647 -1.033647 0.294836 0.240000 3.141047 0.965294
-0.947709 -0.947709 -1.024384 -1.024384 0.335450 0.288459 3.218880 0.915441
-1.061879 -1.061879 -1.058822 -1.058822 0.322621 0.319751 3.218880 0.931732
-1.011061 -1.011061 -0.964965 -0.964965 0.314605 0.250157 3.218880 0.945337
-1.027007 -1.027007 -0.976599 -0.976599 0.305986 0.248659 3.203088 0.959094
-1.023429 -1.023429 -0.864341 -0.864341 0.294488 0.240000 3.136207 0.959680
-0.964950 -0.964950 -1.005244 -1.005244 0.303007 0.244193 3.128767 0.964832
-1.049745 -1.049745 -0.854901 -0.854901 0.287253 0.240000 3.093575 0.964260
-0.962980 -0.962980 -1.221584 -1.221584 0.305701 0.245594 3.120668 0.961805
-0.991361 -0.991361 -1.068141 -1.068141 0.299448 0.240586 3.141907 0.963859
-1.046097 -1.046097 -1.070502 -1.070502 0.299427 0.244489 3.218880 0.939724
-0.986721 -0.986721 -0.923226 -0.923226 0.328826 0.277066 3.218880 0.924805
-0.952902 -0.952902 -1.044236 -1.044236 0.306784 0.246210 3.042677 0.959367
-0.975471 -0.975471 -1.112049 -1.112049 0.307649 0.246963 3.157397 0.957442
-0.975058 -0.975058 -0.937452 -0.937452 0.305173 0.245605 3.061607 0.962106
-0.971943 -0.971943 -1.060811 -1.060811 0.308106 0.242973 3.218735 0.956712
-0.987489 -0.987489 -1.071568 -1.071568 0.296658 0.240028 3.078316 0.963990
-0.994182 -0.994182 -1.257935 -1.257935 0.317429 0.262073 3.150950 0.951031
-1.014439 -1.014439 -1.224540 -1.224540 0.297176 0.240659 3.093592 0.962527
-0.922017 -0.922017 -1.109243 -1.109243 0.325359 0.258695 3.062864 0.952152
-0.962692 -0.962692 -1.136579 -1.136579 0.324944 0.257630 3.218880 0.917992
-0.939282 -0.939282 -1.108345 -1.108345 0.310830 0.246750 3.218880 0.961053
-0.999537 -0.999537 -0.781999 -0.781999 0.311630 0.245370 3.190317 0.953010
-1.048199 -1.048199 -0.921833 -0.921833 0.299690 0.249797 3.215025 0.947581
-0.987392 -0.987392 -1.218176 -1.218176 0.310624 0.251051 3.213803 0.961048
-0.979301 -0.979301 -1.176918 -1.176918 0.308443 0.244899 3.218880 0.942973
-1.022142 -1.022142 -0.929528 -0.929528 0.302646 0.243696 3.218880 0.942001
-1.002768 -1.002768 -1.081378 -1.081378 0.310277 0.249714 3.218880 0.954500
-0.996837 -0.996837 -1.272638 -1.272638 0.314557 0.291315 3.218880 0.920598
-1.079353 -1.079353 -0.845257 -0.845257 0.294770 0.242667 3.218880 0.949337
-1.020983 -1.020983 -0.765705 -0.765705 0.315885 0.250079 3.218880 0.943398
-1.016048 -1.016048 -1.206876 -1.206876 0.299221 0.246570 3.084756 0.964266
-0.927032 -0.927032 -1.015547 -1.015547 0.329982 0.271157 3.218880 0.923572
-0.988696 -0.988696 -0.998109 -0.998109 0.306080 0.242934 3.218880 0.956156
-1.032560 -1.032560 -0.706895 -0.706895 0.308397 0.247145 3.218880 0.951117
-0.982143 -0.982143 -0.810696 -0.810696 0.329189 0.266089 3.218880 0.933359
-1.014078 -1.014078 -1.066558 -1.066558 0.324852 0.318386 3.218880 0.929648
-0.985559 -0.985559 -1.075216 -1.075216 0.336631 0.291662 3.218880 0.921870
-0.944128 -0.944128 -1.027370 -1.027370 0.305648 0.242623 3.163773 0.956780
-0.972727 -0.972727 -1.174058 -1.174058 0.323642 0.272651 3.218880 0.933312
-0.949815 -0.949815 -1.031504 -1.031504 0.306652 0.240922 3.218880 0.961159
-0.967460 -0.967460 -1.294894 -1.294894 0.324001 0.266371 3.218880 0.932843
-0.928664 -0.928664 -1.142957 -1.142957 0.319274 0.254872 3.122748 0.951193
-0.988265 -0.988265 -0.921261 -0.921261 0.315952 0.254137 3.218880 0.935637
-0.936247 -0.936247 -1.129970 -1.129970 0.315992 0.251516 3.126348 0.963477
-1.008300 -1.008300 -1.054705 -1.054705 0.317264 0.257285 3.199881 0.953461
-0.960123 -0.960123 -1.043378 -1.043378 0.330185 0.272999 3.218880 0.927075
-0.980189 -0.980189 -1.178819 -1.178819 0.307998 0.247091 3.167222 0.959872
-1.019973 -1.019973 -1.221434 -1.221434 0.324418 0.300096 3.218880 0.925641
-1.085203 -1.085203 -0.750531 -0.750531 0.289719 0.240000 3.218880 0.956253
-0.983598 -0.983598 -1.006982 -1.006982 0.332343 0.288252 3.218880 0.921413
-1.047452 -1.047452 -1.137918 -1.137918 0.292219 0.240115 3.101152 0.964577
-0.977748 -0.977748 -1.153831 -1.153831 0.309464 0.250084 3.063855 0.959994
