-1.029593 -1.029593 -1.681663 -1.681663 0.316066 0.291085 3.200958 0.950709
-1.003459 -1.003459 -1.109250 -1.109250 0.304501 0.245335 3.218880 0.952758
-1.031983 -1.031983 -1.531852 -1.531852 0.304207 0.247866 3.218880 0.943173
-1.003764 -1.003764 -1.346100 -1.346100 0.302181 0.247723 3.218880 0.948762
-1.008506 -1.008506 -1.405795 -1.405795 0.318971 0.279936 3.214781 0.942361
-0.994157 -0.994157 -1.078319 -1.078319 0.303675 0.241623 3.218880 0.951263
-1.009690 -1.009690 -1.215480 -1.215480 0.300916 0.246356 3.218880 0.950249
-1.031131 -1.031131 -0.927650 -0.927650 0.307418 0.247869 3.218880 0.952624
-1.017331 -1.017331 -1.233772 -1.233772 0.300998 0.246882 3.218880 0.958014
-1.024809 -1.024809 -1.023583 -1.023583 0.299470 0.240399 3.218880 0.951662
-1.024078 -1.024078 -1.407761 -1.407761 0.307705 0.253178 3.218880 0.950099
-1.030235 -1.030235 -1.198692 -1.198692 0.306470 0.246911 3.218880 0.947920
-1.000374 -1.000374 -1.124962 -1.124962 0.296929 0.240003 3.218880 0.951876
-0.998048 -0.998048 -1.363938 -1.363938 0.306196 0.249995 3.218880 0.950648
-1.021764 -1.021764 -1.131050 -1.131050 0.307641 0.248232 3.218880 0.952007
-1.027461 -1.027461 -0.951153 -0.951153 0.296312 0.240000 3.218880 0.958545
-1.056770 -1.056770 -1.152971 -1.152971 0.306942 0.258300 3.218880 0.946266
-1.012404 -1.012404 -1.050113 -1.050113 0.307663 0.246684 3.218880 0.952612
-1.042149 -1.042149 -1.261773 -1.261773 0.313764 0.284711 3.218880 0.945955
-1.019703 -1.019703 -1.224520 -1.224520 0.306187 0.249848 3.218880 0.942458
-1.024269 -1.024269 -1.022306 -1.022306 0.303098 0.242260 3.218880 0.947932
-1.039503 -1.039503 -0.969195 -0.969195 0.297235 0.240000 3.218880 0.954559
-1.013438 -1.013438 -1.054698 -1.054698 0.305017 0.245948 3.218880 0.947728
-1.034508 -1.034508 -1.225820 -1.225820 0.302896 0.241113 3.218880 0.946252
-0.997808 -0.997808 -1.358790 -1.358790 0.297195 0.240007 3.218880 0.942904
-0.999377 -0.999377 -1.028982 -1.028982 0.314671 0.255811 3.218880 0.945707
-1.024828 -1.024828 -1.138944 -1.138944 0.299722 0.240036 3.218880 0.948940
-1.030605 -1.030605 -1.077046 -1.077046 0.303343 0.246355 3.218880 0.948663
-1.046074 -1.046074 -0.862420 -0.862420 0.306589 0.246831 3.218880 0.951060
-1.020978 -1.020978 -1.109507 -1.109507 0.302951 0.247511 3.218880 0.958214
-1.014805 -1.014805 -1.216807 -1.216807 0.311441 0.255492 3.218880 0.950585
-1.016456 -1.016456 -1.479056 -1.479056 0.304470 0.249637 3.218880 0.947614
-1.008884 -1.008884 -1.072147 -1.072147 0.305667 0.243919 3.218880 0.952918
-1.053961 -1.053961 -1.159538 -1.159538 0.301809 0.247383 3.218880 0.947283
-1.039065 -1.039065 -1.027455 -1.027455 0.302575 0.245922 3.218880 0.955799
-1.001293 -1.001293 -1.158851 -1.158851 0.298976 0.240588 3.218880 0.950788
-1.015891 -1.015891 -0.980998 -0.980998 0.308323 0.249145 3.218880 0.951097
-1.012378 -1.012378 -0.866416 -0.866416 0.300045 0.240041 3.218880 0.956021
-1.015888 -1.015888 -1.191101 -1.191101 0.306798 0.245719 3.218880 0.946073
-0.996614 -0.996614 -1.077265 -1.077265 0.300994 0.243188 3.218880 0.949618
-1.000374 -1.000374 -1.123101 -1.123101 0.297241 0.240000 3.218880 0.947467
-0.979192 -0.979192 -1.336972 -1.336972 0.311153 0.251721 3.218880 0.945150
-1.010899 -1.010899 -1.200322 -1.200322 0.308941 0.246463 3.218880 0.942390
-1.043187 -1.043187 -0.981395 -0.981395 0.309101 0.251553 3.218880 0.946391
-0.990350 -0.990350 -1.487290 -1.487290 0.310428 0.263316 3.218880 0.950308
-1.016604 -1.016604 -1.197264 -1.197264 0.299085 0.240899 3.218880 0.959934
-1.029641 -1.029641 -0.908041 -0.908041 0.300335 0.240000 3.217594 0.953291
-1.019646 -1.019646 -0.960130 -0.960130 0.304068 0.240603 3.218880 0.947157
-1.022948 -1.022948 -1.113852 -1.113852 0.304215 0.244917 3.218880 0.949102
-1.026944 -1.026944 -1.116163 -1.116163 0.312450 0.254346 3.218880 0.948990
-1.037686 -1.037686 -1.374442 -1.374442 0.299391 0.242900 3.218880 0.947042
-1.024465 -1.024465 -1.019396 -1.019396 0.313138 0.250860 3.218880 0.947806
-1.028268 -1.028268 -1.327909 -1.327909 0.303171 0.242349 3.218880 0.946674
-1.009952 -1.009952 -1.437883 -1.437883 0.303299 0.246243 3.218880 0.947439
-1.007003 -1.007003 -1.327146 -1.327146 0.303309 0.246685 3.218880 0.946224
-1.007019 -1.007019 -1.622816 -1.622816 0.306107 0.249139 3.218880 0.944314
