-1.032770 -1.032770 -1.200758 -1.200758 0.296705 0.240818 3.218880 0.948990
-1.049786 -1.049786 -1.304716 -1.304716 0.304541 0.245956 3.218880 0.943850
-1.015017 -1.015017 -1.403138 -1.403138 0.308441 0.251641 3.218880 0.953892
-1.018973 -1.018973 -1.144751 -1.144751 0.305567 0.246271 3.218880 0.946852
-1.025067 -1.025067 -0.963688 -0.963688 0.303326 0.241587 3.218880 0.948663
-1.016833 -1.016833 -1.572089 -1.572089 0.300421 0.245765 3.218880 0.941118
-1.013086 -1.013086 -1.436271 -1.436271 0.302433 0.245638 3.218880 0.944953
-1.027066 -1.027066 -1.318201 -1.318201 0.309219 0.256821 3.218880 0.947035
-1.013077 -1.013077 -0.953910 -0.953910 0.299810 0.240000 3.218880 0.953109
-1.018022 -1.018022 -1.257876 -1.257876 0.306105 0.250681 3.218880 0.952331
-1.017205 -1.017205 -1.306763 -1.306763 0.301482 0.244163 3.218880 0.943380
-1.020719 -1.020719 -1.040339 -1.040339 0.299661 0.240487 3.218880 0.945237
-1.044082 -1.044082 -1.197459 -1.197459 0.301130 0.245151 3.218880 0.950927
-0.997079 -0.997079 -1.261049 -1.261049 0.305344 0.246598 3.218880 0.944601
-1.021432 -1.021432 -1.045405 -1.045405 0.299576 0.240000 3.218880 0.949878
-1.028259 -1.028259 -1.024522 -1.024522 0.308326 0.247929 3.218880 0.942726
-1.017951 -1.017951 -1.131082 -1.131082 0.302722 0.244529 3.218880 0.952037
-1.016005 -1.016005 -1.206799 -1.206799 0.304083 0.246930 3.218880 0.945773
-0.991828 -0.991828 -1.259192 -1.259192 0.306378 0.247640 3.218880 0.949872
-1.025398 -1.025398 -1.584933 -1.584933 0.301171 0.246296 3.218880 0.945540
-0.986353 -0.986353 -1.055281 -1.055281 0.304579 0.244511 3.218880 0.949299
-0.993674 -0.993674 -1.090002 -1.090002 0.300150 0.243528 3.218880 0.954155
-1.027395 -1.027395 -1.440605 -1.440605 0.301633 0.244949 3.218880 0.948183
-1.001021 -1.001021 -1.436580 -1.436580 0.308670 0.269947 3.214124 0.949172
-0.990639 -0.990639 -1.204800 -1.204800 0.303555 0.245710 3.218880 0.949461
-1.007859 -1.007859 -1.061369 -1.061369 0.304638 0.242080 3.218880 0.951154
-1.024674 -1.024674 -0.979477 -0.979477 0.307713 0.248382 3.218880 0.949613
-1.020268 -1.020268 -1.323412 -1.323412 0.301248 0.240074 3.218880 0.943392
-1.037913 -1.037913 -0.932345 -0.932345 0.300828 0.240248 3.218880 0.956959
-1.040506 -1.040506 -1.160424 -1.160424 0.305154 0.250923 3.218880 0.946125
-1.021992 -1.021992 -1.185236 -1.185236 0.296149 0.241569 3.218880 0.951422
-1.012100 -1.012100 -1.020291 -1.020291 0.306243 0.244789 3.218880 0.951255
-1.014316 -1.014316 -1.178777 -1.178777 0.301700 0.243864 3.218880 0.949891
-1.009494 -1.009494 -1.027014 -1.027014 0.312965 0.251358 3.218880 0.950334
-1.013131 -1.013131 -1.179030 -1.179030 0.302993 0.243580 3.218880 0.951561
-1.043067 -1.043067 -1.203205 -1.203205 0.300277 0.243890 3.218880 0.951738
-1.031295 -1.031295 -1.214810 -1.214810 0.302919 0.245577 3.218880 0.953786
-0.985523 -0.985523 -1.132977 -1.132977 0.305530 0.244099 3.218880 0.949756
-1.021463 -1.021463 -1.762943 -1.762943 0.310466 0.252097 3.218880 0.944848
-1.028549 -1.028549 -1.173135 -1.173135 0.301722 0.244398 3.218880 0.952202
-0.997428 -0.997428 -1.261195 -1.261195 0.304152 0.243385 3.218880 0.944427
-1.007001 -1.007001 -1.145021 -1.145021 0.309174 0.249428 3.218880 0.948907
-1.009333 -1.009333 -1.377372 -1.377372 0.304019 0.246704 3.218880 0.949544
-1.021975 -1.021975 -1.133278 -1.133278 0.308514 0.248125 3.218880 0.942967
-1.016451 -1.016451 -0.936197 -0.936197 0.301364 0.240000 3.218880 0.949891
-1.038785 -1.038785 -1.177195 -1.177195 0.301536 0.240017 3.218880 0.943759
-1.030307 -1.030307 -1.091269 -1.091269 0.306337 0.245215 3.218880 0.945979
-1.012735 -1.012735 -1.195676 -1.195676 0.302563 0.244832 3.218880 0.945959
-1.010706 -1.010706 -1.210152 -1.210152 0.300879 0.243327 3.218880 0.948350
-1.028059 -1.028059 -1.297507 -1.297507 0.311611 0.270370 3.218880 0.946503
-1.008099 -1.008099 -1.061368 -1.061368 0.307492 0.245745 3.218880 0.951129
-1.036247 -1.036247 -0.967882 -0.967882 0.301590 0.242296 3.218880 0.953235
-1.005694 -1.005694 -1.210192 -1.210192 0.310333 0.248540 3.218880 0.944746
-0.991940 -0.991940 -1.239675 -1.239675 0.306405 0.245819 3.218880 0.944959
-1.014202 -1.014202 -1.165871 -1.165871 0.307443 0.246956 3.218880 0.949035
-1.013171 -1.013171 -1.001014 -1.001014 0.300727 0.240332 3.218880 0.952072
