-1.030254 -1.030254 -1.019265 -1.019265 0.308492 0.246299 3.218880 0.949776
-1.029223 -1.029223 -1.123235 -1.123235 0.308879 0.250361 3.218880 0.954836
-1.031390 -1.031390 -1.076169 -1.076169 0.307872 0.248583 3.218880 0.946577
-1.001545 -1.001545 -1.376364 -1.376364 0.302701 0.244871 3.218880 0.947849
-1.033221 -1.033221 -1.540894 -1.540894 0.304669 0.264587 3.218880 0.948125
-1.024849 -1.024849 -1.089601 -1.089601 0.305845 0.245557 3.218880 0.943057
-1.037879 -1.037879 -1.430567 -1.430567 0.313548 0.270146 3.218880 0.942301
-1.013478 -1.013478 -1.188794 -1.188794 0.304868 0.244318 3.218880 0.948443
-1.032911 -1.032911 -1.052737 -1.052737 0.306221 0.248046 3.218880 0.952356
-1.020236 -1.020236 -1.123809 -1.123809 0.299769 0.240000 3.218880 0.942351
-1.033713 -1.033713 -1.282298 -1.282298 0.311149 0.265583 3.218880 0.952028
-1.008918 -1.008918 -1.386516 -1.386516 0.300537 0.243171 3.218880 0.949528
-1.019732 -1.019732 -1.349671 -1.349671 0.310565 0.266149 3.198663 0.954466
-1.018230 -1.018230 -0.994229 -0.994229 0.300159 0.243762 3.218880 0.955705
-1.008483 -1.008483 -1.116211 -1.116211 0.308021 0.245720 3.218880 0.945145
-1.026075 -1.026075 -1.200634 -1.200634 0.302710 0.240000 3.218880 0.942717
-1.046180 -1.046180 -1.190821 -1.190821 0.298665 0.244242 3.218880 0.949314
-1.011756 -1.011756 -1.212200 -1.212200 0.305813 0.246115 3.218880 0.943437
-1.028443 -1.028443 -1.430651 -1.430651 0.301136 0.246427 3.218880 0.943961
-1.031523 -1.031523 -0.950560 -0.950560 0.309159 0.246708 3.218880 0.950705
-1.027096 -1.027096 -1.508779 -1.508779 0.313573 0.264580 3.218880 0.942720
-0.985619 -0.985619 -1.120266 -1.120266 0.307277 0.243721 3.218880 0.947771
-1.047691 -1.047691 -1.263071 -1.263071 0.302270 0.243684 3.218880 0.944139
-0.997399 -0.997399 -1.026573 -1.026573 0.306792 0.244519 3.218880 0.950729
-1.026321 -1.026321 -0.917351 -0.917351 0.300606 0.240000 3.218880 0.946339
-1.035675 -1.035675 -1.255589 -1.255589 0.300725 0.243326 3.218880 0.947365
-1.036576 -1.036576 -1.487931 -1.487931 0.313877 0.265692 3.218880 0.946112
-1.001809 -1.001809 -1.438173 -1.438173 0.300842 0.244161 3.218880 0.949039
-1.045143 -1.045143 -1.152652 -1.152652 0.321417 0.287929 3.218230 0.945536
-1.009992 -1.009992 -1.039059 -1.039059 0.298245 0.240014 3.218880 0.953301
-1.030002 -1.030002 -1.079204 -1.079204 0.304933 0.247652 3.218880 0.953920
-1.015723 -1.015723 -1.083070 -1.083070 0.302800 0.240705 3.218880 0.949931
-1.000499 -1.000499 -1.061532 -1.061532 0.308635 0.247069 3.218880 0.951343
-1.008419 -1.008419 -1.155576 -1.155576 0.306699 0.244859 3.218880 0.949088
-1.028504 -1.028504 -1.322879 -1.322879 0.311541 0.268104 3.218880 0.951279
-1.036132 -1.036132 -1.346830 -1.346830 0.312024 0.258764 3.218880 0.941645
-1.031864 -1.031864 -1.029559 -1.029559 0.301385 0.242984 3.218880 0.949643
-1.037613 -1.037613 -1.202643 -1.202643 0.310006 0.270300 3.218880 0.955083
-1.036583 -1.036583 -1.240579 -1.240579 0.300820 0.243591 3.218880 0.943813
-1.028165 -1.028165 -0.927672 -0.927672 0.301916 0.240000 3.218880 0.950163
-1.027162 -1.027162 -1.263457 -1.263457 0.305532 0.246046 3.218880 0.943169
-0.992894 -0.992894 -1.181432 -1.181432 0.301771 0.241154 3.218880 0.945753
-1.006403 -1.006403 -1.029943 -1.029943 0.301569 0.240000 3.218880 0.951602
-1.004211 -1.004211 -1.226251 -1.226251 0.302408 0.243035 3.218880 0.949468
-1.015260 -1.015260 -1.059762 -1.059762 0.304505 0.243660 3.218880 0.950210
-1.041521 -1.041521 -1.250339 -1.250339 0.303858 0.250327 3.218880 0.948750
-1.029125 -1.029125 -1.049479 -1.049479 0.299815 0.240080 3.218880 0.945166
-1.022387 -1.022387 -1.341117 -1.341117 0.301055 0.242235 3.218880 0.946394
-1.027194 -1.027194 -1.257198 -1.257198 0.308941 0.249938 3.218880 0.948040
-1.025030 -1.025030 -1.122858 -1.122858 0.305927 0.247171 3.218880 0.945914
-1.007884 -1.007884 -0.943131 -0.943131 0.306662 0.246114 3.218880 0.955777
-1.031991 -1.031991 -1.350477 -1.350477 0.310762 0.253533 3.218880 0.947392
-1.013648 -1.013648 -1.110452 -1.110452 0.299154 0.240023 3.218880 0.948339
-1.017183 -1.017183 -1.220544 -1.220544 0.308932 0.246754 3.218880 0.946183
-1.027968 -1.027968 -1.193198 -1.193198 0.301017 0.246936 3.218880 0.954742
-1.015654 -1.015654 -1.228850 -1.228850 0.304206 0.244830 3.218880 0.942790
