-0.965829 -0.965829 -0.720009 -0.720009 0.321087 0.255749 3.090424 0.961826
-0.977182 -0.977182 -0.956893 -0.956893 0.306189 0.244009 3.212446 0.956915
-0.956136 -0.956136 -1.189341 -1.189341 0.308129 0.245734 3.218873 0.953126
-1.034919 -1.034919 -0.707492 -0.707492 0.305902 0.243416 3.218880 0.954965
-0.954784 -0.954784 -0.774427 -0.774427 0.329025 0.267967 3.218880 0.925732
-1.007444 -1.007444 -1.108966 -1.108966 0.295576 0.240000 3.174482 0.960334
-1.005222 -1.005222 -1.185009 -1.185009 0.319535 0.273176 3.218880 0.940632
-1.016164 -1.016164 -1.153818 -1.153818 0.306319 0.254513 3.218880 0.925575
-0.975291 -0.975291 -1.289068 -1.289068 0.328905 0.316510 3.218880 0.923836
-1.000848 -1.000848 -1.197301 -1.197301 0.301074 0.240000 3.218880 0.958148
-1.025700 -1.025700 -1.161586 -1.161586 0.303930 0.251066 3.218880 0.954442
-1.037788 -1.037788 -0.823388 -0.823388 0.315056 0.251024 3.218880 0.932740
-0.977586 -0.977586 -1.163374 -1.163374 0.303729 0.242494 3.191862 0.958416
-1.001085 -1.001085 -1.063692 -1.063692 0.305942 0.242088 3.218838 0.952207
-0.931154 -0.931154 -1.196446 -1.196446 0.330078 0.266425 3.069400 0.953793
-0.998832 -0.998832 -1.071012 -1.071012 0.293177 0.240000 3.117644 0.959683
-1.018005 -1.018005 -1.185393 -1.185393 0.299111 0.245393 3.055174 0.963212
-1.001428 -1.001428 -1.196150 -1.196150 0.330726 0.309355 3.218880 0.929308
-0.984197 -0.984197 -0.987045 -0.987045 0.311179 0.249599 3.069018 0.961116
-1.028472 -1.028472 -1.254864 -1.254864 0.308047 0.250987 3.193500 0.956348
-1.002579 -1.002579 -1.259624 -1.259624 0.302258 0.246915 3.218880 0.951792
-1.007988 -1.007988 -1.150694 -1.150694 0.297065 0.240000 3.178833 0.960630
-0.943811 -0.943811 -1.139645 -1.139645 0.314243 0.249829 3.099648 0.959323
-0.946827 -0.946827 -1.197870 -1.197870 0.330986 0.279099 3.218180 0.945676
-0.972617 -0.972617 -0.882200 -0.882200 0.308201 0.244332 3.218880 0.953394
-0.939128 -0.939128 -1.117377 -1.117377 0.310783 0.245774 3.218880 0.943124
-1.076166 -1.076166 -0.862232 -0.862232 0.293093 0.240000 3.107821 0.961637
-0.969209 -0.969209 -1.252437 -1.252437 0.303694 0.245823 3.100126 0.961182
-1.029522 -1.029522 -0.861584 -0.861584 0.308497 0.244998 3.218880 0.958552
-1.045927 -1.045927 -1.001954 -1.001954 0.298950 0.243083 3.218880 0.935622
-0.925977 -0.925977 -1.196500 -1.196500 0.314864 0.251279 3.064242 0.959989
-0.978338 -0.978338 -1.013258 -1.013258 0.308813 0.246915 3.214520 0.958138
-0.977899 -0.977899 -1.181372 -1.181372 0.311528 0.248481 3.218880 0.951132
-0.954821 -0.954821 -1.054391 -1.054391 0.317842 0.256828 3.076584 0.961675
-1.039182 -1.039182 -1.178090 -1.178090 0.289717 0.240008 3.170477 0.958101
-1.001130 -1.001130 -1.064696 -1.064696 0.304763 0.246391 3.218880 0.952969
-1.064174 -1.064174 -1.100183 -1.100183 0.294587 0.240081 3.164786 0.956528
-0.974727 -0.974727 -0.924242 -0.924242 0.316549 0.255974 3.047640 0.958240
-0.978256 -0.978256 -1.171810 -1.171810 0.332582 0.280251 3.218880 0.926796
-0.995169 -0.995169 -1.209952 -1.209952 0.317356 0.266374 3.218880 0.935942
-1.038152 -1.038152 -0.875929 -0.875929 0.305679 0.246083 3.126980 0.958318
-1.059181 -1.059181 -1.124410 -1.124410 0.298971 0.246927 3.218781 0.953446
-0.925237 -0.925237 -1.103442 -1.103442 0.332831 0.268572 3.218880 0.934671
-1.003092 -1.003092 -1.159277 -1.159277 0.294394 0.240000 3.172297 0.963381
-0.983843 -0.983843 -1.049095 -1.049095 0.311234 0.246335 3.218880 0.949371
-1.000871 -1.000871 -0.749498 -0.749498 0.311729 0.244330 3.218880 0.950602
-1.005701 -1.005701 -1.132727 -1.132727 0.316686 0.256549 3.130446 0.956626
-0.949530 -0.949530 -1.070431 -1.070431 0.311085 0.246913 3.170057 0.960315
-0.952704 -0.952704 -0.778122 -0.778122 0.325486 0.256124 3.218880 0.949433
-0.952687 -0.952687 -0.897078 -0.897078 0.315249 0.247989 3.218880 0.957182
-0.957818 -0.957818 -0.918013 -0.918013 0.320865 0.256656 3.218880 0.938099
-0.993473 -0.993473 -0.928626 -0.928626 0.327626 0.287522 3.218880 0.926537
-0.966985 -0.966985 -0.827731 -0.827731 0.327557 0.257201 3.218880 0.936646
-0.995044 -0.995044 -1.158205 -1.158205 0.301499 0.240943 3.204045 0.960911
-1.012108 -1.012108 -1.194588 -1.194588 0.313639 0.252449 3.218880 0.936475
-0.947004 -0.947004 -1.191316 -1.191316 0.337810 0.300756 3.218880 0.923142
