-1.013883 -1.013883 -1.124617 -1.124617 0.308009 0.248679 3.218880 0.954549
-1.012225 -1.012225 -1.132826 -1.132826 0.302597 0.243616 3.218880 0.953606
-1.020077 -1.020077 -1.142918 -1.142918 0.303727 0.246166 3.218880 0.949771
-1.044249 -1.044249 -1.156361 -1.156361 0.303879 0.247310 3.218880 0.940232
-1.032574 -1.032574 -1.445575 -1.445575 0.311976 0.265769 3.218880 0.940989
-1.033626 -1.033626 -1.169191 -1.169191 0.312588 0.257386 3.218880 0.948431
-1.025348 -1.025348 -1.352920 -1.352920 0.312951 0.266273 3.218880 0.944265
-1.010498 -1.010498 -1.182972 -1.182972 0.296980 0.240000 3.218880 0.948825
-1.026078 -1.026078 -1.353180 -1.353180 0.301046 0.242423 3.218880 0.944456
-1.057181 -1.057181 -0.982396 -0.982396 0.304747 0.245990 3.218880 0.951193
-1.028778 -1.028778 -1.327702 -1.327702 0.309281 0.249309 3.218880 0.941138
-1.004161 -1.004161 -1.194807 -1.194807 0.305011 0.244299 3.218880 0.947363
-1.011235 -1.011235 -1.264164 -1.264164 0.302294 0.247978 3.218880 0.954954
-1.014540 -1.014540 -1.111232 -1.111232 0.311554 0.248823 3.218880 0.950764
-1.019175 -1.019175 -1.072424 -1.072424 0.307089 0.247053 3.218880 0.949959
-1.016142 -1.016142 -0.923009 -0.923009 0.301535 0.240000 3.218880 0.955023
-0.999689 -0.999689 -1.182371 -1.182371 0.303332 0.245090 3.218880 0.953431
-1.048922 -1.048922 -1.049022 -1.049022 0.306501 0.250420 3.218880 0.947505
-1.022329 -1.022329 -1.229368 -1.229368 0.310324 0.261502 3.218880 0.952996
-1.017579 -1.017579 -1.119880 -1.119880 0.306377 0.251496 3.218880 0.956431
-1.020962 -1.020962 -0.945594 -0.945594 0.311747 0.251630 3.218880 0.948529
-1.012156 -1.012156 -1.156360 -1.156360 0.306543 0.248945 3.218880 0.950217
-1.037174 -1.037174 -1.496398 -1.496398 0.298960 0.240549 3.218880 0.946898
-0.999153 -0.999153 -1.218696 -1.218696 0.305462 0.244578 3.218880 0.950864
-1.017565 -1.017565 -1.076753 -1.076753 0.303653 0.244355 3.218880 0.948888
-1.016347 -1.016347 -1.357706 -1.357706 0.311554 0.261173 3.218880 0.948820
-1.044226 -1.044226 -1.172820 -1.172820 0.303960 0.246893 3.218880 0.951619
-0.998755 -0.998755 -1.345006 -1.345006 0.303455 0.240000 3.218880 0.946160
-1.045917 -1.045917 -1.122253 -1.122253 0.304019 0.243186 3.218880 0.945913
-1.006276 -1.006276 -1.363488 -1.363488 0.306010 0.246237 3.218880 0.944143
-1.001412 -1.001412 -1.184791 -1.184791 0.307463 0.249128 3.218880 0.951434
-1.028838 -1.028838 -1.305800 -1.305800 0.297814 0.243733 3.218880 0.945096
-0.996647 -0.996647 -0.994729 -0.994729 0.305972 0.244291 3.218880 0.946836
-1.060385 -1.060385 -1.237676 -1.237676 0.303670 0.248709 3.218880 0.940841
-1.027579 -1.027579 -1.014838 -1.014838 0.301737 0.240000 3.218880 0.950295
-1.032849 -1.032849 -1.096782 -1.096782 0.302042 0.244644 3.218880 0.952238
-1.000478 -1.000478 -1.486145 -1.486145 0.305556 0.246329 3.218880 0.951759
-1.015750 -1.015750 -1.247140 -1.247140 0.303291 0.245675 3.218880 0.945411
-1.023714 -1.023714 -1.154632 -1.154632 0.304603 0.244783 3.218880 0.944644
-1.059967 -1.059967 -1.349766 -1.349766 0.306735 0.247335 3.218880 0.938628
-1.004122 -1.004122 -1.280680 -1.280680 0.305587 0.251019 3.218880 0.948933
-1.063819 -1.063819 -1.143664 -1.143664 0.313917 0.265614 3.218880 0.946279
-1.022010 -1.022010 -1.069697 -1.069697 0.307572 0.248165 3.218880 0.953161
-1.010370 -1.010370 -1.099406 -1.099406 0.307345 0.246111 3.218880 0.946642
-1.031156 -1.031156 -1.295851 -1.295851 0.309539 0.257687 3.218880 0.945807
-1.027127 -1.027127 -1.654764 -1.654764 0.317558 0.290823 3.218880 0.946233
-1.038603 -1.038603 -1.273099 -1.273099 0.302803 0.249386 3.218880 0.953746
-0.997207 -0.997207 -1.161113 -1.161113 0.302980 0.242160 3.218880 0.943908
-1.027388 -1.027388 -1.142238 -1.142238 0.300806 0.243860 3.218880 0.954212
-1.033814 -1.033814 -1.388078 -1.388078 0.317113 0.292107 3.208220 0.949058
-1.008632 -1.008632 -1.434482 -1.434482 0.315752 0.264822 3.218821 0.945719
-0.985141 -0.985141 -1.174490 -1.174490 0.300813 0.240000 3.218880 0.954646
-1.031774 -1.031774 -1.235172 -1.235172 0.299443 0.244966 3.218880 0.947971
-0.999234 -0.999234 -1.063829 -1.063829 0.298942 0.240686 3.218880 0.958339
-1.033188 -1.033188 -1.303090 -1.303090 0.305655 0.247867 3.218880 0.937620
-1.028054 -1.028054 -1.435844 -1.435844 0.313862 0.261184 3.218707 0.953626
