-1.019312 -1.019312 -1.464182 -1.464182 0.305990 0.251145 3.218880 0.943396
-1.018832 -1.018832 -1.128667 -1.128667 0.306247 0.249094 3.218880 0.950531
-1.003586 -1.003586 -1.243223 -1.243223 0.301224 0.243733 3.218880 0.952395
-0.994288 -0.994288 -1.325115 -1.325115 0.314225 0.261765 3.216896 0.945166
-1.036500 -1.036500 -1.186439 -1.186439 0.315676 0.265076 3.218880 0.952955
-1.006780 -1.006780 -1.017594 -1.017594 0.306554 0.244968 3.218880 0.950396
-1.039931 -1.039931 -1.445474 -1.445474 0.307809 0.256163 3.218880 0.944478
-1.040150 -1.040150 -1.304861 -1.304861 0.316414 0.290724 3.218736 0.942857
-1.019355 -1.019355 -1.042573 -1.042573 0.308693 0.248176 3.218880 0.941753
-1.037064 -1.037064 -1.077444 -1.077444 0.303743 0.241753 3.218880 0.949472
-1.042967 -1.042967 -1.182549 -1.182549 0.314246 0.260699 3.218880 0.944642
-1.013616 -1.013616 -1.040246 -1.040246 0.300562 0.240000 3.218880 0.952914
-1.044511 -1.044511 -1.103370 -1.103370 0.303102 0.244246 3.218880 0.944100
-1.039898 -1.039898 -0.978960 -0.978960 0.311751 0.260353 3.218880 0.952810
-1.004134 -1.004134 -1.319675 -1.319675 0.301914 0.245355 3.218880 0.952245
-1.034134 -1.034134 -1.473398 -1.473398 0.299424 0.244724 3.218880 0.940733
-1.040319 -1.040319 -1.139742 -1.139742 0.312896 0.262358 3.218880 0.953536
-1.029168 -1.029168 -0.943818 -0.943818 0.302236 0.248634 3.218880 0.959054
-1.040154 -1.040154 -0.994874 -0.994874 0.303478 0.247148 3.218880 0.951964
-1.021771 -1.021771 -1.701295 -1.701295 0.316962 0.290426 3.208660 0.948942
-1.011487 -1.011487 -1.212927 -1.212927 0.308048 0.249263 3.218880 0.947517
-0.992408 -0.992408 -1.329330 -1.329330 0.301943 0.244763 3.218880 0.947443
-1.018471 -1.018471 -1.186656 -1.186656 0.301073 0.244410 3.218880 0.949089
-1.005430 -1.005430 -0.996192 -0.996192 0.307899 0.244928 3.218880 0.947367
-0.997495 -0.997495 -1.172497 -1.172497 0.306139 0.246260 3.218880 0.948031
-1.004592 -1.004592 -1.426140 -1.426140 0.302790 0.243744 3.218880 0.950810
-1.030879 -1.030879 -1.145074 -1.145074 0.301070 0.242820 3.218880 0.953401
-1.029703 -1.029703 -1.235294 -1.235294 0.303180 0.246594 3.218880 0.947009
-1.004071 -1.004071 -1.182864 -1.182864 0.307170 0.249808 3.218880 0.950504
-1.030812 -1.030812 -0.763140 -0.763140 0.304424 0.243634 3.218880 0.951041
-1.013347 -1.013347 -1.191455 -1.191455 0.303074 0.250295 3.218657 0.952937
-1.018967 -1.018967 -0.891683 -0.891683 0.302839 0.240637 3.218880 0.952466
-1.031952 -1.031952 -1.076369 -1.076369 0.322539 0.267803 3.218880 0.948591
-1.062298 -1.062298 -1.494711 -1.494711 0.304700 0.248158 3.218880 0.942174
-1.021281 -1.021281 -1.322293 -1.322293 0.301652 0.244393 3.218880 0.950054
-1.000532 -1.000532 -1.075960 -1.075960 0.310527 0.247661 3.218880 0.941371
-1.041703 -1.041703 -1.149166 -1.149166 0.304893 0.249764 3.218880 0.952835
-1.047641 -1.047641 -1.093842 -1.093842 0.305227 0.247532 3.218880 0.947801
-1.015098 -1.015098 -1.241533 -1.241533 0.301482 0.246503 3.218880 0.945353
-1.031654 -1.031654 -0.989209 -0.989209 0.306063 0.247091 3.218880 0.950719
-1.053815 -1.053815 -1.080308 -1.080308 0.300119 0.240461 3.218880 0.947029
-1.027421 -1.027421 -1.243669 -1.243669 0.306003 0.246326 3.218880 0.938520
-1.026691 -1.026691 -1.589077 -1.589077 0.312891 0.273995 3.218880 0.947390
-1.039673 -1.039673 -1.190495 -1.190495 0.307357 0.244374 3.218880 0.940801
-1.018103 -1.018103 -0.982832 -0.982832 0.299087 0.240000 3.218880 0.950712
-1.042028 -1.042028 -1.320889 -1.320889 0.298644 0.243420 3.218880 0.952175
-1.026104 -1.026104 -1.075421 -1.075421 0.297522 0.241964 3.218880 0.953723
-1.022370 -1.022370 -1.260316 -1.260316 0.298657 0.240000 3.218880 0.944462
-0.999815 -0.999815 -1.378712 -1.378712 0.303288 0.247158 3.218880 0.951487
-0.999740 -0.999740 -1.233483 -1.233483 0.306880 0.244027 3.218880 0.947581
-1.020954 -1.020954 -1.333925 -1.333925 0.302449 0.244287 3.218880 0.945790
-1.003751 -1.003751 -1.207950 -1.207950 0.303659 0.241587 3.218880 0.949107
-0.981499 -0.981499 -1.161928 -1.161928 0.307872 0.247874 3.218880 0.954170
-1.001663 -1.001663 -1.232267 -1.232267 0.311467 0.259903 3.218880 0.955326
-0.997028 -0.997028 -1.627014 -1.627014 0.313895 0.268694 3.218880 0.950326
-1.022615 -1.022615 -1.401406 -1.401406 0.299042 0.244768 3.218880 0.943710
