-1.025214 -1.025214 -1.100190 -1.100190 0.298909 0.243489 3.140164 0.960906
-0.966630 -0.966630 -0.902720 -0.902720 0.309394 0.241982 3.206556 0.962326
-0.942166 -0.942166 -1.184590 -1.184590 0.314914 0.249711 3.138065 0.958569
-0.970065 -0.970065 -1.247808 -1.247808 0.316854 0.250240 3.218880 0.937848
-1.035012 -1.035012 -0.999425 -0.999425 0.295295 0.240008 3.129886 0.961066
-0.939981 -0.939981 -1.237157 -1.237157 0.331909 0.290580 3.218880 0.917914
-0.967960 -0.967960 -1.129265 -1.129265 0.306724 0.244999 3.085053 0.958718
-1.054491 -1.054491 -0.835656 -0.835656 0.292528 0.240035 3.218880 0.959998
-0.914597 -0.914597 -1.177615 -1.177615 0.321799 0.252983 3.218880 0.946056
-0.986016 -0.986016 -1.257196 -1.257196 0.328768 0.287946 3.218880 0.932070
-1.039027 -1.039027 -0.929810 -0.929810 0.294371 0.240036 3.172276 0.959258
-0.991145 -0.991145 -1.143461 -1.143461 0.314177 0.259130 3.218880 0.928860
-0.975794 -0.975794 -1.128189 -1.128189 0.300239 0.240060 3.218880 0.961495
-0.967144 -0.967144 -0.956530 -0.956530 0.333273 0.289212 3.218880 0.924328
-0.984058 -0.984058 -0.815958 -0.815958 0.327553 0.260900 3.102219 0.955214
-1.008220 -1.008220 -0.875469 -0.875469 0.305485 0.246398 3.136520 0.960957
-1.032996 -1.032996 -1.093488 -1.093488 0.302305 0.243671 3.218880 0.942247
-1.034879 -1.034879 -1.022533 -1.022533 0.299376 0.240038 3.196139 0.957974
-1.018864 -1.018864 -0.971598 -0.971598 0.307142 0.245741 3.067623 0.960083
-1.055428 -1.055428 -0.993806 -0.993806 0.297607 0.240000 3.096866 0.959884
-1.018415 -1.018415 -1.249139 -1.249139 0.306072 0.251504 3.218880 0.954340
-1.030650 -1.030650 -1.039119 -1.039119 0.306091 0.243605 3.218880 0.946471
-1.059605 -1.059605 -0.937278 -0.937278 0.289564 0.240000 3.057547 0.962853
-1.001907 -1.001907 -0.932959 -0.932959 0.314047 0.248688 3.218880 0.944685
-1.016954 -1.016954 -1.058028 -1.058028 0.298753 0.240498 3.127577 0.954157
-0.954807 -0.954807 -0.886513 -0.886513 0.315965 0.252262 3.062319 0.962142
-0.997229 -0.997229 -1.147836 -1.147836 0.314937 0.258774 3.218880 0.944721
-1.033533 -1.033533 -0.957102 -0.957102 0.298989 0.240739 3.141701 0.960660
-1.016025 -1.016025 -1.062860 -1.062860 0.332657 0.317086 3.218880 0.928323
-0.962142 -0.962142 -0.990863 -0.990863 0.328781 0.267816 3.218880 0.924661
-0.996222 -0.996222 -0.741448 -0.741448 0.313004 0.247766 3.169297 0.958345
-1.006995 -1.006995 -1.174017 -1.174017 0.308740 0.250558 3.088782 0.956853
-1.005958 -1.005958 -1.241868 -1.241868 0.299476 0.241803 3.099835 0.960655
-1.066345 -1.066345 -0.844005 -0.844005 0.294458 0.242644 3.083723 0.963019
-1.023157 -1.023157 -1.069576 -1.069576 0.287258 0.240000 3.217710 0.957982
-1.015770 -1.015770 -1.206218 -1.206218 0.293469 0.241380 3.088102 0.962782
-0.936765 -0.936765 -1.171940 -1.171940 0.305591 0.243876 3.088911 0.960124
-0.987910 -0.987910 -1.157422 -1.157422 0.301328 0.240000 3.218880 0.950395
-1.025057 -1.025057 -1.221166 -1.221166 0.295259 0.240000 3.218880 0.944585
-0.990181 -0.990181 -0.950442 -0.950442 0.316309 0.253457 3.053905 0.958851
-0.996799 -0.996799 -1.161498 -1.161498 0.297033 0.240000 3.123221 0.962979
-1.007958 -1.007958 -1.215876 -1.215876 0.311793 0.253729 3.218880 0.942843
-1.001411 -1.001411 -1.141092 -1.141092 0.311846 0.249476 3.218880 0.947125
-1.015847 -1.015847 -0.738670 -0.738670 0.329753 0.289936 3.218880 0.923624
-1.024474 -1.024474 -1.069721 -1.069721 0.321205 0.265788 3.218880 0.937936
-1.003291 -1.003291 -0.968895 -0.968895 0.301825 0.243537 3.068051 0.962651
-0.983589 -0.983589 -1.190883 -1.190883 0.328695 0.299886 3.218880 0.920155
-0.948959 -0.948959 -1.165884 -1.165884 0.332870 0.285605 3.218880 0.926941
-0.953144 -0.953144 -1.030666 -1.030666 0.319173 0.248019 3.218880 0.947217
-1.003183 -1.003183 -1.109605 -1.109605 0.313075 0.259324 3.218880 0.934395
-1.011151 -1.011151 -0.986188 -0.986188 0.303663 0.241804 3.191538 0.959245
-1.029797 -1.029797 -1.152056 -1.152056 0.300398 0.244908 3.218880 0.952339
-1.018867 -1.018867 -1.100077 -1.100077 0.302988 0.244246 3.218880 0.952537
-0.952121 -0.952121 -1.198420 -1.198420 0.324090 0.265508 3.218875 0.948620
-0.997825 -0.997825 -0.717448 -0.717448 0.322583 0.257040 3.218880 0.936832
-1.029294 -1.029294 -0.942479 -0.942479 0.319720 0.263081 3.218880 0.931911
