-0.980430 -0.980430 -1.043122 -1.043122 0.300931 0.242845 3.101849 0.963020
-0.970980 -0.970980 -1.009726 -1.009726 0.313657 0.249560 3.145379 0.958944
-0.981046 -0.981046 -1.128349 -1.128349 0.332611 0.278219 3.218880 0.928064
-1.015564 -1.015564 -0.944464 -0.944464 0.301745 0.240000 3.218880 0.946682
-0.971882 -0.971882 -1.210944 -1.210944 0.313729 0.251108 3.218880 0.951242
-1.006501 -1.006501 -1.224182 -1.224182 0.308570 0.250026 3.218880 0.953046
-0.959921 -0.959921 -1.255275 -1.255275 0.318852 0.253429 3.218880 0.948238
-1.054721 -1.054721 -1.170666 -1.170666 0.324122 0.329455 3.218880 0.930481
-0.952139 -0.952139 -1.035303 -1.035303 0.304234 0.240353 3.209030 0.961506
-1.042465 -1.042465 -1.299030 -1.299030 0.319912 0.310930 3.218880 0.940355
-0.979190 -0.979190 -0.797078 -0.797078 0.316249 0.252434 3.070233 0.958622
-1.000862 -1.000862 -1.175586 -1.175586 0.303584 0.246361 3.068791 0.961230
-0.999030 -0.999030 -1.183819 -1.183819 0.329535 0.315146 3.218880 0.929066
-1.049896 -1.049896 -0.861324 -0.861324 0.293459 0.240000 3.153957 0.961028
-1.001486 -1.001486 -0.783326 -0.783326 0.327829 0.266113 3.218880 0.944325
-1.033918 -1.033918 -1.039321 -1.039321 0.306661 0.247751 3.218880 0.936860
-0.984285 -0.984285 -1.160483 -1.160483 0.301980 0.240000 3.215764 0.957238
-1.065723 -1.065723 -1.023767 -1.023767 0.311779 0.306113 3.218880 0.931483
-0.969506 -0.969506 -1.245439 -1.245439 0.306544 0.246015 3.218719 0.957777
-1.024188 -1.024188 -0.711218 -0.711218 0.305494 0.240000 3.218880 0.938357
-1.032514 -1.032514 -1.117981 -1.117981 0.293849 0.240000 3.133768 0.961534
-0.968879 -0.968879 -1.182517 -1.182517 0.298998 0.240000 3.178337 0.956991
-1.045643 -1.045643 -1.144720 -1.144720 0.304484 0.246205 3.218880 0.938722
-0.946866 -0.946866 -1.066704 -1.066704 0.311922 0.247667 3.148190 0.960761
-1.063304 -1.063304 -1.209116 -1.209116 0.312667 0.289133 3.218880 0.938233
-0.983500 -0.983500 -0.865519 -0.865519 0.310528 0.244982 3.180403 0.958782
-1.059558 -1.059558 -0.879181 -0.879181 0.296769 0.242025 3.156764 0.966707
-1.029396 -1.029396 -1.035649 -1.035649 0.310737 0.250715 3.218880 0.949765
-1.009311 -1.009311 -0.853821 -0.853821 0.313150 0.250148 3.218880 0.931130
-0.967609 -0.967609 -1.119740 -1.119740 0.305026 0.244426 3.217230 0.950522
-0.942002 -0.942002 -1.269096 -1.269096 0.329513 0.275573 3.218880 0.930074
-0.985080 -0.985080 -0.941778 -0.941778 0.309954 0.246621 3.218880 0.953574
-0.965373 -0.965373 -1.064423 -1.064423 0.308258 0.244768 3.179494 0.959808
-1.011917 -1.011917 -1.022765 -1.022765 0.311379 0.254037 3.218880 0.934089
-0.981752 -0.981752 -1.285396 -1.285396 0.324433 0.267030 3.218880 0.939088
-1.004361 -1.004361 -1.279922 -1.279922 0.318126 0.300146 3.218880 0.928681
-1.005552 -1.005552 -1.215163 -1.215163 0.296954 0.240913 3.155346 0.961266
-1.031327 -1.031327 -0.711267 -0.711267 0.325838 0.271612 3.218880 0.930993
-0.967942 -0.967942 -1.216830 -1.216830 0.336812 0.321339 3.218880 0.928511
-1.030879 -1.030879 -1.086178 -1.086178 0.301318 0.245704 3.218880 0.957583
-0.955774 -0.955774 -0.767306 -0.767306 0.331879 0.277213 3.218880 0.920468
-0.903199 -0.903199 -1.154662 -1.154662 0.341075 0.286000 3.218880 0.918229
-1.013793 -1.013793 -1.229055 -1.229055 0.307856 0.254732 3.065812 0.957087
-1.021662 -1.021662 -1.206837 -1.206837 0.320078 0.268519 3.096371 0.963253
-0.989138 -0.989138 -1.172246 -1.172246 0.306862 0.246113 3.218880 0.951774
-1.013878 -1.013878 -1.162448 -1.162448 0.303395 0.244866 3.218880 0.955484
-1.076081 -1.076081 -0.731529 -0.731529 0.297309 0.243035 3.061102 0.964317
-1.039939 -1.039939 -0.989582 -0.989582 0.310036 0.289296 3.218880 0.934805
-1.007131 -1.007131 -1.209113 -1.209113 0.299332 0.240019 3.179087 0.961809
-0.983518 -0.983518 -1.213133 -1.213133 0.306417 0.246249 3.154359 0.961753
-0.992429 -0.992429 -1.246660 -1.246660 0.325993 0.301232 3.218880 0.928940
-0.992672 -0.992672 -1.212136 -1.212136 0.300152 0.241739 3.194201 0.959703
-0.915691 -0.915691 -0.974367 -0.974367 0.344645 0.288278 3.218880 0.918882
-0.949287 -0.949287 -0.929437 -0.929437 0.327221 0.261822 3.042763 0.958160
-0.943976 -0.943976 -1.284121 -1.284121 0.329359 0.290891 3.218878 0.927358
-1.038243 -1.038243 -0.959162 -0.959162 0.322762 0.280091 3.218880 0.925147
