-1.015251 -1.015251 -1.348269 -1.348269 0.301928 0.240000 3.218880 0.942785
-1.007539 -1.007539 -1.309087 -1.309087 0.295939 0.240000 3.218880 0.947475
-1.020872 -1.020872 -1.023559 -1.023559 0.307434 0.244454 3.218880 0.942794
-1.041588 -1.041588 -1.232415 -1.232415 0.299433 0.240000 3.218880 0.945090
-0.991532 -0.991532 -1.422198 -1.422198 0.316366 0.281949 3.218880 0.953731
-1.021355 -1.021355 -1.381943 -1.381943 0.319950 0.281782 3.218880 0.940461
-1.005796 -1.005796 -1.570982 -1.570982 0.312629 0.255237 3.218880 0.943021
-1.023078 -1.023078 -1.257866 -1.257866 0.316957 0.273728 3.204081 0.936666
-1.014316 -1.014316 -1.456870 -1.456870 0.310940 0.285266 3.214781 0.946580
-1.006657 -1.006657 -1.352813 -1.352813 0.299457 0.240000 3.218880 0.946902
-1.043644 -1.043644 -1.209541 -1.209541 0.304854 0.243135 3.218880 0.937966
-1.018988 -1.018988 -1.215746 -1.215746 0.318841 0.286771 3.218616 0.953507
-1.009346 -1.009346 -1.669268 -1.669268 0.303103 0.244956 3.218880 0.944262
-1.024307 -1.024307 -1.063527 -1.063527 0.299801 0.240000 3.218880 0.947093
-1.013996 -1.013996 -1.099688 -1.099688 0.303638 0.240000 3.218880 0.943634
-1.030463 -1.030463 -0.931445 -0.931445 0.303718 0.240000 3.218880 0.948197
-1.009562 -1.009562 -1.311429 -1.311429 0.297457 0.240000 3.218880 0.944449
-0.981127 -0.981127 -1.026910 -1.026910 0.301019 0.240000 3.218880 0.957449
-1.025380 -1.025380 -1.093063 -1.093063 0.301848 0.240000 3.218880 0.945355
-1.026034 -1.026034 -1.461106 -1.461106 0.312025 0.274972 3.218437 0.949822
-1.007969 -1.007969 -1.051915 -1.051915 0.306376 0.243098 3.218880 0.941055
-1.002359 -1.002359 -1.080483 -1.080483 0.298911 0.240000 3.218880 0.948034
-1.029071 -1.029071 -1.210534 -1.210534 0.300804 0.240014 3.218880 0.945438
-1.079352 -1.079352 -1.363901 -1.363901 0.320538 0.312774 3.192762 0.954890
-0.997460 -0.997460 -1.142833 -1.142833 0.302495 0.240138 3.218880 0.945958
-0.996310 -0.996310 -0.982162 -0.982162 0.301892 0.240138 3.218880 0.957905
-0.998439 -0.998439 -1.157709 -1.157709 0.295488 0.240000 3.218880 0.952812
-1.038369 -1.038369 -1.240407 -1.240407 0.301057 0.243306 3.218880 0.947575
-1.050794 -1.050794 -1.069483 -1.069483 0.309111 0.252700 3.218880 0.950324
-1.039605 -1.039605 -1.129237 -1.129237 0.301687 0.240000 3.218880 0.941178
-1.000740 -1.000740 -1.145263 -1.145263 0.302200 0.240000 3.218880 0.943540
-1.010816 -1.010816 -1.220695 -1.220695 0.302073 0.240000 3.218880 0.945676
-0.982552 -0.982552 -1.371291 -1.371291 0.306877 0.242225 3.218880 0.942106
-1.017468 -1.017468 -1.541082 -1.541082 0.310780 0.275135 3.218880 0.943801
-1.008303 -1.008303 -1.278145 -1.278145 0.299335 0.240000 3.218880 0.952124
-1.027799 -1.027799 -0.950566 -0.950566 0.306833 0.242690 3.218880 0.948793
-1.012288 -1.012288 -1.221860 -1.221860 0.300433 0.240000 3.218880 0.938395
-1.033397 -1.033397 -1.428141 -1.428141 0.319578 0.284960 3.218880 0.945031
-0.995004 -0.995004 -1.168351 -1.168351 0.300216 0.240000 3.218880 0.946174
-1.015755 -1.015755 -1.379916 -1.379916 0.299859 0.240000 3.218880 0.943965
-0.997513 -0.997513 -1.310467 -1.310467 0.307854 0.246462 3.218880 0.946842
-1.022005 -1.022005 -1.596772 -1.596772 0.305091 0.255747 3.218880 0.946397
-1.027022 -1.027022 -0.991976 -0.991976 0.300506 0.240000 3.218880 0.949790
-1.031124 -1.031124 -1.246535 -1.246535 0.302059 0.240004 3.218880 0.943633
-1.015304 -1.015304 -1.186308 -1.186308 0.304865 0.241232 3.218880 0.941556
-1.031484 -1.031484 -1.087394 -1.087394 0.305994 0.249973 3.218880 0.943793
-1.034021 -1.034021 -0.975266 -0.975266 0.304560 0.240998 3.218880 0.945134
-1.057554 -1.057554 -1.220706 -1.220706 0.313581 0.278978 3.210055 0.949605
-0.999328 -0.999328 -1.101850 -1.101850 0.299175 0.240000 3.218880 0.949725
-1.017727 -1.017727 -1.574026 -1.574026 0.311473 0.282719 3.217795 0.946223
-1.008523 -1.008523 -1.070027 -1.070027 0.302723 0.240000 3.218875 0.950388
-0.990706 -0.990706 -1.241888 -1.241888 0.301098 0.240000 3.218880 0.947851
-0.994790 -0.994790 -1.162583 -1.162583 0.299813 0.240000 3.218880 0.950694
-1.042641 -1.042641 -1.299456 -1.299456 0.315357 0.278926 3.218880 0.958161
-1.006979 -1.006979 -1.159425 -1.159425 0.299239 0.240000 3.218880 0.952471
-1.022294 -1.022294 -1.109298 -1.109298 0.320336 0.283735 3.210987 0.950898
-1.014682 -1.014682 -1.343230 -1.343230 0.298054 0.240000 3.218880 0.944400
-1.021308 -1.021308 -1.043347 -1.043347 0.300705 0.240025 3.218880 0.949827
-1.013254 -1.013254 -1.402323 -1.402323 0.308865 0.249607 3.218880 0.937411
-0.986103 -0.986103 -1.279651 -1.279651 0.302791 0.240058 3.218880 0.944812
-1.011675 -1.011675 -1.214126 -1.214126 0.317805 0.271465 3.218880 0.943901
-1.038782 -1.038782 -1.063670 -1.063670 0.305967 0.242192 3.218880 0.947933
-1.017048 -1.017048 -1.193153 -1.193153 0.302495 0.240000 3.218880 0.946417
-1.055328 -1.055328 -1.471373 -1.471373 0.314742 0.300937 3.218880 0.950213
-1.023503 -1.023503 -1.167976 -1.167976 0.296079 0.240000 3.218880 0.953184
-1.051757 -1.051757 -0.855108 -0.855108 0.300866 0.240000 3.218880 0.942633
-1.036148 -1.036148 -0.966577 -0.966577 0.296557 0.240032 3.218880 0.952302
-1.037888 -1.037888 -1.361633 -1.361633 0.296925 0.240000 3.218880 0.947793
-1.024187 -1.024187 -1.093077 -1.093077 0.300329 0.240000 3.218880 0.947742
-1.010648 -1.010648 -1.039219 -1.039219 0.300859 0.240425 3.218880 0.956060
-1.008273 -1.008273 -1.069565 -1.069565 0.301282 0.240000 3.218880 0.950827
-1.031998 -1.031998 -0.996118 -0.996118 0.298943 0.240000 3.218880 0.954042
-0.992494 -0.992494 -1.165265 -1.165265 0.301460 0.240000 3.218880 0.947936
-1.014163 -1.014163 -1.451057 -1.451057 0.300211 0.241359 3.218880 0.943856
-1.027964 -1.027964 -1.230427 -1.230427 0.309550 0.254343 3.218880 0.943763
-1.021870 -1.021870 -1.031109 -1.031109 0.300473 0.240000 3.218880 0.951197
-1.011935 -1.011935 -0.928692 -0.928692 0.296735 0.240000 3.218880 0.957936
-1.025929 -1.025929 -1.248301 -1.248301 0.297997 0.240000 3.218880 0.949581
-1.013917 -1.013917 -1.166447 -1.166447 0.298142 0.240000 3.218880 0.949684
-1.004283 -1.004283 -1.096819 -1.096819 0.301567 0.240000 3.218880 0.949940
-0.997827 -0.997827 -1.262468 -1.262468 0.299495 0.240000 3.218880 0.947247
-1.033323 -1.033323 -1.274885 -1.274885 0.304223 0.245177 3.218880 0.943059
-1.000384 -1.000384 -1.128393 -1.128393 0.298325 0.240000 3.218880 0.946114
-1.016298 -1.016298 -1.153136 -1.153136 0.303342 0.241071 3.218880 0.941211
-1.027518 -1.027518 -1.247101 -1.247101 0.297300 0.240000 3.218880 0.947582
-1.034697 -1.034697 -1.446840 -1.446840 0.316225 0.289905 3.218755 0.945560
-1.014134 -1.014134 -1.208902 -1.208902 0.301393 0.240903 3.218880 0.949891
-1.057489 -1.057489 -1.188550 -1.188550 0.298419 0.240000 3.218880 0.943437
-1.027676 -1.027676 -1.057074 -1.057074 0.297932 0.240000 3.218880 0.949878
-1.046269 -1.046269 -0.919827 -0.919827 0.300462 0.240029 3.218880 0.955042
-1.029575 -1.029575 -1.191985 -1.191985 0.301621 0.241550 3.218880 0.946411
