-0.966659 -0.966659 -1.141547 -1.141547 0.313152 0.252438 3.196268 0.955623
-0.933940 -0.933940 -1.175378 -1.175378 0.309880 0.243808 3.218880 0.951337
-0.980716 -0.980716 -1.204284 -1.204284 0.296705 0.240000 3.173480 0.963229
-0.954925 -0.954925 -1.244081 -1.244081 0.316524 0.260342 3.077468 0.952612
-0.998131 -0.998131 -1.170318 -1.170318 0.322691 0.289424 3.218880 0.939859
-0.984050 -0.984050 -1.160855 -1.160855 0.308724 0.249529 3.085507 0.959342
-1.060726 -1.060726 -1.051574 -1.051574 0.294656 0.240000 3.124992 0.956914
-1.012682 -1.012682 -1.067453 -1.067453 0.294741 0.240419 3.102502 0.960059
-1.001227 -1.001227 -0.820459 -0.820459 0.308620 0.248709 3.115528 0.961333
-0.949215 -0.949215 -1.168704 -1.168704 0.320934 0.252547 3.218880 0.935851
-0.974688 -0.974688 -1.277028 -1.277028 0.296790 0.240000 3.127590 0.962875
-0.978713 -0.978713 -1.099963 -1.099963 0.316767 0.264739 3.218880 0.930201
-0.944664 -0.944664 -0.975218 -0.975218 0.314132 0.246434 3.208432 0.955047
-0.987380 -0.987380 -1.083931 -1.083931 0.305378 0.248229 3.101015 0.953306
-0.992878 -0.992878 -0.893459 -0.893459 0.300786 0.240082 3.198926 0.961144
-1.011776 -1.011776 -1.137933 -1.137933 0.307025 0.255517 3.135974 0.961376
-0.959127 -0.959127 -1.143938 -1.143938 0.340464 0.317122 3.218880 0.917208
-0.968640 -0.968640 -1.282125 -1.282125 0.300540 0.240000 3.218880 0.949259
-0.957095 -0.957095 -1.125372 -1.125372 0.318629 0.251618 3.113482 0.952339
-0.916288 -0.916288 -1.173554 -1.173554 0.322993 0.256968 3.218880 0.933216
-0.985936 -0.985936 -1.244807 -1.244807 0.326215 0.275816 3.218880 0.935168
-0.995100 -0.995100 -1.067045 -1.067045 0.295676 0.240014 3.054434 0.966066
-0.962957 -0.962957 -0.976954 -0.976954 0.309215 0.243292 3.218880 0.945264
-0.972080 -0.972080 -1.212646 -1.212646 0.318908 0.260749 3.218880 0.936477
-1.028501 -1.028501 -0.824426 -0.824426 0.304392 0.248210 3.151167 0.962645
-1.008270 -1.008270 -1.261654 -1.261654 0.291916 0.240131 3.119019 0.961486
-1.031346 -1.031346 -1.238539 -1.238539 0.315457 0.314599 3.218880 0.941010
-0.917452 -0.917452 -1.246024 -1.246024 0.329368 0.265803 3.218880 0.935768
-1.007741 -1.007741 -0.949109 -0.949109 0.337473 0.317728 3.218880 0.927329
-1.029029 -1.029029 -1.106623 -1.106623 0.294875 0.240270 3.149347 0.965215
-0.951889 -0.951889 -1.050519 -1.050519 0.334703 0.275291 3.218880 0.931746
-0.969213 -0.969213 -1.129669 -1.129669 0.313796 0.249125 3.190138 0.947824
-1.061736 -1.061736 -0.991728 -0.991728 0.315066 0.277789 3.218880 0.930639
-0.984291 -0.984291 -1.183578 -1.183578 0.303819 0.241379 3.144325 0.958241
-1.006371 -1.006371 -1.112330 -1.112330 0.304104 0.243351 3.212161 0.954993
-1.005857 -1.005857 -1.237509 -1.237509 0.318503 0.282253 3.218880 0.934378
-1.001916 -1.001916 -0.994889 -0.994889 0.310224 0.246527 3.200638 0.956372
-1.051763 -1.051763 -0.847099 -0.847099 0.320385 0.296119 3.218880 0.929932
-1.056300 -1.056300 -0.999762 -0.999762 0.307530 0.266070 3.218880 0.932387
-0.967406 -0.967406 -1.271695 -1.271695 0.301166 0.243100 3.171815 0.959161
-0.936704 -0.936704 -0.938531 -0.938531 0.319527 0.247556 3.218880 0.948893
-1.028737 -1.028737 -0.900093 -0.900093 0.325271 0.285261 3.218880 0.930650
-0.989693 -0.989693 -1.276981 -1.276981 0.310605 0.248812 3.218880 0.947088
-1.024914 -1.024914 -0.926474 -0.926474 0.309227 0.241760 3.218880 0.951910
-1.006843 -1.006843 -0.751080 -0.751080 0.334317 0.284144 3.218880 0.923239
-0.981578 -0.981578 -1.235001 -1.235001 0.321971 0.272101 3.218880 0.941568
-0.939405 -0.939405 -1.293249 -1.293249 0.308376 0.243032 3.177261 0.954410
-1.012356 -1.012356 -1.202193 -1.202193 0.302607 0.240257 3.188104 0.958413
-1.008572 -1.008572 -1.112880 -1.112880 0.295971 0.240757 3.073365 0.962875
-1.014173 -1.014173 -0.977280 -0.977280 0.308487 0.251897 3.056253 0.962923
-0.912094 -0.912094 -1.170660 -1.170660 0.352490 0.295024 3.218880 0.924716
-1.030538 -1.030538 -0.712153 -0.712153 0.311259 0.245806 3.218880 0.950553
-0.955367 -0.955367 -1.229838 -1.229838 0.322056 0.266493 3.218880 0.931737
-1.021580 -1.021580 -1.077328 -1.077328 0.332679 0.291869 3.218880 0.931511
-0.956202 -0.956202 -1.273560 -1.273560 0.336953 0.315349 3.218880 0.926079
-1.005227 -1.005227 -0.940171 -0.940171 0.321359 0.294904 3.218880 0.928995
