-1.021018 -1.021018 -1.039318 -1.039318 0.304653 0.249160 3.218880 0.951695
-1.054549 -1.054549 -0.973526 -0.973526 0.300260 0.240000 3.218880 0.944738
-1.041357 -1.041357 -1.521164 -1.521164 0.309565 0.261397 3.218880 0.938202
-1.024327 -1.024327 -1.214007 -1.214007 0.299379 0.243971 3.218880 0.946690
-1.028215 -1.028215 -1.046898 -1.046898 0.306771 0.245379 3.218880 0.946330
-1.015054 -1.015054 -1.252134 -1.252134 0.301365 0.243285 3.218880 0.947072
-1.009371 -1.009371 -1.232707 -1.232707 0.301877 0.243036 3.218880 0.950834
-1.005638 -1.005638 -1.563990 -1.563990 0.306598 0.259044 3.207832 0.944756
-1.033897 -1.033897 -1.360022 -1.360022 0.318622 0.288215 3.199474 0.949285
-1.036929 -1.036929 -1.054575 -1.054575 0.299763 0.244130 3.218880 0.950712
-1.001812 -1.001812 -1.347486 -1.347486 0.298898 0.240027 3.218880 0.953064
-1.044086 -1.044086 -1.219772 -1.219772 0.302434 0.253491 3.218880 0.952579
-1.033784 -1.033784 -1.358089 -1.358089 0.317989 0.290441 3.207737 0.949045
-1.046895 -1.046895 -0.966742 -0.966742 0.305903 0.245724 3.218880 0.949101
-1.022123 -1.022123 -0.881276 -0.881276 0.301719 0.240908 3.218880 0.952149
-1.020258 -1.020258 -1.398273 -1.398273 0.311750 0.268265 3.218880 0.947802
-1.022538 -1.022538 -1.050504 -1.050504 0.310374 0.249903 3.218880 0.941768
-1.012645 -1.012645 -1.046096 -1.046096 0.308778 0.246877 3.218880 0.949106
-1.025062 -1.025062 -1.476160 -1.476160 0.310044 0.262697 3.218880 0.947052
-1.037007 -1.037007 -1.039691 -1.039691 0.307446 0.248102 3.218880 0.949523
-1.002913 -1.002913 -1.285288 -1.285288 0.301889 0.244031 3.218880 0.950121
-1.015672 -1.015672 -1.154374 -1.154374 0.299970 0.240000 3.218880 0.945928
-0.989450 -0.989450 -1.133357 -1.133357 0.300133 0.240046 3.218880 0.958051
-1.032809 -1.032809 -1.439153 -1.439153 0.319046 0.288190 3.218880 0.947179
-1.048038 -1.048038 -1.089346 -1.089346 0.302648 0.247430 3.218880 0.949204
-1.025095 -1.025095 -1.341378 -1.341378 0.304826 0.243272 3.218880 0.942131
-1.027321 -1.027321 -1.106833 -1.106833 0.306501 0.246313 3.218880 0.944608
-1.021310 -1.021310 -0.822131 -0.822131 0.306654 0.249204 3.218880 0.950722
-1.009796 -1.009796 -1.304245 -1.304245 0.313603 0.253288 3.218880 0.946875
-1.006494 -1.006494 -1.127424 -1.127424 0.309398 0.248952 3.218880 0.945248
-1.013225 -1.013225 -1.170476 -1.170476 0.304594 0.245125 3.218880 0.947997
-1.032941 -1.032941 -1.240141 -1.240141 0.311974 0.265582 3.218880 0.941371
-0.990983 -0.990983 -1.167291 -1.167291 0.302430 0.242310 3.218880 0.951609
-1.027825 -1.027825 -1.058364 -1.058364 0.309670 0.248287 3.218880 0.944928
-1.016012 -1.016012 -1.275431 -1.275431 0.303267 0.247713 3.218880 0.955637
-1.015403 -1.015403 -1.172348 -1.172348 0.309364 0.251060 3.218880 0.942464
-1.039261 -1.039261 -1.403996 -1.403996 0.305386 0.258571 3.218880 0.951237
-1.021581 -1.021581 -1.382890 -1.382890 0.313288 0.266532 3.218817 0.943111
-1.016171 -1.016171 -0.997387 -0.997387 0.305541 0.241263 3.218880 0.947030
-1.020606 -1.020606 -1.267972 -1.267972 0.310676 0.260846 3.218880 0.950734
-1.036558 -1.036558 -1.553452 -1.553452 0.314798 0.267328 3.218880 0.940144
-1.031092 -1.031092 -1.621499 -1.621499 0.309424 0.270414 3.218880 0.947552
-1.031529 -1.031529 -1.077997 -1.077997 0.301541 0.241630 3.218880 0.947820
-1.007064 -1.007064 -1.550950 -1.550950 0.302943 0.247824 3.218880 0.951153
-1.009262 -1.009262 -0.897339 -0.897339 0.305875 0.246068 3.218880 0.950324
-1.023938 -1.023938 -1.119624 -1.119624 0.303429 0.246309 3.218880 0.946476
-1.037423 -1.037423 -1.287353 -1.287353 0.303569 0.245047 3.218880 0.946863
-1.010893 -1.010893 -1.425264 -1.425264 0.305003 0.250697 3.218880 0.955175
-1.006699 -1.006699 -1.195695 -1.195695 0.303285 0.244347 3.218880 0.947767
-1.059811 -1.059811 -0.997136 -0.997136 0.307303 0.248839 3.218880 0.945327
-1.027637 -1.027637 -1.249803 -1.249803 0.302221 0.245273 3.218880 0.948847
-1.014935 -1.014935 -1.197620 -1.197620 0.308323 0.259425 3.213827 0.947827
-1.032709 -1.032709 -1.017293 -1.017293 0.306401 0.244031 3.218880 0.942541
-1.010510 -1.010510 -1.285462 -1.285462 0.303856 0.247563 3.218880 0.945830
-1.003746 -1.003746 -1.003531 -1.003531 0.305081 0.241441 3.218880 0.952320
-1.014249 -1.014249 -1.427000 -1.427000 0.311922 0.258185 3.218880 0.944788
