-1.001543 -1.001543 -1.027894 -1.027894 0.302356 0.240370 3.218880 0.950641
-0.995685 -0.995685 -1.226435 -1.226435 0.306408 0.246148 3.218880 0.944106
-1.020883 -1.020883 -0.953503 -0.953503 0.301736 0.240424 3.218880 0.952195
-1.001669 -1.001669 -1.238400 -1.238400 0.311993 0.258655 3.218880 0.953842
-1.024729 -1.024729 -1.491163 -1.491163 0.317849 0.287620 3.181306 0.948713
-1.036920 -1.036920 -1.065519 -1.065519 0.317382 0.265457 3.218880 0.945682
-1.035800 -1.035800 -1.025384 -1.025384 0.303900 0.246845 3.218880 0.949727
-1.019840 -1.019840 -1.139198 -1.139198 0.308912 0.249119 3.218880 0.951566
-1.000808 -1.000808 -1.429732 -1.429732 0.303686 0.245938 3.218880 0.952143
-1.016218 -1.016218 -1.335934 -1.335934 0.310605 0.264160 3.218880 0.950347
-1.024110 -1.024110 -1.130801 -1.130801 0.304817 0.245998 3.218880 0.949516
-1.031275 -1.031275 -1.365630 -1.365630 0.312446 0.273016 3.218880 0.947465
-1.001428 -1.001428 -1.042570 -1.042570 0.297971 0.240000 3.218880 0.960517
-1.034943 -1.034943 -1.083425 -1.083425 0.301415 0.243196 3.218880 0.950982
-1.029365 -1.029365 -1.157943 -1.157943 0.308085 0.251987 3.218880 0.951460
-0.995106 -0.995106 -0.981906 -0.981906 0.304691 0.245868 3.218880 0.948899
-1.037129 -1.037129 -1.639657 -1.639657 0.313331 0.288870 3.197341 0.945077
-1.040018 -1.040018 -1.191239 -1.191239 0.320482 0.292299 3.206932 0.948034
-1.032240 -1.032240 -1.028935 -1.028935 0.306692 0.246908 3.218880 0.948065
-1.026309 -1.026309 -1.202814 -1.202814 0.303643 0.248871 3.218880 0.948552
-1.025147 -1.025147 -1.208924 -1.208924 0.314185 0.262087 3.218880 0.950747
-1.047585 -1.047585 -1.102416 -1.102416 0.302056 0.244620 3.218880 0.951377
-1.035942 -1.035942 -1.198114 -1.198114 0.308122 0.260744 3.218880 0.949858
-1.023544 -1.023544 -1.177379 -1.177379 0.314895 0.265701 3.218880 0.947583
-1.050948 -1.050948 -1.501777 -1.501777 0.313011 0.275110 3.218880 0.951040
-1.015566 -1.015566 -1.401679 -1.401679 0.302686 0.245470 3.218880 0.947093
-1.016870 -1.016870 -1.340333 -1.340333 0.310923 0.252805 3.218880 0.946030
-0.992625 -0.992625 -1.188967 -1.188967 0.306414 0.246544 3.218880 0.949403
-0.993155 -0.993155 -1.144944 -1.144944 0.304657 0.243636 3.218880 0.950908
-1.026607 -1.026607 -1.366633 -1.366633 0.305548 0.250195 3.218880 0.946768
-1.048308 -1.048308 -1.621619 -1.621619 0.296181 0.241754 3.218880 0.939909
-1.058286 -1.058286 -1.344601 -1.344601 0.306123 0.256325 3.218880 0.943541
-1.014310 -1.014310 -1.042100 -1.042100 0.306730 0.248054 3.218880 0.949413
-1.022900 -1.022900 -1.237906 -1.237906 0.314565 0.279107 3.218880 0.953067
-1.014431 -1.014431 -1.308813 -1.308813 0.304613 0.247067 3.218880 0.953587
-1.021777 -1.021777 -1.115733 -1.115733 0.304637 0.245288 3.218880 0.951284
-1.036530 -1.036530 -1.192785 -1.192785 0.301013 0.246207 3.218880 0.952977
-1.038009 -1.038009 -1.384950 -1.384950 0.298351 0.243512 3.218880 0.941541
-1.001292 -1.001292 -1.174707 -1.174707 0.304122 0.244594 3.218880 0.947230
-1.030778 -1.030778 -1.302003 -1.302003 0.306764 0.250043 3.218880 0.947080
-1.000821 -1.000821 -1.128850 -1.128850 0.304256 0.246509 3.218880 0.952273
-1.027750 -1.027750 -1.030562 -1.030562 0.302026 0.240473 3.218880 0.949976
-1.023914 -1.023914 -1.340002 -1.340002 0.308039 0.247719 3.218880 0.946477
-1.029965 -1.029965 -1.169602 -1.169602 0.303249 0.244648 3.218880 0.946651
-1.011844 -1.011844 -1.625667 -1.625667 0.312977 0.277699 3.178370 0.943153
-1.028350 -1.028350 -1.582731 -1.582731 0.307404 0.264012 3.218880 0.945724
-1.008875 -1.008875 -0.996152 -0.996152 0.302914 0.244303 3.218880 0.955497
-0.998240 -0.998240 -1.272591 -1.272591 0.299204 0.240000 3.218880 0.947444
-0.998091 -0.998091 -1.136628 -1.136628 0.298584 0.240000 3.218880 0.954824
-0.995659 -0.995659 -1.463327 -1.463327 0.306539 0.249551 3.218880 0.947260
-1.034825 -1.034825 -1.211368 -1.211368 0.306429 0.250787 3.218880 0.952589
-1.002503 -1.002503 -1.040866 -1.040866 0.301664 0.240000 3.218880 0.955235
-1.014965 -1.014965 -0.948057 -0.948057 0.307701 0.246983 3.218880 0.952362
-1.023929 -1.023929 -1.040221 -1.040221 0.305471 0.248559 3.218880 0.957231
-1.012246 -1.012246 -1.437737 -1.437737 0.309322 0.262954 3.218880 0.946624
-1.015572 -1.015572 -1.327151 -1.327151 0.308963 0.262167 3.218880 0.951780
