-1.018211 -1.018211 -1.114740 -1.114740 0.294844 0.240000 3.147574 0.960486
-1.016793 -1.016793 -1.089873 -1.089873 0.299117 0.240000 3.218880 0.954567
-0.974121 -0.974121 -1.076920 -1.076920 0.318318 0.265446 3.218880 0.926985
-0.968717 -0.968717 -1.266496 -1.266496 0.306565 0.243894 3.218880 0.957147
-0.992453 -0.992453 -0.881700 -0.881700 0.309507 0.254062 3.035412 0.964800
-1.007859 -1.007859 -0.932951 -0.932951 0.299492 0.240000 3.218880 0.957686
-0.956391 -0.956391 -1.290770 -1.290770 0.332080 0.314402 3.218880 0.927838
-0.951909 -0.951909 -1.221838 -1.221838 0.322015 0.252660 3.218880 0.935780
-0.964503 -0.964503 -1.156502 -1.156502 0.334218 0.299956 3.218880 0.922731
-1.027653 -1.027653 -1.156071 -1.156071 0.311443 0.267077 3.218880 0.939953
-1.055811 -1.055811 -0.966092 -0.966092 0.312008 0.260662 3.218880 0.938374
-0.967093 -0.967093 -0.981241 -0.981241 0.304382 0.241804 3.218880 0.946519
-0.985283 -0.985283 -1.299364 -1.299364 0.324107 0.285285 3.218880 0.928884
-1.038798 -1.038798 -0.747769 -0.747769 0.301096 0.244162 3.077846 0.961941
-1.095179 -1.095179 -0.744890 -0.744890 0.291566 0.240000 3.212598 0.961012
-0.971866 -0.971866 -0.931230 -0.931230 0.319776 0.254701 3.122271 0.958139
-0.941623 -0.941623 -0.971795 -0.971795 0.333577 0.280290 3.218880 0.931020
-1.007738 -1.007738 -0.994980 -0.994980 0.324593 0.296711 3.218880 0.922236
-0.984324 -0.984324 -0.868728 -0.868728 0.304160 0.241196 3.185302 0.958047
-1.016757 -1.016757 -1.236730 -1.236730 0.292935 0.240020 3.075152 0.962842
-1.047948 -1.047948 -0.722442 -0.722442 0.291983 0.240000 3.114337 0.965034
-1.024264 -1.024264 -1.024045 -1.024045 0.303113 0.245797 3.070791 0.962169
-1.020305 -1.020305 -0.958042 -0.958042 0.299420 0.243641 3.072063 0.962628
-1.036469 -1.036469 -1.183518 -1.183518 0.294341 0.240027 3.205940 0.959424
-0.975321 -0.975321 -1.211447 -1.211447 0.308860 0.246408 3.218880 0.941258
-0.934849 -0.934849 -1.063005 -1.063005 0.316700 0.257117 3.090742 0.959166
-0.985914 -0.985914 -0.983466 -0.983466 0.300804 0.243227 3.066955 0.964044
-1.027237 -1.027237 -1.040779 -1.040779 0.308060 0.249572 3.096131 0.960729
-0.987272 -0.987272 -1.279251 -1.279251 0.309999 0.257041 3.108818 0.957995
-0.984885 -0.984885 -1.296442 -1.296442 0.321098 0.268475 3.218880 0.945339
-0.990078 -0.990078 -1.285213 -1.285213 0.309123 0.251214 3.169237 0.956577
-0.912606 -0.912606 -1.182364 -1.182364 0.319343 0.251317 3.180486 0.955234
-0.964270 -0.964270 -1.194692 -1.194692 0.320169 0.265133 3.168697 0.954727
-1.023173 -1.023173 -0.899790 -0.899790 0.297224 0.240013 3.118288 0.962267
-1.019065 -1.019065 -1.256254 -1.256254 0.309357 0.251218 3.168129 0.957598
-1.032087 -1.032087 -1.142218 -1.142218 0.323189 0.311430 3.218880 0.937035
-1.017512 -1.017512 -1.236060 -1.236060 0.301414 0.243642 3.218880 0.948070
-0.983890 -0.983890 -1.263224 -1.263224 0.317433 0.260720 3.040812 0.963819
-0.985082 -0.985082 -1.103344 -1.103344 0.318096 0.258653 3.218880 0.940870
-1.019798 -1.019798 -1.049801 -1.049801 0.305129 0.245698 3.218880 0.947684
-1.051122 -1.051122 -1.080672 -1.080672 0.296129 0.240035 3.152800 0.960186
-0.962341 -0.962341 -0.952344 -0.952344 0.317848 0.249304 3.218880 0.940947
-0.969867 -0.969867 -1.125498 -1.125498 0.322730 0.262952 3.218880 0.938837
-0.952928 -0.952928 -1.149874 -1.149874 0.322154 0.269879 3.218880 0.925369
-1.023791 -1.023791 -1.228678 -1.228678 0.305741 0.249225 3.071332 0.959874
-1.031558 -1.031558 -0.868352 -0.868352 0.301664 0.240000 3.218880 0.955354
-1.021895 -1.021895 -0.940963 -0.940963 0.326274 0.288837 3.218880 0.929337
-0.995374 -0.995374 -1.163161 -1.163161 0.329577 0.292116 3.218880 0.928591
-0.993612 -0.993612 -0.831530 -0.831530 0.313590 0.247325 3.218880 0.945735
-0.950208 -0.950208 -1.205659 -1.205659 0.325100 0.262660 3.218880 0.935900
-1.025073 -1.025073 -0.716873 -0.716873 0.305327 0.242178 3.166704 0.959225
-0.964931 -0.964931 -1.291583 -1.291583 0.299288 0.241689 3.167671 0.963813
-0.958707 -0.958707 -1.101520 -1.101520 0.309197 0.251868 3.031257 0.959383
-0.925971 -0.925971 -0.997248 -0.997248 0.320206 0.251244 3.218880 0.954197
-1.002241 -1.002241 -1.297481 -1.297481 0.293806 0.240000 3.218880 0.956683
-1.012533 -1.012533 -0.774514 -0.774514 0.301278 0.240003 3.180273 0.960654
