-1.001990 -1.001990 -1.089295 -1.089295 0.300622 0.243361 3.218880 0.952826
-1.036220 -1.036220 -0.943703 -0.943703 0.299238 0.240000 3.218880 0.958691
-1.030835 -1.030835 -1.033829 -1.033829 0.311213 0.253982 3.218880 0.946466
-0.991465 -0.991465 -1.656837 -1.656837 0.306445 0.248386 3.218880 0.944110
-1.017947 -1.017947 -1.604389 -1.604389 0.318414 0.269181 3.218880 0.949652
-1.018150 -1.018150 -1.212746 -1.212746 0.304777 0.246343 3.218880 0.952474
-1.041755 -1.041755 -1.119545 -1.119545 0.301649 0.247682 3.218880 0.948832
-1.032021 -1.032021 -1.082449 -1.082449 0.305781 0.248985 3.218880 0.954113
-1.012097 -1.012097 -1.133745 -1.133745 0.307616 0.248345 3.218880 0.952205
-1.011407 -1.011407 -1.231035 -1.231035 0.302066 0.244102 3.218880 0.944616
-0.997674 -0.997674 -1.071360 -1.071360 0.302565 0.242401 3.218880 0.957159
-1.052976 -1.052976 -1.548554 -1.548554 0.300708 0.247028 3.218880 0.943815
-1.014790 -1.014790 -1.264849 -1.264849 0.307455 0.247063 3.218880 0.949465
-1.018667 -1.018667 -1.117234 -1.117234 0.307780 0.246683 3.218880 0.946136
-1.025069 -1.025069 -1.318267 -1.318267 0.311602 0.264502 3.218880 0.946076
-1.025220 -1.025220 -1.144378 -1.144378 0.307890 0.247124 3.218880 0.951239
-1.022703 -1.022703 -1.234952 -1.234952 0.309704 0.252733 3.218880 0.940968
-1.033424 -1.033424 -0.933404 -0.933404 0.305249 0.243890 3.218880 0.947616
-1.037980 -1.037980 -1.226232 -1.226232 0.300912 0.240077 3.218880 0.944228
-1.008814 -1.008814 -1.243790 -1.243790 0.304034 0.242120 3.218880 0.954357
-1.012787 -1.012787 -1.027515 -1.027515 0.300514 0.240022 3.218880 0.955797
-0.997166 -0.997166 -1.044111 -1.044111 0.305384 0.243199 3.218880 0.946378
-1.043846 -1.043846 -1.021927 -1.021927 0.299677 0.240544 3.218880 0.950380
-1.030409 -1.030409 -0.995816 -0.995816 0.302139 0.240061 3.218880 0.951994
-1.008914 -1.008914 -0.898513 -0.898513 0.300184 0.240000 3.218880 0.954632
-1.034050 -1.034050 -1.438072 -1.438072 0.301419 0.244868 3.218880 0.942903
-1.028582 -1.028582 -1.263782 -1.263782 0.302441 0.245866 3.218880 0.950526
-1.028286 -1.028286 -1.374417 -1.374417 0.306868 0.258222 3.218880 0.948979
-1.015065 -1.015065 -0.953137 -0.953137 0.308981 0.245800 3.218880 0.947361
-1.012210 -1.012210 -1.340756 -1.340756 0.309466 0.249746 3.218880 0.941361
-1.028156 -1.028156 -1.090216 -1.090216 0.302088 0.247558 3.218880 0.951596
-1.008471 -1.008471 -0.973240 -0.973240 0.301757 0.240490 3.218880 0.957357
-0.992169 -0.992169 -1.146873 -1.146873 0.300102 0.240060 3.218880 0.959363
-1.002001 -1.002001 -1.169623 -1.169623 0.304434 0.245089 3.218880 0.951930
-1.033505 -1.033505 -1.283307 -1.283307 0.303959 0.252146 3.218880 0.946472
-1.024884 -1.024884 -1.039541 -1.039541 0.306277 0.248121 3.218880 0.951919
-1.033148 -1.033148 -0.872126 -0.872126 0.308247 0.248218 3.218880 0.949585
-1.018315 -1.018315 -1.157659 -1.157659 0.307405 0.244776 3.218880 0.942347
-1.006455 -1.006455 -1.195652 -1.195652 0.300918 0.240000 3.218880 0.948053
-1.028968 -1.028968 -1.340765 -1.340765 0.308467 0.255687 3.218880 0.951325
-1.026643 -1.026643 -0.962671 -0.962671 0.304622 0.247574 3.218880 0.950451
-1.027887 -1.027887 -1.175582 -1.175582 0.302649 0.243786 3.218880 0.944995
-1.005024 -1.005024 -1.128845 -1.128845 0.298696 0.243243 3.218880 0.956533
-1.002592 -1.002592 -1.146019 -1.146019 0.303779 0.242905 3.218880 0.945331
-1.039519 -1.039519 -0.964659 -0.964659 0.306078 0.243747 3.218880 0.941712
-1.027891 -1.027891 -1.030524 -1.030524 0.304805 0.245247 3.218880 0.953364
-1.006615 -1.006615 -1.331863 -1.331863 0.300172 0.244820 3.218880 0.950956
-1.037418 -1.037418 -1.339294 -1.339294 0.316892 0.266410 3.218880 0.953108
-1.043566 -1.043566 -0.935398 -0.935398 0.298773 0.240000 3.218880 0.959696
-1.019207 -1.019207 -1.159448 -1.159448 0.299152 0.240391 3.218880 0.953399
-1.038362 -1.038362 -1.255554 -1.255554 0.311765 0.255473 3.218880 0.948328
-1.027408 -1.027408 -1.327863 -1.327863 0.310772 0.263715 3.218880 0.946422
-1.015122 -1.015122 -1.036746 -1.036746 0.303478 0.244602 3.218880 0.955261
-0.997975 -0.997975 -1.153987 -1.153987 0.307198 0.247592 3.218880 0.945659
-1.010605 -1.010605 -1.045826 -1.045826 0.303604 0.249025 3.218880 0.945818
-1.026393 -1.026393 -1.201066 -1.201066 0.310362 0.250608 3.218880 0.947957
