-0.941673 -0.941673 -1.047046 -1.047046 0.317107 0.254332 3.085400 0.960100
-1.043440 -1.043440 -0.791466 -0.791466 0.308953 0.244747 3.218880 0.939423
-0.929663 -0.929663 -1.177619 -1.177619 0.322717 0.256492 3.218880 0.942250
-0.974967 -0.974967 -1.103979 -1.103979 0.306021 0.249631 3.060607 0.963256
-0.984407 -0.984407 -0.989126 -0.989126 0.299461 0.240614 3.218880 0.952668
-0.952797 -0.952797 -1.105262 -1.105262 0.319841 0.258625 3.218880 0.938086
-0.989369 -0.989369 -1.297646 -1.297646 0.326754 0.322421 3.218880 0.930834
-0.993154 -0.993154 -0.993717 -0.993717 0.320126 0.262313 3.218880 0.928928
-0.971268 -0.971268 -1.275214 -1.275214 0.313244 0.249766 3.218880 0.955610
-0.977112 -0.977112 -0.945667 -0.945667 0.309045 0.245845 3.218880 0.956510
-0.928611 -0.928611 -1.035803 -1.035803 0.332124 0.260101 3.218880 0.938234
-1.041877 -1.041877 -0.761315 -0.761315 0.308661 0.251719 3.084004 0.962741
-1.021974 -1.021974 -1.074798 -1.074798 0.304150 0.247918 3.072389 0.961628
-0.938835 -0.938835 -1.288901 -1.288901 0.306979 0.245052 3.180951 0.958151
-0.979054 -0.979054 -1.036266 -1.036266 0.309275 0.247758 3.067583 0.958649
-1.009410 -1.009410 -1.207497 -1.207497 0.330608 0.312308 3.218880 0.934271
-1.034769 -1.034769 -0.737104 -0.737104 0.322076 0.262955 3.218880 0.942683
-0.957676 -0.957676 -1.222269 -1.222269 0.331387 0.288849 3.218880 0.922676
-0.975638 -0.975638 -1.274029 -1.274029 0.307089 0.252793 3.157450 0.956568
-1.022517 -1.022517 -1.072420 -1.072420 0.322168 0.291160 3.218880 0.927114
-1.123572 -1.123572 -0.772688 -0.772688 0.289697 0.248538 3.218880 0.933015
-0.961346 -0.961346 -0.871000 -0.871000 0.328243 0.272111 3.218880 0.930700
-1.046747 -1.046747 -1.025880 -1.025880 0.301252 0.246561 3.218880 0.954641
-0.979668 -0.979668 -1.098672 -1.098672 0.314662 0.251332 3.218880 0.942985
-1.031738 -1.031738 -0.978440 -0.978440 0.292146 0.240000 3.131683 0.962355
-1.079605 -1.079605 -0.916255 -0.916255 0.288180 0.240000 3.073174 0.960853
-0.989547 -0.989547 -1.249530 -1.249530 0.305423 0.248771 3.218880 0.953979
-0.989602 -0.989602 -1.292513 -1.292513 0.301135 0.243981 3.197337 0.958534
-0.928468 -0.928468 -1.048542 -1.048542 0.350028 0.320054 3.218880 0.922496
-0.978712 -0.978712 -1.059894 -1.059894 0.297778 0.240606 3.126808 0.961524
-0.983345 -0.983345 -1.219588 -1.219588 0.330929 0.317262 3.218880 0.929851
-0.999479 -0.999479 -0.870291 -0.870291 0.317907 0.263652 3.218880 0.933473
-1.026174 -1.026174 -1.240305 -1.240305 0.306052 0.263313 3.218880 0.929152
-0.981841 -0.981841 -1.267325 -1.267325 0.319405 0.271191 3.218880 0.925284
-1.008199 -1.008199 -1.036311 -1.036311 0.308822 0.246779 3.204460 0.957021
-1.047602 -1.047602 -0.811766 -0.811766 0.305819 0.245441 3.218880 0.930590
-1.012899 -1.012899 -0.766040 -0.766040 0.299932 0.242498 3.131162 0.964997
-1.040264 -1.040264 -1.027648 -1.027648 0.305044 0.249723 3.094629 0.960314
-1.000123 -1.000123 -1.035780 -1.035780 0.315554 0.260633 3.200982 0.964653
-1.012881 -1.012881 -1.056379 -1.056379 0.295718 0.240000 3.165888 0.959027
-1.037240 -1.037240 -1.022248 -1.022248 0.294062 0.240823 3.218880 0.939339
-1.014304 -1.014304 -1.140295 -1.140295 0.306630 0.247586 3.199073 0.956367
-1.040165 -1.040165 -0.729111 -0.729111 0.305938 0.244196 3.218880 0.939417
-0.996109 -0.996109 -0.998464 -0.998464 0.306571 0.249293 3.094105 0.965512
-0.933930 -0.933930 -1.236549 -1.236549 0.319742 0.250905 3.218880 0.953193
-1.002928 -1.002928 -0.729742 -0.729742 0.299526 0.240046 3.043154 0.962425
-0.953368 -0.953368 -1.210350 -1.210350 0.314038 0.250088 3.218880 0.949126
-1.008378 -1.008378 -1.054047 -1.054047 0.303430 0.242612 3.218880 0.954635
-0.999411 -0.999411 -1.057484 -1.057484 0.296795 0.240147 3.117582 0.962156
-1.049639 -1.049639 -1.236848 -1.236848 0.289516 0.240003 3.217699 0.958403
-0.991419 -0.991419 -1.246958 -1.246958 0.320414 0.267265 3.218880 0.954069
-1.060230 -1.060230 -1.138520 -1.138520 0.304293 0.272020 3.218880 0.929855
-0.936706 -0.936706 -1.287122 -1.287122 0.324421 0.265566 3.218880 0.939095
-0.965185 -0.965185 -1.198095 -1.198095 0.299101 0.242875 3.141645 0.964665
-1.034657 -1.034657 -0.904917 -0.904917 0.306745 0.250406 3.218880 0.939652
-0.949239 -0.949239 -1.274183 -1.274183 0.307278 0.245827 3.158602 0.958193
