-0.930144 -0.930144 -1.144611 -1.144611 0.319581 0.249630 3.111425 0.959121
-1.024381 -1.024381 -1.042999 -1.042999 0.299922 0.241899 3.169439 0.961071
-0.962753 -0.962753 -0.957129 -0.957129 0.314779 0.251281 3.158124 0.960058
-1.001748 -1.001748 -1.049802 -1.049802 0.306046 0.247741 3.183552 0.957476
-0.980155 -0.980155 -1.002677 -1.002677 0.321395 0.259171 3.125190 0.959184
-1.007801 -1.007801 -0.728275 -0.728275 0.328703 0.264351 3.218880 0.929422
-0.979672 -0.979672 -1.213695 -1.213695 0.314414 0.249905 3.218880 0.940519
-1.019037 -1.019037 -0.941692 -0.941692 0.322183 0.280144 3.218880 0.930515
-1.034243 -1.034243 -0.759984 -0.759984 0.307353 0.247898 3.110660 0.962204
-1.019581 -1.019581 -0.892968 -0.892968 0.311929 0.251418 3.218880 0.946012
-0.897444 -0.897444 -1.142727 -1.142727 0.314170 0.247350 3.182056 0.956054
-1.020956 -1.020956 -0.916249 -0.916249 0.315038 0.266128 3.218880 0.923356
-1.008708 -1.008708 -1.156686 -1.156686 0.320895 0.299675 3.218880 0.926353
-0.979499 -0.979499 -1.029394 -1.029394 0.324000 0.262117 3.218880 0.946994
-1.048491 -1.048491 -0.951737 -0.951737 0.294069 0.240025 3.061005 0.963317
-0.989055 -0.989055 -1.226784 -1.226784 0.312320 0.250568 3.218880 0.943498
-0.964927 -0.964927 -1.158213 -1.158213 0.323069 0.290708 3.218880 0.925073
-0.966770 -0.966770 -1.124978 -1.124978 0.325613 0.269440 3.218880 0.926874
-0.964400 -0.964400 -0.736152 -0.736152 0.316382 0.248976 3.075860 0.961645
-1.019401 -1.019401 -1.108870 -1.108870 0.299523 0.245237 3.218880 0.952637
-1.003676 -1.003676 -0.895743 -0.895743 0.316394 0.249407 3.064766 0.955000
-1.005192 -1.005192 -1.091273 -1.091273 0.316931 0.261975 3.218880 0.939879
-0.957509 -0.957509 -1.298089 -1.298089 0.335291 0.293674 3.218880 0.928886
-1.080510 -1.080510 -0.913708 -0.913708 0.292930 0.240023 3.218880 0.943400
-1.062743 -1.062743 -0.905514 -0.905514 0.294375 0.240000 3.106790 0.963599
-0.995532 -0.995532 -0.944083 -0.944083 0.302274 0.241320 3.177144 0.958484
-1.006051 -1.006051 -1.087113 -1.087113 0.302361 0.244430 3.080710 0.960152
-0.971864 -0.971864 -0.997904 -0.997904 0.309736 0.244887 3.218880 0.947127
-0.958789 -0.958789 -1.125274 -1.125274 0.316737 0.253337 3.108642 0.953997
-1.002659 -1.002659 -1.128389 -1.128389 0.319858 0.298671 3.218880 0.929596
-0.956816 -0.956816 -1.210846 -1.210846 0.318627 0.263416 3.143181 0.955133
-1.049879 -1.049879 -1.009263 -1.009263 0.304934 0.243411 3.218880 0.943500
-0.993669 -0.993669 -1.134669 -1.134669 0.297951 0.241848 3.085568 0.960955
-0.928703 -0.928703 -1.072998 -1.072998 0.332305 0.266275 3.218880 0.934091
-1.044853 -1.044853 -1.032831 -1.032831 0.296718 0.241368 3.162595 0.957279
-1.017090 -1.017090 -0.847969 -0.847969 0.300590 0.240000 3.218880 0.954859
-0.966928 -0.966928 -0.980130 -0.980130 0.311513 0.244855 3.218880 0.960803
-1.013061 -1.013061 -1.151345 -1.151345 0.311782 0.252162 3.218880 0.934535
-1.014917 -1.014917 -0.810008 -0.810008 0.320635 0.263129 3.218880 0.934394
-0.993950 -0.993950 -1.076949 -1.076949 0.324865 0.310451 3.218880 0.933355
-0.976209 -0.976209 -1.198902 -1.198902 0.301546 0.242187 3.108872 0.961821
-0.959827 -0.959827 -0.829633 -0.829633 0.322613 0.257631 3.218880 0.938214
-0.997617 -0.997617 -1.051264 -1.051264 0.307164 0.246135 3.080358 0.961716
-0.932955 -0.932955 -1.179312 -1.179312 0.312016 0.244399 3.218880 0.949080
-1.003804 -1.003804 -1.005902 -1.005902 0.296171 0.241844 3.085159 0.963616
-0.972338 -0.972338 -1.020926 -1.020926 0.310303 0.244022 3.218880 0.955265
-0.999089 -0.999089 -1.140019 -1.140019 0.296406 0.240000 3.218880 0.955714
-1.045129 -1.045129 -1.003220 -1.003220 0.301875 0.244792 3.218880 0.941422
-0.959720 -0.959720 -0.997124 -0.997124 0.322304 0.262001 3.048326 0.955925
-0.937895 -0.937895 -1.033114 -1.033114 0.309624 0.248461 3.095205 0.958425
-0.988287 -0.988287 -1.197105 -1.197105 0.302457 0.242981 3.108412 0.959135
-0.940359 -0.940359 -1.108841 -1.108841 0.326564 0.265299 3.144709 0.959013
-1.003288 -1.003288 -0.964777 -0.964777 0.305095 0.248153 3.148769 0.959827
-1.051080 -1.051080 -0.792244 -0.792244 0.305026 0.245967 3.094917 0.961600
-0.964271 -0.964271 -1.297528 -1.297528 0.300634 0.240000 3.214864 0.960587
-0.937209 -0.937209 -1.113418 -1.113418 0.329834 0.270802 3.218880 0.923153
