-0.946747 -0.946747 -2.332830 -2.332830 0.298579 0.317579 -1.291197 -0.931654 3.173757 0.967642
-0.951436 -0.951436 -1.279260 -1.279260 0.312666 0.315045 -1.310946 -0.931663 3.156841 0.961089
-1.043061 -1.043061 -1.044896 -1.044896 0.290182 0.283075 -1.285003 -1.035587 3.151528 0.966458
-1.039497 -1.039497 -0.951388 -0.951388 0.291659 0.296152 -1.324505 -0.988385 3.162245 0.968934
-0.973554 -0.973554 -0.977467 -0.977467 0.309613 0.285360 -1.268231 -1.029293 3.184015 0.962201
-0.997489 -0.997489 -2.382672 -2.382672 0.301252 0.326087 -1.267240 -0.956549 3.153838 0.964761
-1.019036 -1.019036 -1.109079 -1.109079 0.304533 0.310182 -1.302631 -0.982911 3.156875 0.960827
-1.028626 -1.028626 -2.230579 -2.230579 0.285931 0.300686 -1.303151 -1.044143 3.149244 0.963568
-0.915867 -0.915867 -1.311717 -1.311717 0.312213 0.289822 -1.268474 -1.025434 3.141566 0.960723
-0.951796 -0.951796 -2.053964 -2.053964 0.300075 0.301562 -1.306907 -1.001166 3.168049 0.961705
-0.922044 -0.922044 -2.533359 -2.533359 0.315316 0.328772 -1.301448 -0.964124 3.194548 0.967943
-1.058918 -1.058918 -0.966100 -0.966100 0.287104 0.275821 -1.273685 -1.025786 3.133200 0.962381
-1.006707 -1.006707 -1.165801 -1.165801 0.292706 0.274509 -1.274501 -1.046797 3.181683 0.960851
-0.976382 -0.976382 -1.902644 -1.902644 0.312151 0.316844 -1.277417 -1.022138 3.170458 0.959495
-0.964842 -0.964842 -1.151629 -1.151629 0.301848 0.279017 -1.268420 -1.046378 3.141061 0.962700
-1.000007 -1.000007 -1.072920 -1.072920 0.304669 0.304711 -1.316141 -0.982951 3.155656 0.960994
-1.054422 -1.054422 -2.109095 -2.109095 0.290967 0.305742 -1.271696 -1.019350 3.138833 0.965206
-0.957414 -0.957414 -1.443501 -1.443501 0.294446 0.285656 -1.271454 -0.991228 3.147179 0.965097
-1.029408 -1.029408 -1.545695 -1.545695 0.293979 0.310665 -1.280196 -0.971656 3.170353 0.963026
-0.985125 -0.985125 -1.419775 -1.419775 0.294341 0.277269 -1.252381 -1.050980 3.149001 0.963031
-0.961720 -0.961720 -1.535759 -1.535759 0.302160 0.304333 -1.292704 -0.991944 3.145031 0.966022
-0.969607 -0.969607 -1.520236 -1.520236 0.299151 0.286662 -1.285702 -1.069404 3.149365 0.962756
-0.970341 -0.970341 -2.124493 -2.124493 0.288931 0.289978 -1.292520 -1.031536 3.164816 0.960446
