-0.918185 -0.918185 -1.354132 -1.354132 0.310091 0.313054 -1.318273 -0.913645 3.153949 0.957214
-0.868432 -0.868432 -1.733952 -1.733952 0.331263 0.333015 -1.340836 -0.938576 3.147899 0.959391
-0.975768 -0.975768 -1.198418 -1.198418 0.301073 0.284631 -1.280367 -1.058176 3.155986 0.966354
-0.913291 -0.913291 -3.576627 -3.576627 0.303591 0.316090 -1.276579 -0.948621 3.199053 0.963348
-1.019750 -1.019750 -1.256241 -1.256241 0.290539 0.287676 -1.296300 -1.028241 3.115994 0.963815
-1.042955 -1.042955 -0.907507 -0.907507 0.284104 0.250722 -1.217688 -1.113102 3.159960 0.967893
-0.967018 -0.967018 -2.043785 -2.043785 0.292468 0.275023 -1.249122 -1.093781 3.137570 0.958960
-0.984007 -0.984007 -2.131388 -2.131388 0.288801 0.291838 -1.299993 -1.050563 3.131501 0.961484
-0.972436 -0.972436 -1.236640 -1.236640 0.303162 0.287973 -1.260460 -1.021833 3.126082 0.962958
-0.932970 -0.932970 -1.031266 -1.031266 0.310823 0.279387 -1.241669 -1.037479 3.158049 0.963471
-0.936304 -0.936304 -2.098785 -2.098785 0.313115 0.301649 -1.272948 -1.053828 3.169350 0.958541
-0.907160 -0.907160 -1.140902 -1.140902 0.321827 0.299886 -1.281442 -1.013905 3.134273 0.961713
-1.009796 -1.009796 -0.936783 -0.936783 0.305961 0.321449 -1.303498 -0.888127 3.154281 0.964468
-0.985628 -0.985628 -2.481290 -2.481290 0.291682 0.298565 -1.282401 -1.029172 3.147065 0.962190
-1.027949 -1.027949 -1.181339 -1.181339 0.290971 0.276500 -1.269484 -1.055092 3.167732 0.965090
-0.980462 -0.980462 -1.520376 -1.520376 0.305209 0.306357 -1.300517 -1.013162 3.162067 0.962069
-0.895311 -0.895311 -1.896903 -1.896903 0.317536 0.289062 -1.238722 -1.080696 3.167116 0.959199
-0.935061 -0.935061 -2.096827 -2.096827 0.302314 0.288748 -1.285686 -1.105904 3.130876 0.959907
-0.952129 -0.952129 -1.311967 -1.311967 0.309039 0.288566 -1.265638 -1.048730 3.178622 0.964058
-0.997979 -0.997979 -1.784003 -1.784003 0.298506 0.321861 -1.281277 -0.927666 3.142478 0.962328
-1.009046 -1.009046 -1.355991 -1.355991 0.286173 0.258671 -1.222925 -1.111216 3.146635 0.965793
-1.082684 -1.082684 -0.923345 -0.923345 0.295906 0.306116 -1.290619 -0.989238 3.129036 0.962650
-0.927431 -0.927431 -2.797807 -2.797807 0.307593 0.303800 -1.275276 -1.045507 3.179107 0.959430
