-0.940712 -0.940712 -1.072361 -1.072361 0.311470 0.246060 3.181446 0.958892
-1.034206 -1.034206 -1.197755 -1.197755 0.314815 0.297138 3.218880 0.931264
-0.878444 -0.878444 -1.089325 -1.089325 0.326575 0.248798 3.218880 0.942010
-1.034340 -1.034340 -1.166346 -1.166346 0.302981 0.245168 3.218880 0.947463
-1.004154 -1.004154 -0.905214 -0.905214 0.326821 0.289525 3.218880 0.923207
-1.030353 -1.030353 -0.980165 -0.980165 0.302109 0.244360 3.218880 0.935532
-0.976081 -0.976081 -1.260890 -1.260890 0.308148 0.248812 3.218880 0.949990
-0.976360 -0.976360 -0.872534 -0.872534 0.306276 0.243205 3.199435 0.962372
-0.996456 -0.996456 -1.189053 -1.189053 0.332979 0.319804 3.218880 0.926819
-0.959194 -0.959194 -1.085234 -1.085234 0.326972 0.265662 3.218880 0.934757
-0.998169 -0.998169 -1.051581 -1.051581 0.325195 0.297738 3.218880 0.924813
-1.024467 -1.024467 -1.065051 -1.065051 0.319478 0.282441 3.218880 0.921981
-1.045860 -1.045860 -0.959659 -0.959659 0.293998 0.240000 3.218880 0.952826
-0.943097 -0.943097 -1.176521 -1.176521 0.312881 0.250351 3.146102 0.962200
-0.985278 -0.985278 -1.073027 -1.073027 0.312444 0.256900 3.218880 0.948365
-0.900908 -0.900908 -1.067586 -1.067586 0.319300 0.252641 3.108395 0.960983
-0.995982 -0.995982 -1.279612 -1.279612 0.324218 0.300171 3.218880 0.923967
-0.963932 -0.963932 -0.701098 -0.701098 0.318065 0.249322 3.143906 0.958479
-1.059635 -1.059635 -0.889958 -0.889958 0.306122 0.250293 3.218880 0.938930
-0.953734 -0.953734 -1.124506 -1.124506 0.310391 0.246896 3.107232 0.960311
-0.976375 -0.976375 -0.913006 -0.913006 0.327011 0.259666 3.218880 0.940538
-0.946189 -0.946189 -1.027043 -1.027043 0.333326 0.281354 3.218880 0.923355
-1.023570 -1.023570 -0.972299 -0.972299 0.299693 0.242733 3.218880 0.947911
-1.065955 -1.065955 -0.776119 -0.776119 0.299019 0.240519 3.162537 0.958986
-0.953749 -0.953749 -1.167130 -1.167130 0.306741 0.245925 3.197114 0.956400
-1.001573 -1.001573 -1.141758 -1.141758 0.322757 0.268812 3.218880 0.936201
-1.016075 -1.016075 -1.204294 -1.204294 0.300443 0.243380 3.211381 0.950161
-1.058599 -1.058599 -1.175410 -1.175410 0.308377 0.266679 3.218880 0.941300
-1.083096 -1.083096 -0.781752 -0.781752 0.302228 0.245920 3.218880 0.947005
-0.969632 -0.969632 -1.012340 -1.012340 0.318320 0.259245 3.079776 0.956659
-1.044053 -1.044053 -0.964474 -0.964474 0.310327 0.257888 3.067002 0.961463
-1.009316 -1.009316 -0.746662 -0.746662 0.307261 0.244741 3.189100 0.957274
-1.001535 -1.001535 -0.883804 -0.883804 0.303525 0.244237 3.218880 0.952041
-0.997703 -0.997703 -0.725308 -0.725308 0.328432 0.267477 3.218880 0.930468
-0.990868 -0.990868 -0.908876 -0.908876 0.306572 0.242321 3.187275 0.957360
-0.963942 -0.963942 -1.172430 -1.172430 0.320215 0.265768 3.218880 0.926664
-1.011051 -1.011051 -1.026612 -1.026612 0.299660 0.242362 3.218880 0.953138
-0.982080 -0.982080 -1.090939 -1.090939 0.326129 0.290729 3.218880 0.928337
-0.989597 -0.989597 -1.001359 -1.001359 0.316072 0.265100 3.218880 0.932586
-1.027178 -1.027178 -0.871811 -0.871811 0.310967 0.253740 3.084744 0.959190
-1.001098 -1.001098 -1.245066 -1.245066 0.298462 0.240013 3.176666 0.958039
-1.009072 -1.009072 -1.193175 -1.193175 0.327026 0.316897 3.218880 0.927638
-1.025701 -1.025701 -1.228223 -1.228223 0.297826 0.243727 3.218880 0.944175
-0.956961 -0.956961 -0.799769 -0.799769 0.321019 0.255091 3.165316 0.952965
-0.969057 -0.969057 -0.968779 -0.968779 0.314140 0.248034 3.218880 0.949133
-1.051002 -1.051002 -0.744871 -0.744871 0.299202 0.240348 3.086544 0.961255
-0.899780 -0.899780 -1.274882 -1.274882 0.337389 0.268211 3.218880 0.930643
-1.025281 -1.025281 -0.907158 -0.907158 0.298315 0.240000 3.207570 0.960926
-0.989753 -0.989753 -0.942824 -0.942824 0.307907 0.245150 3.218880 0.955492
-1.005977 -1.005977 -1.157064 -1.157064 0.294889 0.240000 3.191955 0.959283
-0.974879 -0.974879 -1.056028 -1.056028 0.298549 0.241157 3.093762 0.965476
-1.068760 -1.068760 -0.811751 -0.811751 0.292653 0.240000 3.174739 0.962642
-1.014013 -1.014013 -0.952650 -0.952650 0.308709 0.245180 3.218880 0.951889
-0.976090 -0.976090 -1.041992 -1.041992 0.331815 0.291693 3.218880 0.923002
-0.958962 -0.958962 -1.070592 -1.070592 0.331368 0.276407 3.218880 0.922542
-0.953624 -0.953624 -1.162500 -1.162500 0.311853 0.250212 3.130860 0.960825
