-0.945614 -0.945614 -0.862763 -0.862763 0.314520 0.245680 3.218880 0.954604
-1.003046 -1.003046 -0.783193 -0.783193 0.311924 0.245717 3.218880 0.951926
-0.998806 -0.998806 -1.212833 -1.212833 0.332710 0.318790 3.218880 0.923878
-1.014863 -1.014863 -0.988315 -0.988315 0.314152 0.250038 3.064610 0.952592
-0.927474 -0.927474 -1.170938 -1.170938 0.333370 0.270969 3.218880 0.936815
-0.967583 -0.967583 -1.213257 -1.213257 0.330023 0.289206 3.218880 0.924367
-0.983743 -0.983743 -0.753310 -0.753310 0.318882 0.250068 3.218880 0.923434
-0.975264 -0.975264 -1.238326 -1.238326 0.305294 0.245875 3.205958 0.956891
-0.989627 -0.989627 -1.078674 -1.078674 0.315549 0.266492 3.218880 0.919976
-0.995909 -0.995909 -1.194355 -1.194355 0.308337 0.245459 3.218880 0.942104
-0.994207 -0.994207 -1.061457 -1.061457 0.325820 0.294134 3.218880 0.926332
-1.009909 -1.009909 -0.921155 -0.921155 0.308907 0.251990 3.104949 0.959092
-0.966471 -0.966471 -1.253981 -1.253981 0.304496 0.246502 3.218880 0.943768
-0.963341 -0.963341 -0.964386 -0.964386 0.312455 0.248194 3.106336 0.960803
-0.966085 -0.966085 -1.192210 -1.192210 0.307682 0.246606 3.123035 0.962472
-1.041519 -1.041519 -1.024431 -1.024431 0.314199 0.262723 3.218868 0.935885
-1.003450 -1.003450 -0.946941 -0.946941 0.311623 0.252212 3.048989 0.961952
-1.021563 -1.021563 -0.742548 -0.742548 0.296772 0.240000 3.186971 0.955843
-0.951956 -0.951956 -0.857983 -0.857983 0.334543 0.284171 3.218880 0.928109
-1.061553 -1.061553 -1.228931 -1.228931 0.319686 0.318039 3.218880 0.938126
-0.962047 -0.962047 -1.231379 -1.231379 0.314292 0.250521 3.218880 0.947314
-0.970615 -0.970615 -1.124995 -1.124995 0.323525 0.264217 3.061970 0.954724
-0.941669 -0.941669 -1.164075 -1.164075 0.303091 0.241065 3.191225 0.957151
-0.999913 -0.999913 -1.237960 -1.237960 0.303434 0.245019 3.188698 0.961584
-1.019686 -1.019686 -1.151826 -1.151826 0.302508 0.247969 3.090334 0.958935
-0.920122 -0.920122 -1.135220 -1.135220 0.310441 0.244964 3.218880 0.945110
-0.991178 -0.991178 -0.897194 -0.897194 0.305287 0.240010 3.218880 0.956285
-0.888749 -0.888749 -1.286373 -1.286373 0.335832 0.269491 3.218880 0.919901
-0.924059 -0.924059 -0.837305 -0.837305 0.325602 0.255576 3.218880 0.946202
-1.086470 -1.086470 -1.229046 -1.229046 0.288088 0.240000 3.207894 0.957241
-1.027014 -1.027014 -1.042437 -1.042437 0.325078 0.317462 3.218880 0.927462
-0.937645 -0.937645 -1.195531 -1.195531 0.340014 0.311522 3.218880 0.928151
-1.027380 -1.027380 -1.082285 -1.082285 0.321341 0.284181 3.218880 0.936127
-1.035485 -1.035485 -0.775556 -0.775556 0.315876 0.257317 3.218880 0.932335
-0.971582 -0.971582 -1.112067 -1.112067 0.300473 0.240000 3.218880 0.956213
-0.970536 -0.970536 -1.151582 -1.151582 0.327768 0.268943 3.218880 0.924301
-1.026611 -1.026611 -0.823929 -0.823929 0.326934 0.279062 3.218880 0.927331
-0.980804 -0.980804 -1.128811 -1.128811 0.310527 0.253656 3.129015 0.963909
-0.983701 -0.983701 -1.008632 -1.008632 0.325092 0.275000 3.218880 0.930888
-0.928093 -0.928093 -1.179699 -1.179699 0.335267 0.275385 3.218880 0.941271
-0.957568 -0.957568 -1.269961 -1.269961 0.336172 0.301203 3.218880 0.929740
-1.028969 -1.028969 -0.785312 -0.785312 0.304678 0.244418 3.062406 0.957387
-0.993000 -0.993000 -1.019369 -1.019369 0.299331 0.240024 3.209501 0.962475
-1.008417 -1.008417 -1.186222 -1.186222 0.315739 0.290230 3.218880 0.934113
-0.985411 -0.985411 -0.869463 -0.869463 0.321172 0.253912 3.218880 0.929138
-0.971386 -0.971386 -1.215514 -1.215514 0.313929 0.250205 3.218880 0.940173
-0.989802 -0.989802 -0.933895 -0.933895 0.318686 0.250763 3.218880 0.944722
-0.988795 -0.988795 -0.943212 -0.943212 0.332977 0.291876 3.218880 0.913477
-1.008821 -1.008821 -0.890664 -0.890664 0.305002 0.247927 3.083242 0.962930
-0.928313 -0.928313 -1.260051 -1.260051 0.316800 0.251994 3.217863 0.958711
-1.040973 -1.040973 -0.799302 -0.799302 0.296552 0.240000 3.191075 0.956259
-0.946199 -0.946199 -1.290468 -1.290468 0.312030 0.249251 3.218880 0.947531
-1.086375 -1.086375 -1.114976 -1.114976 0.290443 0.240000 3.189097 0.960698
-0.967158 -0.967158 -0.977987 -0.977987 0.311947 0.246103 3.182127 0.958619
-0.940464 -0.940464 -0.942549 -0.942549 0.311640 0.245696 3.172806 0.960967
-0.977544 -0.977544 -1.132546 -1.132546 0.301250 0.240911 3.160611 0.961264
