-1.019242 -1.019242 -1.164834 -1.164834 0.303700 0.240365 3.218880 0.941627
-1.032357 -1.032357 -1.379605 -1.379605 0.308625 0.256421 3.218880 0.943611
-1.023846 -1.023846 -0.864966 -0.864966 0.303279 0.240000 3.218880 0.952095
-1.025010 -1.025010 -1.114580 -1.114580 0.304419 0.247153 3.218880 0.950771
-1.011566 -1.011566 -1.248621 -1.248621 0.302724 0.240000 3.218880 0.941979
-1.022483 -1.022483 -1.250672 -1.250672 0.302535 0.240000 3.218880 0.945656
-1.004352 -1.004352 -1.069451 -1.069451 0.300489 0.240006 3.218880 0.948280
-1.012210 -1.012210 -0.936224 -0.936224 0.302682 0.240020 3.218880 0.952816
-1.025588 -1.025588 -1.446506 -1.446506 0.299093 0.240457 3.218880 0.948535
-1.014009 -1.014009 -1.197560 -1.197560 0.301636 0.240000 3.218880 0.947226
-1.001076 -1.001076 -1.325259 -1.325259 0.302994 0.240397 3.218880 0.945153
-1.050198 -1.050198 -1.165322 -1.165322 0.315416 0.283975 3.218880 0.951786
-1.002509 -1.002509 -1.195845 -1.195845 0.302893 0.240000 3.218880 0.946387
-1.055150 -1.055150 -1.043851 -1.043851 0.299352 0.240000 3.218880 0.946243
-1.029698 -1.029698 -1.148141 -1.148141 0.300962 0.240003 3.218880 0.946113
-1.023729 -1.023729 -1.268578 -1.268578 0.302643 0.249903 3.218880 0.948401
-1.021914 -1.021914 -0.955736 -0.955736 0.308414 0.242399 3.218880 0.942057
-1.034574 -1.034574 -1.518676 -1.518676 0.313225 0.283603 3.208207 0.943478
-1.009081 -1.009081 -1.168433 -1.168433 0.301510 0.240000 3.218880 0.945619
-1.019638 -1.019638 -0.976600 -0.976600 0.301132 0.240000 3.218880 0.956291
-1.017836 -1.017836 -1.154111 -1.154111 0.310415 0.259395 3.218880 0.945583
-1.019312 -1.019312 -1.464182 -1.464182 0.302282 0.241274 3.218880 0.941233
-1.018832 -1.018832 -1.128667 -1.128667 0.302007 0.240000 3.218880 0.947703
-1.003586 -1.003586 -1.243223 -1.243223 0.298511 0.240000 3.218880 0.947129
-0.994288 -0.994288 -1.325115 -1.325115 0.306246 0.241934 3.218880 0.945938
-1.036500 -1.036500 -1.186439 -1.186439 0.312000 0.254807 3.218880 0.947503
-1.006780 -1.006780 -1.017594 -1.017594 0.306218 0.242399 3.218880 0.949173
-1.039931 -1.039931 -1.445474 -1.445474 0.307896 0.268641 3.218880 0.939898
-1.040150 -1.040150 -1.304861 -1.304861 0.316609 0.290366 3.218880 0.944529
-1.019355 -1.019355 -1.042573 -1.042573 0.305690 0.240000 3.218880 0.946771
-1.037064 -1.037064 -1.077444 -1.077444 0.315010 0.278346 3.217039 0.951020
-1.042967 -1.042967 -1.182549 -1.182549 0.310371 0.260818 3.218880 0.941375
-1.013616 -1.013616 -1.040246 -1.040246 0.300878 0.240000 3.218880 0.952453
-1.044511 -1.044511 -1.103370 -1.103370 0.301032 0.240000 3.218880 0.941824
-1.039898 -1.039898 -0.978960 -0.978960 0.306159 0.244272 3.218880 0.951185
-1.004134 -1.004134 -1.319675 -1.319675 0.299181 0.240000 3.218880 0.951162
-1.034134 -1.034134 -1.473398 -1.473398 0.308179 0.269697 3.218880 0.949175
-1.040319 -1.040319 -1.139742 -1.139742 0.307924 0.249364 3.218880 0.950003
-1.029168 -1.029168 -0.943818 -0.943818 0.298685 0.240000 3.218880 0.955297
-1.040154 -1.040154 -0.994874 -0.994874 0.299740 0.240000 3.218880 0.947739
-1.021771 -1.021771 -1.701295 -1.701295 0.319059 0.295805 3.218497 0.952225
-1.011487 -1.011487 -1.212927 -1.212927 0.303037 0.240442 3.218880 0.947151
-0.992408 -0.992408 -1.329330 -1.329330 0.301158 0.240000 3.218880 0.949074
-1.018471 -1.018471 -1.186656 -1.186656 0.299593 0.240000 3.218880 0.948087
-1.005430 -1.005430 -0.996192 -0.996192 0.306208 0.241484 3.218880 0.948325
-0.997495 -0.997495 -1.172497 -1.172497 0.309085 0.253204 3.218880 0.950320
-1.004592 -1.004592 -1.426140 -1.426140 0.300262 0.240000 3.218880 0.947486
-1.030879 -1.030879 -1.145074 -1.145074 0.299273 0.240000 3.218880 0.951008
-1.029703 -1.029703 -1.235294 -1.235294 0.299937 0.240000 3.218880 0.943796
-1.004071 -1.004071 -1.182864 -1.182864 0.303610 0.242640 3.218880 0.948105
-1.030812 -1.030812 -0.763140 -0.763140 0.303363 0.240000 3.218880 0.949374
-1.013347 -1.013347 -1.191455 -1.191455 0.298063 0.240000 3.218880 0.950846
-1.018967 -1.018967 -0.891683 -0.891683 0.301585 0.240000 3.218880 0.951147
-1.031952 -1.031952 -1.076369 -1.076369 0.327912 0.285137 3.218673 0.953120
-1.062298 -1.062298 -1.494711 -1.494711 0.315875 0.278766 3.218880 0.953940
-1.021281 -1.021281 -1.322293 -1.322293 0.305141 0.247409 3.218880 0.953843
-1.000532 -1.000532 -1.075960 -1.075960 0.313648 0.255536 3.218880 0.936334
-1.041703 -1.041703 -1.149166 -1.149166 0.300010 0.240024 3.218880 0.948090
-1.047641 -1.047641 -1.093842 -1.093842 0.304672 0.244194 3.218880 0.946729
-1.015098 -1.015098 -1.241533 -1.241533 0.299289 0.240000 3.218880 0.942047
-1.031654 -1.031654 -0.989209 -0.989209 0.303110 0.240095 3.218880 0.946471
-1.053815 -1.053815 -1.080308 -1.080308 0.302632 0.246632 3.218880 0.947299
-1.027421 -1.027421 -1.243669 -1.243669 0.307864 0.250849 3.218880 0.941385
-1.026691 -1.026691 -1.589077 -1.589077 0.312241 0.271440 3.218880 0.946752
-1.039673 -1.039673 -1.190495 -1.190495 0.318534 0.275731 3.218880 0.948999
-1.018103 -1.018103 -0.982832 -0.982832 0.299887 0.240000 3.218880 0.956308
-1.042028 -1.042028 -1.320889 -1.320889 0.298400 0.242114 3.218880 0.952369
-1.026104 -1.026104 -1.075421 -1.075421 0.295501 0.240000 3.218880 0.950080
-1.022370 -1.022370 -1.260316 -1.260316 0.298594 0.240000 3.218880 0.946018
-0.999815 -0.999815 -1.378712 -1.378712 0.299266 0.240000 3.218880 0.942926
-0.999740 -0.999740 -1.233483 -1.233483 0.304969 0.241474 3.218880 0.946238
-1.020954 -1.020954 -1.333925 -1.333925 0.302624 0.242286 3.218880 0.947429
-1.003751 -1.003751 -1.207950 -1.207950 0.301600 0.240000 3.218880 0.945253
-0.981499 -0.981499 -1.161928 -1.161928 0.316595 0.267607 3.205020 0.951697
-1.001663 -1.001663 -1.232267 -1.232267 0.308181 0.252013 3.218880 0.950905
-0.997028 -0.997028 -1.627014 -1.627014 0.313298 0.269192 3.218880 0.942486
-1.022615 -1.022615 -1.401406 -1.401406 0.307044 0.271020 3.218880 0.948965
-1.032770 -1.032770 -1.200758 -1.200758 0.297132 0.240000 3.218880 0.949579
-1.049786 -1.049786 -1.304716 -1.304716 0.311583 0.269504 3.218880 0.948135
-1.015017 -1.015017 -1.403138 -1.403138 0.309168 0.261144 3.218880 0.944444
-1.018973 -1.018973 -1.144751 -1.144751 0.303680 0.241172 3.218880 0.947174
-1.025067 -1.025067 -0.963688 -0.963688 0.301517 0.240000 3.218880 0.946052
-1.016833 -1.016833 -1.572089 -1.572089 0.298889 0.240000 3.218880 0.941528
-1.013086 -1.013086 -1.436271 -1.436271 0.301024 0.240000 3.218880 0.946361
-1.027066 -1.027066 -1.318201 -1.318201 0.316301 0.286786 3.210022 0.945016
-1.013077 -1.013077 -0.953910 -0.953910 0.299968 0.240000 3.218880 0.952730
-1.018022 -1.018022 -1.257876 -1.257876 0.300290 0.240000 3.218880 0.948387
-1.017205 -1.017205 -1.306763 -1.306763 0.300698 0.240000 3.218880 0.942189
-1.020719 -1.020719 -1.040339 -1.040339 0.298718 0.240000 3.218880 0.945012
-1.044082 -1.044082 -1.197459 -1.197459 0.298910 0.240000 3.218880 0.949944
-0.997079 -0.997079 -1.261049 -1.261049 0.302669 0.240711 3.218880 0.942776
