-1.046971 -1.046971 -1.353849 -1.353849 0.317452 0.278963 3.218880 0.937688
-1.026414 -1.026414 -1.038887 -1.038887 0.302863 0.241232 3.218880 0.951899
-1.029733 -1.029733 -1.253275 -1.253275 0.298189 0.240000 3.218880 0.951823
-1.023896 -1.023896 -1.277143 -1.277143 0.297432 0.240000 3.218880 0.947855
-1.005877 -1.005877 -1.160019 -1.160019 0.304303 0.242199 3.218880 0.946271
-1.021588 -1.021588 -1.530199 -1.530199 0.297645 0.240000 3.218880 0.945067
-0.993207 -0.993207 -1.116654 -1.116654 0.299754 0.240000 3.218880 0.951630
-1.019686 -1.019686 -1.156499 -1.156499 0.300232 0.240000 3.218880 0.950942
-1.012120 -1.012120 -1.067745 -1.067745 0.305276 0.243526 3.218880 0.948786
-1.037028 -1.037028 -0.969112 -0.969112 0.306026 0.243830 3.218880 0.949571
-1.020060 -1.020060 -1.534825 -1.534825 0.300482 0.240000 3.218880 0.943990
-1.018123 -1.018123 -1.451190 -1.451190 0.301622 0.246024 3.218880 0.943169
-1.015013 -1.015013 -1.456252 -1.456252 0.297348 0.240000 3.218880 0.944905
-1.033584 -1.033584 -1.121871 -1.121871 0.298265 0.240016 3.218880 0.949994
-1.027815 -1.027815 -1.045099 -1.045099 0.311543 0.260968 3.218880 0.951754
-1.038038 -1.038038 -1.219369 -1.219369 0.299746 0.240000 3.218880 0.947230
-0.993585 -0.993585 -1.130367 -1.130367 0.310487 0.250139 3.218880 0.944611
-1.034486 -1.034486 -1.195915 -1.195915 0.302974 0.240000 3.218880 0.942781
-1.035084 -1.035084 -1.058902 -1.058902 0.299270 0.240000 3.218880 0.947556
-1.005863 -1.005863 -1.324600 -1.324600 0.300711 0.240000 3.218880 0.943422
-1.032280 -1.032280 -1.402004 -1.402004 0.300374 0.241048 3.218880 0.944723
-1.008529 -1.008529 -1.040596 -1.040596 0.303330 0.240000 3.218880 0.947073
-1.036876 -1.036876 -1.081170 -1.081170 0.300632 0.240000 3.218880 0.946696
-1.004020 -1.004020 -1.166647 -1.166647 0.297219 0.240000 3.218880 0.951744
-1.013922 -1.013922 -1.184457 -1.184457 0.295776 0.240000 3.218880 0.954120
-1.032337 -1.032337 -1.333387 -1.333387 0.311533 0.279880 3.204749 0.950577
-0.999653 -0.999653 -1.328626 -1.328626 0.305477 0.245398 3.218880 0.941715
-1.042460 -1.042460 -0.892978 -0.892978 0.293300 0.240000 3.213646 0.959108
-1.042742 -1.042742 -1.048470 -1.048470 0.304169 0.245848 3.218880 0.950507
-1.002101 -1.002101 -1.126113 -1.126113 0.298562 0.240000 3.218880 0.944224
-1.015411 -1.015411 -1.416790 -1.416790 0.316253 0.279311 3.218880 0.947301
-1.026859 -1.026859 -1.183697 -1.183697 0.304544 0.243547 3.218880 0.945408
-1.041702 -1.041702 -1.211130 -1.211130 0.310474 0.262124 3.218880 0.948855
-1.030215 -1.030215 -1.060891 -1.060891 0.307788 0.249538 3.218880 0.939827
-1.008648 -1.008648 -0.771666 -0.771666 0.301958 0.240000 3.218880 0.959748
-1.014853 -1.014853 -1.283272 -1.283272 0.302577 0.244553 3.218880 0.940002
-1.040034 -1.040034 -1.123025 -1.123025 0.300219 0.240000 3.218880 0.945785
-1.005850 -1.005850 -1.363581 -1.363581 0.299001 0.240000 3.218880 0.946852
-1.025539 -1.025539 -1.216465 -1.216465 0.303293 0.244791 3.218880 0.941482
-1.007915 -1.007915 -0.998869 -0.998869 0.305129 0.240038 3.218880 0.948399
-1.013758 -1.013758 -1.034515 -1.034515 0.302657 0.240000 3.218880 0.940858
-1.035625 -1.035625 -1.130259 -1.130259 0.300196 0.240000 3.218880 0.939585
-1.019453 -1.019453 -0.936735 -0.936735 0.299063 0.240000 3.218880 0.950714
-1.024277 -1.024277 -0.956680 -0.956680 0.300087 0.240000 3.218880 0.951980
-1.021492 -1.021492 -1.221938 -1.221938 0.306794 0.245084 3.218880 0.947775
-1.019511 -1.019511 -1.127030 -1.127030 0.304540 0.242315 3.218880 0.947344
-1.018976 -1.018976 -1.284333 -1.284333 0.300483 0.240000 3.218880 0.949272
-0.999017 -0.999017 -1.208453 -1.208453 0.307402 0.245505 3.218880 0.945960
-1.008254 -1.008254 -1.067798 -1.067798 0.300420 0.240000 3.218880 0.946832
-1.020692 -1.020692 -0.957860 -0.957860 0.303720 0.240039 3.218880 0.948261
-1.023680 -1.023680 -1.286104 -1.286104 0.298263 0.240000 3.218880 0.954051
-1.028052 -1.028052 -1.118797 -1.118797 0.299931 0.240000 3.218880 0.954411
-1.008601 -1.008601 -1.221847 -1.221847 0.297830 0.240000 3.218880 0.948295
-1.023571 -1.023571 -1.508659 -1.508659 0.316895 0.272779 3.218880 0.946455
-1.004006 -1.004006 -0.891425 -0.891425 0.305828 0.240134 3.218880 0.951990
-1.031932 -1.031932 -0.943430 -0.943430 0.302700 0.240000 3.218880 0.948505
-1.030669 -1.030669 -1.283073 -1.283073 0.313364 0.263092 3.218880 0.942282
-0.993725 -0.993725 -1.392997 -1.392997 0.301808 0.240796 3.218880 0.947063
-0.995942 -0.995942 -1.125447 -1.125447 0.303850 0.240930 3.218880 0.948363
-1.002034 -1.002034 -1.311057 -1.311057 0.305536 0.248281 3.218880 0.948994
-1.008437 -1.008437 -1.287395 -1.287395 0.302977 0.243948 3.218880 0.946629
-1.013447 -1.013447 -1.200171 -1.200171 0.299605 0.240000 3.218880 0.950308
-1.022024 -1.022024 -1.161593 -1.161593 0.317430 0.277290 3.218880 0.946049
-1.034410 -1.034410 -1.194382 -1.194382 0.300002 0.241165 3.218880 0.946495
-1.007777 -1.007777 -1.192301 -1.192301 0.308710 0.247374 3.218880 0.949792
-1.015099 -1.015099 -1.217802 -1.217802 0.299697 0.240017 3.218880 0.949385
-1.017318 -1.017318 -1.066421 -1.066421 0.301842 0.240002 3.218880 0.946724
-1.011147 -1.011147 -1.156453 -1.156453 0.303622 0.240018 3.218880 0.946431
-1.051340 -1.051340 -1.149819 -1.149819 0.315984 0.288227 3.218880 0.944309
-1.008838 -1.008838 -1.110447 -1.110447 0.302057 0.242536 3.218880 0.947037
-1.015772 -1.015772 -1.160492 -1.160492 0.300949 0.240000 3.218880 0.944007
-1.056081 -1.056081 -1.232227 -1.232227 0.312363 0.267587 3.218880 0.952973
-1.019156 -1.019156 -1.161150 -1.161150 0.298908 0.240000 3.218880 0.952612
-1.004945 -1.004945 -1.226506 -1.226506 0.303926 0.240896 3.218880 0.949058
-1.009467 -1.009467 -1.005467 -1.005467 0.303639 0.241793 3.218880 0.952094
-1.019233 -1.019233 -0.930345 -0.930345 0.302273 0.240000 3.218880 0.951830
-1.031173 -1.031173 -0.809126 -0.809126 0.301682 0.240000 3.218880 0.953114
-0.997477 -0.997477 -1.002557 -1.002557 0.300308 0.240000 3.218880 0.953599
-1.015275 -1.015275 -1.778192 -1.778192 0.313884 0.278341 3.218880 0.947176
-1.006663 -1.006663 -1.335119 -1.335119 0.302487 0.241494 3.218880 0.945194
-1.028548 -1.028548 -1.024189 -1.024189 0.301340 0.240000 3.218880 0.948771
-1.023330 -1.023330 -1.198461 -1.198461 0.297799 0.240000 3.218880 0.950894
-1.010642 -1.010642 -1.047225 -1.047225 0.300182 0.240000 3.218880 0.948961
-1.026687 -1.026687 -1.428476 -1.428476 0.313722 0.276636 3.218880 0.953135
-1.022363 -1.022363 -1.222765 -1.222765 0.311360 0.259075 3.218880 0.946313
-1.022825 -1.022825 -1.099053 -1.099053 0.300368 0.240000 3.218880 0.939899
-1.001009 -1.001009 -0.906723 -0.906723 0.301995 0.240000 3.218880 0.953921
-1.016174 -1.016174 -1.182376 -1.182376 0.306965 0.243205 3.218880 0.948367
-1.022628 -1.022628 -0.998024 -0.998024 0.303661 0.240000 3.218880 0.953408
-1.003314 -1.003314 -1.009202 -1.009202 0.303368 0.240000 3.218880 0.952503
-1.026822 -1.026822 -1.136459 -1.136459 0.303790 0.240000 3.218880 0.943678
