-0.975782 -0.975782 -1.523085 -1.523085 0.303701 0.246310 3.218880 0.952430
-1.017978 -1.017978 -1.464890 -1.464890 0.298333 0.245215 3.218880 0.957289
-1.041122 -1.041122 -0.882796 -0.882796 0.301300 0.242521 3.218880 0.954934
-1.004803 -1.004803 -1.157141 -1.157141 0.307315 0.248797 3.218880 0.952945
-1.022094 -1.022094 -1.327491 -1.327491 0.302504 0.246086 3.218880 0.943695
-1.015578 -1.015578 -1.259832 -1.259832 0.308900 0.259276 3.218880 0.941402
-1.039230 -1.039230 -1.404537 -1.404537 0.317874 0.288810 3.218880 0.941439
-1.013937 -1.013937 -1.125081 -1.125081 0.302287 0.245053 3.218880 0.942473
-0.986765 -0.986765 -1.225849 -1.225849 0.300908 0.240896 3.218880 0.951886
-1.011816 -1.011816 -1.175311 -1.175311 0.322356 0.273779 3.218880 0.947776
-1.051122 -1.051122 -1.040134 -1.040134 0.297106 0.242665 3.218756 0.953902
-1.023241 -1.023241 -1.282912 -1.282912 0.304573 0.242375 3.218880 0.943008
-1.007671 -1.007671 -0.842173 -0.842173 0.308058 0.243840 3.218880 0.953815
-1.029447 -1.029447 -1.017086 -1.017086 0.315132 0.250541 3.218880 0.943450
-1.038558 -1.038558 -1.087783 -1.087783 0.302378 0.242997 3.218880 0.944264
-1.036213 -1.036213 -1.019798 -1.019798 0.305779 0.245298 3.218880 0.951448
-1.042407 -1.042407 -1.517113 -1.517113 0.308954 0.265682 3.218880 0.946858
-1.033465 -1.033465 -1.254546 -1.254546 0.311745 0.263794 3.218880 0.949625
-1.016470 -1.016470 -1.252668 -1.252668 0.303446 0.240605 3.218880 0.938307
-1.014285 -1.014285 -1.161572 -1.161572 0.307520 0.247619 3.218880 0.946029
-1.027737 -1.027737 -0.930929 -0.930929 0.299393 0.240000 3.218880 0.946512
-1.006830 -1.006830 -1.218176 -1.218176 0.302833 0.243637 3.218880 0.944103
-0.998926 -0.998926 -1.169165 -1.169165 0.305688 0.246151 3.218880 0.949655
-0.999393 -0.999393 -0.969389 -0.969389 0.303500 0.240077 3.218880 0.950303
-1.002748 -1.002748 -1.149633 -1.149633 0.297401 0.240000 3.218880 0.951611
-1.016672 -1.016672 -1.347177 -1.347177 0.302908 0.247938 3.218880 0.948074
-1.013498 -1.013498 -0.951633 -0.951633 0.305703 0.245131 3.218880 0.953969
-1.035339 -1.035339 -1.587474 -1.587474 0.305732 0.261770 3.218880 0.953050
-1.021070 -1.021070 -1.091972 -1.091972 0.304904 0.247497 3.218880 0.950595
-1.002031 -1.002031 -1.304586 -1.304586 0.306044 0.244268 3.218880 0.943888
-1.010682 -1.010682 -1.588980 -1.588980 0.317056 0.288994 3.208409 0.935315
-1.015681 -1.015681 -1.009207 -1.009207 0.300151 0.243967 3.218880 0.946661
-1.006549 -1.006549 -1.188018 -1.188018 0.303799 0.244128 3.218880 0.943043
-1.027440 -1.027440 -1.350592 -1.350592 0.306916 0.249480 3.218880 0.951193
-1.019423 -1.019423 -1.511077 -1.511077 0.309129 0.261761 3.218880 0.950007
-1.021130 -1.021130 -0.900349 -0.900349 0.308675 0.247914 3.218880 0.951828
-1.027629 -1.027629 -1.131017 -1.131017 0.305985 0.247302 3.218880 0.955076
-1.024242 -1.024242 -0.967318 -0.967318 0.307772 0.246101 3.218880 0.954229
-1.042593 -1.042593 -0.936475 -0.936475 0.303010 0.244182 3.218880 0.952224
-1.023235 -1.023235 -1.136403 -1.136403 0.308370 0.250188 3.218880 0.955561
-1.015171 -1.015171 -1.126608 -1.126608 0.299818 0.244352 3.218880 0.954710
-1.016558 -1.016558 -1.203979 -1.203979 0.304034 0.249186 3.218880 0.953370
-1.030962 -1.030962 -1.235753 -1.235753 0.306247 0.246386 3.218880 0.946602
-0.997852 -0.997852 -1.167413 -1.167413 0.299298 0.243801 3.218880 0.952728
-1.052111 -1.052111 -1.475730 -1.475730 0.316000 0.273299 3.218880 0.941452
-1.009811 -1.009811 -1.264921 -1.264921 0.312315 0.259091 3.218880 0.943637
-1.015060 -1.015060 -1.318514 -1.318514 0.300737 0.247290 3.218880 0.955161
-1.025190 -1.025190 -1.028909 -1.028909 0.310197 0.249124 3.218880 0.948916
-1.023626 -1.023626 -1.221727 -1.221727 0.316987 0.264327 3.218880 0.944914
-1.018475 -1.018475 -1.510820 -1.510820 0.303855 0.249194 3.218880 0.952539
-1.033496 -1.033496 -1.109378 -1.109378 0.299478 0.245342 3.218880 0.952653
-1.015331 -1.015331 -1.694107 -1.694107 0.313094 0.289002 3.215789 0.950442
-1.026139 -1.026139 -0.970282 -0.970282 0.309771 0.249832 3.218880 0.953484
-1.027771 -1.027771 -0.958518 -0.958518 0.303963 0.243745 3.218880 0.947391
-1.040863 -1.040863 -1.406910 -1.406910 0.302585 0.245508 3.218880 0.942115
-1.030267 -1.030267 -1.139052 -1.139052 0.309676 0.249047 3.218880 0.944338
