-0.970746 -0.970746 -0.951482 -0.951482 0.327142 0.289323 3.218880 0.923106
-1.054937 -1.054937 -1.059607 -1.059607 0.316470 0.284641 3.218880 0.928164
-0.978260 -0.978260 -0.972437 -0.972437 0.313349 0.248439 3.218880 0.956045
-0.988352 -0.988352 -1.240979 -1.240979 0.311171 0.251600 3.101050 0.959608
-1.031208 -1.031208 -1.180138 -1.180138 0.323302 0.308853 3.218880 0.932132
-1.055350 -1.055350 -0.995139 -0.995139 0.292564 0.240000 3.218880 0.950461
-1.007878 -1.007878 -0.836086 -0.836086 0.303786 0.243327 3.181480 0.957734
-0.952273 -0.952273 -1.186180 -1.186180 0.307579 0.248705 3.218880 0.947694
-0.984425 -0.984425 -0.970340 -0.970340 0.301487 0.241437 3.086749 0.963151
-1.049379 -1.049379 -1.098066 -1.098066 0.293715 0.241253 3.218880 0.954440
-1.034336 -1.034336 -0.998324 -0.998324 0.296318 0.240000 3.218880 0.943229
-0.978104 -0.978104 -0.979866 -0.979866 0.302394 0.243325 3.054741 0.960638
-0.967716 -0.967716 -0.752761 -0.752761 0.320646 0.253438 3.108473 0.954157
-0.916266 -0.916266 -1.159742 -1.159742 0.319080 0.250330 3.139967 0.956887
-1.060724 -1.060724 -1.178091 -1.178091 0.320192 0.317296 3.218880 0.937814
-1.021547 -1.021547 -1.035508 -1.035508 0.305240 0.247689 3.218880 0.939114
-1.094537 -1.094537 -0.960469 -0.960469 0.306827 0.291939 3.218880 0.926176
-1.014391 -1.014391 -1.106736 -1.106736 0.305607 0.246471 3.218880 0.945519
-0.993573 -0.993573 -1.048221 -1.048221 0.310410 0.254206 3.218880 0.933687
-0.988090 -0.988090 -1.058101 -1.058101 0.328717 0.280144 3.218880 0.924733
-1.026254 -1.026254 -1.151863 -1.151863 0.292883 0.240000 3.127657 0.961966
-0.984066 -0.984066 -0.964249 -0.964249 0.308585 0.247100 3.082114 0.960577
-1.009735 -1.009735 -1.017591 -1.017591 0.304161 0.246073 3.218880 0.945639
-0.996805 -0.996805 -0.970411 -0.970411 0.307604 0.243328 3.177304 0.957511
-1.051440 -1.051440 -1.213352 -1.213352 0.303562 0.245554 3.218880 0.936699
-0.979509 -0.979509 -1.227457 -1.227457 0.306531 0.247286 3.170019 0.958367
-0.941075 -0.941075 -1.186292 -1.186292 0.317705 0.252651 3.218880 0.946382
-0.973410 -0.973410 -1.098954 -1.098954 0.321342 0.262103 3.218880 0.939398
-1.071365 -1.071365 -0.705494 -0.705494 0.324700 0.298252 3.218880 0.923757
-1.026280 -1.026280 -1.212974 -1.212974 0.321163 0.289566 3.218880 0.928896
-1.039219 -1.039219 -0.756027 -0.756027 0.297641 0.240000 3.194599 0.957058
-0.932925 -0.932925 -1.104835 -1.104835 0.315212 0.246486 3.218880 0.948253
-0.882389 -0.882389 -1.269872 -1.269872 0.340631 0.274804 3.218880 0.923217
-1.030450 -1.030450 -0.921622 -0.921622 0.300794 0.240000 3.218880 0.955375
-0.959299 -0.959299 -1.186682 -1.186682 0.311096 0.250745 3.218880 0.941424
-0.978178 -0.978178 -1.235048 -1.235048 0.326147 0.296192 3.218880 0.929398
-1.011091 -1.011091 -1.254545 -1.254545 0.320076 0.277169 3.218880 0.930421
-0.985575 -0.985575 -1.292560 -1.292560 0.317309 0.257876 3.218880 0.929495
-1.050535 -1.050535 -1.219003 -1.219003 0.320427 0.318564 3.218880 0.928283
-1.007754 -1.007754 -1.284049 -1.284049 0.325032 0.315487 3.218880 0.928072
-0.875262 -0.875262 -1.135036 -1.135036 0.368409 0.322981 3.218880 0.916828
-0.977567 -0.977567 -1.060752 -1.060752 0.324611 0.266170 3.218880 0.930935
-0.998569 -0.998569 -1.109147 -1.109147 0.310265 0.252353 3.155381 0.948685
-1.023394 -1.023394 -0.844948 -0.844948 0.297879 0.240000 3.218880 0.958209
-0.936145 -0.936145 -1.291853 -1.291853 0.308391 0.245917 3.140677 0.959128
-1.034664 -1.034664 -0.771460 -0.771460 0.311548 0.252810 3.042249 0.960417
-0.944604 -0.944604 -1.034104 -1.034104 0.319026 0.251729 3.088408 0.948288
-0.961642 -0.961642 -0.913400 -0.913400 0.335740 0.272007 3.218880 0.926002
-0.988078 -0.988078 -1.227735 -1.227735 0.315811 0.261775 3.218880 0.937952
-0.953476 -0.953476 -0.941648 -0.941648 0.312628 0.248370 3.149419 0.963241
-0.954542 -0.954542 -0.971980 -0.971980 0.314453 0.246838 3.218880 0.944662
-0.953873 -0.953873 -1.290059 -1.290059 0.308012 0.245466 3.179747 0.958752
-0.971484 -0.971484 -1.099050 -1.099050 0.315953 0.252010 3.218880 0.952465
-1.032542 -1.032542 -0.923706 -0.923706 0.315113 0.275573 3.218880 0.927322
-0.994240 -0.994240 -1.239703 -1.239703 0.301842 0.241710 3.175068 0.959038
-0.965982 -0.965982 -1.134040 -1.134040 0.307405 0.248160 3.102273 0.958690
