-0.990926 -0.990926 -0.929879 -0.929879 0.304858 0.241974 3.218880 0.948938
-1.030472 -1.030472 -1.061267 -1.061267 0.298542 0.242401 3.218880 0.957165
-1.027071 -1.027071 -1.061774 -1.061774 0.297748 0.240000 3.218880 0.951524
-1.011891 -1.011891 -1.123026 -1.123026 0.300733 0.244221 3.218880 0.953732
-1.016263 -1.016263 -1.285825 -1.285825 0.314368 0.267488 3.218880 0.944655
-1.039106 -1.039106 -1.211909 -1.211909 0.315039 0.266778 3.218880 0.938121
-1.022474 -1.022474 -1.105821 -1.105821 0.297964 0.240040 3.218880 0.951011
-1.041565 -1.041565 -1.200062 -1.200062 0.302992 0.244840 3.218880 0.942930
-1.004512 -1.004512 -1.056826 -1.056826 0.303164 0.244200 3.218880 0.949904
-1.009922 -1.009922 -1.437239 -1.437239 0.303638 0.244513 3.218880 0.941075
-1.037102 -1.037102 -1.445001 -1.445001 0.310652 0.265781 3.218880 0.943545
-1.014990 -1.014990 -1.158264 -1.158264 0.304022 0.245728 3.218880 0.945270
-1.028187 -1.028187 -0.994777 -0.994777 0.302135 0.243906 3.218880 0.946280
-1.011609 -1.011609 -1.443103 -1.443103 0.303998 0.245527 3.218880 0.948357
-1.014659 -1.014659 -0.949452 -0.949452 0.304979 0.241031 3.218880 0.948089
-1.035258 -1.035258 -1.185295 -1.185295 0.304035 0.244720 3.218880 0.936463
-1.024277 -1.024277 -1.328922 -1.328922 0.304507 0.246847 3.218880 0.946284
-1.054145 -1.054145 -1.194463 -1.194463 0.309718 0.277708 3.210632 0.944484
-1.022617 -1.022617 -1.712998 -1.712998 0.313579 0.276963 3.218880 0.946096
-1.001708 -1.001708 -1.335691 -1.335691 0.302222 0.245061 3.218880 0.947533
-1.024428 -1.024428 -1.165273 -1.165273 0.304446 0.246992 3.218880 0.957126
-1.039923 -1.039923 -1.081110 -1.081110 0.303813 0.247066 3.218880 0.948117
-1.033115 -1.033115 -1.026856 -1.026856 0.301361 0.242079 3.218880 0.953687
-1.037300 -1.037300 -1.221985 -1.221985 0.299378 0.243574 3.218880 0.947437
-1.034168 -1.034168 -0.987063 -0.987063 0.307922 0.247510 3.218880 0.950943
-1.024592 -1.024592 -1.208903 -1.208903 0.310400 0.253090 3.218880 0.950336
-1.018368 -1.018368 -1.090319 -1.090319 0.303630 0.240503 3.218880 0.946868
-1.028523 -1.028523 -1.123197 -1.123197 0.302441 0.247882 3.218880 0.955216
-1.010598 -1.010598 -1.209065 -1.209065 0.308558 0.248239 3.218880 0.950508
-1.016857 -1.016857 -0.968375 -0.968375 0.303212 0.242549 3.218880 0.955220
-1.029862 -1.029862 -1.015600 -1.015600 0.304958 0.244417 3.218880 0.950067
-1.043805 -1.043805 -1.188049 -1.188049 0.303904 0.245913 3.218880 0.940528
-1.019627 -1.019627 -1.317835 -1.317835 0.308025 0.250282 3.218880 0.950084
-1.006774 -1.006774 -1.444603 -1.444603 0.299826 0.245963 3.218880 0.954082
-1.021943 -1.021943 -1.199232 -1.199232 0.303906 0.247472 3.218880 0.949167
-1.029293 -1.029293 -1.130060 -1.130060 0.301938 0.247200 3.218880 0.952042
-1.013016 -1.013016 -1.133425 -1.133425 0.305837 0.250522 3.218880 0.955071
-1.014758 -1.014758 -1.144576 -1.144576 0.309856 0.247915 3.218880 0.948544
-1.027991 -1.027991 -1.348634 -1.348634 0.308013 0.253848 3.218880 0.953766
-1.029041 -1.029041 -1.209293 -1.209293 0.309911 0.252005 3.218880 0.943639
-1.003802 -1.003802 -1.193279 -1.193279 0.304992 0.249981 3.218880 0.950894
-1.044971 -1.044971 -1.082342 -1.082342 0.302076 0.241350 3.218880 0.948249
-1.052284 -1.052284 -1.217101 -1.217101 0.313107 0.268911 3.218880 0.953699
-1.029289 -1.029289 -1.267232 -1.267232 0.299145 0.244771 3.218880 0.949425
-1.000358 -1.000358 -1.100102 -1.100102 0.309277 0.250840 3.218837 0.949830
-1.014098 -1.014098 -1.168762 -1.168762 0.302243 0.244364 3.218880 0.944655
-1.025724 -1.025724 -1.141222 -1.141222 0.302649 0.244837 3.218880 0.949217
-1.031284 -1.031284 -1.376037 -1.376037 0.302261 0.245161 3.218880 0.942939
-1.001063 -1.001063 -1.128664 -1.128664 0.305709 0.246714 3.218880 0.954617
-1.033947 -1.033947 -1.339154 -1.339154 0.300026 0.241319 3.218880 0.947568
-1.028122 -1.028122 -1.477962 -1.477962 0.308126 0.262914 3.218707 0.944646
-1.015018 -1.015018 -1.220214 -1.220214 0.301259 0.243542 3.218880 0.951244
-0.974187 -0.974187 -1.226238 -1.226238 0.300418 0.241693 3.218880 0.953456
-1.021621 -1.021621 -1.029294 -1.029294 0.302069 0.240412 3.218880 0.951055
-1.011936 -1.011936 -1.247856 -1.247856 0.302864 0.241311 3.218880 0.950819
-1.037490 -1.037490 -1.412642 -1.412642 0.305956 0.260830 3.218880 0.948665
