-1.009755 -1.009755 -1.312389 -1.312389 0.303734 0.244403 3.218880 0.946468
-1.027528 -1.027528 -1.068104 -1.068104 0.311479 0.247795 3.218880 0.936991
-1.036534 -1.036534 -1.251179 -1.251179 0.305196 0.245706 3.218880 0.944398
-1.005880 -1.005880 -1.015267 -1.015267 0.301892 0.241033 3.218880 0.947101
-1.028639 -1.028639 -1.295067 -1.295067 0.305411 0.247420 3.218880 0.944179
-1.007368 -1.007368 -1.106853 -1.106853 0.304033 0.243862 3.218880 0.952154
-1.024836 -1.024836 -1.246424 -1.246424 0.305580 0.255593 3.218804 0.953818
-1.027416 -1.027416 -1.530417 -1.530417 0.301709 0.248411 3.218880 0.953723
-0.981034 -0.981034 -1.125449 -1.125449 0.307584 0.246775 3.218880 0.953177
-1.027442 -1.027442 -1.490222 -1.490222 0.296897 0.241038 3.218880 0.940562
-1.005305 -1.005305 -1.563852 -1.563852 0.302499 0.245169 3.218880 0.946334
-1.024904 -1.024904 -1.032629 -1.032629 0.299964 0.240000 3.218880 0.958032
-1.015611 -1.015611 -1.026145 -1.026145 0.304821 0.245490 3.218880 0.950257
-1.017604 -1.017604 -1.161333 -1.161333 0.310039 0.257142 3.218880 0.949504
-1.049116 -1.049116 -1.388856 -1.388856 0.308503 0.248593 3.218880 0.944109
-0.992305 -0.992305 -1.024786 -1.024786 0.306230 0.245614 3.218880 0.956449
-1.003990 -1.003990 -1.269008 -1.269008 0.308199 0.249683 3.218880 0.953408
-1.015284 -1.015284 -1.490251 -1.490251 0.301709 0.241135 3.218880 0.943770
-1.010509 -1.010509 -1.341244 -1.341244 0.303341 0.247598 3.218880 0.954663
-1.001231 -1.001231 -1.382085 -1.382085 0.299190 0.240000 3.218880 0.952819
-1.011751 -1.011751 -1.160715 -1.160715 0.319128 0.267375 3.218880 0.951503
-1.003337 -1.003337 -0.909226 -0.909226 0.306279 0.244817 3.218880 0.957206
-0.993710 -0.993710 -1.182808 -1.182808 0.301667 0.246362 3.218880 0.958243
-1.044297 -1.044297 -1.311722 -1.311722 0.311540 0.285990 3.217840 0.950913
-1.009930 -1.009930 -1.126629 -1.126629 0.301627 0.244278 3.218880 0.958824
-1.046044 -1.046044 -1.194618 -1.194618 0.312339 0.269755 3.218880 0.946558
-1.025182 -1.025182 -1.083125 -1.083125 0.300145 0.240000 3.218880 0.943332
-1.043823 -1.043823 -1.055925 -1.055925 0.308266 0.247026 3.218880 0.949023
-0.974779 -0.974779 -1.260928 -1.260928 0.304764 0.246149 3.218880 0.951554
-1.009810 -1.009810 -1.254682 -1.254682 0.306361 0.248416 3.218880 0.951197
-1.018395 -1.018395 -1.307159 -1.307159 0.308007 0.248857 3.218880 0.951487
-1.002531 -1.002531 -1.118618 -1.118618 0.308126 0.248039 3.218880 0.948542
-1.003092 -1.003092 -1.269194 -1.269194 0.306499 0.246805 3.218880 0.943606
-1.007024 -1.007024 -1.059071 -1.059071 0.309177 0.250846 3.218880 0.948711
-1.031133 -1.031133 -1.439878 -1.439878 0.302044 0.245861 3.218880 0.954749
-0.991606 -0.991606 -0.887255 -0.887255 0.305016 0.244381 3.218880 0.951986
-1.023321 -1.023321 -1.194354 -1.194354 0.311849 0.253844 3.218880 0.941261
-1.007967 -1.007967 -1.282496 -1.282496 0.308962 0.248361 3.218880 0.944641
-1.022094 -1.022094 -0.959848 -0.959848 0.309963 0.249227 3.218880 0.943259
-1.009300 -1.009300 -1.130672 -1.130672 0.303720 0.242515 3.218880 0.947157
-1.014600 -1.014600 -1.137493 -1.137493 0.301852 0.246372 3.218880 0.953869
-1.022231 -1.022231 -1.233947 -1.233947 0.311320 0.265578 3.215435 0.954916
-1.018788 -1.018788 -1.237345 -1.237345 0.317494 0.280079 3.207461 0.952589
-1.025116 -1.025116 -1.093399 -1.093399 0.308303 0.245353 3.218880 0.945360
-1.017945 -1.017945 -0.972948 -0.972948 0.309294 0.248330 3.218880 0.946914
-1.012120 -1.012120 -1.291628 -1.291628 0.318922 0.280090 3.217477 0.944379
-1.028528 -1.028528 -1.179826 -1.179826 0.302403 0.241748 3.218880 0.948043
-1.019654 -1.019654 -1.220845 -1.220845 0.307071 0.244902 3.218880 0.948810
-1.038714 -1.038714 -1.200052 -1.200052 0.311752 0.265382 3.218880 0.943805
-1.009001 -1.009001 -1.434049 -1.434049 0.312041 0.266730 3.218880 0.943852
-1.037214 -1.037214 -1.171559 -1.171559 0.303631 0.240338 3.218880 0.942286
-1.020306 -1.020306 -1.256738 -1.256738 0.316339 0.263570 3.218880 0.944990
-1.009067 -1.009067 -1.177539 -1.177539 0.299658 0.242831 3.218880 0.954242
-1.002666 -1.002666 -1.317452 -1.317452 0.316289 0.266990 3.218880 0.950236
-1.028922 -1.028922 -0.861513 -0.861513 0.303708 0.242920 3.218880 0.955649
-1.014500 -1.014500 -1.183253 -1.183253 0.303546 0.249768 3.218880 0.943341
