-1.023337 -1.023337 -1.271907 -1.271907 0.296096 0.243967 3.218880 0.949425
-1.041541 -1.041541 -1.336516 -1.336516 0.300941 0.246420 3.218880 0.943969
-1.047215 -1.047215 -1.073945 -1.073945 0.312794 0.267015 3.218880 0.946699
-1.040373 -1.040373 -1.432696 -1.432696 0.315518 0.273255 3.218880 0.945838
-0.997681 -0.997681 -1.087211 -1.087211 0.308029 0.248680 3.218880 0.954477
-1.030002 -1.030002 -1.439205 -1.439205 0.310649 0.274212 3.218880 0.955486
-1.010564 -1.010564 -1.054072 -1.054072 0.304350 0.244393 3.218880 0.951180
-1.047660 -1.047660 -1.365012 -1.365012 0.312108 0.278039 3.215728 0.952611
-1.039504 -1.039504 -1.181030 -1.181030 0.297664 0.241348 3.218880 0.947745
-1.001337 -1.001337 -1.449273 -1.449273 0.306424 0.248263 3.218880 0.943162
-1.004733 -1.004733 -1.033069 -1.033069 0.299947 0.242227 3.218880 0.954666
-1.030796 -1.030796 -1.181013 -1.181013 0.299995 0.241110 3.218880 0.951496
-1.017379 -1.017379 -1.554788 -1.554788 0.311454 0.266073 3.218880 0.942826
-1.036227 -1.036227 -0.881787 -0.881787 0.304372 0.245814 3.218880 0.952543
-0.990391 -0.990391 -1.163647 -1.163647 0.303193 0.240003 3.218880 0.952570
-1.022817 -1.022817 -1.107291 -1.107291 0.299911 0.243281 3.218880 0.947147
-1.032171 -1.032171 -1.176717 -1.176717 0.308030 0.251857 3.218880 0.944377
-1.012898 -1.012898 -1.432028 -1.432028 0.308745 0.263492 3.218880 0.948511
-1.012930 -1.012930 -1.097513 -1.097513 0.305941 0.245092 3.218880 0.954376
-1.030605 -1.030605 -1.160434 -1.160434 0.300936 0.245556 3.218880 0.956421
-1.035667 -1.035667 -1.492172 -1.492172 0.318877 0.301565 3.190000 0.942582
-1.015453 -1.015453 -1.084454 -1.084454 0.298644 0.240000 3.218880 0.956461
-1.009779 -1.009779 -1.249615 -1.249615 0.298739 0.240602 3.218880 0.950847
-0.987481 -0.987481 -0.933846 -0.933846 0.299571 0.240000 3.218880 0.960751
-0.991049 -0.991049 -0.895132 -0.895132 0.308712 0.244591 3.218880 0.950939
-1.022372 -1.022372 -1.085356 -1.085356 0.298408 0.244077 3.218880 0.953396
-1.032858 -1.032858 -1.254372 -1.254372 0.307583 0.249781 3.218880 0.943794
-1.000185 -1.000185 -0.901270 -0.901270 0.299496 0.240143 3.218880 0.956393
-1.009126 -1.009126 -1.176442 -1.176442 0.301781 0.245024 3.218880 0.957486
-1.036560 -1.036560 -1.285074 -1.285074 0.306841 0.250318 3.218880 0.945000
-1.034698 -1.034698 -1.080518 -1.080518 0.301840 0.242891 3.218880 0.951914
-1.011340 -1.011340 -1.049561 -1.049561 0.302744 0.242798 3.218880 0.952677
-1.019377 -1.019377 -0.871687 -0.871687 0.300843 0.240031 3.218880 0.953430
-1.025740 -1.025740 -1.007779 -1.007779 0.309661 0.249693 3.218880 0.953738
-1.036138 -1.036138 -0.981088 -0.981088 0.298760 0.242101 3.218880 0.955714
-1.021290 -1.021290 -1.105544 -1.105544 0.306518 0.248607 3.218880 0.953608
-1.015655 -1.015655 -1.333258 -1.333258 0.302972 0.243903 3.218880 0.942637
-1.031281 -1.031281 -1.279416 -1.279416 0.315578 0.267263 3.218880 0.943550
-1.027897 -1.027897 -1.232118 -1.232118 0.303834 0.247512 3.218880 0.946479
-1.021635 -1.021635 -1.197979 -1.197979 0.308594 0.248590 3.218880 0.942574
-1.029958 -1.029958 -1.249068 -1.249068 0.304845 0.247201 3.218880 0.944448
-1.056205 -1.056205 -0.909439 -0.909439 0.305520 0.244079 3.218880 0.945722
-1.027424 -1.027424 -1.214265 -1.214265 0.307621 0.247674 3.218880 0.944581
-0.996496 -0.996496 -1.254760 -1.254760 0.303930 0.245340 3.218880 0.947706
-1.005758 -1.005758 -1.585929 -1.585929 0.310589 0.260451 3.218880 0.951116
-0.984560 -0.984560 -1.285433 -1.285433 0.300136 0.244971 3.218880 0.956767
-1.027675 -1.027675 -1.068976 -1.068976 0.302951 0.248595 3.216686 0.958697
-0.996950 -0.996950 -1.149999 -1.149999 0.299754 0.240000 3.218880 0.951267
-1.021581 -1.021581 -1.018172 -1.018172 0.297348 0.240000 3.218880 0.954226
-1.000684 -1.000684 -0.914045 -0.914045 0.304893 0.242900 3.218880 0.951033
-1.052690 -1.052690 -1.132939 -1.132939 0.303215 0.256945 3.218880 0.948447
-0.982544 -0.982544 -1.137789 -1.137789 0.309738 0.250199 3.218880 0.953618
-1.039900 -1.039900 -1.242301 -1.242301 0.311082 0.256882 3.218880 0.943964
-1.020951 -1.020951 -1.122446 -1.122446 0.303825 0.247422 3.218880 0.952073
-1.040866 -1.040866 -1.454510 -1.454510 0.314215 0.273012 3.218880 0.942692
-0.993741 -0.993741 -1.167189 -1.167189 0.304560 0.242378 3.218880 0.950614
