-1.015876 -1.015876 -0.860857 -0.860857 0.298977 0.240000 3.218880 0.957364
-1.018645 -1.018645 -1.437891 -1.437891 0.303997 0.249043 3.218880 0.945144
-0.994499 -0.994499 -1.284590 -1.284590 0.303176 0.246356 3.218880 0.950029
-1.013073 -1.013073 -0.883955 -0.883955 0.304381 0.242660 3.218880 0.955441
-1.002291 -1.002291 -1.024962 -1.024962 0.308837 0.244876 3.218880 0.947246
-0.996398 -0.996398 -1.313479 -1.313479 0.300874 0.242736 3.218880 0.947750
-1.024548 -1.024548 -1.115001 -1.115001 0.303344 0.244909 3.218880 0.954921
-1.021872 -1.021872 -1.082949 -1.082949 0.305263 0.242563 3.218880 0.947420
-1.005879 -1.005879 -1.036849 -1.036849 0.304678 0.247985 3.218880 0.948018
-1.010439 -1.010439 -1.211790 -1.211790 0.304197 0.243639 3.218880 0.944515
-1.030017 -1.030017 -1.109695 -1.109695 0.302526 0.243934 3.218880 0.944098
-0.995166 -0.995166 -1.105621 -1.105621 0.299776 0.240000 3.218880 0.958361
-1.042652 -1.042652 -1.417873 -1.417873 0.315362 0.272181 3.218880 0.944988
-1.012143 -1.012143 -1.457844 -1.457844 0.310563 0.264556 3.218880 0.939026
-0.998978 -0.998978 -1.229648 -1.229648 0.299464 0.244015 3.218880 0.957858
-1.026668 -1.026668 -1.362124 -1.362124 0.312164 0.264936 3.218880 0.945752
-1.037898 -1.037898 -1.136792 -1.136792 0.304985 0.245889 3.218880 0.949956
-1.011515 -1.011515 -1.003764 -1.003764 0.299143 0.240279 3.218880 0.958223
-1.004664 -1.004664 -1.124000 -1.124000 0.306209 0.245640 3.218880 0.950753
-1.007588 -1.007588 -1.115318 -1.115318 0.302248 0.246598 3.218880 0.954722
-1.036697 -1.036697 -1.012002 -1.012002 0.300149 0.245977 3.218880 0.954913
-1.018217 -1.018217 -1.061186 -1.061186 0.303858 0.243723 3.218880 0.952315
-1.007850 -1.007850 -1.150269 -1.150269 0.299666 0.244144 3.218673 0.955599
-1.016455 -1.016455 -1.502951 -1.502951 0.313746 0.282953 3.218347 0.948127
-0.990808 -0.990808 -1.222073 -1.222073 0.303613 0.245698 3.218880 0.949847
-1.005506 -1.005506 -1.078565 -1.078565 0.303538 0.240049 3.218880 0.950800
-1.020673 -1.020673 -1.143264 -1.143264 0.314732 0.252811 3.218880 0.945064
-1.058486 -1.058486 -1.473649 -1.473649 0.307743 0.266828 3.218880 0.945527
-1.005976 -1.005976 -1.174432 -1.174432 0.309791 0.251054 3.218880 0.947709
-1.002124 -1.002124 -1.144085 -1.144085 0.303349 0.244162 3.218880 0.954715
-1.034144 -1.034144 -0.927638 -0.927638 0.306083 0.245840 3.218880 0.949274
-1.013817 -1.013817 -1.129379 -1.129379 0.303435 0.245071 3.218880 0.953557
-1.024387 -1.024387 -1.175108 -1.175108 0.305748 0.246611 3.218880 0.949852
-1.058708 -1.058708 -0.956717 -0.956717 0.312922 0.263840 3.218880 0.945613
-1.012588 -1.012588 -0.864451 -0.864451 0.305417 0.242621 3.218880 0.955767
-1.004820 -1.004820 -0.983640 -0.983640 0.300979 0.240000 3.218880 0.951387
-1.039737 -1.039737 -1.259060 -1.259060 0.307657 0.256415 3.218880 0.946104
-1.021436 -1.021436 -1.150780 -1.150780 0.303032 0.246903 3.218880 0.954573
-1.041049 -1.041049 -1.359685 -1.359685 0.304018 0.246426 3.218880 0.942502
-1.045282 -1.045282 -1.102713 -1.102713 0.305891 0.247187 3.218880 0.944346
-1.011266 -1.011266 -1.327526 -1.327526 0.308824 0.251175 3.218880 0.951805
-1.001608 -1.001608 -0.914908 -0.914908 0.303692 0.240025 3.218880 0.956257
-1.032318 -1.032318 -0.876970 -0.876970 0.305332 0.243448 3.218880 0.947881
-0.997012 -0.997012 -1.284028 -1.284028 0.307871 0.246224 3.218880 0.943782
-1.020928 -1.020928 -1.277360 -1.277360 0.304552 0.247171 3.218880 0.941446
-1.008737 -1.008737 -1.649869 -1.649869 0.304782 0.253383 3.218827 0.947436
-1.047790 -1.047790 -1.139099 -1.139099 0.301992 0.246300 3.218880 0.945649
-0.994283 -0.994283 -1.358597 -1.358597 0.315093 0.259703 3.218880 0.942509
-1.017653 -1.017653 -1.217126 -1.217126 0.301584 0.243096 3.218880 0.950637
-1.015802 -1.015802 -1.526609 -1.526609 0.305973 0.248881 3.218880 0.948552
-1.010694 -1.010694 -0.912922 -0.912922 0.303260 0.242018 3.218880 0.952408
-0.999973 -0.999973 -1.180675 -1.180675 0.306450 0.249314 3.214605 0.949209
-1.018174 -1.018174 -1.031474 -1.031474 0.311228 0.262313 3.218035 0.948773
-1.048517 -1.048517 -1.091484 -1.091484 0.315793 0.270017 3.218880 0.951451
-1.029176 -1.029176 -1.244786 -1.244786 0.303341 0.246196 3.218880 0.951107
-1.010613 -1.010613 -1.205063 -1.205063 0.315035 0.265451 3.218548 0.953932
