-1.045917 -1.045917 -1.122253 -1.122253 0.317592 0.272152 3.218880 0.958015
-1.006276 -1.006276 -1.363488 -1.363488 0.303684 0.242632 3.218880 0.945459
-1.001412 -1.001412 -1.184791 -1.184791 0.302843 0.240007 3.218880 0.945743
-1.028838 -1.028838 -1.305800 -1.305800 0.296682 0.240020 3.218880 0.946201
-0.996647 -0.996647 -0.994729 -0.994729 0.304375 0.240000 3.218880 0.946166
-1.060385 -1.060385 -1.237676 -1.237676 0.316105 0.287480 3.207662 0.943718
-1.027579 -1.027579 -1.014838 -1.014838 0.300798 0.240000 3.218880 0.948333
-1.032849 -1.032849 -1.096782 -1.096782 0.303486 0.246958 3.218880 0.953471
-1.000478 -1.000478 -1.486145 -1.486145 0.313820 0.275541 3.218880 0.949509
-1.015750 -1.015750 -1.247140 -1.247140 0.301373 0.240000 3.218880 0.942494
-1.023714 -1.023714 -1.154632 -1.154632 0.302727 0.240000 3.218880 0.943982
-1.059967 -1.059967 -1.349766 -1.349766 0.314106 0.268980 3.218880 0.942187
-1.004122 -1.004122 -1.280680 -1.280680 0.299258 0.240000 3.218880 0.941553
-1.063819 -1.063819 -1.143664 -1.143664 0.322457 0.302312 3.198764 0.951096
-1.022010 -1.022010 -1.069697 -1.069697 0.303275 0.240000 3.218880 0.950208
-1.010370 -1.010370 -1.099406 -1.099406 0.307027 0.242624 3.218880 0.948743
-1.031156 -1.031156 -1.295851 -1.295851 0.320920 0.290289 3.195545 0.946767
-1.027127 -1.027127 -1.654764 -1.654764 0.311270 0.256036 3.218880 0.945604
-1.038603 -1.038603 -1.273099 -1.273099 0.297650 0.240000 3.218880 0.947806
-0.997207 -0.997207 -1.161113 -1.161113 0.301760 0.240033 3.218880 0.942992
-1.027388 -1.027388 -1.142238 -1.142238 0.298424 0.240000 3.218880 0.951456
-1.033814 -1.033814 -1.388078 -1.388078 0.304831 0.242812 3.218880 0.940035
-1.008632 -1.008632 -1.434482 -1.434482 0.309637 0.250717 3.218880 0.941655
-0.985141 -0.985141 -1.174490 -1.174490 0.300518 0.240001 3.218880 0.952817
-1.031774 -1.031774 -1.235172 -1.235172 0.297706 0.240000 3.218880 0.949116
-0.999234 -0.999234 -1.063829 -1.063829 0.297740 0.240000 3.218880 0.955955
-1.033188 -1.033188 -1.303090 -1.303090 0.304856 0.244952 3.218880 0.936224
-1.028054 -1.028054 -1.435844 -1.435844 0.312184 0.259227 3.218880 0.944824
-1.001990 -1.001990 -1.089295 -1.089295 0.299922 0.240000 3.218880 0.952298
-1.036220 -1.036220 -0.943703 -0.943703 0.298244 0.240000 3.218880 0.954764
-1.030835 -1.030835 -1.033829 -1.033829 0.308132 0.245615 3.218880 0.949839
-0.991465 -0.991465 -1.656837 -1.656837 0.313793 0.277575 3.218880 0.943678
-1.017947 -1.017947 -1.604389 -1.604389 0.309313 0.252410 3.218880 0.938509
-1.018150 -1.018150 -1.212746 -1.212746 0.303613 0.242922 3.218880 0.951872
-1.041755 -1.041755 -1.119545 -1.119545 0.297279 0.240000 3.218880 0.944144
-1.032021 -1.032021 -1.082449 -1.082449 0.301463 0.241167 3.218880 0.946866
-1.012097 -1.012097 -1.133745 -1.133745 0.304178 0.244319 3.218880 0.946521
-1.011407 -1.011407 -1.231035 -1.231035 0.301380 0.240000 3.218880 0.946860
-0.997674 -0.997674 -1.071360 -1.071360 0.301023 0.240022 3.218880 0.954220
-1.052976 -1.052976 -1.548554 -1.548554 0.312470 0.300948 3.216722 0.954008
-1.014790 -1.014790 -1.264849 -1.264849 0.306007 0.242710 3.218880 0.948806
-1.018667 -1.018667 -1.117234 -1.117234 0.312245 0.256862 3.218880 0.948547
-1.025069 -1.025069 -1.318267 -1.318267 0.317017 0.282131 3.218880 0.947108
-1.025220 -1.025220 -1.144378 -1.144378 0.304603 0.240239 3.218880 0.949925
-1.022703 -1.022703 -1.234952 -1.234952 0.303821 0.240054 3.218880 0.938437
-1.033424 -1.033424 -0.933404 -0.933404 0.303148 0.241187 3.218880 0.944237
-1.037980 -1.037980 -1.226232 -1.226232 0.300980 0.240000 3.218880 0.945580
-1.008814 -1.008814 -1.243790 -1.243790 0.306413 0.249070 3.218880 0.953290
-1.012787 -1.012787 -1.027515 -1.027515 0.299808 0.240000 3.218880 0.955407
-0.997166 -0.997166 -1.044111 -1.044111 0.303377 0.240019 3.218880 0.944157
-1.043846 -1.043846 -1.021927 -1.021927 0.298705 0.240000 3.218880 0.948729
-1.030409 -1.030409 -0.995816 -0.995816 0.303156 0.240575 3.218880 0.952999
-1.008914 -1.008914 -0.898513 -0.898513 0.300476 0.240000 3.218880 0.955590
-1.034050 -1.034050 -1.438072 -1.438072 0.300552 0.241852 3.218880 0.941672
-1.028582 -1.028582 -1.263782 -1.263782 0.301066 0.244162 3.218880 0.947833
-1.028286 -1.028286 -1.374417 -1.374417 0.299956 0.240309 3.218880 0.942435
-1.015065 -1.015065 -0.953137 -0.953137 0.306056 0.240000 3.218880 0.946675
-1.012210 -1.012210 -1.340756 -1.340756 0.307085 0.245013 3.218880 0.943246
-1.028156 -1.028156 -1.090216 -1.090216 0.297882 0.240000 3.218880 0.946806
-1.008471 -1.008471 -0.973240 -0.973240 0.299388 0.240000 3.218880 0.952485
-0.992169 -0.992169 -1.146873 -1.146873 0.298613 0.240000 3.218880 0.957901
-1.002001 -1.002001 -1.169623 -1.169623 0.302158 0.240040 3.218880 0.949136
-1.033505 -1.033505 -1.283307 -1.283307 0.298873 0.240036 3.218880 0.943838
-1.024884 -1.024884 -1.039541 -1.039541 0.301541 0.240000 3.218880 0.944927
-1.033148 -1.033148 -0.872126 -0.872126 0.303717 0.240000 3.218880 0.946538
-1.018315 -1.018315 -1.157659 -1.157659 0.310183 0.250258 3.218880 0.946496
-1.006455 -1.006455 -1.195652 -1.195652 0.300298 0.240000 3.218880 0.947087
-1.028968 -1.028968 -1.340765 -1.340765 0.308707 0.253521 3.218880 0.948162
-1.026643 -1.026643 -0.962671 -0.962671 0.300519 0.240008 3.218880 0.947242
-1.027887 -1.027887 -1.175582 -1.175582 0.300791 0.240000 3.218880 0.944511
-1.005024 -1.005024 -1.128845 -1.128845 0.296250 0.240000 3.218880 0.952850
-1.002592 -1.002592 -1.146019 -1.146019 0.303517 0.241672 3.218880 0.945609
-1.039519 -1.039519 -0.964659 -0.964659 0.311838 0.250940 3.218880 0.946762
-1.027891 -1.027891 -1.030524 -1.030524 0.300651 0.240000 3.218880 0.946329
-1.006615 -1.006615 -1.331863 -1.331863 0.297900 0.240000 3.218880 0.947244
-1.037418 -1.037418 -1.339294 -1.339294 0.314255 0.277119 3.218812 0.949210
-1.043566 -1.043566 -0.935398 -0.935398 0.310347 0.269394 3.178550 0.955476
-1.019207 -1.019207 -1.159448 -1.159448 0.299178 0.240024 3.218880 0.955151
-1.038362 -1.038362 -1.255554 -1.255554 0.305350 0.242205 3.218880 0.945258
-1.027408 -1.027408 -1.327863 -1.327863 0.305985 0.245193 3.218880 0.945763
-1.015122 -1.015122 -1.036746 -1.036746 0.300924 0.240000 3.218880 0.948466
-0.997975 -0.997975 -1.153987 -1.153987 0.303837 0.240452 3.218880 0.944992
-1.010605 -1.010605 -1.045826 -1.045826 0.301349 0.240000 3.218880 0.945416
-1.026393 -1.026393 -1.201066 -1.201066 0.316815 0.268497 3.218854 0.949626
-1.031368 -1.031368 -1.079990 -1.079990 0.302462 0.240006 3.218880 0.947567
-1.000878 -1.000878 -1.083149 -1.083149 0.300338 0.240000 3.218880 0.947157
-1.042487 -1.042487 -0.961725 -0.961725 0.302824 0.240000 3.218880 0.945562
-1.029532 -1.029532 -1.309790 -1.309790 0.296573 0.240000 3.218880 0.944849
-1.005944 -1.005944 -1.043405 -1.043405 0.305714 0.244667 3.218880 0.951198
-1.011950 -1.011950 -1.116991 -1.116991 0.301095 0.240000 3.218880 0.947420
-1.043578 -1.043578 -1.118192 -1.118192 0.307901 0.254501 3.218880 0.953078
