-0.976799 -0.976799 -1.036766 -1.036766 0.303146 0.240051 3.218880 0.951438
-0.984748 -0.984748 -1.112984 -1.112984 0.298678 0.240000 3.218880 0.961499
-0.945793 -0.945793 -0.961194 -0.961194 0.315907 0.249989 3.153683 0.961324
-1.029229 -1.029229 -0.967960 -0.967960 0.303004 0.248420 3.169634 0.963325
-1.004752 -1.004752 -1.123990 -1.123990 0.313900 0.256177 3.218880 0.931543
-0.947902 -0.947902 -1.198710 -1.198710 0.322856 0.257529 3.214440 0.951658
-0.946164 -0.946164 -1.250595 -1.250595 0.321153 0.255747 3.218880 0.948749
-0.913460 -0.913460 -1.285845 -1.285845 0.345140 0.299101 3.218880 0.917859
-0.992779 -0.992779 -0.935255 -0.935255 0.317513 0.259269 3.176283 0.949227
-1.008904 -1.008904 -0.919461 -0.919461 0.329692 0.292642 3.218880 0.926456
-1.043820 -1.043820 -0.780830 -0.780830 0.309798 0.250980 3.158219 0.964221
-0.945676 -0.945676 -0.896591 -0.896591 0.325241 0.256738 3.218880 0.946169
-1.022225 -1.022225 -1.179035 -1.179035 0.287846 0.240000 3.218880 0.952124
-0.979009 -0.979009 -1.285218 -1.285218 0.327646 0.291683 3.218880 0.932530
-1.034591 -1.034591 -0.932527 -0.932527 0.298879 0.241179 3.111588 0.959685
-0.971892 -0.971892 -1.094124 -1.094124 0.320494 0.258171 3.218880 0.943319
-1.046931 -1.046931 -0.977072 -0.977072 0.300848 0.243593 3.218880 0.951746
-1.017093 -1.017093 -0.861362 -0.861362 0.310080 0.252490 3.110507 0.961456
-1.018640 -1.018640 -0.879783 -0.879783 0.331562 0.300809 3.218880 0.929751
-0.899194 -0.899194 -1.259050 -1.259050 0.319072 0.252957 3.149930 0.958676
-1.016553 -1.016553 -1.051772 -1.051772 0.302921 0.251472 3.090557 0.959037
-1.050405 -1.050405 -0.807300 -0.807300 0.303770 0.245169 3.146377 0.960981
-1.017011 -1.017011 -1.022850 -1.022850 0.320852 0.275138 3.218880 0.924312
-1.023452 -1.023452 -0.789924 -0.789924 0.316159 0.253211 3.218880 0.933119
-1.027545 -1.027545 -1.069861 -1.069861 0.321090 0.278448 3.218880 0.927762
-0.967585 -0.967585 -0.954083 -0.954083 0.311886 0.246197 3.218880 0.959268
-0.994633 -0.994633 -0.920938 -0.920938 0.299223 0.240000 3.218880 0.959039
-1.075802 -1.075802 -0.857277 -0.857277 0.295518 0.240000 3.211295 0.960019
-1.033900 -1.033900 -1.122586 -1.122586 0.292957 0.240000 3.193786 0.957229
-1.055045 -1.055045 -0.820878 -0.820878 0.298157 0.241695 3.141199 0.963686
-1.022873 -1.022873 -1.087296 -1.087296 0.314476 0.264896 3.166547 0.960470
-0.990069 -0.990069 -1.070984 -1.070984 0.311239 0.245969 3.207901 0.958629
-1.059950 -1.059950 -1.269433 -1.269433 0.322642 0.328980 3.218880 0.938061
-0.991915 -0.991915 -1.005952 -1.005952 0.320591 0.266132 3.218880 0.931912
-1.020138 -1.020138 -1.191561 -1.191561 0.299472 0.240461 3.218880 0.956247
-1.021839 -1.021839 -1.182430 -1.182430 0.329362 0.294442 3.218880 0.937616
-0.994091 -0.994091 -1.019378 -1.019378 0.300973 0.240000 3.218880 0.953289
-1.034120 -1.034120 -0.857872 -0.857872 0.295983 0.240000 3.140639 0.962244
-1.013822 -1.013822 -1.039618 -1.039618 0.306400 0.245632 3.218880 0.942429
-0.924120 -0.924120 -1.272706 -1.272706 0.315153 0.247960 3.212447 0.953861
-1.018809 -1.018809 -0.934826 -0.934826 0.320268 0.269676 3.218880 0.929273
-0.996308 -0.996308 -0.996450 -0.996450 0.329727 0.291141 3.218880 0.920998
-0.936079 -0.936079 -1.189042 -1.189042 0.319804 0.254332 3.218880 0.934484
-0.990222 -0.990222 -1.166253 -1.166253 0.311301 0.249096 3.218880 0.943675
-0.902135 -0.902135 -1.241299 -1.241299 0.336394 0.270003 3.218880 0.942006
-0.983048 -0.983048 -0.966767 -0.966767 0.312276 0.246630 3.218880 0.946658
-0.998159 -0.998159 -1.158341 -1.158341 0.318111 0.268702 3.218880 0.924574
-1.013538 -1.013538 -1.000064 -1.000064 0.312675 0.255180 3.218880 0.952769
-0.902060 -0.902060 -1.120036 -1.120036 0.328833 0.260293 3.218880 0.939689
-0.949765 -0.949765 -1.129260 -1.129260 0.315608 0.252764 3.218880 0.943698
-1.048229 -1.048229 -1.150235 -1.150235 0.311845 0.286160 3.218880 0.929245
-0.996729 -0.996729 -1.016999 -1.016999 0.306613 0.248961 3.060126 0.962129
-0.994390 -0.994390 -0.986041 -0.986041 0.308328 0.250700 3.089258 0.958886
-1.052464 -1.052464 -0.806637 -0.806637 0.309464 0.247824 3.163443 0.955994
-1.032385 -1.032385 -0.933083 -0.933083 0.298924 0.242836 3.147766 0.962907
-0.959841 -0.959841 -1.105270 -1.105270 0.323211 0.265559 3.218880 0.935196
