-1.010865 -1.010865 -1.133876 -1.133876 0.309988 0.250497 3.218880 0.941173
-1.019977 -1.019977 -1.145983 -1.145983 0.295701 0.240000 3.105074 0.959508
-1.030267 -1.030267 -1.007647 -1.007647 0.291129 0.240000 3.202841 0.960367
-1.017928 -1.017928 -1.178910 -1.178910 0.329947 0.310549 3.218880 0.937052
-0.953788 -0.953788 -1.284668 -1.284668 0.324048 0.295199 3.218880 0.921474
-1.002968 -1.002968 -1.160072 -1.160072 0.305902 0.246877 3.218880 0.945982
-0.968031 -0.968031 -0.957655 -0.957655 0.316771 0.258472 3.111886 0.957350
-0.977794 -0.977794 -0.783295 -0.783295 0.320410 0.254229 3.200964 0.951928
-1.037967 -1.037967 -0.977548 -0.977548 0.302210 0.243968 3.095441 0.958757
-1.037319 -1.037319 -0.818469 -0.818469 0.293191 0.240000 3.116244 0.962336
-0.894846 -0.894846 -1.282960 -1.282960 0.358529 0.327704 3.218880 0.911883
-1.010161 -1.010161 -0.931099 -0.931099 0.299405 0.240036 3.119769 0.958485
-0.940130 -0.940130 -1.041990 -1.041990 0.314165 0.250526 3.062687 0.960504
-0.995485 -0.995485 -1.189776 -1.189776 0.301283 0.244676 3.218880 0.943969
-0.980249 -0.980249 -1.243888 -1.243888 0.306809 0.248448 3.218880 0.949084
-1.032328 -1.032328 -1.151135 -1.151135 0.305891 0.253241 3.194048 0.949255
-0.890518 -0.890518 -1.284836 -1.284836 0.350777 0.291756 3.218880 0.921559
-0.972322 -0.972322 -1.081395 -1.081395 0.323970 0.272264 3.218880 0.932432
-0.960642 -0.960642 -0.804596 -0.804596 0.323130 0.260844 3.107323 0.950500
-0.963312 -0.963312 -1.186579 -1.186579 0.317714 0.253205 3.218880 0.947247
-0.929235 -0.929235 -1.192841 -1.192841 0.340795 0.285715 3.218880 0.928499
-1.014915 -1.014915 -1.057197 -1.057197 0.294947 0.240000 3.158312 0.961557
-1.057846 -1.057846 -1.037042 -1.037042 0.301481 0.241425 3.218880 0.941973
-0.962029 -0.962029 -0.986072 -0.986072 0.331985 0.271880 3.218880 0.929832
-0.937208 -0.937208 -1.064629 -1.064629 0.322272 0.253058 3.218880 0.938650
-0.929846 -0.929846 -1.122514 -1.122514 0.312370 0.246888 3.218880 0.950947
-0.989700 -0.989700 -1.168187 -1.168187 0.318025 0.261889 3.058239 0.957249
-1.003994 -1.003994 -1.283634 -1.283634 0.295757 0.240005 3.108957 0.960722
-0.983862 -0.983862 -1.092192 -1.092192 0.336076 0.318248 3.218880 0.920819
-1.046315 -1.046315 -0.903014 -0.903014 0.293914 0.244417 3.064645 0.961655
-1.008578 -1.008578 -0.972907 -0.972907 0.300996 0.242949 3.120558 0.959549
-0.939117 -0.939117 -1.294256 -1.294256 0.318258 0.260425 3.053117 0.961806
-1.013481 -1.013481 -1.122208 -1.122208 0.315823 0.260228 3.218880 0.939582
-0.952551 -0.952551 -1.121551 -1.121551 0.310391 0.247578 3.218880 0.940607
-0.990363 -0.990363 -1.059265 -1.059265 0.296296 0.240000 3.043262 0.962743
-0.961899 -0.961899 -1.027783 -1.027783 0.309004 0.243704 3.218880 0.952950
-0.957037 -0.957037 -1.234497 -1.234497 0.323874 0.264910 3.161344 0.955785
-0.966868 -0.966868 -0.790906 -0.790906 0.307775 0.243489 3.154452 0.959650
-0.990187 -0.990187 -1.172187 -1.172187 0.316825 0.275845 3.218880 0.927028
-1.086948 -1.086948 -1.035239 -1.035239 0.293736 0.242148 3.218880 0.942177
-0.998049 -0.998049 -0.893942 -0.893942 0.319148 0.253741 3.218880 0.945171
-1.000614 -1.000614 -0.953099 -0.953099 0.300853 0.240010 3.171003 0.962903
-0.939482 -0.939482 -1.239300 -1.239300 0.310533 0.244102 3.218880 0.950336
-0.978695 -0.978695 -0.987120 -0.987120 0.319307 0.255892 3.131491 0.952094
-0.957671 -0.957671 -1.179569 -1.179569 0.332336 0.290410 3.218880 0.926298
-1.016758 -1.016758 -0.983402 -0.983402 0.305102 0.244879 3.163085 0.959740
-1.070956 -1.070956 -1.254388 -1.254388 0.289004 0.240000 3.218880 0.955987
-1.070243 -1.070243 -1.104391 -1.104391 0.292606 0.240000 3.204478 0.957680
-1.024906 -1.024906 -0.753612 -0.753612 0.331389 0.298015 3.218880 0.920174
-1.046181 -1.046181 -1.119794 -1.119794 0.296233 0.241137 3.184431 0.957759
-0.946411 -0.946411 -1.155608 -1.155608 0.316473 0.249156 3.218880 0.942427
-0.991516 -0.991516 -0.921460 -0.921460 0.309881 0.247513 3.194609 0.955918
-1.004496 -1.004496 -0.861688 -0.861688 0.321622 0.284962 3.218880 0.928498
-1.040349 -1.040349 -1.217576 -1.217576 0.317662 0.312543 3.218880 0.939351
-0.914339 -0.914339 -1.212242 -1.212242 0.323407 0.255641 3.218880 0.943200
-1.007169 -1.007169 -0.959864 -0.959864 0.296729 0.240000 3.183277 0.959674
