-1.026864 -1.026864 -1.156765 -1.156765 0.299968 0.242055 3.218880 0.944242
-1.006635 -1.006635 -1.527109 -1.527109 0.304397 0.250015 3.218880 0.953638
-1.023994 -1.023994 -1.274617 -1.274617 0.300677 0.240146 3.218880 0.943745
-1.034215 -1.034215 -1.082365 -1.082365 0.306104 0.250586 3.218880 0.949763
-1.008699 -1.008699 -1.422751 -1.422751 0.305666 0.248260 3.218880 0.946545
-1.014708 -1.014708 -1.107154 -1.107154 0.307724 0.248394 3.218880 0.942579
-1.001615 -1.001615 -1.346886 -1.346886 0.299527 0.245523 3.217857 0.951889
-1.024236 -1.024236 -1.287082 -1.287082 0.299264 0.240000 3.218880 0.947122
-1.034925 -1.034925 -0.958916 -0.958916 0.300980 0.240070 3.218880 0.955026
-1.014566 -1.014566 -1.403654 -1.403654 0.303943 0.247578 3.218880 0.946257
-1.030437 -1.030437 -1.241133 -1.241133 0.313719 0.269803 3.197391 0.945894
-1.034997 -1.034997 -1.225063 -1.225063 0.301094 0.248787 3.218880 0.952108
-0.998998 -0.998998 -1.217768 -1.217768 0.304419 0.244687 3.218880 0.953911
-0.985338 -0.985338 -1.200380 -1.200380 0.300651 0.240334 3.218880 0.952577
-1.034402 -1.034402 -1.226723 -1.226723 0.307203 0.248825 3.218880 0.948430
-1.006749 -1.006749 -1.364324 -1.364324 0.306130 0.249260 3.218880 0.951474
-1.034610 -1.034610 -0.839884 -0.839884 0.302463 0.240000 3.218880 0.948517
-0.991612 -0.991612 -1.040117 -1.040117 0.298843 0.240000 3.210271 0.954045
-1.025741 -1.025741 -0.855631 -0.855631 0.309507 0.248383 3.218880 0.956688
-1.026497 -1.026497 -1.449540 -1.449540 0.302369 0.240785 3.218880 0.943299
-1.001421 -1.001421 -1.177169 -1.177169 0.308268 0.247611 3.218880 0.948440
-1.029391 -1.029391 -0.863367 -0.863367 0.307579 0.246995 3.218880 0.950279
-1.017645 -1.017645 -1.161808 -1.161808 0.306470 0.251369 3.218880 0.947089
-1.007512 -1.007512 -1.305835 -1.305835 0.306204 0.249508 3.218880 0.945457
-1.035417 -1.035417 -1.310500 -1.310500 0.309122 0.265218 3.218880 0.954617
-1.016141 -1.016141 -1.132004 -1.132004 0.306753 0.249097 3.218880 0.950478
-1.012072 -1.012072 -1.400326 -1.400326 0.312398 0.262446 3.218880 0.949636
-1.023856 -1.023856 -0.977043 -0.977043 0.306397 0.248705 3.218880 0.946826
-1.000120 -1.000120 -1.442507 -1.442507 0.306843 0.253401 3.218880 0.951561
-1.042223 -1.042223 -1.442936 -1.442936 0.313046 0.272664 3.218880 0.952681
-0.993791 -0.993791 -1.537937 -1.537937 0.304691 0.245407 3.218880 0.949369
-1.042773 -1.042773 -1.202658 -1.202658 0.302096 0.245595 3.218880 0.951586
-1.013356 -1.013356 -1.251491 -1.251491 0.304742 0.247761 3.218880 0.951294
-1.023408 -1.023408 -1.142805 -1.142805 0.299950 0.245322 3.218880 0.949816
-1.047599 -1.047599 -0.860781 -0.860781 0.298748 0.240000 3.218880 0.953542
-1.028136 -1.028136 -1.424627 -1.424627 0.327000 0.313766 3.216125 0.951176
-1.031999 -1.031999 -1.203338 -1.203338 0.300689 0.240000 3.218880 0.946275
-1.043076 -1.043076 -1.269401 -1.269401 0.313004 0.268429 3.218880 0.950589
-1.017246 -1.017246 -1.223403 -1.223403 0.304949 0.244726 3.218880 0.944405
-1.027108 -1.027108 -1.035908 -1.035908 0.311291 0.265874 3.218880 0.950813
-1.036242 -1.036242 -1.082456 -1.082456 0.304096 0.245451 3.218880 0.951216
-1.002662 -1.002662 -0.946824 -0.946824 0.302154 0.242789 3.218880 0.953406
-0.999664 -0.999664 -1.250235 -1.250235 0.294419 0.240000 3.218880 0.949044
-1.033011 -1.033011 -1.073626 -1.073626 0.302987 0.247591 3.218880 0.953461
-1.014195 -1.014195 -1.312150 -1.312150 0.301365 0.246884 3.218880 0.948712
-0.998995 -0.998995 -1.302383 -1.302383 0.300111 0.240000 3.218880 0.946777
-1.000160 -1.000160 -1.244191 -1.244191 0.311010 0.248272 3.218880 0.942368
-0.980629 -0.980629 -1.013770 -1.013770 0.300515 0.241948 3.218880 0.958936
-1.013706 -1.013706 -1.448266 -1.448266 0.298773 0.245330 3.218880 0.949618
-1.033937 -1.033937 -1.240692 -1.240692 0.309941 0.260941 3.218880 0.949499
-1.025487 -1.025487 -1.269589 -1.269589 0.309393 0.262523 3.218686 0.956529
-1.029940 -1.029940 -1.317536 -1.317536 0.310887 0.268857 3.218880 0.946926
-1.011151 -1.011151 -0.954459 -0.954459 0.305188 0.243212 3.218880 0.953371
-1.016724 -1.016724 -1.080388 -1.080388 0.296109 0.240045 3.218880 0.955640
-1.034053 -1.034053 -1.393567 -1.393567 0.303020 0.247992 3.218880 0.954406
-1.027981 -1.027981 -0.925730 -0.925730 0.300754 0.240000 3.218880 0.951725
