-0.992617 -0.992617 -0.755058 -0.755058 0.315627 0.249503 3.218880 0.946936
-1.030964 -1.030964 -0.795438 -0.795438 0.318784 0.278990 3.218880 0.914903
-1.005016 -1.005016 -0.834501 -0.834501 0.300016 0.240000 3.192532 0.959990
-0.961844 -0.961844 -1.013309 -1.013309 0.306998 0.240851 3.212510 0.957181
-0.983588 -0.983588 -1.129306 -1.129306 0.304855 0.244049 3.098152 0.955650
-1.002331 -1.002331 -0.871250 -0.871250 0.311077 0.250262 3.141352 0.959380
-1.037346 -1.037346 -1.091790 -1.091790 0.294167 0.240000 3.078331 0.962161
-0.998972 -0.998972 -0.906899 -0.906899 0.311521 0.249172 3.218880 0.946815
-0.990294 -0.990294 -1.070879 -1.070879 0.312002 0.249045 3.176866 0.957400
-0.991227 -0.991227 -1.223394 -1.223394 0.307104 0.246733 3.184698 0.957983
-0.964715 -0.964715 -0.885983 -0.885983 0.324114 0.261841 3.218880 0.938909
-1.041902 -1.041902 -0.778250 -0.778250 0.319916 0.274125 3.218880 0.927006
-0.935211 -0.935211 -1.244599 -1.244599 0.302905 0.245094 3.096803 0.961010
-0.944279 -0.944279 -1.188125 -1.188125 0.329594 0.285220 3.218880 0.923663
-1.008985 -1.008985 -1.296442 -1.296442 0.324189 0.310447 3.218880 0.928079
-0.982825 -0.982825 -1.157877 -1.157877 0.308274 0.251566 3.218880 0.942909
-0.995819 -0.995819 -1.196388 -1.196388 0.306524 0.248584 3.218880 0.944466
-1.028858 -1.028858 -1.164311 -1.164311 0.314703 0.262832 3.218880 0.936823
-1.000836 -1.000836 -0.817549 -0.817549 0.304935 0.240719 3.205342 0.960870
-1.042038 -1.042038 -1.274590 -1.274590 0.309945 0.266784 3.218880 0.955866
-1.050607 -1.050607 -0.908239 -0.908239 0.301807 0.240081 3.218880 0.940332
-0.977559 -0.977559 -1.088231 -1.088231 0.310092 0.249746 3.218880 0.944151
-1.016854 -1.016854 -0.982478 -0.982478 0.306214 0.245365 3.218880 0.943507
-0.978458 -0.978458 -0.885140 -0.885140 0.322169 0.277157 3.218723 0.920833
-1.040267 -1.040267 -1.201896 -1.201896 0.303606 0.248857 3.218880 0.946632
-0.966834 -0.966834 -0.928174 -0.928174 0.305305 0.241062 3.205211 0.958418
-1.023728 -1.023728 -0.962468 -0.962468 0.305003 0.243842 3.218880 0.951630
-1.008664 -1.008664 -1.243297 -1.243297 0.317296 0.276999 3.218880 0.926593
-0.989238 -0.989238 -0.779194 -0.779194 0.308628 0.242455 3.218880 0.951607
-1.007233 -1.007233 -1.217069 -1.217069 0.312079 0.259818 3.218880 0.936954
-1.010288 -1.010288 -1.296892 -1.296892 0.293594 0.240011 3.146910 0.961313
-0.983605 -0.983605 -0.903633 -0.903633 0.300539 0.240000 3.218880 0.963094
-1.019178 -1.019178 -0.951414 -0.951414 0.303983 0.246324 3.115645 0.960010
-1.006664 -1.006664 -1.182286 -1.182286 0.295891 0.240000 3.151233 0.961786
-1.015292 -1.015292 -1.293532 -1.293532 0.302244 0.246980 3.192109 0.954835
-1.042657 -1.042657 -0.985698 -0.985698 0.299224 0.243083 3.100761 0.960893
-0.980548 -0.980548 -1.098522 -1.098522 0.328888 0.277300 3.218880 0.933939
-0.970312 -0.970312 -1.240555 -1.240555 0.308488 0.246897 3.218880 0.955133
-0.968180 -0.968180 -0.993210 -0.993210 0.310529 0.242415 3.092003 0.961880
-1.037702 -1.037702 -1.009133 -1.009133 0.319199 0.276872 3.218880 0.942639
-0.937327 -0.937327 -1.049003 -1.049003 0.336985 0.284039 3.218880 0.919084
-1.015942 -1.015942 -0.922503 -0.922503 0.319793 0.261855 3.218880 0.940718
-0.976485 -0.976485 -0.890913 -0.890913 0.327970 0.279694 3.218880 0.927056
-1.068567 -1.068567 -0.845483 -0.845483 0.311614 0.251503 3.218880 0.938680
-0.974156 -0.974156 -1.219426 -1.219426 0.307875 0.248777 3.114830 0.960291
-0.944453 -0.944453 -1.239111 -1.239111 0.320122 0.264339 3.218880 0.940639
-0.962282 -0.962282 -1.016349 -1.016349 0.339128 0.293202 3.218880 0.930758
-1.037765 -1.037765 -1.091256 -1.091256 0.309621 0.286088 3.218880 0.926078
-1.027611 -1.027611 -1.287448 -1.287448 0.307224 0.254383 3.218880 0.941188
-1.004401 -1.004401 -1.035438 -1.035438 0.341996 0.335290 3.218880 0.927671
-1.011541 -1.011541 -1.299999 -1.299999 0.296999 0.242294 3.067021 0.961385
-1.039395 -1.039395 -1.256272 -1.256272 0.304952 0.247599 3.201216 0.957282
-0.963621 -0.963621 -1.054800 -1.054800 0.303307 0.243675 3.158877 0.959794
-1.037518 -1.037518 -0.841494 -0.841494 0.312681 0.265752 3.218880 0.932627
-0.966891 -0.966891 -1.193353 -1.193353 0.306275 0.244692 3.218880 0.939327
-1.048825 -1.048825 -1.092149 -1.092149 0.318239 0.285961 3.218880 0.929831
