-0.976691 -0.976691 -1.201552 -1.201552 0.329530 0.309360 3.218880 0.927733
-1.025216 -1.025216 -0.767516 -0.767516 0.324108 0.294241 3.218880 0.927134
-1.055837 -1.055837 -0.974234 -0.974234 0.299072 0.240000 3.116015 0.958793
-1.009859 -1.009859 -0.946198 -0.946198 0.320054 0.286153 3.218880 0.929840
-1.018204 -1.018204 -1.095754 -1.095754 0.301296 0.243715 3.129503 0.960198
-0.957529 -0.957529 -0.998672 -0.998672 0.311024 0.247531 3.209740 0.956924
-0.975738 -0.975738 -1.200799 -1.200799 0.310126 0.249167 3.218880 0.950040
-0.973682 -0.973682 -1.071416 -1.071416 0.321779 0.263703 3.139540 0.954934
-0.990197 -0.990197 -0.787188 -0.787188 0.311222 0.245187 3.218880 0.949139
-1.031688 -1.031688 -1.130712 -1.130712 0.303055 0.246721 3.097069 0.960226
-0.973563 -0.973563 -0.990835 -0.990835 0.304236 0.240000 3.203850 0.958036
-0.912542 -0.912542 -1.279348 -1.279348 0.331361 0.274820 3.218880 0.930915
-1.047241 -1.047241 -1.226336 -1.226336 0.286827 0.240004 3.202999 0.962401
-1.043190 -1.043190 -0.956510 -0.956510 0.293914 0.240000 3.218880 0.960292
-1.058414 -1.058414 -1.185572 -1.185572 0.304610 0.263725 3.218880 0.951288
-0.915731 -0.915731 -1.140588 -1.140588 0.334751 0.268425 3.043849 0.958058
-1.023368 -1.023368 -0.855517 -0.855517 0.303154 0.244352 3.177127 0.960235
-0.906401 -0.906401 -1.232918 -1.232918 0.317025 0.248331 3.144290 0.955626
-0.923362 -0.923362 -1.297661 -1.297661 0.317124 0.247994 3.078602 0.947896
-1.051967 -1.051967 -0.896370 -0.896370 0.321825 0.296971 3.218880 0.928572
-1.021553 -1.021553 -0.711498 -0.711498 0.309909 0.244428 3.218880 0.945767
-1.020081 -1.020081 -1.219913 -1.219913 0.317100 0.277336 3.218880 0.937851
-1.030046 -1.030046 -0.804277 -0.804277 0.306745 0.243019 3.218880 0.952292
-0.971238 -0.971238 -1.222162 -1.222162 0.316686 0.267634 3.218880 0.943431
-1.058267 -1.058267 -0.897112 -0.897112 0.297250 0.246697 3.218880 0.932825
-0.994391 -0.994391 -1.216894 -1.216894 0.307933 0.250201 3.139515 0.961722
-1.019821 -1.019821 -1.261985 -1.261985 0.295264 0.240037 3.121545 0.960444
-0.997008 -0.997008 -1.219920 -1.219920 0.325357 0.300242 3.218880 0.936052
-1.001422 -1.001422 -1.290394 -1.290394 0.329265 0.324609 3.218853 0.929476
-1.025405 -1.025405 -1.037298 -1.037298 0.292358 0.240006 3.098333 0.964013
-0.947953 -0.947953 -1.139360 -1.139360 0.337616 0.286724 3.218880 0.933958
-1.101970 -1.101970 -1.217827 -1.217827 0.314225 0.324943 3.218880 0.937328
-0.957367 -0.957367 -1.116347 -1.116347 0.308426 0.248725 3.082577 0.961394
-1.059022 -1.059022 -0.832212 -0.832212 0.292744 0.240000 3.182851 0.963140
-0.967437 -0.967437 -0.878537 -0.878537 0.323136 0.255502 3.218880 0.930941
-1.024649 -1.024649 -1.171474 -1.171474 0.308064 0.251023 3.218880 0.952694
-1.012245 -1.012245 -1.221494 -1.221494 0.310499 0.249086 3.218880 0.947495
-1.005963 -1.005963 -1.098139 -1.098139 0.302913 0.242856 3.110794 0.962071
-0.994111 -0.994111 -0.884141 -0.884141 0.314413 0.248124 3.218880 0.946020
-1.028539 -1.028539 -1.012820 -1.012820 0.319687 0.299087 3.218880 0.928552
-1.022935 -1.022935 -0.745895 -0.745895 0.330710 0.281880 3.218880 0.919084
-1.027417 -1.027417 -0.814347 -0.814347 0.327752 0.280450 3.218880 0.927018
-1.027930 -1.027930 -1.044061 -1.044061 0.335590 0.314981 3.218880 0.925291
-0.985235 -0.985235 -1.140731 -1.140731 0.306146 0.248486 3.161839 0.959895
-1.022612 -1.022612 -1.293771 -1.293771 0.298957 0.240000 3.218880 0.946676
-1.009696 -1.009696 -1.111144 -1.111144 0.299155 0.240000 3.218880 0.951944
-1.014359 -1.014359 -1.299040 -1.299040 0.316259 0.266210 3.218880 0.934088
-0.973887 -0.973887 -1.219772 -1.219772 0.310236 0.250413 3.082677 0.959922
-0.999645 -0.999645 -1.111875 -1.111875 0.316943 0.255056 3.218880 0.947573
-1.030661 -1.030661 -0.720637 -0.720637 0.317461 0.253604 3.218880 0.922291
-1.014480 -1.014480 -1.066245 -1.066245 0.300744 0.240000 3.218880 0.948403
-0.945767 -0.945767 -1.238605 -1.238605 0.323938 0.273846 3.218880 0.920330
-0.995842 -0.995842 -1.274966 -1.274966 0.294626 0.240000 3.218880 0.949890
-0.991766 -0.991766 -1.058137 -1.058137 0.296376 0.240000 3.195845 0.958776
-1.035571 -1.035571 -1.129449 -1.129449 0.293185 0.240000 3.191108 0.959742
-0.912480 -0.912480 -0.964667 -0.964667 0.318927 0.246740 3.050845 0.951540
