-0.995145 -0.995145 -1.468801 -1.468801 0.301299 0.243341 3.218880 0.953539
-1.019656 -1.019656 -1.191388 -1.191388 0.300642 0.243763 3.218880 0.947687
-1.036677 -1.036677 -1.333306 -1.333306 0.309947 0.270062 3.214575 0.948059
-1.009231 -1.009231 -1.222897 -1.222897 0.305604 0.241309 3.218880 0.944643
-1.020027 -1.020027 -1.247626 -1.247626 0.311453 0.264768 3.218880 0.946375
-1.027757 -1.027757 -1.210129 -1.210129 0.297238 0.242724 3.218880 0.949847
-1.028713 -1.028713 -1.244112 -1.244112 0.302982 0.249279 3.218880 0.953228
-0.992972 -0.992972 -0.949290 -0.949290 0.305951 0.243572 3.218880 0.954567
-0.997770 -0.997770 -1.128186 -1.128186 0.300286 0.240000 3.218880 0.952897
-1.004557 -1.004557 -1.201242 -1.201242 0.303425 0.246649 3.218880 0.952461
-1.022104 -1.022104 -1.035951 -1.035951 0.302140 0.244571 3.218880 0.946832
-1.062280 -1.062280 -1.048254 -1.048254 0.301521 0.241414 3.218880 0.947165
-1.019144 -1.019144 -1.014522 -1.014522 0.297484 0.240006 3.218880 0.955527
-1.025774 -1.025774 -1.290120 -1.290120 0.304413 0.246444 3.218880 0.945763
-1.019992 -1.019992 -1.656979 -1.656979 0.315506 0.273423 3.218880 0.942277
-1.027505 -1.027505 -1.173519 -1.173519 0.306094 0.244443 3.218880 0.945281
-0.998361 -0.998361 -1.268285 -1.268285 0.307937 0.249701 3.218880 0.952711
-0.988136 -0.988136 -1.259346 -1.259346 0.303261 0.243793 3.218880 0.949146
-1.035594 -1.035594 -1.185504 -1.185504 0.308607 0.260655 3.218880 0.944175
-1.037783 -1.037783 -1.029380 -1.029380 0.301022 0.242954 3.218880 0.950288
-0.996385 -0.996385 -1.000781 -1.000781 0.299571 0.240169 3.218880 0.962341
-1.016933 -1.016933 -1.354822 -1.354822 0.308431 0.258760 3.218880 0.943872
-1.037849 -1.037849 -1.274328 -1.274328 0.311506 0.253146 3.218880 0.949180
-1.022103 -1.022103 -1.247255 -1.247255 0.304993 0.243771 3.218880 0.945132
-1.031108 -1.031108 -1.123172 -1.123172 0.298981 0.240020 3.218880 0.949355
-1.019271 -1.019271 -1.514465 -1.514465 0.311819 0.263976 3.218880 0.943169
-1.014789 -1.014789 -1.102816 -1.102816 0.310051 0.250300 3.218880 0.954715
-1.019031 -1.019031 -1.088252 -1.088252 0.304725 0.245684 3.218880 0.950740
-1.018542 -1.018542 -1.211199 -1.211199 0.305275 0.245419 3.218880 0.948160
-1.041454 -1.041454 -1.041953 -1.041953 0.299856 0.240155 3.218880 0.946825
-1.035464 -1.035464 -1.188514 -1.188514 0.309640 0.257619 3.218880 0.949319
-1.028437 -1.028437 -1.059138 -1.059138 0.301554 0.242156 3.218880 0.947068
-1.024952 -1.024952 -1.093013 -1.093013 0.307787 0.248648 3.218880 0.946853
-1.000380 -1.000380 -1.353646 -1.353646 0.305120 0.248018 3.218880 0.944366
-1.015993 -1.015993 -1.311756 -1.311756 0.310632 0.258190 3.218880 0.944445
-1.000788 -1.000788 -1.127069 -1.127069 0.300998 0.240031 3.218880 0.949608
-1.015420 -1.015420 -1.106749 -1.106749 0.305170 0.246977 3.218880 0.953142
-1.065022 -1.065022 -1.223426 -1.223426 0.317215 0.266421 3.218880 0.948314
-1.055244 -1.055244 -1.360862 -1.360862 0.312758 0.267175 3.218880 0.945677
-1.014289 -1.014289 -1.016634 -1.016634 0.308255 0.246082 3.218880 0.949238
-1.022627 -1.022627 -1.179671 -1.179671 0.311778 0.265789 3.218809 0.953007
-1.027881 -1.027881 -1.418777 -1.418777 0.303455 0.246290 3.218880 0.944131
-1.038319 -1.038319 -0.949273 -0.949273 0.297487 0.240068 3.218880 0.955059
-0.998470 -0.998470 -1.064682 -1.064682 0.303474 0.246062 3.218880 0.953779
-0.997874 -0.997874 -1.277929 -1.277929 0.307968 0.248854 3.218880 0.949854
-1.017773 -1.017773 -1.017509 -1.017509 0.306011 0.248125 3.218880 0.947518
-1.043160 -1.043160 -1.304209 -1.304209 0.311712 0.255623 3.218880 0.945218
-1.008594 -1.008594 -1.303874 -1.303874 0.299557 0.245220 3.218880 0.949878
-1.048334 -1.048334 -1.383373 -1.383373 0.312970 0.275278 3.217214 0.954801
-1.037282 -1.037282 -1.384917 -1.384917 0.297975 0.240851 3.218880 0.950904
-1.043802 -1.043802 -1.215501 -1.215501 0.311905 0.267129 3.218880 0.950529
-1.020259 -1.020259 -1.479972 -1.479972 0.312998 0.270360 3.218880 0.952643
-1.004816 -1.004816 -0.959043 -0.959043 0.305357 0.242769 3.218880 0.955057
-1.011823 -1.011823 -1.116929 -1.116929 0.300435 0.240000 3.218880 0.958718
-1.025066 -1.025066 -0.988704 -0.988704 0.299813 0.243957 3.218880 0.949742
-0.991087 -0.991087 -1.314100 -1.314100 0.303760 0.247347 3.218880 0.952594
