-0.996306 -0.996306 -1.080612 -1.080612 0.313377 0.252276 3.218880 0.941682
-0.983422 -0.983422 -1.076655 -1.076655 0.302511 0.244210 3.050540 0.963723
-0.950066 -0.950066 -1.186932 -1.186932 0.331653 0.288610 3.218880 0.923619
-1.028184 -1.028184 -0.975225 -0.975225 0.298354 0.240000 3.218880 0.956729
-0.935751 -0.935751 -1.011001 -1.011001 0.322845 0.264775 3.027534 0.962162
-1.021985 -1.021985 -1.237112 -1.237112 0.298766 0.241057 3.122292 0.959214
-1.041217 -1.041217 -1.048196 -1.048196 0.303368 0.248422 3.218880 0.934442
-1.005164 -1.005164 -1.073949 -1.073949 0.328512 0.312566 3.218880 0.934126
-1.021712 -1.021712 -1.096622 -1.096622 0.313172 0.253929 3.218880 0.947039
-0.975107 -0.975107 -1.096227 -1.096227 0.313468 0.250045 3.088355 0.960061
-0.980145 -0.980145 -1.221791 -1.221791 0.332209 0.318853 3.218880 0.931660
-0.997619 -0.997619 -0.974797 -0.974797 0.315209 0.247574 3.218880 0.944146
-1.050439 -1.050439 -0.882404 -0.882404 0.292886 0.240000 3.188509 0.961110
-1.026156 -1.026156 -0.955787 -0.955787 0.314109 0.261452 3.218880 0.938101
-0.966395 -0.966395 -1.020215 -1.020215 0.310993 0.247682 3.063098 0.961663
-1.027070 -1.027070 -0.888912 -0.888912 0.315283 0.257060 3.218251 0.950371
-0.972351 -0.972351 -1.141258 -1.141258 0.322860 0.264365 3.184952 0.955465
-1.008388 -1.008388 -1.125985 -1.125985 0.316065 0.258161 3.218880 0.951607
-1.071382 -1.071382 -0.815848 -0.815848 0.300914 0.240079 3.165399 0.960217
-0.991766 -0.991766 -0.821733 -0.821733 0.312396 0.245874 3.218880 0.951954
-1.037587 -1.037587 -0.872498 -0.872498 0.302920 0.245165 3.218880 0.953227
-0.992223 -0.992223 -0.983987 -0.983987 0.302214 0.240000 3.212223 0.955871
-1.044662 -1.044662 -1.151105 -1.151105 0.288382 0.240000 3.161901 0.964562
-0.941509 -0.941509 -1.231200 -1.231200 0.328840 0.275653 3.218880 0.931441
-0.988152 -0.988152 -1.263048 -1.263048 0.307316 0.249273 3.085713 0.959517
-0.993312 -0.993312 -0.977425 -0.977425 0.300439 0.242566 3.082232 0.962803
-1.008389 -1.008389 -1.217754 -1.217754 0.293065 0.240000 3.106865 0.963962
-0.936281 -0.936281 -1.038604 -1.038604 0.316249 0.249866 3.218880 0.955198
-1.062188 -1.062188 -0.711547 -0.711547 0.324045 0.289513 3.218880 0.938451
-0.929121 -0.929121 -1.183583 -1.183583 0.316288 0.249437 3.175092 0.955016
-1.014314 -1.014314 -0.797256 -0.797256 0.302791 0.244131 3.169145 0.962689
-0.971690 -0.971690 -1.155234 -1.155234 0.308698 0.246523 3.144143 0.957945
-0.990705 -0.990705 -1.135512 -1.135512 0.308646 0.248436 3.218880 0.958454
-0.940408 -0.940408 -1.194475 -1.194475 0.338104 0.295044 3.218880 0.915471
-1.011848 -1.011848 -1.069784 -1.069784 0.294397 0.240033 3.138578 0.962081
-1.036900 -1.036900 -1.155852 -1.155852 0.285026 0.240000 3.085606 0.960794
-1.034106 -1.034106 -0.710404 -0.710404 0.320901 0.259891 3.218880 0.938314
-1.037378 -1.037378 -1.062271 -1.062271 0.310553 0.272164 3.218880 0.935230
-1.057245 -1.057245 -0.720122 -0.720122 0.301389 0.241385 3.107651 0.962073
-0.966141 -0.966141 -1.130991 -1.130991 0.301156 0.240948 3.116985 0.960603
-1.015227 -1.015227 -1.180979 -1.180979 0.318744 0.266511 3.218880 0.927580
-0.966672 -0.966672 -1.185978 -1.185978 0.324626 0.278809 3.218880 0.933515
-1.006227 -1.006227 -1.224018 -1.224018 0.315064 0.253465 3.083371 0.955282
-0.982249 -0.982249 -1.073725 -1.073725 0.315531 0.250059 3.218880 0.949787
-0.978349 -0.978349 -1.019737 -1.019737 0.304061 0.243612 3.191742 0.956679
-1.033591 -1.033591 -1.296072 -1.296072 0.314283 0.303196 3.218880 0.930090
-1.040285 -1.040285 -0.855990 -0.855990 0.296783 0.240000 3.189764 0.959239
-1.023507 -1.023507 -1.063252 -1.063252 0.293322 0.240000 3.086267 0.963923
-1.010085 -1.010085 -1.036058 -1.036058 0.327911 0.289644 3.218880 0.931161
-0.959940 -0.959940 -1.081764 -1.081764 0.312225 0.246820 3.211204 0.954608
-0.999147 -0.999147 -0.959817 -0.959817 0.318433 0.265550 3.218880 0.933890
-1.001054 -1.001054 -1.106639 -1.106639 0.326491 0.288524 3.218880 0.935246
-1.023011 -1.023011 -0.820118 -0.820118 0.321162 0.260014 3.218880 0.944576
-0.985741 -0.985741 -1.165410 -1.165410 0.329234 0.314783 3.218880 0.928777
-0.971770 -0.971770 -1.185331 -1.185331 0.320014 0.270578 3.047763 0.959030
-0.967204 -0.967204 -0.931389 -0.931389 0.312841 0.249070 3.139798 0.959253
