-0.956834 -0.956834 -2.257164 -2.257164 0.309185 0.317662 -1.302868 -1.024757 3.144420 0.962085
-0.964220 -0.964220 -0.903012 -0.903012 0.324812 0.332887 -1.307272 -0.884028 3.147671 0.960136
-0.974147 -0.974147 -1.494888 -1.494888 0.302199 0.301601 -1.281571 -1.008664 3.132306 0.958115
-0.933898 -0.933898 -1.345163 -1.345163 0.315067 0.290488 -1.266377 -1.064891 3.145058 0.963601
-0.936765 -0.936765 -2.151386 -2.151386 0.313518 0.318803 -1.289549 -1.012630 3.160016 0.962534
-0.918851 -0.918851 -1.521671 -1.521671 0.321883 0.325666 -1.298118 -0.949249 3.154488 0.960596
-0.973194 -0.973194 -2.079754 -2.079754 0.293068 0.311955 -1.310564 -0.963544 3.120602 0.962463
-1.034112 -1.034112 -1.676343 -1.676343 0.292956 0.295466 -1.244233 -1.017670 3.165058 0.963766
-1.008111 -1.008111 -2.006331 -2.006331 0.295034 0.304298 -1.281315 -1.019310 3.154750 0.966080
-1.019515 -1.019515 -1.015256 -1.015256 0.299879 0.262057 -1.191298 -1.113761 3.176815 0.960140
-0.962113 -0.962113 -1.004006 -1.004006 0.318596 0.307728 -1.275117 -0.960514 3.157200 0.958824
-1.072370 -1.072370 -1.491388 -1.491388 0.284427 0.309960 -1.284903 -0.950169 3.161347 0.963388
-1.020297 -1.020297 -1.549500 -1.549500 0.297317 0.303604 -1.288805 -1.004916 3.136138 0.961449
-0.998527 -0.998527 -1.085709 -1.085709 0.309382 0.293793 -1.262472 -1.050865 3.157466 0.968204
-0.912164 -0.912164 -0.987036 -0.987036 0.320639 0.287779 -1.263604 -1.020624 3.145532 0.959955
-1.063648 -1.063648 -0.617387 -0.617387 0.295605 0.274112 -1.269404 -1.055587 3.147065 0.964077
-0.957435 -0.957435 -1.089303 -1.089303 0.296344 0.291178 -1.320760 -1.004961 3.120659 0.962429
-0.981321 -0.981321 -2.245670 -2.245670 0.304865 0.315024 -1.275176 -0.992423 3.148140 0.961479
-1.025675 -1.025675 -2.648159 -2.648159 0.290702 0.309054 -1.279544 -1.017940 3.144916 0.970089
-0.990670 -0.990670 -1.459681 -1.459681 0.302420 0.301120 -1.322249 -1.054783 3.145298 0.965901
-1.051555 -1.051555 -0.817971 -0.817971 0.293301 0.281767 -1.296676 -1.001194 3.144018 0.963484
-0.986066 -0.986066 -2.311281 -2.311281 0.290507 0.274934 -1.244582 -1.096147 3.169871 0.963515
