-1.045132 -1.045132 -1.876061 -1.876061 0.317417 0.295936 3.218880 0.949872
-1.049737 -1.049737 -1.272980 -1.272980 0.295580 0.240000 3.218880 0.944998
-1.022019 -1.022019 -2.896484 -2.896484 0.307289 0.312243 3.218880 0.949478
-1.018959 -1.018959 -4.885790 -4.885790 0.304050 0.304839 3.218880 0.947233
-0.925612 -0.925612 -3.865744 -3.865744 0.296283 0.240068 3.218880 0.938261
-0.971565 -0.971565 -4.074199 -4.074199 0.310297 0.294859 3.218880 0.939471
-1.091069 -1.091069 -0.569562 -0.569562 0.304299 0.244597 3.218880 0.956897
-1.042999 -1.042999 -1.248422 -1.248422 0.295359 0.240000 3.218880 0.949740
-1.083083 -1.083083 -0.902276 -0.902276 0.301591 0.246776 3.218880 0.950698
-0.963128 -0.963128 -0.825731 -0.825731 0.330912 0.276355 3.177378 0.952844
-0.985531 -0.985531 -1.148193 -1.148193 0.302343 0.240085 3.218880 0.951237
-0.997007 -0.997007 -1.122929 -1.122929 0.300909 0.240000 3.218880 0.951501
-0.988039 -0.988039 -1.182474 -1.182474 0.328809 0.292547 3.191542 0.950657
-0.953557 -0.953557 -1.571244 -1.571244 0.313575 0.263085 3.218506 0.954603
-1.002689 -1.002689 -1.168273 -1.168273 0.320520 0.268209 3.218880 0.946515
-0.951456 -0.951456 -0.792847 -0.792847 0.319549 0.252333 3.217380 0.950639
-0.984446 -0.984446 -0.810760 -0.810760 0.312297 0.244582 3.218880 0.950048
-0.959524 -0.959524 -1.909764 -1.909764 0.323432 0.293006 3.218880 0.947004
-1.009084 -1.009084 -1.004370 -1.004370 0.307273 0.249984 3.218880 0.949843
-0.934642 -0.934642 -1.878329 -1.878329 0.320316 0.277488 3.214701 0.935457
-0.955406 -0.955406 -1.730664 -1.730664 0.299993 0.240314 3.218880 0.944619
-1.018918 -1.018918 -0.979713 -0.979713 0.317140 0.261097 3.218880 0.946214
-0.996482 -0.996482 -1.720041 -1.720041 0.314631 0.288417 3.218880 0.948572
-0.945490 -0.945490 -2.318038 -2.318038 0.327019 0.294713 3.218880 0.944587
-0.933930 -0.933930 -2.063466 -2.063466 0.335500 0.289061 3.218880 0.939289
-1.000349 -1.000349 -1.973535 -1.973535 0.318264 0.294145 3.218880 0.947571
-1.007421 -1.007421 -1.445247 -1.445247 0.320214 0.293494 3.193770 0.948949
-0.929163 -0.929163 -1.683248 -1.683248 0.324285 0.273217 3.214942 0.939837
-0.959189 -0.959189 -1.244229 -1.244229 0.324960 0.281490 3.218880 0.953390
-0.966184 -0.966184 -0.984767 -0.984767 0.319607 0.253061 3.218880 0.954576
-0.933664 -0.933664 -1.802275 -1.802275 0.326239 0.294594 3.217166 0.957392
-0.980884 -0.980884 -0.865012 -0.865012 0.311379 0.243491 3.218880 0.951073
-1.028094 -1.028094 -1.577012 -1.577012 0.310975 0.307298 3.209425 0.957052
-0.965392 -0.965392 -1.330294 -1.330294 0.317635 0.259504 3.218880 0.944849
-1.007840 -1.007840 -1.199762 -1.199762 0.302828 0.240000 3.218880 0.947401
-0.859892 -0.859892 -1.587838 -1.587838 0.328339 0.257750 3.218880 0.939817
-0.937594 -0.937594 -1.596272 -1.596272 0.315929 0.257114 3.218733 0.937622
-0.937419 -0.937419 -0.886028 -0.886028 0.325289 0.253967 3.218854 0.950730
-1.039700 -1.039700 -0.793738 -0.793738 0.318585 0.262628 3.218880 0.950378
-1.063440 -1.063440 -1.004748 -1.004748 0.315485 0.286062 3.213729 0.947182
-0.986934 -0.986934 -2.162504 -2.162504 0.319456 0.311507 3.218880 0.955455
-1.026660 -1.026660 -1.225095 -1.225095 0.295436 0.240000 3.218880 0.949951
-0.969882 -0.969882 -1.636580 -1.636580 0.329936 0.306530 3.216596 0.943920
-1.016918 -1.016918 -2.351709 -2.351709 0.321904 0.291239 3.218880 0.944367
-0.923614 -0.923614 -1.578444 -1.578444 0.327927 0.265745 3.218880 0.948375
-1.003478 -1.003478 -1.824960 -1.824960 0.300297 0.240000 3.218880 0.943038
-0.945170 -0.945170 -1.362089 -1.362089 0.332567 0.282019 3.212580 0.944474
-0.974382 -0.974382 -3.094698 -3.094698 0.315461 0.296468 3.218880 0.952348
-0.964080 -0.964080 -2.874253 -2.874253 0.308740 0.300638 3.218880 0.959356
-1.028410 -1.028410 -1.652420 -1.652420 0.315697 0.305919 3.209641 0.957554
-1.031065 -1.031065 -1.176997 -1.176997 0.289872 0.240000 3.218880 0.951133
-0.947227 -0.947227 -1.390118 -1.390118 0.332879 0.280183 3.218790 0.942416
-0.983950 -0.983950 -1.447973 -1.447973 0.327016 0.283803 3.218880 0.944788
-1.042071 -1.042071 -1.916127 -1.916127 0.309897 0.301477 3.218880 0.953300
-0.984990 -0.984990 -1.101720 -1.101720 0.314154 0.248072 3.218880 0.945485
-0.978315 -0.978315 -1.447663 -1.447663 0.305580 0.241304 3.218880 0.945015
-0.985847 -0.985847 -1.463775 -1.463775 0.313040 0.250158 3.218880 0.939772
-0.954764 -0.954764 -2.265151 -2.265151 0.314318 0.273479 3.211672 0.935588
-1.004120 -1.004120 -1.317212 -1.317212 0.316568 0.267886 3.218880 0.944640
-1.029815 -1.029815 -2.678885 -2.678885 0.306550 0.303745 3.218880 0.950888
-0.982310 -0.982310 -1.986880 -1.986880 0.316541 0.302298 3.209019 0.951302
-1.039470 -1.039470 -1.192236 -1.192236 0.311240 0.279365 3.201746 0.951865
-0.950153 -0.950153 -2.624572 -2.624572 0.322874 0.287265 3.218880 0.938466
-1.018702 -1.018702 -1.241604 -1.241604 0.307492 0.248085 3.218880 0.942767
-0.970509 -0.970509 -1.354171 -1.354171 0.305210 0.240074 3.218880 0.950149
-0.961509 -0.961509 -2.557247 -2.557247 0.321597 0.306234 3.218880 0.956033
-1.013025 -1.013025 -2.694605 -2.694605 0.301018 0.273577 3.218880 0.944890
-1.056083 -1.056083 -1.666924 -1.666924 0.306566 0.289231 3.210332 0.945344
-0.977483 -0.977483 -2.959950 -2.959950 0.320049 0.299375 3.218880 0.949953
-1.064796 -1.064796 -0.827436 -0.827436 0.297764 0.240000 3.218880 0.949932
-0.941476 -0.941476 -1.537594 -1.537594 0.311754 0.245409 3.218880 0.942379
-0.962345 -0.962345 -1.311236 -1.311236 0.324002 0.289171 3.218129 0.950050
-1.080775 -1.080775 -1.070230 -1.070230 0.300999 0.261666 3.218880 0.946035
-1.034914 -1.034914 -1.558521 -1.558521 0.312783 0.289128 3.210909 0.949916
-0.990053 -0.990053 -1.938799 -1.938799 0.319580 0.284959 3.218880 0.952560
-0.975368 -0.975368 -1.197010 -1.197010 0.308972 0.243721 3.218880 0.949967
-1.028068 -1.028068 -1.619645 -1.619645 0.294908 0.240000 3.218880 0.951464
-1.078463 -1.078463 -1.311794 -1.311794 0.318898 0.295771 3.218880 0.952175
-1.028469 -1.028469 -1.394361 -1.394361 0.316459 0.278457 3.218880 0.946281
-1.029212 -1.029212 -1.344512 -1.344512 0.314122 0.291256 3.201456 0.948628
-1.036671 -1.036671 -0.948493 -0.948493 0.311077 0.249056 3.218880 0.950104
-0.970504 -0.970504 -1.427581 -1.427581 0.314656 0.260959 3.218880 0.945699
-1.024662 -1.024662 -1.782810 -1.782810 0.302335 0.279451 3.218880 0.946049
-0.931933 -0.931933 -1.746683 -1.746683 0.313882 0.250156 3.218880 0.951447
-0.912432 -0.912432 -2.003006 -2.003006 0.327995 0.280834 3.218880 0.955261
-0.913527 -0.913527 -1.686423 -1.686423 0.311634 0.245350 3.218880 0.946599
-0.956646 -0.956646 -1.638267 -1.638267 0.329120 0.291720 3.218781 0.948967
-0.929082 -0.929082 -1.180054 -1.180054 0.318982 0.252368 3.218880 0.948579
-0.990209 -0.990209 -1.495630 -1.495630 0.321323 0.317894 3.201456 0.954141
-0.955862 -0.955862 -1.951595 -1.951595 0.319846 0.282897 3.218880 0.941744
-0.917253 -0.917253 -1.904147 -1.904147 0.313966 0.262558 3.218880 0.953385
-0.976089 -0.976089 -0.925251 -0.925251 0.318321 0.248189 3.218880 0.945459
-1.016337 -1.016337 -1.106093 -1.106093 0.309557 0.248170 3.218880 0.945987
-0.992369 -0.992369 -1.561849 -1.561849 0.318383 0.294744 3.192392 0.954384
-0.947493 -0.947493 -1.479572 -1.479572 0.306203 0.242501 3.218880 0.946534
-0.998212 -0.998212 -1.412394 -1.412394 0.329010 0.292524 3.218880 0.954176
-0.983920 -0.983920 -1.654642 -1.654642 0.325541 0.291698 3.218880 0.945147
-0.988792 -0.988792 -0.961588 -0.961588 0.306114 0.240725 3.218880 0.952144
-1.013904 -1.013904 -1.384338 -1.384338 0.306699 0.245253 3.218880 0.940853
-0.906420 -0.906420 -1.759164 -1.759164 0.331784 0.277562 3.218880 0.946845
-0.946711 -0.946711 -2.496800 -2.496800 0.325748 0.307409 3.218880 0.948664
-0.991101 -0.991101 -1.387185 -1.387185 0.316456 0.270995 3.218880 0.943267
-0.993247 -0.993247 -1.103546 -1.103546 0.326090 0.284742 3.218463 0.951420
-0.979238 -0.979238 -1.909179 -1.909179 0.315847 0.286050 3.218880 0.948304
-1.025086 -1.025086 -1.424455 -1.424455 0.296976 0.240000 3.218880 0.950671
-0.989946 -0.989946 -1.291255 -1.291255 0.323158 0.283354 3.217962 0.952933
-0.981610 -0.981610 -1.360385 -1.360385 0.306906 0.242527 3.218880 0.947584
-1.001940 -1.001940 -1.161853 -1.161853 0.329729 0.291078 3.218880 0.951513
-0.944416 -0.944416 -1.987642 -1.987642 0.330775 0.303319 3.202334 0.941946
-1.009807 -1.009807 -1.301554 -1.301554 0.313043 0.261009 3.218880 0.949768
-1.017427 -1.017427 -2.490112 -2.490112 0.313393 0.298685 3.218880 0.945453
-0.956703 -0.956703 -1.837377 -1.837377 0.323846 0.298709 3.218373 0.945290
-0.939832 -0.939832 -2.040145 -2.040145 0.324191 0.281097 3.218880 0.946709
-0.958788 -0.958788 -1.618100 -1.618100 0.304617 0.242575 3.218880 0.947077
-1.037714 -1.037714 -1.566915 -1.566915 0.292305 0.240000 3.218880 0.947111
-0.943345 -0.943345 -1.979513 -1.979513 0.321255 0.285331 3.218880 0.946850
-0.993708 -0.993708 -1.151920 -1.151920 0.306855 0.240467 3.218880 0.946427
-0.960787 -0.960787 -1.386168 -1.386168 0.299192 0.240000 3.218806 0.955009
-1.050419 -1.050419 -1.200025 -1.200025 0.316389 0.290814 3.218880 0.962367
-0.979384 -0.979384 -1.421786 -1.421786 0.315965 0.257896 3.218880 0.943541
-0.999985 -0.999985 -1.774583 -1.774583 0.317142 0.290253 3.218482 0.950645
-0.929504 -0.929504 -1.933233 -1.933233 0.328254 0.278349 3.218880 0.936725
-1.023019 -1.023019 -1.234776 -1.234776 0.297973 0.240000 3.218880 0.949203
-1.086448 -1.086448 -0.817969 -0.817969 0.296411 0.240000 3.218880 0.950791
-1.025299 -1.025299 -1.407566 -1.407566 0.317950 0.292018 3.218880 0.950416
-1.051929 -1.051929 -1.011541 -1.011541 0.300389 0.243966 3.218880 0.945628
-1.016941 -1.016941 -1.095391 -1.095391 0.328572 0.299312 3.216926 0.950683
-1.055070 -1.055070 -1.255102 -1.255102 0.293049 0.240000 3.218880 0.946909
-0.984418 -0.984418 -1.642793 -1.642793 0.300735 0.240000 3.218880 0.947352
-1.001021 -1.001021 -0.965833 -0.965833 0.311394 0.249650 3.218818 0.943259
-1.002362 -1.002362 -1.670015 -1.670015 0.307266 0.244885 3.218880 0.945685
-1.030335 -1.030335 -0.908802 -0.908802 0.306846 0.240714 3.218880 0.946256
