-0.855337 -0.855337 -1.738778 -1.738778 0.334411 0.267921 3.218880 0.950020
-0.968712 -0.968712 -1.958433 -1.958433 0.299546 0.240030 3.218880 0.947678
-1.012283 -1.012283 -1.414630 -1.414630 0.296744 0.240015 3.218880 0.947224
-0.962504 -0.962504 -1.438979 -1.438979 0.305696 0.243014 3.218880 0.948245
-1.033063 -1.033063 -1.396433 -1.396433 0.313077 0.295071 3.218880 0.940234
-1.001091 -1.001091 -1.362165 -1.362165 0.331204 0.302900 3.212130 0.960086
-0.942000 -0.942000 -1.657521 -1.657521 0.329398 0.290480 3.190434 0.937475
-0.998409 -0.998409 -1.002290 -1.002290 0.311097 0.252243 3.218880 0.946875
-0.995052 -0.995052 -1.344861 -1.344861 0.319213 0.284413 3.212688 0.951401
-0.993277 -0.993277 -1.136205 -1.136205 0.298895 0.240000 3.218880 0.956309
-0.999394 -0.999394 -0.791409 -0.791409 0.311289 0.241033 3.218880 0.950196
-0.992256 -0.992256 -0.894205 -0.894205 0.321799 0.255126 3.218854 0.948328
-0.968069 -0.968069 -2.861971 -2.861971 0.329696 0.305796 3.218880 0.937107
-0.983990 -0.983990 -1.882868 -1.882868 0.314335 0.282628 3.218880 0.947153
-0.951923 -0.951923 -1.026309 -1.026309 0.328890 0.270083 3.218880 0.944925
-0.981037 -0.981037 -2.445747 -2.445747 0.310027 0.278601 3.218880 0.942291
-1.020544 -1.020544 -2.664928 -2.664928 0.306988 0.281030 3.218880 0.944471
-0.979792 -0.979792 -2.702431 -2.702431 0.311745 0.288247 3.218880 0.952000
-1.047115 -1.047115 -1.808124 -1.808124 0.309340 0.307272 3.210668 0.957010
-0.897721 -0.897721 -1.705537 -1.705537 0.326136 0.257626 3.218880 0.939819
-0.956610 -0.956610 -1.690602 -1.690602 0.324397 0.270346 3.218880 0.954411
-0.927153 -0.927153 -1.807297 -1.807297 0.335192 0.289063 3.218827 0.939443
-1.061013 -1.061013 -1.218598 -1.218598 0.319957 0.320753 3.200180 0.957974
-0.946767 -0.946767 -1.580213 -1.580213 0.328682 0.290184 3.184322 0.944269
-1.051203 -1.051203 -0.890251 -0.890251 0.306797 0.241137 3.218880 0.941143
-1.039772 -1.039772 -1.389037 -1.389037 0.295322 0.240016 3.218880 0.946277
-1.004459 -1.004459 -2.031067 -2.031067 0.315544 0.285581 3.218497 0.950536
-1.032923 -1.032923 -0.673129 -0.673129 0.314396 0.243915 3.218880 0.941486
-1.067609 -1.067609 -1.155456 -1.155456 0.316687 0.293958 3.218880 0.947631
-1.009528 -1.009528 -1.010585 -1.010585 0.329299 0.292689 3.166632 0.952197
-0.982679 -0.982679 -1.503528 -1.503528 0.304238 0.240645 3.218880 0.943597
-1.009827 -1.009827 -1.191331 -1.191331 0.325522 0.293166 3.185733 0.945727
-1.009525 -1.009525 -1.682714 -1.682714 0.311659 0.301746 3.217073 0.946981
-0.936920 -0.936920 -3.273329 -3.273329 0.324582 0.302713 3.218506 0.949198
-0.984161 -0.984161 -1.505726 -1.505726 0.318522 0.270788 3.218880 0.940960
-1.042534 -1.042534 -0.912716 -0.912716 0.299698 0.240000 3.218880 0.956554
-1.016994 -1.016994 -1.575204 -1.575204 0.316850 0.295224 3.218880 0.949814
-1.019292 -1.019292 -1.762739 -1.762739 0.298406 0.261616 3.218880 0.952848
-1.004502 -1.004502 -1.114552 -1.114552 0.304666 0.241225 3.218880 0.953763
-1.019158 -1.019158 -1.284469 -1.284469 0.294793 0.240000 3.218880 0.954746
-1.016769 -1.016769 -1.216298 -1.216298 0.314729 0.286290 3.211062 0.954259
-0.988874 -0.988874 -1.686994 -1.686994 0.312210 0.256620 3.218880 0.938163
-0.989565 -0.989565 -2.709138 -2.709138 0.311673 0.310319 3.205214 0.949595
-0.963648 -0.963648 -1.316348 -1.316348 0.326233 0.263149 3.218880 0.950188
-1.022087 -1.022087 -1.241518 -1.241518 0.302430 0.241666 3.218880 0.947710
-0.974702 -0.974702 -1.891496 -1.891496 0.319030 0.283720 3.218880 0.952996
-0.967640 -0.967640 -1.532778 -1.532778 0.306924 0.267531 3.217682 0.955909
-1.025404 -1.025404 -2.412541 -2.412541 0.296606 0.293925 3.207468 0.954876
-1.025900 -1.025900 -1.061386 -1.061386 0.327630 0.293786 3.216914 0.947759
-1.017690 -1.017690 -1.062631 -1.062631 0.317604 0.257818 3.218880 0.944562
-0.958773 -0.958773 -1.369238 -1.369238 0.305142 0.249134 3.218880 0.951520
-0.987327 -0.987327 -1.020312 -1.020312 0.302221 0.240000 3.218880 0.951017
-1.029497 -1.029497 -1.389195 -1.389195 0.308696 0.286588 3.215024 0.955030
-1.011065 -1.011065 -0.738685 -0.738685 0.316458 0.247259 3.218880 0.952246
-0.974557 -0.974557 -1.085688 -1.085688 0.322899 0.269512 3.218731 0.953965
-0.969849 -0.969849 -2.016111 -2.016111 0.313754 0.279700 3.218880 0.946183
-0.985979 -0.985979 -1.336831 -1.336831 0.323360 0.276545 3.218880 0.941455
-1.030707 -1.030707 -1.603141 -1.603141 0.311848 0.297028 3.195850 0.950793
-0.968818 -0.968818 -1.133112 -1.133112 0.319399 0.260456 3.218880 0.953159
-1.041932 -1.041932 -1.080792 -1.080792 0.300789 0.240380 3.218880 0.942759
-1.035983 -1.035983 -1.265363 -1.265363 0.317074 0.266234 3.218880 0.944903
-0.979982 -0.979982 -2.121880 -2.121880 0.319929 0.317751 3.202970 0.944447
-0.943657 -0.943657 -1.412802 -1.412802 0.317187 0.256802 3.218880 0.950052
-0.985988 -0.985988 -1.210888 -1.210888 0.307084 0.243404 3.218880 0.942312
-1.113211 -1.113211 -0.736861 -0.736861 0.296170 0.240000 3.218880 0.944947
-0.992619 -0.992619 -1.575558 -1.575558 0.293937 0.240012 3.218880 0.949109
-0.969665 -0.969665 -1.817282 -1.817282 0.324495 0.296702 3.218880 0.948575
-0.953040 -0.953040 -2.567584 -2.567584 0.329666 0.295801 3.218221 0.945194
-1.018592 -1.018592 -1.054964 -1.054964 0.315478 0.254917 3.218880 0.950260
-0.958945 -0.958945 -1.516523 -1.516523 0.331318 0.291237 3.218880 0.940020
-1.007030 -1.007030 -1.207337 -1.207337 0.301848 0.240000 3.218880 0.942632
-1.022230 -1.022230 -1.170221 -1.170221 0.298226 0.240000 3.218880 0.951046
-0.966358 -0.966358 -1.728550 -1.728550 0.320439 0.284205 3.218880 0.948594
-0.897167 -0.897167 -2.424470 -2.424470 0.331208 0.286813 3.218880 0.937613
-0.894530 -0.894530 -2.521188 -2.521188 0.329303 0.272185 3.218880 0.938435
-1.012960 -1.012960 -2.085653 -2.085653 0.308621 0.292845 3.218880 0.944294
-1.012880 -1.012880 -1.771768 -1.771768 0.311557 0.309070 3.210661 0.951198
-1.034542 -1.034542 -2.512371 -2.512371 0.297707 0.269990 3.218838 0.945400
-0.963005 -0.963005 -2.964975 -2.964975 0.321801 0.284509 3.218880 0.944173
-0.922524 -0.922524 -1.384805 -1.384805 0.321455 0.252359 3.218880 0.946088
-0.945431 -0.945431 -1.520887 -1.520887 0.327182 0.277992 3.218880 0.951095
-0.984195 -0.984195 -3.163713 -3.163713 0.308630 0.289797 3.218880 0.940620
-0.982091 -0.982091 -1.312761 -1.312761 0.311017 0.246827 3.218880 0.946007
-0.928102 -0.928102 -1.668682 -1.668682 0.330045 0.278768 3.218880 0.950049
-0.947349 -0.947349 -1.512786 -1.512786 0.315877 0.253893 3.218880 0.944233
-0.938637 -0.938637 -2.143587 -2.143587 0.317810 0.273107 3.218880 0.940865
-1.021485 -1.021485 -1.076830 -1.076830 0.298862 0.240000 3.218880 0.950719
-0.961290 -0.961290 -2.774374 -2.774374 0.325685 0.304724 3.218880 0.942522
-0.968607 -0.968607 -1.323049 -1.323049 0.318173 0.271143 3.218880 0.951810
-0.901992 -0.901992 -2.075028 -2.075028 0.335360 0.302368 3.218880 0.943093
-0.954675 -0.954675 -2.350370 -2.350370 0.315016 0.276723 3.218880 0.950788
-1.010036 -1.010036 -1.197127 -1.197127 0.321431 0.268563 3.218880 0.946432
-0.942532 -0.942532 -1.551375 -1.551375 0.313419 0.249333 3.218880 0.946477
-1.045627 -1.045627 -1.233676 -1.233676 0.315723 0.283797 3.218880 0.948924
-0.987903 -0.987903 -1.331951 -1.331951 0.313769 0.255197 3.218880 0.939193
-0.968737 -0.968737 -2.376510 -2.376510 0.321830 0.296903 3.217847 0.952103
-0.908535 -0.908535 -1.369433 -1.369433 0.325408 0.260418 3.218880 0.943353
-1.033264 -1.033264 -0.688147 -0.688147 0.314257 0.256102 3.218880 0.959509
-1.002814 -1.002814 -0.772971 -0.772971 0.311934 0.248122 3.218880 0.953259
-1.019384 -1.019384 -0.716712 -0.716712 0.311008 0.247101 3.218880 0.952891
-0.995053 -0.995053 -1.043817 -1.043817 0.309389 0.244223 3.218880 0.951447
-1.020751 -1.020751 -0.766306 -0.766306 0.309727 0.242359 3.218880 0.952748
-1.008304 -1.008304 -2.400534 -2.400534 0.292334 0.241027 3.218880 0.949551
-0.999210 -0.999210 -2.304233 -2.304233 0.322142 0.311729 3.218190 0.950824
-1.000664 -1.000664 -1.580818 -1.580818 0.321478 0.275509 3.218880 0.940313
-0.943526 -0.943526 -1.835661 -1.835661 0.321846 0.281709 3.218880 0.944353
-0.938860 -0.938860 -1.728613 -1.728613 0.329387 0.277336 3.218880 0.938583
-1.035663 -1.035663 -0.991091 -0.991091 0.298705 0.240000 3.218880 0.956818
-1.015417 -1.015417 -1.359473 -1.359473 0.320622 0.293883 3.204551 0.952723
-1.028103 -1.028103 -1.233069 -1.233069 0.318863 0.293526 3.217106 0.948509
-0.905043 -0.905043 -2.193191 -2.193191 0.324601 0.281253 3.218798 0.942263
-1.026995 -1.026995 -0.672506 -0.672506 0.324463 0.286976 3.215713 0.958231
-1.040152 -1.040152 -1.771468 -1.771468 0.318479 0.317883 3.218824 0.956712
-1.022473 -1.022473 -1.124644 -1.124644 0.312328 0.258201 3.218880 0.935603
-0.966282 -0.966282 -1.262242 -1.262242 0.310180 0.246702 3.218880 0.944822
-0.897045 -0.897045 -2.071334 -2.071334 0.328887 0.273175 3.218880 0.944327
-0.997347 -0.997347 -1.716484 -1.716484 0.310305 0.261375 3.218880 0.946804
-1.007437 -1.007437 -1.146872 -1.146872 0.327620 0.290384 3.218880 0.949760
-0.932938 -0.932938 -1.779593 -1.779593 0.320515 0.275249 3.218541 0.952290
-1.007551 -1.007551 -1.293302 -1.293302 0.305662 0.242777 3.218880 0.942188
-0.977834 -0.977834 -1.430248 -1.430248 0.305928 0.248044 3.218880 0.949004
-1.049198 -1.049198 -0.862836 -0.862836 0.301127 0.243919 3.218880 0.952335
-1.040302 -1.040302 -1.410852 -1.410852 0.299401 0.256013 3.218880 0.953665
-1.027046 -1.027046 -1.153584 -1.153584 0.294713 0.240019 3.218880 0.949967
-0.916956 -0.916956 -2.867807 -2.867807 0.326202 0.279301 3.218880 0.950954
-0.949362 -0.949362 -3.235196 -3.235196 0.313152 0.291103 3.218880 0.949608
-0.986328 -0.986328 -4.299119 -4.299119 0.313727 0.323076 3.187042 0.948527
-1.074048 -1.074048 -1.100510 -1.100510 0.316295 0.318546 3.184386 0.952016
-1.034301 -1.034301 -1.420664 -1.420664 0.306727 0.256631 3.218880 0.940941
-1.029718 -1.029718 -1.016005 -1.016005 0.299346 0.240000 3.218880 0.952458
-0.963796 -0.963796 -1.355101 -1.355101 0.330760 0.283366 3.218721 0.954451
-1.008593 -1.008593 -1.994314 -1.994314 0.313968 0.280204 3.218880 0.950697
