-1.009516 -1.009516 -1.773841 -1.773841 0.297696 0.240000 3.218880 0.945588
-1.005255 -1.005255 -1.016731 -1.016731 0.317897 0.284679 3.218721 0.948464
-0.918491 -0.918491 -1.331061 -1.331061 0.324524 0.262547 3.218880 0.947725
-0.990429 -0.990429 -1.015775 -1.015775 0.307885 0.242759 3.218880 0.945084
-1.016165 -1.016165 -0.908742 -0.908742 0.305400 0.244821 3.218880 0.948197
-1.039802 -1.039802 -1.536411 -1.536411 0.294863 0.244075 3.218880 0.943474
-1.037826 -1.037826 -0.990407 -0.990407 0.315412 0.271184 3.217681 0.948907
-1.043772 -1.043772 -0.852743 -0.852743 0.317636 0.270296 3.214369 0.952845
-1.064216 -1.064216 -0.941421 -0.941421 0.293633 0.240000 3.218880 0.946944
-0.952381 -0.952381 -1.720414 -1.720414 0.313312 0.283444 3.218207 0.944374
-1.001871 -1.001871 -2.133907 -2.133907 0.311961 0.294790 3.218880 0.946732
-0.976138 -0.976138 -0.825312 -0.825312 0.316558 0.245362 3.218880 0.945249
-0.997262 -0.997262 -1.950824 -1.950824 0.306352 0.283783 3.218880 0.949188
-1.038248 -1.038248 -1.224666 -1.224666 0.304629 0.251455 3.218880 0.952707
-1.002546 -1.002546 -1.095030 -1.095030 0.325034 0.291387 3.204810 0.948209
-0.954108 -0.954108 -1.755820 -1.755820 0.323989 0.298138 3.218880 0.947534
-0.981720 -0.981720 -2.338405 -2.338405 0.301854 0.285305 3.218880 0.945107
-0.984305 -0.984305 -1.222525 -1.222525 0.305092 0.245229 3.218880 0.953476
-0.954102 -0.954102 -2.865159 -2.865159 0.314027 0.277232 3.218880 0.942145
-0.996066 -0.996066 -0.952871 -0.952871 0.312043 0.247030 3.218880 0.960118
-1.013602 -1.013602 -1.037929 -1.037929 0.315163 0.260584 3.218379 0.952265
-1.002018 -1.002018 -1.783170 -1.783170 0.317930 0.287271 3.218880 0.948050
-1.007817 -1.007817 -1.080628 -1.080628 0.325065 0.276679 3.218880 0.947330
-0.951058 -0.951058 -1.732558 -1.732558 0.305510 0.240232 3.218880 0.938754
-1.109117 -1.109117 -0.870494 -0.870494 0.297724 0.240000 3.218880 0.949546
-0.953708 -0.953708 -0.926937 -0.926937 0.323718 0.251506 3.218880 0.950971
-1.098866 -1.098866 -1.149310 -1.149310 0.291597 0.240098 3.218880 0.952345
-1.000048 -1.000048 -0.873794 -0.873794 0.307196 0.243087 3.218880 0.953203
-0.992235 -0.992235 -1.992772 -1.992772 0.319891 0.308897 3.214236 0.956081
-1.013322 -1.013322 -1.318105 -1.318105 0.304788 0.246752 3.218880 0.954743
-1.006304 -1.006304 -1.745783 -1.745783 0.315807 0.297795 3.218880 0.956514
-0.998943 -0.998943 -0.875814 -0.875814 0.314682 0.259531 3.218880 0.948186
-0.918002 -0.918002 -1.716089 -1.716089 0.330528 0.284896 3.218880 0.954637
-0.893172 -0.893172 -2.211591 -2.211591 0.332267 0.285016 3.218880 0.943151
-1.018271 -1.018271 -1.578046 -1.578046 0.320034 0.295357 3.213804 0.951323
-0.962368 -0.962368 -1.223553 -1.223553 0.317065 0.254913 3.218880 0.950920
-0.981959 -0.981959 -1.662220 -1.662220 0.310675 0.263478 3.218880 0.945621
-0.981282 -0.981282 -1.612759 -1.612759 0.317770 0.281458 3.218880 0.952291
-0.913082 -0.913082 -1.785214 -1.785214 0.320601 0.270158 3.218880 0.946134
-0.984359 -0.984359 -1.155499 -1.155499 0.319178 0.266934 3.218880 0.947068
-0.982646 -0.982646 -1.348188 -1.348188 0.323689 0.282209 3.218880 0.951683
-0.952972 -0.952972 -2.116073 -2.116073 0.325764 0.307322 3.218529 0.951446
-1.046971 -1.046971 -0.804301 -0.804301 0.293983 0.240000 3.218880 0.956182
-1.038700 -1.038700 -1.037755 -1.037755 0.295123 0.240000 3.218880 0.952738
-0.938620 -0.938620 -2.339931 -2.339931 0.320306 0.303409 3.218880 0.947265
-0.910797 -0.910797 -1.868400 -1.868400 0.309954 0.244374 3.218880 0.942330
-0.954678 -0.954678 -1.281199 -1.281199 0.316022 0.252375 3.218880 0.952738
-0.976254 -0.976254 -1.398880 -1.398880 0.306432 0.241038 3.218880 0.951301
-0.951034 -0.951034 -1.952954 -1.952954 0.318052 0.266671 3.218880 0.943156
-0.969290 -0.969290 -3.420790 -3.420790 0.315210 0.305877 3.218880 0.943564
-0.954520 -0.954520 -4.947502 -4.947502 0.314048 0.309626 3.218747 0.948512
-0.939255 -0.939255 -4.906639 -4.906639 0.323241 0.303766 3.218880 0.942046
-0.922886 -0.922886 -4.137019 -4.137019 0.322876 0.301748 3.218693 0.949363
-1.032805 -1.032805 -1.199026 -1.199026 0.306467 0.264214 3.216917 0.950246
-0.990915 -0.990915 -2.186378 -2.186378 0.316883 0.292677 3.218880 0.953555
-0.953241 -0.953241 -2.417147 -2.417147 0.299520 0.240019 3.218880 0.942722
-1.015366 -1.015366 -1.241574 -1.241574 0.310080 0.261989 3.218880 0.951904
-0.968408 -0.968408 -0.958339 -0.958339 0.308724 0.243233 3.218880 0.955431
-0.977092 -0.977092 -2.975996 -2.975996 0.317886 0.322601 3.199114 0.952429
-0.936608 -0.936608 -1.245456 -1.245456 0.332671 0.279234 3.218880 0.953289
-1.044447 -1.044447 -0.790068 -0.790068 0.325324 0.293428 3.212246 0.963155
-1.055422 -1.055422 -0.567479 -0.567479 0.329222 0.296459 3.182115 0.954516
-0.935134 -0.935134 -1.891006 -1.891006 0.308387 0.253099 3.218880 0.942598
-0.994127 -0.994127 -1.939235 -1.939235 0.306819 0.291151 3.218880 0.946741
-0.934047 -0.934047 -1.871503 -1.871503 0.314470 0.270256 3.218880 0.956602
-0.957756 -0.957756 -1.931001 -1.931001 0.306551 0.250397 3.218880 0.951648
-0.913797 -0.913797 -3.904435 -3.904435 0.325716 0.288315 3.218880 0.935571
-0.965177 -0.965177 -1.523756 -1.523756 0.304010 0.241738 3.218850 0.949518
-0.975038 -0.975038 -2.002352 -2.002352 0.319639 0.295929 3.212605 0.951188
-1.059242 -1.059242 -1.328388 -1.328388 0.288875 0.240000 3.218880 0.955803
-0.991453 -0.991453 -1.410355 -1.410355 0.296604 0.240000 3.218880 0.952026
-0.939518 -0.939518 -1.406181 -1.406181 0.324298 0.262481 3.218880 0.942366
-0.992603 -0.992603 -1.610070 -1.610070 0.319288 0.282518 3.218880 0.949781
-1.035110 -1.035110 -1.100939 -1.100939 0.327264 0.305088 3.205930 0.944621
-1.035966 -1.035966 -1.019740 -1.019740 0.303946 0.241532 3.218880 0.950260
-0.967035 -0.967035 -1.198125 -1.198125 0.325122 0.278202 3.218880 0.949595
-0.956104 -0.956104 -1.941555 -1.941555 0.325133 0.301493 3.218880 0.946664
-0.936958 -0.936958 -1.454176 -1.454176 0.319903 0.257917 3.218880 0.950322
-0.922595 -0.922595 -1.094524 -1.094524 0.323466 0.258785 3.218880 0.947602
-0.967445 -0.967445 -1.487382 -1.487382 0.328931 0.292933 3.218880 0.944861
-0.957697 -0.957697 -1.513786 -1.513786 0.327407 0.294897 3.218880 0.948516
-0.927729 -0.927729 -1.756776 -1.756776 0.331195 0.307431 3.197619 0.941544
-0.912752 -0.912752 -1.609875 -1.609875 0.323584 0.268169 3.218880 0.947294
-0.909556 -0.909556 -0.950995 -0.950995 0.320012 0.248884 3.218880 0.952055
-0.925853 -0.925853 -1.262040 -1.262040 0.310925 0.244894 3.218880 0.949256
-1.046973 -1.046973 -1.110644 -1.110644 0.311965 0.278151 3.218795 0.952646
-1.041839 -1.041839 -0.972365 -0.972365 0.317679 0.280609 3.208178 0.953505
-1.052827 -1.052827 -0.839257 -0.839257 0.299662 0.240000 3.218880 0.956329
-0.891774 -0.891774 -2.827791 -2.827791 0.325438 0.274914 3.218880 0.945577
-1.021699 -1.021699 -1.816859 -1.816859 0.292875 0.241003 3.218880 0.945290
-1.050224 -1.050224 -0.763570 -0.763570 0.301838 0.240000 3.218880 0.951219
-1.015710 -1.015710 -1.112583 -1.112583 0.306411 0.242845 3.218880 0.945640
-1.021839 -1.021839 -1.105781 -1.105781 0.321365 0.291239 3.215607 0.952022
-1.004903 -1.004903 -1.450450 -1.450450 0.321871 0.297083 3.218880 0.947513
-1.026519 -1.026519 -1.242114 -1.242114 0.300844 0.240071 3.218880 0.951341
-1.017415 -1.017415 -1.391139 -1.391139 0.314223 0.289577 3.186831 0.957254
-0.941443 -0.941443 -1.827499 -1.827499 0.325123 0.269615 3.218880 0.948034
-1.002811 -1.002811 -2.150535 -2.150535 0.306893 0.285277 3.218880 0.949212
-1.051117 -1.051117 -1.813333 -1.813333 0.290616 0.240000 3.218880 0.946190
-1.006810 -1.006810 -1.722845 -1.722845 0.323693 0.319785 3.218880 0.954995
-0.975036 -0.975036 -1.242561 -1.242561 0.318169 0.259740 3.218880 0.952219
-0.932152 -0.932152 -1.201873 -1.201873 0.319810 0.249371 3.218880 0.947453
-0.992322 -0.992322 -1.307200 -1.307200 0.318198 0.280559 3.218880 0.951958
-0.949096 -0.949096 -1.198550 -1.198550 0.304646 0.242253 3.218880 0.955428
-0.987285 -0.987285 -1.771435 -1.771435 0.311968 0.256213 3.218880 0.945820
-0.992623 -0.992623 -1.672297 -1.672297 0.306663 0.255018 3.218880 0.953371
-1.015289 -1.015289 -1.421624 -1.421624 0.307739 0.276533 3.201390 0.953919
-1.045980 -1.045980 -1.141411 -1.141411 0.296463 0.240000 3.218880 0.948303
-0.991112 -0.991112 -0.882130 -0.882130 0.314874 0.253339 3.218880 0.955918
-0.976146 -0.976146 -2.097192 -2.097192 0.293912 0.240000 3.218880 0.940672
-0.977738 -0.977738 -2.959998 -2.959998 0.319011 0.287309 3.218880 0.935964
-0.971034 -0.971034 -2.389942 -2.389942 0.315115 0.280635 3.218880 0.952062
-0.998452 -0.998452 -1.111828 -1.111828 0.323777 0.296312 3.204587 0.948476
-1.018108 -1.018108 -1.218831 -1.218831 0.326685 0.288680 3.218880 0.947966
-0.992055 -0.992055 -2.215192 -2.215192 0.300157 0.244486 3.218880 0.939231
-0.933939 -0.933939 -1.251367 -1.251367 0.324614 0.254917 3.218880 0.937902
-0.958797 -0.958797 -1.335506 -1.335506 0.320490 0.267975 3.218880 0.953281
-0.970944 -0.970944 -1.678671 -1.678671 0.325753 0.295584 3.218213 0.944974
-0.975944 -0.975944 -2.734627 -2.734627 0.321738 0.311379 3.218880 0.953130
-0.911046 -0.911046 -2.586883 -2.586883 0.339470 0.299701 3.218880 0.947934
-0.925843 -0.925843 -1.787698 -1.787698 0.315456 0.252287 3.218844 0.949070
-1.006222 -1.006222 -1.237524 -1.237524 0.305333 0.244004 3.218880 0.948490
-1.020931 -1.020931 -1.177411 -1.177411 0.316651 0.286336 3.218322 0.950012
-1.034657 -1.034657 -1.702396 -1.702396 0.313004 0.306711 3.196976 0.952891
-1.013627 -1.013627 -1.374525 -1.374525 0.303438 0.241098 3.218880 0.938682
-1.007829 -1.007829 -1.486763 -1.486763 0.312590 0.282554 3.216531 0.946385
-1.019435 -1.019435 -1.669701 -1.669701 0.320666 0.300671 3.218005 0.953966
-0.977650 -0.977650 -1.641040 -1.641040 0.325044 0.292857 3.218880 0.954879
-0.934269 -0.934269 -1.325572 -1.325572 0.324890 0.281126 3.214351 0.950883
-0.995250 -0.995250 -1.066906 -1.066906 0.299468 0.240000 3.218880 0.952107
-1.008027 -1.008027 -0.814608 -0.814608 0.314709 0.253268 3.218880 0.950050
-0.986229 -0.986229 -0.983136 -0.983136 0.313732 0.249313 3.218880 0.942049
