-0.941428 -0.941428 -2.625806 -2.625806 0.324224 0.310760 3.218880 0.956898
-0.940110 -0.940110 -1.532714 -1.532714 0.319939 0.255601 3.218880 0.944972
-1.002461 -1.002461 -1.421012 -1.421012 0.305075 0.241614 3.218880 0.947577
-0.952481 -0.952481 -1.741100 -1.741100 0.314168 0.254509 3.218880 0.944402
-1.081498 -1.081498 -0.892220 -0.892220 0.291550 0.240000 3.218880 0.955308
-1.018951 -1.018951 -1.346536 -1.346536 0.306040 0.243118 3.218880 0.943490
-0.999108 -0.999108 -1.630611 -1.630611 0.317418 0.304280 3.191032 0.945642
-0.998260 -0.998260 -1.826840 -1.826840 0.313298 0.296798 3.218880 0.953360
-0.923427 -0.923427 -1.336276 -1.336276 0.326370 0.263956 3.218880 0.946088
-1.002653 -1.002653 -1.865529 -1.865529 0.314723 0.297049 3.217513 0.944876
-0.975293 -0.975293 -1.069328 -1.069328 0.317026 0.252099 3.218880 0.947993
-0.984335 -0.984335 -1.366809 -1.366809 0.300648 0.240000 3.218880 0.946835
-1.007783 -1.007783 -1.229395 -1.229395 0.311843 0.262176 3.218880 0.950576
-1.035922 -1.035922 -1.095870 -1.095870 0.302263 0.240946 3.218880 0.947486
-0.915396 -0.915396 -1.774789 -1.774789 0.301553 0.240278 3.218880 0.952474
-1.006223 -1.006223 -1.131434 -1.131434 0.320755 0.276218 3.218880 0.942893
-0.993353 -0.993353 -2.132515 -2.132515 0.322870 0.309812 3.218880 0.945414
-1.055206 -1.055206 -0.895334 -0.895334 0.302849 0.241659 3.218880 0.950279
-1.063200 -1.063200 -1.126181 -1.126181 0.292735 0.240070 3.218880 0.953852
-0.983087 -0.983087 -1.046888 -1.046888 0.310301 0.243844 3.218880 0.954371
-1.002052 -1.002052 -1.963450 -1.963450 0.306735 0.292176 3.218880 0.952880
-0.972513 -0.972513 -1.210052 -1.210052 0.326970 0.291854 3.214901 0.952555
-1.004225 -1.004225 -1.213140 -1.213140 0.322426 0.300700 3.205628 0.950507
-0.981629 -0.981629 -1.355934 -1.355934 0.312572 0.249735 3.218880 0.944320
-1.030086 -1.030086 -1.243658 -1.243658 0.317287 0.274124 3.218746 0.951676
-1.035880 -1.035880 -1.038817 -1.038817 0.296939 0.240000 3.218880 0.956768
-1.047875 -1.047875 -0.923091 -0.923091 0.294446 0.240000 3.218880 0.950384
-1.013831 -1.013831 -1.948055 -1.948055 0.320096 0.298858 3.218746 0.952183
-0.999111 -0.999111 -2.066490 -2.066490 0.311079 0.281199 3.218880 0.950229
-0.916176 -0.916176 -1.569158 -1.569158 0.316209 0.249598 3.218880 0.945996
-1.015503 -1.015503 -0.965163 -0.965163 0.329993 0.280528 3.218750 0.951496
-0.961243 -0.961243 -1.810963 -1.810963 0.316819 0.276223 3.201571 0.948216
-1.063070 -1.063070 -0.780507 -0.780507 0.320361 0.273258 3.218880 0.948371
-1.114140 -1.114140 -1.163853 -1.163853 0.295230 0.270351 3.218880 0.951107
-0.898925 -0.898925 -1.517242 -1.517242 0.327919 0.261467 3.218880 0.947422
-1.031989 -1.031989 -1.335398 -1.335398 0.317904 0.280049 3.218114 0.957258
-0.980127 -0.980127 -0.985949 -0.985949 0.328862 0.287368 3.201010 0.948710
-1.008431 -1.008431 -1.716737 -1.716737 0.321189 0.308298 3.205886 0.947369
-0.994288 -0.994288 -1.139176 -1.139176 0.315742 0.251863 3.218880 0.944851
-1.009177 -1.009177 -1.508052 -1.508052 0.307803 0.247609 3.218880 0.941424
-1.062412 -1.062412 -1.195111 -1.195111 0.299828 0.240000 3.218880 0.948271
-0.937975 -0.937975 -1.667203 -1.667203 0.316066 0.255299 3.218880 0.942582
-0.953754 -0.953754 -2.282132 -2.282132 0.319647 0.266102 3.218880 0.941281
-0.990324 -0.990324 -2.632140 -2.632140 0.314434 0.290299 3.218880 0.946380
-0.972457 -0.972457 -2.813432 -2.813432 0.309998 0.300886 3.218880 0.950412
-0.946241 -0.946241 -2.449098 -2.449098 0.326501 0.310207 3.214081 0.951803
-0.998088 -0.998088 -1.024257 -1.024257 0.307884 0.249952 3.218880 0.943416
-0.993403 -0.993403 -1.272622 -1.272622 0.301407 0.240000 3.218880 0.941349
-0.988087 -0.988087 -0.872938 -0.872938 0.315224 0.247238 3.218880 0.949835
-0.959936 -0.959936 -1.541138 -1.541138 0.318502 0.282919 3.218880 0.951708
-0.951398 -0.951398 -3.239123 -3.239123 0.322445 0.320577 3.173193 0.948968
-0.998573 -0.998573 -2.039808 -2.039808 0.323482 0.300622 3.218880 0.945171
-1.034320 -1.034320 -1.122956 -1.122956 0.303930 0.253135 3.218880 0.954843
-1.014445 -1.014445 -0.874581 -0.874581 0.299641 0.240000 3.218880 0.958250
-1.011246 -1.011246 -0.806607 -0.806607 0.313420 0.250871 3.218880 0.952615
-0.985214 -0.985214 -1.610730 -1.610730 0.308471 0.276164 3.218880 0.960957
-1.046655 -1.046655 -1.322066 -1.322066 0.309540 0.274517 3.218880 0.951363
-0.983087 -0.983087 -1.691390 -1.691390 0.301138 0.242659 3.218880 0.947363
-1.036919 -1.036919 -1.314007 -1.314007 0.301818 0.245585 3.218880 0.946601
-1.011707 -1.011707 -1.978895 -1.978895 0.310092 0.278716 3.218880 0.947129
-1.000600 -1.000600 -1.215993 -1.215993 0.300575 0.240246 3.218880 0.951458
-0.944048 -0.944048 -1.305097 -1.305097 0.323593 0.261800 3.218880 0.953177
-0.986048 -0.986048 -2.243865 -2.243865 0.326697 0.294185 3.218673 0.936496
-1.089545 -1.089545 -1.407775 -1.407775 0.294969 0.246541 3.218880 0.946692
-0.981455 -0.981455 -1.629651 -1.629651 0.317846 0.263624 3.218880 0.947825
-0.898553 -0.898553 -1.404531 -1.404531 0.322872 0.268401 3.218674 0.943218
-0.973585 -0.973585 -1.376769 -1.376769 0.305594 0.242450 3.218880 0.948245
-0.979701 -0.979701 -1.277076 -1.277076 0.318151 0.269990 3.218880 0.957793
-0.918077 -0.918077 -1.368626 -1.368626 0.329480 0.277405 3.218880 0.949812
-0.989460 -0.989460 -1.499373 -1.499373 0.311989 0.254182 3.218880 0.949471
-0.973789 -0.973789 -3.393765 -3.393765 0.321849 0.296420 3.218880 0.946416
-1.048573 -1.048573 -0.813843 -0.813843 0.296295 0.240000 3.218880 0.952219
-0.942948 -0.942948 -1.434413 -1.434413 0.339606 0.285050 3.218880 0.955271
-0.929892 -0.929892 -1.663235 -1.663235 0.331136 0.277106 3.218880 0.942880
-0.927256 -0.927256 -2.144121 -2.144121 0.330023 0.297944 3.218638 0.949477
-0.956553 -0.956553 -1.245164 -1.245164 0.327666 0.282925 3.218880 0.956197
-0.976942 -0.976942 -1.451919 -1.451919 0.311130 0.253228 3.218880 0.944057
-0.968429 -0.968429 -1.264578 -1.264578 0.313601 0.253347 3.218880 0.949825
-0.959307 -0.959307 -0.983410 -0.983410 0.308277 0.240000 3.218880 0.954292
-0.967193 -0.967193 -0.933530 -0.933530 0.324939 0.258813 3.218880 0.950109
-0.962065 -0.962065 -1.312195 -1.312195 0.321254 0.266624 3.218880 0.944873
-0.943282 -0.943282 -1.408726 -1.408726 0.321121 0.265871 3.218880 0.947798
-0.968875 -0.968875 -1.501042 -1.501042 0.325722 0.296289 3.218880 0.955289
-0.961074 -0.961074 -1.613542 -1.613542 0.306703 0.247008 3.218880 0.949530
-0.920295 -0.920295 -1.193121 -1.193121 0.324337 0.267368 3.218842 0.950658
-1.000256 -1.000256 -1.077861 -1.077861 0.311867 0.248437 3.218880 0.945897
-1.032550 -1.032550 -1.695627 -1.695627 0.308710 0.292189 3.218880 0.959268
-0.950059 -0.950059 -1.563716 -1.563716 0.324161 0.266553 3.218880 0.938998
-0.975409 -0.975409 -1.587134 -1.587134 0.331536 0.307449 3.210094 0.948742
-0.952555 -0.952555 -1.604105 -1.604105 0.319742 0.254759 3.218880 0.946607
-0.995171 -0.995171 -1.006449 -1.006449 0.301537 0.240000 3.218880 0.950759
-0.982108 -0.982108 -1.268962 -1.268962 0.304595 0.242313 3.218880 0.948631
-1.058948 -1.058948 -2.498428 -2.498428 0.299014 0.299180 3.218880 0.954489
-0.962478 -0.962478 -4.602326 -4.602326 0.328043 0.320867 3.216790 0.945967
-0.984699 -0.984699 -4.861014 -4.861014 0.307063 0.298802 3.218880 0.946840
-0.943140 -0.943140 -2.563826 -2.563826 0.316581 0.293213 3.208085 0.953835
-1.021897 -1.021897 -0.966699 -0.966699 0.303480 0.240969 3.218880 0.951143
-1.052021 -1.052021 -1.053236 -1.053236 0.309524 0.279074 3.218309 0.958835
-0.992416 -0.992416 -2.209293 -2.209293 0.312582 0.297942 3.177624 0.949445
-0.994613 -0.994613 -0.916883 -0.916883 0.308616 0.243412 3.218880 0.954133
-1.039552 -1.039552 -1.169281 -1.169281 0.295493 0.253847 3.218880 0.945882
-1.066658 -1.066658 -2.200685 -2.200685 0.296216 0.261492 3.218880 0.944223
-0.959393 -0.959393 -2.379347 -2.379347 0.316996 0.275280 3.218880 0.938592
-0.973518 -0.973518 -1.280739 -1.280739 0.302536 0.240050 3.218880 0.947751
-1.005505 -1.005505 -0.969867 -0.969867 0.305831 0.241563 3.218880 0.947282
-1.003363 -1.003363 -1.782921 -1.782921 0.313918 0.294472 3.218880 0.953538
-1.044995 -1.044995 -0.836149 -0.836149 0.295711 0.240011 3.218880 0.955803
-0.916506 -0.916506 -2.716327 -2.716327 0.327279 0.293455 3.218880 0.950762
-0.986392 -0.986392 -1.491197 -1.491197 0.324173 0.293146 3.217971 0.946800
-1.003443 -1.003443 -1.045672 -1.045672 0.314515 0.260575 3.218707 0.946965
-0.984540 -0.984540 -1.692274 -1.692274 0.319781 0.277130 3.218880 0.944649
-0.972426 -0.972426 -2.136263 -2.136263 0.316896 0.285466 3.218880 0.949933
-0.981109 -0.981109 -1.292863 -1.292863 0.325616 0.291307 3.200429 0.950004
-0.967142 -0.967142 -1.641819 -1.641819 0.326242 0.292453 3.211226 0.947847
-1.055093 -1.055093 -1.174512 -1.174512 0.298708 0.240000 3.218880 0.948468
-1.021055 -1.021055 -1.457573 -1.457573 0.315738 0.290512 3.198113 0.954150
-1.024898 -1.024898 -1.312039 -1.312039 0.320253 0.309146 3.180253 0.949163
-1.029885 -1.029885 -1.883583 -1.883583 0.317826 0.312797 3.216903 0.950340
-1.071946 -1.071946 -1.406940 -1.406940 0.291105 0.240000 3.218880 0.952644
-1.028714 -1.028714 -1.002813 -1.002813 0.306938 0.240040 3.218880 0.942497
-1.049291 -1.049291 -0.942541 -0.942541 0.297729 0.240000 3.218880 0.946337
-1.013540 -1.013540 -0.891235 -0.891235 0.305836 0.240000 3.218880 0.947489
-0.988730 -0.988730 -1.224491 -1.224491 0.313016 0.256780 3.218880 0.950756
-0.967982 -0.967982 -1.103351 -1.103351 0.327195 0.268659 3.218880 0.947038
-1.013599 -1.013599 -1.158152 -1.158152 0.319412 0.284684 3.200845 0.943374
-0.945960 -0.945960 -1.213680 -1.213680 0.318559 0.256842 3.218880 0.951516
-0.974694 -0.974694 -1.539104 -1.539104 0.318872 0.280390 3.218880 0.948147
-0.991102 -0.991102 -1.728984 -1.728984 0.301785 0.245058 3.218880 0.939304
-1.033699 -1.033699 -1.476204 -1.476204 0.312520 0.292899 3.218880 0.948002
-0.991130 -0.991130 -1.137849 -1.137849 0.320266 0.280922 3.213314 0.949996
-0.999453 -0.999453 -1.287336 -1.287336 0.300331 0.240000 3.218880 0.951481
-0.959616 -0.959616 -1.834976 -1.834976 0.327363 0.290880 3.218880 0.946279
