-0.992514 -0.992514 -1.260992 -1.260992 0.305287 0.242361 3.218880 0.948199
-1.015607 -1.015607 -1.010188 -1.010188 0.300494 0.240000 3.218880 0.949035
-1.028466 -1.028466 -1.410367 -1.410367 0.298551 0.241050 3.218880 0.949584
-0.984920 -0.984920 -1.245960 -1.245960 0.308882 0.269967 3.218880 0.956421
-1.009999 -1.009999 -1.410664 -1.410664 0.325857 0.311775 3.212586 0.956655
-1.039924 -1.039924 -1.318790 -1.318790 0.314345 0.287308 3.218880 0.948168
-1.059925 -1.059925 -0.873372 -0.873372 0.305071 0.245465 3.218880 0.947629
-0.991560 -0.991560 -1.188090 -1.188090 0.321989 0.288501 3.200579 0.954948
-0.996834 -0.996834 -1.691030 -1.691030 0.298122 0.240000 3.218880 0.952659
-0.993272 -0.993272 -1.164529 -1.164529 0.304890 0.241406 3.218880 0.953680
-0.995021 -0.995021 -1.081599 -1.081599 0.303644 0.240026 3.218880 0.949190
-0.929233 -0.929233 -1.215334 -1.215334 0.324816 0.267619 3.218880 0.953973
-1.008523 -1.008523 -0.930591 -0.930591 0.299850 0.240000 3.218880 0.956465
-1.027368 -1.027368 -0.848834 -0.848834 0.302884 0.241970 3.218880 0.953863
-0.960107 -0.960107 -1.579444 -1.579444 0.311011 0.253806 3.218880 0.951584
-0.988379 -0.988379 -1.747733 -1.747733 0.296520 0.240000 3.218880 0.947451
-1.078240 -1.078240 -1.270083 -1.270083 0.292682 0.240000 3.218880 0.950376
-1.076857 -1.076857 -0.860279 -0.860279 0.292517 0.240000 3.218880 0.953959
-1.053689 -1.053689 -0.877639 -0.877639 0.296117 0.240000 3.218880 0.954889
-0.946590 -0.946590 -2.112490 -2.112490 0.324667 0.286262 3.218880 0.947730
-0.943244 -0.943244 -1.862996 -1.862996 0.308005 0.245186 3.218880 0.945812
-1.012113 -1.012113 -0.879383 -0.879383 0.300748 0.240001 3.218880 0.954770
-0.958920 -0.958920 -1.520602 -1.520602 0.323102 0.288367 3.218880 0.950966
-1.021405 -1.021405 -1.227307 -1.227307 0.311667 0.256769 3.218880 0.936454
-0.981733 -0.981733 -1.899830 -1.899830 0.319717 0.279558 3.218880 0.944498
-1.001767 -1.001767 -1.883871 -1.883871 0.311231 0.264302 3.218880 0.946584
-1.009848 -1.009848 -0.628710 -0.628710 0.317196 0.246873 3.218880 0.952408
-1.054300 -1.054300 -1.344417 -1.344417 0.314778 0.282555 3.218880 0.950017
-1.002114 -1.002114 -0.866193 -0.866193 0.307327 0.243404 3.218880 0.957967
-0.996345 -0.996345 -1.390107 -1.390107 0.312092 0.262917 3.213447 0.946516
-1.016661 -1.016661 -1.421365 -1.421365 0.326071 0.296870 3.198119 0.946963
-0.955979 -0.955979 -1.920162 -1.920162 0.322515 0.286537 3.218880 0.946959
-0.960426 -0.960426 -1.236879 -1.236879 0.325469 0.260013 3.218880 0.938653
-1.005534 -1.005534 -1.119782 -1.119782 0.300433 0.240000 3.218880 0.954100
-0.971856 -0.971856 -1.702111 -1.702111 0.319583 0.271507 3.218880 0.945364
-0.984927 -0.984927 -1.636418 -1.636418 0.327339 0.305515 3.218880 0.947504
-0.918004 -0.918004 -1.667942 -1.667942 0.332976 0.286478 3.218880 0.948153
-0.949397 -0.949397 -0.939307 -0.939307 0.321475 0.252050 3.218880 0.956215
-0.900005 -0.900005 -1.469424 -1.469424 0.333668 0.272683 3.218880 0.942355
-0.953832 -0.953832 -0.987857 -0.987857 0.327520 0.252996 3.218880 0.943524
-0.965279 -0.965279 -1.929500 -1.929500 0.329183 0.291928 3.218880 0.944759
-1.015179 -1.015179 -1.372563 -1.372563 0.317862 0.287411 3.218749 0.959388
-0.994256 -0.994256 -1.202404 -1.202404 0.311156 0.252987 3.218880 0.947476
-1.024718 -1.024718 -1.111429 -1.111429 0.300382 0.240000 3.218880 0.948051
-0.954873 -0.954873 -1.261677 -1.261677 0.303637 0.240000 3.218880 0.953049
-0.952034 -0.952034 -1.619415 -1.619415 0.315772 0.268389 3.218479 0.943507
-1.001304 -1.001304 -1.151968 -1.151968 0.303554 0.240012 3.218880 0.948687
-0.939786 -0.939786 -1.625972 -1.625972 0.324851 0.280452 3.218880 0.944987
-0.960262 -0.960262 -2.014492 -2.014492 0.325606 0.287216 3.218880 0.939250
-1.067548 -1.067548 -1.582188 -1.582188 0.311182 0.318400 3.141901 0.944463
-0.981223 -0.981223 -1.266899 -1.266899 0.325822 0.288208 3.210202 0.951335
-1.013167 -1.013167 -0.989770 -0.989770 0.308008 0.243064 3.218880 0.953690
-0.985604 -0.985604 -1.499577 -1.499577 0.304578 0.241889 3.218880 0.946660
-1.062315 -1.062315 -0.787484 -0.787484 0.303609 0.254533 3.217870 0.954443
-1.024056 -1.024056 -1.042900 -1.042900 0.318747 0.261648 3.218880 0.943493
-1.012063 -1.012063 -1.401374 -1.401374 0.322547 0.274802 3.218880 0.946511
-1.001031 -1.001031 -1.343918 -1.343918 0.294225 0.240000 3.218880 0.958206
-1.010379 -1.010379 -1.404513 -1.404513 0.296837 0.245758 3.218880 0.953181
-0.966838 -0.966838 -0.843923 -0.843923 0.325186 0.258426 3.218880 0.950047
-0.966238 -0.966238 -1.960498 -1.960498 0.312612 0.269518 3.218880 0.955489
-0.994177 -0.994177 -1.191263 -1.191263 0.308012 0.246577 3.218880 0.947067
-0.930007 -0.930007 -1.728171 -1.728171 0.316021 0.254781 3.218880 0.946703
-0.951968 -0.951968 -1.609359 -1.609359 0.307522 0.247932 3.218880 0.947788
-0.939693 -0.939693 -1.338037 -1.338037 0.335848 0.285004 3.205242 0.942777
-0.967568 -0.967568 -1.190374 -1.190374 0.302070 0.240000 3.218880 0.952025
-1.041294 -1.041294 -1.387489 -1.387489 0.295693 0.242920 3.218880 0.956604
-0.964424 -0.964424 -1.655956 -1.655956 0.323443 0.290167 3.200624 0.948801
-0.993089 -0.993089 -1.347799 -1.347799 0.325214 0.292050 3.218880 0.944105
-0.976765 -0.976765 -0.760600 -0.760600 0.321136 0.256454 3.218880 0.949071
-0.978805 -0.978805 -1.345052 -1.345052 0.312774 0.276961 3.212718 0.948848
-1.005723 -1.005723 -1.692078 -1.692078 0.312561 0.283567 3.218880 0.956470
-0.997958 -0.997958 -1.367864 -1.367864 0.312596 0.273262 3.218880 0.955777
-1.022938 -1.022938 -1.031479 -1.031479 0.300971 0.240000 3.218880 0.948741
-1.015050 -1.015050 -1.097681 -1.097681 0.300182 0.240000 3.218880 0.952873
-0.995438 -0.995438 -0.943552 -0.943552 0.306139 0.240000 3.218880 0.948470
-0.978335 -0.978335 -1.495619 -1.495619 0.296379 0.240000 3.218880 0.947832
-0.954476 -0.954476 -1.235472 -1.235472 0.338693 0.293893 3.218880 0.946938
-0.968011 -0.968011 -1.520229 -1.520229 0.333234 0.284307 3.218880 0.946317
-1.033038 -1.033038 -0.950635 -0.950635 0.309517 0.248481 3.218880 0.950571
-1.010055 -1.010055 -1.732136 -1.732136 0.313139 0.283035 3.218880 0.942156
-0.964085 -0.964085 -1.539008 -1.539008 0.321948 0.272008 3.218775 0.946397
-0.897272 -0.897272 -1.533068 -1.533068 0.321734 0.257691 3.218880 0.949992
-0.976570 -0.976570 -1.320459 -1.320459 0.327575 0.289234 3.210314 0.939446
-1.005133 -1.005133 -1.370331 -1.370331 0.319863 0.283938 3.218880 0.951630
-1.037351 -1.037351 -0.978803 -0.978803 0.302757 0.249063 3.218880 0.953721
-0.999467 -0.999467 -1.480832 -1.480832 0.293887 0.240000 3.218880 0.955911
-0.947420 -0.947420 -1.726123 -1.726123 0.311484 0.257373 3.218880 0.955523
-0.960407 -0.960407 -1.996004 -1.996004 0.325960 0.303563 3.218880 0.950422
-0.961333 -0.961333 -0.965946 -0.965946 0.324600 0.259873 3.218612 0.953681
-0.992172 -0.992172 -1.440285 -1.440285 0.316706 0.262023 3.218880 0.945276
-0.875155 -0.875155 -3.188835 -3.188835 0.329855 0.271088 3.218880 0.937054
-1.021732 -1.021732 -1.652844 -1.652844 0.310311 0.283327 3.218660 0.952151
-0.938007 -0.938007 -1.400593 -1.400593 0.325275 0.276659 3.218880 0.949397
-0.951032 -0.951032 -1.227116 -1.227116 0.329065 0.265005 3.218880 0.942499
-1.021743 -1.021743 -1.134170 -1.134170 0.300556 0.240000 3.218880 0.947204
-0.996088 -0.996088 -2.150529 -2.150529 0.319074 0.294415 3.218880 0.946465
-1.003008 -1.003008 -2.031012 -2.031012 0.313034 0.285384 3.218880 0.945177
-0.988613 -0.988613 -1.553942 -1.553942 0.309334 0.254003 3.218880 0.948749
-1.012727 -1.012727 -1.498743 -1.498743 0.299901 0.240000 3.218880 0.948032
-0.938756 -0.938756 -1.970343 -1.970343 0.323953 0.266367 3.218880 0.934386
-1.006069 -1.006069 -1.346637 -1.346637 0.317281 0.279774 3.218880 0.953647
-1.047571 -1.047571 -1.295228 -1.295228 0.314698 0.299270 3.204963 0.954986
-1.027492 -1.027492 -0.822962 -0.822962 0.320922 0.273261 3.218880 0.945309
-0.943945 -0.943945 -1.235829 -1.235829 0.331358 0.279450 3.218880 0.946976
-1.059996 -1.059996 -0.765941 -0.765941 0.294424 0.240000 3.218880 0.950763
-1.061468 -1.061468 -1.319642 -1.319642 0.296860 0.245058 3.218880 0.944673
-1.022077 -1.022077 -0.916738 -0.916738 0.323622 0.277812 3.196415 0.944287
-1.010365 -1.010365 -1.483047 -1.483047 0.314950 0.281357 3.218880 0.957148
-0.992181 -0.992181 -1.472875 -1.472875 0.317533 0.282641 3.218880 0.943264
-1.041272 -1.041272 -1.234950 -1.234950 0.315652 0.295679 3.196908 0.949339
-0.984051 -0.984051 -1.613062 -1.613062 0.318626 0.297066 3.218880 0.949160
-0.956910 -0.956910 -1.332321 -1.332321 0.310908 0.255911 3.218880 0.938069
-1.023959 -1.023959 -1.198857 -1.198857 0.316682 0.271349 3.212891 0.948253
-1.018827 -1.018827 -1.520290 -1.520290 0.300181 0.240665 3.218880 0.943210
-1.044601 -1.044601 -0.978289 -0.978289 0.294864 0.240000 3.218880 0.951076
-0.920734 -0.920734 -1.545802 -1.545802 0.302115 0.240000 3.218880 0.957960
-0.897819 -0.897819 -1.753716 -1.753716 0.329479 0.287174 3.192719 0.947120
-1.111562 -1.111562 -0.757643 -0.757643 0.299189 0.240000 3.218880 0.942229
-1.020237 -1.020237 -1.180260 -1.180260 0.304329 0.243765 3.218880 0.941658
-0.967611 -0.967611 -1.402942 -1.402942 0.322484 0.272085 3.218880 0.948805
-0.960901 -0.960901 -1.169664 -1.169664 0.307242 0.241852 3.218880 0.948247
-1.009218 -1.009218 -1.428698 -1.428698 0.322034 0.269566 3.218800 0.945291
-0.946145 -0.946145 -1.466250 -1.466250 0.334263 0.301983 3.208817 0.939745
-0.932817 -0.932817 -1.648505 -1.648505 0.333820 0.295723 3.205918 0.944504
-0.983708 -0.983708 -1.828524 -1.828524 0.320038 0.281738 3.218880 0.957591
-1.030000 -1.030000 -1.733366 -1.733366 0.302550 0.265270 3.218880 0.955521
-1.013225 -1.013225 -1.226157 -1.226157 0.306279 0.242334 3.218880 0.944395
-0.950947 -0.950947 -1.999977 -1.999977 0.316640 0.265689 3.218880 0.945408
-1.016435 -1.016435 -1.256626 -1.256626 0.299393 0.240000 3.218880 0.944010
-0.964664 -0.964664 -1.133751 -1.133751 0.314844 0.253701 3.218880 0.941943
-0.975466 -0.975466 -2.752226 -2.752226 0.317804 0.308232 3.214320 0.951450
-1.030733 -1.030733 -3.252720 -3.252720 0.308241 0.301019 3.218880 0.948428
