-1.024563 -1.024563 -1.472125 -1.472125 0.304663 0.260788 3.218880 0.951456
-0.934900 -0.934900 -1.616830 -1.616830 0.330285 0.290591 3.207265 0.942773
-0.955801 -0.955801 -1.324230 -1.324230 0.321603 0.273686 3.209632 0.943130
-0.961977 -0.961977 -1.293405 -1.293405 0.321982 0.270618 3.194831 0.945756
-1.021886 -1.021886 -1.399877 -1.399877 0.319831 0.281131 3.218880 0.947506
-0.990223 -0.990223 -1.198850 -1.198850 0.309528 0.255314 3.218880 0.949751
-1.022966 -1.022966 -1.420607 -1.420607 0.309235 0.263056 3.218880 0.951052
-0.928059 -0.928059 -2.008601 -2.008601 0.319330 0.264181 3.218880 0.943552
-0.939757 -0.939757 -2.416313 -2.416313 0.305105 0.247766 3.218880 0.947935
-0.973319 -0.973319 -1.391654 -1.391654 0.306205 0.243887 3.218880 0.948117
-0.981761 -0.981761 -1.007309 -1.007309 0.331110 0.292298 3.218505 0.952009
-0.958405 -0.958405 -1.344499 -1.344499 0.315635 0.255530 3.218880 0.941419
-0.982963 -0.982963 -1.120231 -1.120231 0.322706 0.272710 3.218542 0.947039
-0.991424 -0.991424 -1.651440 -1.651440 0.320223 0.294908 3.202958 0.949308
-0.996042 -0.996042 -2.156649 -2.156649 0.311195 0.273422 3.218598 0.944193
-1.001046 -1.001046 -0.848845 -0.848845 0.310411 0.244972 3.218880 0.949780
-1.040962 -1.040962 -1.181428 -1.181428 0.299672 0.257396 3.218880 0.954840
-0.983956 -0.983956 -1.042902 -1.042902 0.316316 0.253791 3.218880 0.950674
-0.966252 -0.966252 -1.102218 -1.102218 0.328250 0.274552 3.218880 0.951340
-0.979708 -0.979708 -1.266606 -1.266606 0.327161 0.269419 3.218880 0.945201
-0.910105 -0.910105 -1.427293 -1.427293 0.335130 0.280803 3.218880 0.948742
-0.997390 -0.997390 -1.080292 -1.080292 0.301470 0.242679 3.218784 0.957320
-1.028025 -1.028025 -1.010141 -1.010141 0.316266 0.280138 3.198799 0.943334
-1.099855 -1.099855 -0.649524 -0.649524 0.296177 0.240000 3.218880 0.947896
-1.040688 -1.040688 -1.442625 -1.442625 0.299321 0.286822 3.178874 0.953852
-0.967150 -0.967150 -1.538032 -1.538032 0.303761 0.240710 3.218880 0.946778
-0.971961 -0.971961 -0.938807 -0.938807 0.326555 0.276011 3.196633 0.952235
-0.946107 -0.946107 -1.055745 -1.055745 0.329604 0.281456 3.181212 0.944828
-0.980898 -0.980898 -1.826637 -1.826637 0.295245 0.240000 3.218880 0.950689
-0.983985 -0.983985 -1.077517 -1.077517 0.307689 0.242036 3.218880 0.944437
-0.916455 -0.916455 -1.638762 -1.638762 0.325606 0.273255 3.218880 0.945911
-0.880686 -0.880686 -2.840729 -2.840729 0.338406 0.315532 3.206349 0.945178
-0.968157 -0.968157 -1.993875 -1.993875 0.328958 0.294836 3.218690 0.946844
-0.944387 -0.944387 -1.184248 -1.184248 0.313873 0.250919 3.218880 0.952352
-0.933594 -0.933594 -1.157604 -1.157604 0.317398 0.253440 3.218880 0.956545
-0.917086 -0.917086 -1.326589 -1.326589 0.319729 0.255066 3.218880 0.955197
-0.950161 -0.950161 -2.032664 -2.032664 0.298943 0.240000 3.218880 0.948587
-0.965965 -0.965965 -2.109586 -2.109586 0.322099 0.287608 3.218880 0.955711
-0.934608 -0.934608 -1.325444 -1.325444 0.319309 0.255560 3.218880 0.951467
-1.021352 -1.021352 -1.749341 -1.749341 0.308650 0.280471 3.218365 0.953668
-0.977034 -0.977034 -1.568580 -1.568580 0.307262 0.245568 3.218880 0.950514
-0.968378 -0.968378 -2.860422 -2.860422 0.321964 0.290257 3.218880 0.948030
-1.005961 -1.005961 -0.863684 -0.863684 0.325599 0.279581 3.212371 0.954388
-0.997956 -0.997956 -1.354657 -1.354657 0.303772 0.240000 3.218880 0.952086
-0.909418 -0.909418 -1.493547 -1.493547 0.322492 0.251856 3.218880 0.936508
-1.015854 -1.015854 -1.344588 -1.344588 0.312655 0.270811 3.218880 0.946289
-0.959483 -0.959483 -3.150550 -3.150550 0.327498 0.301203 3.218880 0.942049
-0.927504 -0.927504 -3.449345 -3.449345 0.327383 0.300233 3.218880 0.940170
-1.029060 -1.029060 -1.081927 -1.081927 0.325314 0.280347 3.218638 0.963688
-1.029292 -1.029292 -1.824045 -1.824045 0.318161 0.301170 3.218880 0.948468
-0.976136 -0.976136 -4.048278 -4.048278 0.323233 0.308070 3.218880 0.950598
-1.036890 -1.036890 -1.355869 -1.355869 0.294487 0.240000 3.218880 0.949707
-0.981665 -0.981665 -2.389300 -2.389300 0.303912 0.273400 3.218880 0.949477
-1.033719 -1.033719 -0.961844 -0.961844 0.297914 0.240000 3.218880 0.953083
-0.966889 -0.966889 -1.045526 -1.045526 0.308090 0.244087 3.218880 0.955656
-0.958405 -0.958405 -1.475419 -1.475419 0.301580 0.244413 3.218880 0.955159
-0.926914 -0.926914 -1.513306 -1.513306 0.332729 0.291153 3.218547 0.948568
-1.011826 -1.011826 -1.013823 -1.013823 0.316360 0.255823 3.218880 0.951786
-0.995775 -0.995775 -1.485203 -1.485203 0.305861 0.249904 3.218880 0.950723
-0.951586 -0.951586 -1.273359 -1.273359 0.319069 0.256615 3.218880 0.947870
-0.967767 -0.967767 -1.272737 -1.272737 0.310107 0.246666 3.218880 0.947610
-0.972950 -0.972950 -1.202885 -1.202885 0.320927 0.265331 3.218880 0.955948
-1.017460 -1.017460 -1.969231 -1.969231 0.313065 0.309379 3.218880 0.950704
-0.966538 -0.966538 -2.103324 -2.103324 0.320337 0.300208 3.201131 0.949860
-0.953046 -0.953046 -1.569231 -1.569231 0.319452 0.269829 3.218880 0.945202
-1.072572 -1.072572 -0.936641 -0.936641 0.300240 0.240000 3.218880 0.946957
-1.004706 -1.004706 -1.392647 -1.392647 0.298996 0.240000 3.218880 0.947229
-1.106552 -1.106552 -0.788385 -0.788385 0.297620 0.240000 3.218880 0.945031
-0.930380 -0.930380 -3.233747 -3.233747 0.325326 0.313395 3.218880 0.946982
-1.006535 -1.006535 -1.172038 -1.172038 0.315733 0.269669 3.218880 0.955036
-0.975229 -0.975229 -1.447150 -1.447150 0.303705 0.240000 3.218880 0.944668
-0.923782 -0.923782 -2.054804 -2.054804 0.322044 0.284855 3.218880 0.951830
-1.078211 -1.078211 -1.227864 -1.227864 0.298981 0.287882 3.215803 0.953833
-0.975089 -0.975089 -1.318099 -1.318099 0.313362 0.254591 3.218880 0.949271
-0.957223 -0.957223 -1.420604 -1.420604 0.324649 0.278323 3.218880 0.945871
-0.994593 -0.994593 -0.775150 -0.775150 0.325705 0.276282 3.187505 0.942429
-0.979314 -0.979314 -1.345800 -1.345800 0.299780 0.240000 3.218880 0.952014
-1.005204 -1.005204 -1.154760 -1.154760 0.296447 0.240000 3.218880 0.952043
-0.975655 -0.975655 -1.527676 -1.527676 0.323218 0.278490 3.218880 0.952126
-1.051753 -1.051753 -0.838603 -0.838603 0.291283 0.240000 3.218876 0.961797
-1.074809 -1.074809 -0.679442 -0.679442 0.325583 0.295097 3.148784 0.949701
-0.950384 -0.950384 -1.802902 -1.802902 0.326954 0.278419 3.218880 0.946703
-1.067984 -1.067984 -1.117387 -1.117387 0.314823 0.279671 3.215020 0.948886
-0.957598 -0.957598 -1.158667 -1.158667 0.318615 0.261857 3.218880 0.945984
-0.977576 -0.977576 -2.612322 -2.612322 0.313014 0.293824 3.218540 0.954254
-0.999299 -0.999299 -2.005852 -2.005852 0.294090 0.240000 3.218880 0.948382
-0.990228 -0.990228 -2.258338 -2.258338 0.299218 0.245653 3.218880 0.944956
-0.916886 -0.916886 -2.387500 -2.387500 0.339026 0.317313 3.193946 0.941141
-0.986665 -0.986665 -1.513723 -1.513723 0.312744 0.250566 3.218880 0.946641
-0.987234 -0.987234 -1.543560 -1.543560 0.323155 0.273786 3.215699 0.950502
-0.972486 -0.972486 -1.421747 -1.421747 0.324480 0.282943 3.189536 0.935928
-0.984437 -0.984437 -1.338429 -1.338429 0.302337 0.240048 3.218880 0.948732
-0.998527 -0.998527 -1.085709 -1.085709 0.327175 0.283362 3.190001 0.944479
-0.995807 -0.995807 -1.484800 -1.484800 0.306489 0.243666 3.218880 0.936928
-0.939598 -0.939598 -2.064559 -2.064559 0.321794 0.281814 3.218880 0.946372
-0.966971 -0.966971 -2.421136 -2.421136 0.321559 0.291675 3.218880 0.943245
-0.969953 -0.969953 -1.447926 -1.447926 0.324539 0.276930 3.218880 0.942903
-0.950923 -0.950923 -3.031446 -3.031446 0.329440 0.304024 3.218773 0.948924
-1.050597 -1.050597 -2.575357 -2.575357 0.300481 0.305421 3.218880 0.958860
-0.895799 -0.895799 -1.956360 -1.956360 0.326503 0.281351 3.218880 0.945352
-1.023252 -1.023252 -1.338103 -1.338103 0.295561 0.240000 3.218880 0.948646
-1.084033 -1.084033 -1.087912 -1.087912 0.312148 0.297672 3.218880 0.951945
-0.936381 -0.936381 -1.133888 -1.133888 0.317350 0.247900 3.218880 0.947649
-0.898207 -0.898207 -1.278237 -1.278237 0.338211 0.278591 3.179974 0.937688
-0.932791 -0.932791 -1.372976 -1.372976 0.330779 0.279435 3.213974 0.937927
-0.981921 -0.981921 -1.882093 -1.882093 0.310009 0.251423 3.218880 0.940545
-1.044537 -1.044537 -1.832041 -1.832041 0.312738 0.300367 3.216582 0.938969
-0.942929 -0.942929 -1.946484 -1.946484 0.328215 0.294038 3.213994 0.951075
-1.053243 -1.053243 -1.507988 -1.507988 0.310525 0.301614 3.214698 0.951127
-0.965054 -0.965054 -2.027934 -2.027934 0.319374 0.281331 3.218880 0.961116
-0.988412 -0.988412 -1.295664 -1.295664 0.300324 0.240000 3.218880 0.947647
-1.013760 -1.013760 -2.457673 -2.457673 0.308063 0.277899 3.218814 0.946471
-1.055857 -1.055857 -1.323785 -1.323785 0.291179 0.240000 3.218880 0.959699
-0.953817 -0.953817 -2.368710 -2.368710 0.318348 0.263437 3.218880 0.936382
-0.961316 -0.961316 -1.881852 -1.881852 0.308685 0.247556 3.218880 0.941520
-1.021345 -1.021345 -1.095108 -1.095108 0.299532 0.240000 3.218880 0.948740
-1.034235 -1.034235 -1.016224 -1.016224 0.307586 0.257862 3.218880 0.958003
-1.008783 -1.008783 -1.099107 -1.099107 0.305909 0.243896 3.218880 0.953003
-0.948327 -0.948327 -1.391201 -1.391201 0.332197 0.281932 3.218880 0.950966
-0.939124 -0.939124 -1.462242 -1.462242 0.334733 0.293296 3.205399 0.945490
-0.966378 -0.966378 -1.284074 -1.284074 0.309394 0.246807 3.218880 0.951122
-0.932076 -0.932076 -1.484210 -1.484210 0.306554 0.243531 3.218880 0.952233
-0.979849 -0.979849 -1.322558 -1.322558 0.309956 0.243315 3.218880 0.946403
-0.894268 -0.894268 -1.899066 -1.899066 0.336460 0.299470 3.217056 0.945489
-0.989746 -0.989746 -1.925344 -1.925344 0.316644 0.299214 3.199562 0.948482
-1.043064 -1.043064 -0.776454 -0.776454 0.294936 0.240000 3.218880 0.957087
-1.013207 -1.013207 -1.517225 -1.517225 0.302360 0.243028 3.218880 0.945120
-0.954753 -0.954753 -1.436469 -1.436469 0.331896 0.305409 3.168671 0.941277
-0.907265 -0.907265 -3.758832 -3.758832 0.319353 0.261177 3.218880 0.935614
-1.012705 -1.012705 -1.589150 -1.589150 0.294709 0.240000 3.218880 0.945876
-1.024170 -1.024170 -1.253177 -1.253177 0.317775 0.293662 3.198399 0.947042
-0.998589 -0.998589 -2.267706 -2.267706 0.307107 0.281623 3.218880 0.954117
