-0.926869 -0.926869 -2.825867 -2.825867 0.333113 0.308185 3.218880 0.955760
-1.002617 -1.002617 -2.753057 -2.753057 0.318028 0.303698 3.218880 0.952521
-1.011639 -1.011639 -1.240625 -1.240625 0.310206 0.249747 3.218880 0.945210
-0.979880 -0.979880 -1.905288 -1.905288 0.312998 0.273550 3.218880 0.948944
-0.967224 -0.967224 -1.700811 -1.700811 0.319637 0.284040 3.218880 0.954402
-1.004150 -1.004150 -3.810501 -3.810501 0.311625 0.309728 3.218880 0.954774
-0.963637 -0.963637 -2.396210 -2.396210 0.324670 0.291965 3.217539 0.946554
-1.055246 -1.055246 -1.370748 -1.370748 0.317787 0.298568 3.218866 0.957324
-0.943191 -0.943191 -1.560369 -1.560369 0.316138 0.256913 3.218880 0.940183
-1.020121 -1.020121 -1.734469 -1.734469 0.308142 0.289729 3.216869 0.947220
-1.056164 -1.056164 -0.928936 -0.928936 0.300421 0.240000 3.218880 0.945730
-0.978029 -0.978029 -1.469280 -1.469280 0.329114 0.296995 3.218880 0.962840
-0.972555 -0.972555 -1.545704 -1.545704 0.316007 0.255594 3.218880 0.938892
-1.069178 -1.069178 -1.993350 -1.993350 0.316213 0.316525 3.212775 0.954877
-0.977649 -0.977649 -2.116010 -2.116010 0.298475 0.240222 3.218880 0.940326
-0.990745 -0.990745 -1.020771 -1.020771 0.307252 0.241869 3.218880 0.948424
-0.989129 -0.989129 -1.233218 -1.233218 0.309764 0.250537 3.218880 0.951051
-0.987845 -0.987845 -1.591574 -1.591574 0.320094 0.279070 3.218880 0.950703
-1.019728 -1.019728 -1.045422 -1.045422 0.311658 0.253994 3.218880 0.947671
-1.029572 -1.029572 -1.377785 -1.377785 0.297184 0.240000 3.218880 0.944648
-0.957221 -0.957221 -1.845054 -1.845054 0.329936 0.297794 3.217505 0.951698
-0.992927 -0.992927 -1.215536 -1.215536 0.316815 0.255165 3.218880 0.955250
-0.986380 -0.986380 -2.101853 -2.101853 0.302730 0.250846 3.218880 0.946527
-0.966370 -0.966370 -1.463250 -1.463250 0.326415 0.281376 3.209851 0.949350
-0.984910 -0.984910 -1.172060 -1.172060 0.312261 0.245362 3.218880 0.943744
-0.965976 -0.965976 -1.981844 -1.981844 0.304211 0.246199 3.218880 0.945610
-0.925359 -0.925359 -1.637270 -1.637270 0.338709 0.290093 3.218880 0.948993
-1.093468 -1.093468 -1.066952 -1.066952 0.287660 0.240000 3.218880 0.955131
-1.035670 -1.035670 -1.267944 -1.267944 0.292878 0.240000 3.218880 0.953369
-1.056472 -1.056472 -0.753398 -0.753398 0.301529 0.240000 3.218880 0.950870
-1.049079 -1.049079 -1.145956 -1.145956 0.309499 0.267489 3.218764 0.955380
-0.990470 -0.990470 -1.331639 -1.331639 0.301382 0.240018 3.218872 0.957803
-0.976869 -0.976869 -1.433039 -1.433039 0.310343 0.253216 3.218880 0.944517
-1.063489 -1.063489 -0.929654 -0.929654 0.299285 0.240000 3.218880 0.949811
-1.021263 -1.021263 -1.271832 -1.271832 0.324953 0.309545 3.217016 0.958794
-1.029855 -1.029855 -1.130610 -1.130610 0.298655 0.240127 3.218880 0.949155
-0.996715 -0.996715 -1.306974 -1.306974 0.315494 0.255602 3.218880 0.946789
-0.983472 -0.983472 -1.726650 -1.726650 0.319590 0.273897 3.218880 0.950251
-1.010519 -1.010519 -1.407055 -1.407055 0.299831 0.244694 3.218880 0.951459
-0.984459 -0.984459 -0.974115 -0.974115 0.326549 0.279700 3.186464 0.947470
-1.005225 -1.005225 -0.886233 -0.886233 0.320756 0.265628 3.218880 0.953818
-1.019249 -1.019249 -1.640043 -1.640043 0.299614 0.240950 3.218880 0.942911
-1.012929 -1.012929 -1.757276 -1.757276 0.315871 0.283370 3.218880 0.947280
-0.955696 -0.955696 -1.641055 -1.641055 0.315426 0.264808 3.218880 0.941516
-0.952588 -0.952588 -2.251984 -2.251984 0.319547 0.278054 3.218880 0.949574
-1.055586 -1.055586 -0.779006 -0.779006 0.301158 0.240000 3.218880 0.950025
-1.046614 -1.046614 -1.082549 -1.082549 0.298486 0.240000 3.218880 0.951467
-1.009511 -1.009511 -0.992322 -0.992322 0.305807 0.240000 3.218880 0.947338
-0.947520 -0.947520 -2.015425 -2.015425 0.327174 0.297883 3.218880 0.959704
-1.004222 -1.004222 -1.572466 -1.572466 0.318402 0.290720 3.198329 0.950012
-0.989787 -0.989787 -1.705059 -1.705059 0.306650 0.269341 3.218307 0.950836
-0.915573 -0.915573 -2.105493 -2.105493 0.323829 0.257855 3.218880 0.943006
-0.964576 -0.964576 -1.908645 -1.908645 0.330987 0.296383 3.218880 0.946951
-0.953115 -0.953115 -1.894243 -1.894243 0.333252 0.309630 3.218880 0.949416
-1.038429 -1.038429 -1.348605 -1.348605 0.300865 0.240000 3.218880 0.946969
-1.010860 -1.010860 -1.196550 -1.196550 0.311860 0.261481 3.218880 0.944945
-0.968283 -0.968283 -1.763753 -1.763753 0.316186 0.265150 3.218880 0.945926
-0.914734 -0.914734 -1.621228 -1.621228 0.339706 0.304986 3.187811 0.945867
-0.967148 -0.967148 -2.179088 -2.179088 0.327821 0.303532 3.216533 0.946198
-0.978687 -0.978687 -1.846751 -1.846751 0.301667 0.240942 3.218880 0.943286
-1.011657 -1.011657 -1.395117 -1.395117 0.320485 0.289180 3.218111 0.949782
-1.011415 -1.011415 -1.772952 -1.772952 0.311352 0.280779 3.218880 0.948434
-0.999321 -0.999321 -1.189374 -1.189374 0.314969 0.281559 3.197907 0.949592
-0.967923 -0.967923 -2.001084 -2.001084 0.326421 0.291063 3.218880 0.956458
-1.070297 -1.070297 -0.986217 -0.986217 0.300213 0.240012 3.218880 0.948133
-0.981587 -0.981587 -1.549800 -1.549800 0.325643 0.290617 3.218880 0.941039
-0.933019 -0.933019 -1.731517 -1.731517 0.322525 0.287459 3.201336 0.952267
-1.024003 -1.024003 -0.520549 -0.520549 0.330313 0.287189 3.162960 0.949072
-0.990637 -0.990637 -1.611612 -1.611612 0.301633 0.240000 3.218880 0.946919
-1.020391 -1.020391 -1.488041 -1.488041 0.311622 0.254543 3.218773 0.945290
-1.008601 -1.008601 -1.590836 -1.590836 0.309824 0.266422 3.218880 0.948027
-0.952166 -0.952166 -1.173210 -1.173210 0.329203 0.268087 3.218880 0.946836
-0.950485 -0.950485 -1.669470 -1.669470 0.327492 0.280981 3.218880 0.948323
-0.954315 -0.954315 -1.589464 -1.589464 0.326975 0.277068 3.218880 0.945745
-0.957483 -0.957483 -2.064569 -2.064569 0.318641 0.283832 3.210097 0.946363
-0.900831 -0.900831 -1.598640 -1.598640 0.318608 0.253759 3.218880 0.949452
-0.956380 -0.956380 -1.090485 -1.090485 0.307398 0.240986 3.218880 0.957069
-1.042483 -1.042483 -1.169584 -1.169584 0.291993 0.240000 3.218880 0.955173
-1.034951 -1.034951 -1.918697 -1.918697 0.313718 0.300795 3.218880 0.945794
-1.037161 -1.037161 -1.360132 -1.360132 0.318562 0.279411 3.218880 0.947644
-1.007674 -1.007674 -1.427804 -1.427804 0.323463 0.291809 3.218880 0.950517
-1.024754 -1.024754 -0.872805 -0.872805 0.311951 0.249207 3.218880 0.945495
-0.955451 -0.955451 -1.251277 -1.251277 0.344055 0.311222 3.194487 0.945654
-0.994013 -0.994013 -1.108088 -1.108088 0.333215 0.290914 3.192650 0.937355
-0.984520 -0.984520 -2.041405 -2.041405 0.314598 0.265835 3.218880 0.943793
-0.924443 -0.924443 -1.692813 -1.692813 0.326011 0.270649 3.218880 0.944433
-0.948854 -0.948854 -1.717996 -1.717996 0.328165 0.278684 3.218202 0.946116
-1.038412 -1.038412 -1.333676 -1.333676 0.315669 0.293877 3.218880 0.950985
-1.019739 -1.019739 -0.929841 -0.929841 0.321153 0.287400 3.206168 0.956702
-1.019230 -1.019230 -1.042362 -1.042362 0.300641 0.241573 3.218880 0.945426
-0.989424 -0.989424 -1.048184 -1.048184 0.316247 0.251306 3.218880 0.951041
-0.982069 -0.982069 -0.971946 -0.971946 0.327216 0.280526 3.167277 0.950093
-0.986885 -0.986885 -1.298984 -1.298984 0.320860 0.285627 3.191499 0.947309
-1.003284 -1.003284 -1.130261 -1.130261 0.314135 0.259048 3.218880 0.947424
-0.925635 -0.925635 -1.965366 -1.965366 0.317385 0.249001 3.218880 0.936994
-0.966392 -0.966392 -1.269980 -1.269980 0.322710 0.266444 3.218880 0.941677
-0.991174 -0.991174 -0.785451 -0.785451 0.321814 0.262917 3.218880 0.950353
-0.912909 -0.912909 -1.351734 -1.351734 0.318068 0.247490 3.218880 0.945110
-0.960193 -0.960193 -1.946164 -1.946164 0.318530 0.277589 3.218880 0.944950
-0.976175 -0.976175 -1.338292 -1.338292 0.323543 0.286281 3.218880 0.944042
-0.956436 -0.956436 -1.774721 -1.774721 0.315320 0.258647 3.218880 0.944442
-0.956831 -0.956831 -1.608396 -1.608396 0.324639 0.290675 3.218880 0.950774
-0.945641 -0.945641 -1.899433 -1.899433 0.321815 0.280676 3.218814 0.946669
-0.920849 -0.920849 -2.965430 -2.965430 0.319222 0.279126 3.218880 0.948417
-0.949405 -0.949405 -1.100775 -1.100775 0.317375 0.252703 3.218880 0.948738
-0.952141 -0.952141 -1.300102 -1.300102 0.317145 0.260757 3.218174 0.948439
-1.004951 -1.004951 -1.095943 -1.095943 0.312559 0.256497 3.218880 0.940373
-0.895012 -0.895012 -1.489258 -1.489258 0.330976 0.261946 3.218880 0.940412
-0.932051 -0.932051 -1.265083 -1.265083 0.329040 0.273470 3.218344 0.949873
-0.993658 -0.993658 -0.993671 -0.993671 0.325178 0.271178 3.218880 0.942663
-0.999830 -0.999830 -1.193774 -1.193774 0.312481 0.252910 3.218880 0.946889
-1.004140 -1.004140 -1.319598 -1.319598 0.323091 0.270297 3.218880 0.946148
-0.911850 -0.911850 -2.695792 -2.695792 0.333679 0.297478 3.218880 0.940549
-1.083594 -1.083594 -0.654504 -0.654504 0.301922 0.240000 3.218880 0.950398
-0.943173 -0.943173 -1.011399 -1.011399 0.324194 0.260182 3.217909 0.949222
-0.996426 -0.996426 -1.704456 -1.704456 0.301496 0.241580 3.218880 0.947018
-1.026385 -1.026385 -1.263447 -1.263447 0.321402 0.295044 3.218880 0.948748
-1.002685 -1.002685 -1.617511 -1.617511 0.315504 0.284215 3.217592 0.943043
-0.966620 -0.966620 -1.489855 -1.489855 0.326368 0.270288 3.218880 0.939789
-0.950399 -0.950399 -2.248174 -2.248174 0.331230 0.301314 3.218722 0.943824
-0.936189 -0.936189 -2.130527 -2.130527 0.326096 0.264013 3.218880 0.934223
-0.918586 -0.918586 -2.332498 -2.332498 0.325836 0.288259 3.218880 0.945669
-0.957430 -0.957430 -1.029680 -1.029680 0.331962 0.268805 3.201369 0.943050
-0.968054 -0.968054 -1.707708 -1.707708 0.315785 0.270242 3.218880 0.945057
-0.974806 -0.974806 -1.257686 -1.257686 0.320119 0.260623 3.218880 0.945573
-0.974694 -0.974694 -1.045955 -1.045955 0.302716 0.240000 3.218880 0.954121
-0.953192 -0.953192 -1.464039 -1.464039 0.326512 0.273148 3.218880 0.934339
-1.014443 -1.014443 -1.030845 -1.030845 0.310955 0.252095 3.218880 0.954461
-0.983989 -0.983989 -1.328507 -1.328507 0.312362 0.255749 3.218880 0.946844
-1.029153 -1.029153 -1.208336 -1.208336 0.299328 0.240000 3.218880 0.945961
-1.041877 -1.041877 -0.916985 -0.916985 0.307565 0.246004 3.218880 0.947766
-1.031724 -1.031724 -1.371408 -1.371408 0.310401 0.280461 3.218278 0.939933
