-1.035293 -1.035293 -1.754416 -1.754416 0.318628 0.303517 3.218880 0.953107
-1.000088 -1.000088 -1.529954 -1.529954 0.321718 0.293012 3.217200 0.949844
-0.960532 -0.960532 -1.059851 -1.059851 0.330936 0.268485 3.218690 0.957474
-0.918365 -0.918365 -1.839046 -1.839046 0.329970 0.286578 3.218880 0.939455
-1.063892 -1.063892 -1.575356 -1.575356 0.299007 0.291140 3.218880 0.949651
-0.990910 -0.990910 -1.252911 -1.252911 0.322359 0.290601 3.212492 0.948461
-1.029301 -1.029301 -1.219263 -1.219263 0.305049 0.244779 3.218880 0.946932
-0.970716 -0.970716 -1.531226 -1.531226 0.327130 0.284820 3.207885 0.949172
-1.001804 -1.001804 -1.813559 -1.813559 0.335841 0.314344 3.181203 0.936432
-0.982963 -0.982963 -1.351899 -1.351899 0.310808 0.252029 3.218880 0.949295
-0.991721 -0.991721 -1.342482 -1.342482 0.318018 0.253432 3.218880 0.949710
-1.032208 -1.032208 -1.278686 -1.278686 0.309216 0.280664 3.217332 0.950760
-0.958029 -0.958029 -1.363418 -1.363418 0.339318 0.301862 3.203259 0.944371
-0.916965 -0.916965 -2.640514 -2.640514 0.322847 0.279162 3.218880 0.943782
-0.935054 -0.935054 -1.478161 -1.478161 0.331407 0.291340 3.217540 0.948729
-0.972774 -0.972774 -1.894335 -1.894335 0.319354 0.299446 3.218880 0.949716
-0.987945 -0.987945 -1.448130 -1.448130 0.313862 0.286745 3.213172 0.948282
-0.962972 -0.962972 -1.388938 -1.388938 0.302418 0.240024 3.218880 0.949220
-0.982470 -0.982470 -1.440185 -1.440185 0.301768 0.240020 3.218880 0.945966
-1.012715 -1.012715 -1.544462 -1.544462 0.300482 0.242279 3.218880 0.943324
-1.005498 -1.005498 -1.553847 -1.553847 0.303879 0.260392 3.218880 0.937371
-0.984085 -0.984085 -1.422095 -1.422095 0.317592 0.280127 3.217259 0.946908
-1.001044 -1.001044 -1.269459 -1.269459 0.301269 0.240000 3.218880 0.946444
-1.026030 -1.026030 -0.812446 -0.812446 0.323677 0.285122 3.205957 0.952325
-0.983567 -0.983567 -1.937257 -1.937257 0.319253 0.286174 3.218880 0.946763
-0.986500 -0.986500 -1.207992 -1.207992 0.303356 0.240000 3.218880 0.951942
-0.972892 -0.972892 -1.478088 -1.478088 0.305015 0.242289 3.218880 0.945731
-1.060691 -1.060691 -1.605076 -1.605076 0.297452 0.283437 3.218282 0.958683
-0.985419 -0.985419 -1.621579 -1.621579 0.321239 0.285368 3.218233 0.945907
-0.964156 -0.964156 -1.531602 -1.531602 0.320562 0.285997 3.199296 0.956073
-0.976117 -0.976117 -1.694530 -1.694530 0.303655 0.240169 3.218880 0.939702
-0.979575 -0.979575 -2.288943 -2.288943 0.312486 0.293951 3.218880 0.952807
-0.983375 -0.983375 -1.175832 -1.175832 0.301798 0.240336 3.218880 0.955830
-1.041777 -1.041777 -1.585168 -1.585168 0.311085 0.305374 3.186482 0.953835
-0.974938 -0.974938 -2.064705 -2.064705 0.320956 0.292659 3.218880 0.945343
-0.883773 -0.883773 -2.388591 -2.388591 0.330323 0.289282 3.218880 0.943949
-1.037279 -1.037279 -1.003923 -1.003923 0.308295 0.245582 3.218880 0.942423
-0.940800 -0.940800 -1.106963 -1.106963 0.328651 0.267717 3.218880 0.946605
-0.957472 -0.957472 -2.607454 -2.607454 0.315123 0.276465 3.218880 0.949578
-1.034957 -1.034957 -1.203121 -1.203121 0.298920 0.240000 3.218880 0.942419
-1.038498 -1.038498 -1.000503 -1.000503 0.300961 0.240000 3.218880 0.946673
-0.947367 -0.947367 -1.242760 -1.242760 0.317551 0.251920 3.218880 0.950953
-1.063251 -1.063251 -0.994307 -0.994307 0.321662 0.295472 3.218880 0.949167
-0.962413 -0.962413 -1.944357 -1.944357 0.319849 0.310513 3.212881 0.953510
-0.962373 -0.962373 -3.613106 -3.613106 0.330037 0.298005 3.218880 0.937583
-0.922370 -0.922370 -4.941728 -4.941728 0.325343 0.321232 3.200422 0.947027
-0.933296 -0.933296 -4.860998 -4.860998 0.312673 0.303746 3.215349 0.954033
-0.998258 -0.998258 -1.658830 -1.658830 0.315598 0.303754 3.205040 0.950382
-1.028458 -1.028458 -0.836927 -0.836927 0.297475 0.240000 3.218880 0.953973
-0.992700 -0.992700 -0.625329 -0.625329 0.310944 0.241578 3.218880 0.961089
-0.965494 -0.965494 -0.982518 -0.982518 0.313162 0.245306 3.218880 0.951838
-0.938751 -0.938751 -2.109845 -2.109845 0.320132 0.263848 3.218880 0.938313
-0.944978 -0.944978 -1.426658 -1.426658 0.329210 0.273218 3.218880 0.941161
-0.960139 -0.960139 -1.740316 -1.740316 0.324178 0.310509 3.201444 0.945440
-0.989461 -0.989461 -2.115548 -2.115548 0.313692 0.281470 3.218880 0.952640
-0.964790 -0.964790 -1.610320 -1.610320 0.320292 0.280611 3.218880 0.955037
-0.967057 -0.967057 -1.483690 -1.483690 0.319563 0.274662 3.218880 0.949392
-1.009940 -1.009940 -1.162366 -1.162366 0.300474 0.240000 3.218880 0.951396
-0.963147 -0.963147 -2.111702 -2.111702 0.322665 0.287672 3.218880 0.946169
-1.063642 -1.063642 -0.787879 -0.787879 0.310230 0.253211 3.218880 0.941435
-0.928580 -0.928580 -2.037278 -2.037278 0.327693 0.285334 3.218880 0.948127
-0.977123 -0.977123 -1.257799 -1.257799 0.306578 0.243406 3.218880 0.948249
-0.962672 -0.962672 -1.469890 -1.469890 0.309513 0.250326 3.218880 0.948313
-1.027484 -1.027484 -1.554359 -1.554359 0.288573 0.240000 3.218880 0.955812
-1.068109 -1.068109 -1.208030 -1.208030 0.314300 0.290995 3.218880 0.956256
-0.997663 -0.997663 -1.546718 -1.546718 0.324614 0.292180 3.218880 0.947360
-0.959123 -0.959123 -1.565065 -1.565065 0.308808 0.245483 3.218880 0.949430
-0.996257 -0.996257 -1.168432 -1.168432 0.335484 0.298935 3.208757 0.949384
-1.060654 -1.060654 -0.661970 -0.661970 0.306797 0.258972 3.171093 0.954382
-1.016680 -1.016680 -1.056667 -1.056667 0.299701 0.240000 3.218880 0.947492
-1.006112 -1.006112 -1.460301 -1.460301 0.320613 0.277058 3.218880 0.947751
-0.981769 -0.981769 -1.593048 -1.593048 0.299643 0.240000 3.218880 0.942510
-1.000837 -1.000837 -1.245326 -1.245326 0.323058 0.267769 3.218880 0.942528
-0.979717 -0.979717 -1.848908 -1.848908 0.320190 0.295617 3.214952 0.952077
-0.992123 -0.992123 -1.376659 -1.376659 0.321064 0.293977 3.180072 0.943517
-0.982587 -0.982587 -1.323203 -1.323203 0.317148 0.266456 3.218880 0.949899
-1.019018 -1.019018 -1.228882 -1.228882 0.312043 0.287198 3.203446 0.952297
-0.914629 -0.914629 -2.513646 -2.513646 0.333795 0.301608 3.212073 0.949537
-0.958052 -0.958052 -0.682146 -0.682146 0.312237 0.240000 3.218880 0.949964
-0.897978 -0.897978 -1.328694 -1.328694 0.328791 0.270667 3.218880 0.948580
-0.935955 -0.935955 -1.227729 -1.227729 0.312532 0.245985 3.218880 0.954216
-0.998533 -0.998533 -0.852602 -0.852602 0.300394 0.240000 3.214586 0.956503
-1.058881 -1.058881 -0.873593 -0.873593 0.299496 0.240000 3.218880 0.949409
-1.013585 -1.013585 -1.806141 -1.806141 0.312728 0.285375 3.218880 0.949625
-0.990967 -0.990967 -1.790885 -1.790885 0.296041 0.240000 3.218880 0.952390
-1.030694 -1.030694 -0.932639 -0.932639 0.305395 0.247429 3.218880 0.948299
-1.047546 -1.047546 -1.073544 -1.073544 0.315234 0.258511 3.218880 0.947769
-0.937258 -0.937258 -1.763929 -1.763929 0.332867 0.306696 3.218880 0.949583
-1.005654 -1.005654 -1.014336 -1.014336 0.312532 0.255463 3.218880 0.953731
-1.047578 -1.047578 -1.133950 -1.133950 0.299625 0.240001 3.218880 0.944199
-1.045958 -1.045958 -1.732876 -1.732876 0.296146 0.244143 3.218880 0.940415
-1.050465 -1.050465 -1.994097 -1.994097 0.304912 0.300656 3.218880 0.951302
-1.090739 -1.090739 -0.831958 -0.831958 0.293609 0.240000 3.218880 0.949473
-0.975251 -0.975251 -2.121745 -2.121745 0.315983 0.289312 3.218880 0.951887
-0.938250 -0.938250 -1.560182 -1.560182 0.313144 0.247963 3.218880 0.943177
-1.000646 -1.000646 -1.132565 -1.132565 0.301556 0.240000 3.218880 0.950514
-0.929967 -0.929967 -1.289639 -1.289639 0.337643 0.293460 3.192343 0.944567
-0.960615 -0.960615 -1.166689 -1.166689 0.314895 0.247407 3.218880 0.947447
-0.998296 -0.998296 -1.319203 -1.319203 0.318678 0.288168 3.217861 0.958714
-1.056696 -1.056696 -1.032568 -1.032568 0.291611 0.240000 3.218880 0.951292
-1.009136 -1.009136 -1.386514 -1.386514 0.309668 0.278978 3.218880 0.958498
-1.037518 -1.037518 -1.788387 -1.788387 0.302862 0.282502 3.218880 0.956285
-1.037974 -1.037974 -1.113662 -1.113662 0.298913 0.240000 3.218880 0.944033
-0.966325 -0.966325 -1.036182 -1.036182 0.328917 0.269503 3.212947 0.950110
-0.969822 -0.969822 -2.056614 -2.056614 0.318146 0.295892 3.218880 0.949060
-1.013293 -1.013293 -1.423477 -1.423477 0.302064 0.246438 3.218880 0.946205
-1.011379 -1.011379 -0.971962 -0.971962 0.315820 0.252368 3.218880 0.949625
-1.029589 -1.029589 -0.979228 -0.979228 0.303166 0.240000 3.218880 0.948870
-1.082348 -1.082348 -1.715829 -1.715829 0.295119 0.292329 3.185003 0.948000
-0.969220 -0.969220 -1.209863 -1.209863 0.316682 0.258987 3.218374 0.949745
-0.969363 -0.969363 -1.375425 -1.375425 0.323087 0.276777 3.218535 0.940849
-0.941450 -0.941450 -0.967967 -0.967967 0.317327 0.250836 3.218421 0.946750
-1.016096 -1.016096 -1.194745 -1.194745 0.318204 0.280827 3.218819 0.946612
-0.928388 -0.928388 -2.081338 -2.081338 0.320105 0.277203 3.218880 0.944958
-1.055429 -1.055429 -0.967767 -0.967767 0.311854 0.277126 3.198348 0.943839
-0.983645 -0.983645 -1.183806 -1.183806 0.318353 0.286333 3.217874 0.961709
-0.951350 -0.951350 -1.709011 -1.709011 0.318927 0.266948 3.218763 0.951601
-0.987018 -0.987018 -0.980019 -0.980019 0.318602 0.257225 3.218880 0.947069
-1.022341 -1.022341 -1.035832 -1.035832 0.300262 0.240000 3.218880 0.950564
-0.998736 -0.998736 -1.436163 -1.436163 0.318786 0.277121 3.218880 0.950048
-1.011986 -1.011986 -1.433687 -1.433687 0.308775 0.265359 3.218880 0.948465
-0.977533 -0.977533 -1.492846 -1.492846 0.313400 0.274579 3.218880 0.947556
-1.024874 -1.024874 -1.771260 -1.771260 0.302703 0.254478 3.218880 0.944188
-0.976756 -0.976756 -1.414565 -1.414565 0.316240 0.263028 3.218880 0.939276
-1.000349 -1.000349 -1.077080 -1.077080 0.313163 0.267975 3.217775 0.950062
-1.066380 -1.066380 -0.881448 -0.881448 0.298875 0.240000 3.218880 0.950916
-1.007920 -1.007920 -1.390786 -1.390786 0.294440 0.240000 3.218810 0.952514
-0.996904 -0.996904 -1.736210 -1.736210 0.317567 0.294825 3.218880 0.949546
-0.887792 -0.887792 -3.454164 -3.454164 0.317985 0.271751 3.218880 0.935632
-0.946453 -0.946453 -3.704050 -3.704050 0.309751 0.277485 3.218880 0.945324
-0.947936 -0.947936 -2.658365 -2.658365 0.323302 0.316640 3.218880 0.945764
-0.974530 -0.974530 -2.046018 -2.046018 0.323844 0.290627 3.218880 0.936175
