-0.953895 -0.953895 -1.225657 -1.225657 0.324766 0.268338 3.218880 0.944077
-0.979338 -0.979338 -1.298695 -1.298695 0.298566 0.240000 3.218880 0.949440
-0.978246 -0.978246 -1.269581 -1.269581 0.321180 0.270517 3.213189 0.958266
-0.939318 -0.939318 -2.132447 -2.132447 0.324148 0.292262 3.218880 0.954967
-0.976197 -0.976197 -2.262842 -2.262842 0.315450 0.278920 3.218880 0.945484
-0.950120 -0.950120 -1.626685 -1.626685 0.318908 0.261153 3.218880 0.949818
-0.970076 -0.970076 -2.177817 -2.177817 0.312448 0.298157 3.218880 0.953252
-0.921414 -0.921414 -1.043682 -1.043682 0.312656 0.241455 3.218880 0.949682
-0.925161 -0.925161 -1.600026 -1.600026 0.313604 0.250218 3.218880 0.948759
-0.912308 -0.912308 -1.665453 -1.665453 0.340556 0.297431 3.194237 0.945490
-1.011312 -1.011312 -2.856610 -2.856610 0.313870 0.304404 3.218880 0.946805
-1.005059 -1.005059 -1.020176 -1.020176 0.305899 0.240150 3.218880 0.945488
-1.059992 -1.059992 -1.167258 -1.167258 0.294721 0.240000 3.218880 0.946566
-0.973089 -0.973089 -1.661865 -1.661865 0.308828 0.257407 3.218880 0.948345
-0.995177 -0.995177 -1.107922 -1.107922 0.322406 0.268366 3.218705 0.944635
-1.023672 -1.023672 -1.564612 -1.564612 0.291432 0.240000 3.218880 0.945309
-0.953040 -0.953040 -2.002908 -2.002908 0.302682 0.241209 3.218880 0.947236
-0.919165 -0.919165 -1.779584 -1.779584 0.327989 0.290934 3.218880 0.949666
-0.955480 -0.955480 -1.996475 -1.996475 0.321843 0.294048 3.215183 0.947891
-0.982352 -0.982352 -0.993512 -0.993512 0.311558 0.243319 3.218880 0.949842
-1.019814 -1.019814 -0.826478 -0.826478 0.304484 0.240000 3.218880 0.953116
-0.991682 -0.991682 -1.216876 -1.216876 0.302623 0.240000 3.218880 0.948859
-0.947842 -0.947842 -1.298599 -1.298599 0.337235 0.308791 3.162461 0.944730
-1.003199 -1.003199 -1.071172 -1.071172 0.324731 0.273172 3.218880 0.945238
-0.941870 -0.941870 -1.915747 -1.915747 0.330825 0.307786 3.198458 0.941231
-0.928720 -0.928720 -1.211424 -1.211424 0.310817 0.245434 3.218880 0.951257
-1.066380 -1.066380 -0.671842 -0.671842 0.291822 0.240013 3.218880 0.959374
-1.042189 -1.042189 -0.859611 -0.859611 0.301964 0.240000 3.218880 0.951821
-0.964867 -0.964867 -0.912032 -0.912032 0.332502 0.283050 3.146248 0.943460
-0.927827 -0.927827 -1.598730 -1.598730 0.327693 0.263254 3.218880 0.939918
-0.991261 -0.991261 -1.075409 -1.075409 0.313993 0.260901 3.218880 0.956543
-0.968652 -0.968652 -1.431785 -1.431785 0.325593 0.292603 3.206823 0.942182
-0.972096 -0.972096 -1.285940 -1.285940 0.315773 0.258553 3.218880 0.947972
-1.027619 -1.027619 -1.446477 -1.446477 0.295820 0.240000 3.218880 0.942547
-1.110172 -1.110172 -0.623114 -0.623114 0.301281 0.240000 3.218880 0.943924
-0.950259 -0.950259 -1.170228 -1.170228 0.336165 0.276572 3.218880 0.948438
-0.935670 -0.935670 -1.580856 -1.580856 0.319203 0.262427 3.218880 0.942057
-1.012751 -1.012751 -1.224467 -1.224467 0.325060 0.299838 3.178568 0.949046
-1.022022 -1.022022 -1.745768 -1.745768 0.289387 0.240000 3.218880 0.951268
-1.039812 -1.039812 -0.822294 -0.822294 0.294270 0.240000 3.218880 0.954276
-1.015214 -1.015214 -1.328037 -1.328037 0.321012 0.283857 3.216429 0.951832
-0.997312 -0.997312 -1.934767 -1.934767 0.301480 0.266842 3.218880 0.944808
-1.002144 -1.002144 -1.242903 -1.242903 0.300629 0.240000 3.218880 0.944374
-0.959179 -0.959179 -1.397016 -1.397016 0.320081 0.262433 3.218880 0.938766
-0.953787 -0.953787 -1.758094 -1.758094 0.324660 0.288000 3.205561 0.950985
-1.055576 -1.055576 -1.178117 -1.178117 0.304749 0.277270 3.211254 0.953377
-1.008820 -1.008820 -0.961517 -0.961517 0.328918 0.284724 3.198313 0.951664
-1.016561 -1.016561 -2.070405 -2.070405 0.309635 0.286103 3.218793 0.953338
-0.943245 -0.943245 -1.885453 -1.885453 0.322135 0.296460 3.212355 0.946103
-0.970185 -0.970185 -2.555392 -2.555392 0.322002 0.295493 3.218880 0.946051
-0.925123 -0.925123 -2.032731 -2.032731 0.329417 0.282009 3.218880 0.942488
-0.947202 -0.947202 -1.902697 -1.902697 0.298930 0.240000 3.218880 0.944701
-0.935938 -0.935938 -3.561612 -3.561612 0.317157 0.312316 3.218829 0.949188
-0.980307 -0.980307 -2.492916 -2.492916 0.317203 0.304247 3.211197 0.950850
-1.000284 -1.000284 -2.695658 -2.695658 0.309154 0.297142 3.208356 0.939789
-0.894543 -0.894543 -1.516568 -1.516568 0.311009 0.240548 3.218880 0.937388
-0.990816 -0.990816 -1.145910 -1.145910 0.320497 0.270009 3.218427 0.948808
-0.895301 -0.895301 -1.528160 -1.528160 0.327137 0.266968 3.218880 0.953238
-1.052587 -1.052587 -0.888776 -0.888776 0.301692 0.240028 3.218880 0.950797
-0.951591 -0.951591 -2.204912 -2.204912 0.317433 0.279818 3.218880 0.949654
-0.994724 -0.994724 -3.077707 -3.077707 0.315993 0.312876 3.183575 0.949555
-1.039231 -1.039231 -0.884873 -0.884873 0.311824 0.269905 3.217370 0.949090
-1.070499 -1.070499 -0.891383 -0.891383 0.299189 0.240026 3.218880 0.951768
-1.004531 -1.004531 -1.341532 -1.341532 0.310797 0.260443 3.218880 0.955769
-0.923026 -0.923026 -1.705691 -1.705691 0.330322 0.267906 3.218880 0.947246
-1.078357 -1.078357 -1.231149 -1.231149 0.288826 0.240000 3.218880 0.951072
-0.919599 -0.919599 -2.079620 -2.079620 0.318917 0.263415 3.218880 0.941258
-0.940922 -0.940922 -2.520655 -2.520655 0.313960 0.268156 3.218880 0.943362
-0.910722 -0.910722 -2.277621 -2.277621 0.329483 0.275753 3.218880 0.942712
-0.931442 -0.931442 -0.850866 -0.850866 0.328228 0.263909 3.218880 0.955491
-0.928610 -0.928610 -1.558165 -1.558165 0.321092 0.260193 3.218880 0.952395
-0.933363 -0.933363 -1.533995 -1.533995 0.328347 0.273006 3.214387 0.943758
-0.955536 -0.955536 -1.796418 -1.796418 0.306897 0.245926 3.218880 0.946585
-0.939208 -0.939208 -1.600854 -1.600854 0.332241 0.290402 3.212589 0.942801
-0.919816 -0.919816 -1.717029 -1.717029 0.327665 0.265216 3.218880 0.939154
-0.983818 -0.983818 -1.579309 -1.579309 0.323171 0.287741 3.218880 0.947360
-0.961149 -0.961149 -1.641086 -1.641086 0.320018 0.267810 3.218880 0.948209
-1.047041 -1.047041 -1.060682 -1.060682 0.296736 0.240000 3.218880 0.946559
-0.907044 -0.907044 -2.234476 -2.234476 0.334422 0.295828 3.218537 0.941135
-0.954403 -0.954403 -1.968677 -1.968677 0.308261 0.264869 3.218880 0.950998
-1.013824 -1.013824 -1.486556 -1.486556 0.316429 0.289524 3.218880 0.947621
-0.964972 -0.964972 -1.487214 -1.487214 0.325862 0.277802 3.218880 0.939235
-0.992376 -0.992376 -2.207288 -2.207288 0.302957 0.277786 3.218880 0.948901
-1.002003 -1.002003 -1.885633 -1.885633 0.320767 0.299646 3.218880 0.945255
-0.907975 -0.907975 -2.099719 -2.099719 0.329314 0.270022 3.218880 0.945099
-0.909092 -0.909092 -2.400665 -2.400665 0.328482 0.276359 3.218880 0.940301
-0.930568 -0.930568 -1.840132 -1.840132 0.306706 0.242886 3.218880 0.948778
-0.991762 -0.991762 -1.553335 -1.553335 0.317652 0.278456 3.218880 0.948404
-0.961433 -0.961433 -1.060865 -1.060865 0.323514 0.256256 3.218880 0.945528
-0.984906 -0.984906 -1.904016 -1.904016 0.324282 0.290939 3.218880 0.957717
-0.943312 -0.943312 -1.681798 -1.681798 0.323201 0.290180 3.215909 0.951782
-0.999818 -0.999818 -1.276525 -1.276525 0.309198 0.247680 3.218880 0.944901
-0.947306 -0.947306 -1.720319 -1.720319 0.323834 0.289168 3.218619 0.952744
-0.997558 -0.997558 -1.357055 -1.357055 0.319997 0.281414 3.218880 0.954153
-0.966716 -0.966716 -1.315041 -1.315041 0.322330 0.267002 3.218880 0.954793
-0.969330 -0.969330 -1.979268 -1.979268 0.309792 0.259453 3.218880 0.944673
-1.005679 -1.005679 -1.417479 -1.417479 0.317586 0.292918 3.184731 0.945982
-0.986739 -0.986739 -0.880662 -0.880662 0.301900 0.240000 3.218880 0.955152
-0.971930 -0.971930 -0.982322 -0.982322 0.322175 0.262620 3.218880 0.949053
-1.050725 -1.050725 -1.182301 -1.182301 0.309439 0.274540 3.209378 0.956341
-1.021298 -1.021298 -0.782658 -0.782658 0.319987 0.260592 3.218880 0.950282
-1.029957 -1.029957 -1.100799 -1.100799 0.298298 0.240000 3.218880 0.944707
-1.044318 -1.044318 -1.621274 -1.621274 0.311282 0.277865 3.218880 0.957567
-0.973532 -0.973532 -0.812624 -0.812624 0.317166 0.250368 3.218880 0.953635
-0.923999 -0.923999 -0.996830 -0.996830 0.320850 0.250419 3.218880 0.945784
-0.998397 -0.998397 -1.065831 -1.065831 0.309451 0.245308 3.218880 0.947110
-1.014934 -1.014934 -1.166321 -1.166321 0.302254 0.243619 3.218880 0.949285
-0.965116 -0.965116 -1.267032 -1.267032 0.326513 0.265428 3.218873 0.941289
-0.981608 -0.981608 -1.615573 -1.615573 0.305052 0.249123 3.218880 0.950159
-1.051591 -1.051591 -0.973271 -0.973271 0.298840 0.240088 3.218880 0.943920
-0.998291 -0.998291 -1.353162 -1.353162 0.309291 0.245761 3.218880 0.941417
-1.083668 -1.083668 -0.833979 -0.833979 0.319332 0.296593 3.195653 0.950966
-0.982090 -0.982090 -0.769853 -0.769853 0.319755 0.248305 3.218880 0.947580
-0.944040 -0.944040 -1.708171 -1.708171 0.321322 0.268946 3.218880 0.949275
-0.845784 -0.845784 -3.290576 -3.290576 0.342425 0.295593 3.218880 0.945519
-1.017662 -1.017662 -1.714921 -1.714921 0.303409 0.248961 3.218880 0.949249
-0.947278 -0.947278 -1.992773 -1.992773 0.320070 0.261666 3.218880 0.941405
-0.984252 -0.984252 -1.367919 -1.367919 0.327940 0.285649 3.218421 0.946681
-1.030725 -1.030725 -2.489466 -2.489466 0.310438 0.308097 3.218880 0.954329
-0.983632 -0.983632 -1.208070 -1.208070 0.323096 0.272830 3.218880 0.946662
-1.022099 -1.022099 -1.774029 -1.774029 0.313845 0.306781 3.196747 0.955578
-1.042077 -1.042077 -0.679282 -0.679282 0.341644 0.303791 3.181745 0.942783
-1.030275 -1.030275 -1.333468 -1.333468 0.327735 0.278740 3.218880 0.940127
-0.972411 -0.972411 -2.026646 -2.026646 0.322546 0.289565 3.218880 0.951153
-0.957149 -0.957149 -2.542482 -2.542482 0.328280 0.306910 3.218202 0.952199
-0.929509 -0.929509 -1.760599 -1.760599 0.323765 0.274642 3.218880 0.950466
-0.996344 -0.996344 -1.639604 -1.639604 0.302289 0.246443 3.218880 0.947659
-1.018504 -1.018504 -1.666551 -1.666551 0.300587 0.242559 3.218880 0.942590
-1.055818 -1.055818 -1.085183 -1.085183 0.304026 0.270212 3.208224 0.946873
-1.103963 -1.103963 -0.838960 -0.838960 0.307576 0.298561 3.199044 0.955380
-0.936329 -0.936329 -1.543591 -1.543591 0.328557 0.290015 3.217634 0.957859
-1.013415 -1.013415 -1.034871 -1.034871 0.322561 0.263207 3.218880 0.952009
