-0.950396 -0.950396 -2.168796 -2.168796 0.309020 0.247116 3.218880 0.942168
-1.033395 -1.033395 -1.588885 -1.588885 0.287439 0.240000 3.218880 0.951482
-0.961422 -0.961422 -1.285399 -1.285399 0.316029 0.257825 3.218880 0.949478
-0.932814 -0.932814 -1.729814 -1.729814 0.329398 0.276928 3.218880 0.943789
-0.935511 -0.935511 -2.707907 -2.707907 0.320983 0.289845 3.218880 0.951014
-0.998095 -0.998095 -1.163980 -1.163980 0.299543 0.240000 3.218880 0.955735
-0.987911 -0.987911 -1.379141 -1.379141 0.304406 0.243587 3.218880 0.945122
-1.022087 -1.022087 -0.815515 -0.815515 0.310975 0.250737 3.218880 0.953812
-1.013645 -1.013645 -1.041991 -1.041991 0.302800 0.240000 3.218880 0.947934
-1.009082 -1.009082 -1.383018 -1.383018 0.296459 0.240000 3.218880 0.949110
-1.081801 -1.081801 -0.995847 -0.995847 0.316579 0.302064 3.186370 0.941444
-1.026238 -1.026238 -1.204798 -1.204798 0.321952 0.302925 3.218880 0.947253
-0.926840 -0.926840 -1.138830 -1.138830 0.335489 0.291163 3.218880 0.947763
-0.997108 -0.997108 -1.463854 -1.463854 0.300299 0.240121 3.218871 0.948324
-0.964650 -0.964650 -1.853643 -1.853643 0.321828 0.280412 3.218880 0.942446
-0.938543 -0.938543 -1.851467 -1.851467 0.302028 0.240101 3.218880 0.945603
-0.931242 -0.931242 -2.210745 -2.210745 0.324333 0.278630 3.218880 0.945846
-0.906672 -0.906672 -1.169916 -1.169916 0.326338 0.257021 3.218880 0.949899
-0.939658 -0.939658 -1.518868 -1.518868 0.332365 0.291089 3.218880 0.945780
-0.943743 -0.943743 -1.507462 -1.507462 0.330774 0.287039 3.218880 0.948994
-0.956573 -0.956573 -0.744280 -0.744280 0.336041 0.267213 3.218880 0.946139
-0.977419 -0.977419 -1.483736 -1.483736 0.318822 0.290587 3.210439 0.952775
-1.017705 -1.017705 -1.655683 -1.655683 0.323856 0.304782 3.218880 0.954022
-1.037455 -1.037455 -1.235067 -1.235067 0.320763 0.296949 3.212576 0.948217
-1.087685 -1.087685 -1.100123 -1.100123 0.293825 0.240000 3.218880 0.946831
-0.980443 -0.980443 -1.094531 -1.094531 0.334193 0.289705 3.195027 0.943661
-1.003817 -1.003817 -1.412508 -1.412508 0.316076 0.279477 3.218880 0.948424
-1.024614 -1.024614 -1.067612 -1.067612 0.314956 0.260675 3.218880 0.951170
-0.955319 -0.955319 -2.487048 -2.487048 0.314865 0.272179 3.214265 0.951089
-0.951670 -0.951670 -2.739400 -2.739400 0.316264 0.299624 3.218880 0.949609
-0.946149 -0.946149 -0.912504 -0.912504 0.315507 0.243820 3.218880 0.953121
-0.937021 -0.937021 -2.077034 -2.077034 0.315063 0.265291 3.218880 0.957479
-0.987706 -0.987706 -1.097656 -1.097656 0.311928 0.248671 3.218880 0.947740
-0.936948 -0.936948 -1.359614 -1.359614 0.320349 0.283297 3.217936 0.957466
-1.021882 -1.021882 -1.270245 -1.270245 0.308099 0.260592 3.218880 0.948599
-0.966426 -0.966426 -1.343449 -1.343449 0.308868 0.246117 3.218880 0.953767
-0.902256 -0.902256 -2.618518 -2.618518 0.331303 0.295496 3.218880 0.931908
-0.969324 -0.969324 -0.953118 -0.953118 0.307429 0.240046 3.218880 0.951027
-0.956616 -0.956616 -1.895902 -1.895902 0.314031 0.263076 3.218880 0.951860
-0.950064 -0.950064 -2.240561 -2.240561 0.328745 0.313343 3.218880 0.948162
-0.961665 -0.961665 -2.095718 -2.095718 0.307193 0.252413 3.218880 0.942837
-1.023153 -1.023153 -1.916217 -1.916217 0.323270 0.314208 3.218880 0.950672
-1.035943 -1.035943 -1.281377 -1.281377 0.300971 0.240631 3.218880 0.943319
-1.010449 -1.010449 -1.954298 -1.954298 0.314301 0.294219 3.212078 0.954527
-0.968732 -0.968732 -3.487105 -3.487105 0.315943 0.299129 3.218739 0.951661
-0.989899 -0.989899 -2.388655 -2.388655 0.301712 0.280974 3.218880 0.953336
-1.005538 -1.005538 -1.217285 -1.217285 0.314735 0.264740 3.218880 0.950406
-0.964744 -0.964744 -1.503664 -1.503664 0.326929 0.286758 3.218880 0.945320
-0.981523 -0.981523 -1.018274 -1.018274 0.320977 0.259067 3.218880 0.954625
-0.985989 -0.985989 -1.185643 -1.185643 0.301641 0.243399 3.218880 0.951669
-1.063670 -1.063670 -1.331204 -1.331204 0.304336 0.269612 3.218848 0.953658
-0.959153 -0.959153 -2.703243 -2.703243 0.323219 0.306014 3.218880 0.945494
-1.042398 -1.042398 -2.066794 -2.066794 0.307744 0.294583 3.204435 0.952321
-1.084331 -1.084331 -0.784287 -0.784287 0.293341 0.240000 3.218832 0.955093
-1.068890 -1.068890 -0.949036 -0.949036 0.297008 0.240132 3.218880 0.948746
-1.023639 -1.023639 -1.775474 -1.775474 0.288919 0.240000 3.218880 0.951548
-0.991400 -0.991400 -1.581279 -1.581279 0.310750 0.274512 3.218880 0.943093
-0.991415 -0.991415 -1.987114 -1.987114 0.319090 0.307821 3.181094 0.938741
-0.979915 -0.979915 -1.561181 -1.561181 0.298342 0.240000 3.218880 0.952046
-0.999794 -0.999794 -0.945973 -0.945973 0.330803 0.280984 3.215572 0.950906
-1.013258 -1.013258 -1.637136 -1.637136 0.296606 0.240000 3.218880 0.947510
-1.022387 -1.022387 -1.107448 -1.107448 0.296083 0.240000 3.218880 0.954663
-0.966304 -0.966304 -1.755131 -1.755131 0.326772 0.293981 3.218880 0.950761
-0.994485 -0.994485 -1.320949 -1.320949 0.306601 0.246810 3.218880 0.953116
-1.007393 -1.007393 -1.201437 -1.201437 0.303509 0.240000 3.218880 0.948215
-0.987396 -0.987396 -1.099507 -1.099507 0.318306 0.256824 3.218846 0.948263
-1.023245 -1.023245 -1.182329 -1.182329 0.320747 0.277299 3.218000 0.944338
-0.971109 -0.971109 -2.234685 -2.234685 0.303296 0.246743 3.218880 0.941340
-0.888820 -0.888820 -3.803137 -3.803137 0.324779 0.309676 3.218880 0.947153
-0.935401 -0.935401 -3.922102 -3.922102 0.324265 0.309476 3.218880 0.953239
-0.943725 -0.943725 -1.198226 -1.198226 0.326051 0.259318 3.218880 0.952438
-0.988333 -0.988333 -0.899464 -0.899464 0.322806 0.269356 3.212085 0.943743
-0.979096 -0.979096 -1.400786 -1.400786 0.323734 0.285232 3.207692 0.945265
-0.996983 -0.996983 -1.877074 -1.877074 0.316228 0.306887 3.202297 0.942122
-1.046600 -1.046600 -1.018478 -1.018478 0.311511 0.270050 3.218880 0.954624
-0.933296 -0.933296 -1.718437 -1.718437 0.328054 0.302471 3.207350 0.952001
-0.986638 -0.986638 -1.502789 -1.502789 0.313771 0.283450 3.218880 0.940220
-0.980186 -0.980186 -1.028141 -1.028141 0.326886 0.276918 3.201003 0.949469
-0.985862 -0.985862 -1.180756 -1.180756 0.306191 0.241293 3.218880 0.947651
-0.920133 -0.920133 -1.041902 -1.041902 0.328184 0.253880 3.218880 0.948421
-0.957076 -0.957076 -1.705412 -1.705412 0.324635 0.293655 3.168128 0.944686
-0.937041 -0.937041 -1.127189 -1.127189 0.321148 0.251567 3.218880 0.945526
-0.929584 -0.929584 -3.664274 -3.664274 0.327979 0.301445 3.218880 0.942766
-0.948484 -0.948484 -2.544707 -2.544707 0.318125 0.280591 3.218880 0.951052
-0.941496 -0.941496 -1.468033 -1.468033 0.320700 0.272627 3.197924 0.943085
-0.991475 -0.991475 -1.590009 -1.590009 0.313155 0.276532 3.218880 0.949241
-1.043216 -1.043216 -1.366209 -1.366209 0.312497 0.270527 3.218865 0.952609
-1.035872 -1.035872 -0.840288 -0.840288 0.333222 0.295631 3.166347 0.950544
-0.932914 -0.932914 -1.550914 -1.550914 0.313861 0.264318 3.218880 0.950169
-1.098654 -1.098654 -1.002340 -1.002340 0.303478 0.291366 3.209951 0.954467
-1.021901 -1.021901 -1.047417 -1.047417 0.325399 0.293929 3.217859 0.952637
-0.932468 -0.932468 -2.145112 -2.145112 0.325265 0.285103 3.218880 0.949567
-0.962143 -0.962143 -1.220998 -1.220998 0.312248 0.246452 3.218880 0.950004
-1.058987 -1.058987 -0.985321 -0.985321 0.294621 0.240000 3.218880 0.948717
-1.061089 -1.061089 -0.857840 -0.857840 0.298546 0.240010 3.218880 0.948862
-0.904021 -0.904021 -1.878743 -1.878743 0.322528 0.255015 3.218880 0.947228
-0.966393 -0.966393 -1.458891 -1.458891 0.323473 0.272059 3.218880 0.953545
-0.947544 -0.947544 -1.695855 -1.695855 0.309946 0.273650 3.218880 0.954331
-1.031793 -1.031793 -0.690967 -0.690967 0.300933 0.240000 3.218880 0.955711
-0.973893 -0.973893 -1.782974 -1.782974 0.320890 0.283897 3.218880 0.951000
-1.037363 -1.037363 -1.005802 -1.005802 0.299448 0.240000 3.218880 0.947985
-0.945681 -0.945681 -1.680608 -1.680608 0.324198 0.267759 3.218880 0.940326
-0.968213 -0.968213 -1.509745 -1.509745 0.333249 0.301381 3.218880 0.950330
-1.013513 -1.013513 -2.130754 -2.130754 0.317510 0.301034 3.218880 0.946850
-0.957495 -0.957495 -1.657811 -1.657811 0.310808 0.250056 3.218880 0.949288
-0.980128 -0.980128 -1.842699 -1.842699 0.326611 0.305659 3.218880 0.946103
-1.053011 -1.053011 -1.029733 -1.029733 0.300895 0.240666 3.218880 0.944181
-1.034544 -1.034544 -1.759444 -1.759444 0.311718 0.280884 3.206842 0.946711
-1.033886 -1.033886 -0.802396 -0.802396 0.330479 0.292618 3.204113 0.947332
-1.015043 -1.015043 -1.287166 -1.287166 0.313821 0.268645 3.218880 0.951555
-0.901900 -0.901900 -2.233975 -2.233975 0.324814 0.270826 3.218880 0.947209
-0.946070 -0.946070 -1.239153 -1.239153 0.332202 0.275281 3.218880 0.945887
-0.922485 -0.922485 -1.477719 -1.477719 0.322227 0.253532 3.218880 0.945568
-1.009737 -1.009737 -1.485297 -1.485297 0.316203 0.267803 3.218880 0.947135
-1.030296 -1.030296 -1.365374 -1.365374 0.299180 0.240000 3.218880 0.943386
-0.980030 -0.980030 -1.147698 -1.147698 0.326105 0.278224 3.218880 0.948515
-1.059370 -1.059370 -0.923628 -0.923628 0.317218 0.299341 3.197071 0.958018
-0.997371 -0.997371 -1.559041 -1.559041 0.321313 0.302463 3.192930 0.945407
-1.012410 -1.012410 -1.400741 -1.400741 0.319832 0.300239 3.209036 0.954208
-0.904068 -0.904068 -2.543886 -2.543886 0.316944 0.267074 3.218880 0.942070
-0.972497 -0.972497 -1.146829 -1.146829 0.326965 0.278661 3.212610 0.945875
-1.040362 -1.040362 -1.145197 -1.145197 0.311412 0.290932 3.213271 0.949573
-1.007191 -1.007191 -1.875838 -1.875838 0.318053 0.301336 3.218230 0.951439
-1.008319 -1.008319 -0.968994 -0.968994 0.312539 0.256333 3.218880 0.947899
-0.989779 -0.989779 -1.370362 -1.370362 0.303961 0.242297 3.218880 0.945465
-0.975745 -0.975745 -1.661197 -1.661197 0.314342 0.250125 3.218880 0.941233
-0.900576 -0.900576 -2.212602 -2.212602 0.340542 0.301852 3.218880 0.939623
-0.940886 -0.940886 -2.225793 -2.225793 0.325272 0.292641 3.218880 0.944023
-0.945938 -0.945938 -1.355033 -1.355033 0.308555 0.240064 3.218880 0.942752
-0.999033 -0.999033 -1.143517 -1.143517 0.298061 0.240000 3.218880 0.953212
-1.007808 -1.007808 -0.942930 -0.942930 0.318022 0.264805 3.218578 0.945694
-0.947925 -0.947925 -1.478980 -1.478980 0.310336 0.247296 3.218880 0.945439
