-0.988766 -0.988766 -1.220792 -1.220792 0.314628 0.250806 3.218880 0.948735
-1.005382 -1.005382 -1.393981 -1.393981 0.310339 0.282682 3.205498 0.953143
-0.991472 -0.991472 -1.458092 -1.458092 0.309998 0.265560 3.217426 0.948282
-0.954925 -0.954925 -1.613184 -1.613184 0.316633 0.263937 3.218880 0.946988
-0.971509 -0.971509 -1.181237 -1.181237 0.311910 0.254194 3.218880 0.957036
-0.971440 -0.971440 -1.998017 -1.998017 0.319227 0.301422 3.173248 0.942426
-1.029576 -1.029576 -0.778732 -0.778732 0.305611 0.240000 3.218880 0.960143
-0.981916 -0.981916 -0.896367 -0.896367 0.307078 0.240046 3.218880 0.952221
-0.996557 -0.996557 -1.061641 -1.061641 0.306654 0.240018 3.218880 0.949335
-1.018850 -1.018850 -1.187935 -1.187935 0.301697 0.240000 3.218880 0.946002
-1.056240 -1.056240 -1.181372 -1.181372 0.290631 0.240000 3.218880 0.954230
-0.979870 -0.979870 -1.412393 -1.412393 0.297844 0.240000 3.218880 0.952415
-0.980481 -0.980481 -1.712658 -1.712658 0.312487 0.261765 3.218880 0.944570
-1.003039 -1.003039 -1.043330 -1.043330 0.322200 0.271935 3.206821 0.952355
-0.919026 -0.919026 -1.730221 -1.730221 0.321191 0.265358 3.211288 0.953561
-0.996848 -0.996848 -3.815019 -3.815019 0.308604 0.297206 3.218086 0.952219
-0.954862 -0.954862 -2.666589 -2.666589 0.322319 0.304027 3.218880 0.950109
-1.006495 -1.006495 -1.770189 -1.770189 0.318569 0.295932 3.214701 0.955947
-0.914781 -0.914781 -2.088818 -2.088818 0.334578 0.295176 3.218880 0.949734
-0.930666 -0.930666 -1.384842 -1.384842 0.304815 0.240158 3.218880 0.952248
-1.078161 -1.078161 -0.675463 -0.675463 0.296612 0.240021 3.218880 0.957466
-0.985226 -0.985226 -1.533848 -1.533848 0.302074 0.241554 3.218880 0.948449
-0.982311 -0.982311 -1.491400 -1.491400 0.299980 0.240000 3.218880 0.948088
-1.015350 -1.015350 -1.487784 -1.487784 0.304851 0.260031 3.206205 0.936544
-1.010558 -1.010558 -1.883544 -1.883544 0.315324 0.293238 3.218880 0.949215
-0.938765 -0.938765 -1.427393 -1.427393 0.305165 0.240000 3.218880 0.948083
-1.008171 -1.008171 -1.362701 -1.362701 0.320803 0.265947 3.218880 0.951317
-0.985141 -0.985141 -1.951446 -1.951446 0.311951 0.274350 3.218546 0.947948
-1.082032 -1.082032 -0.754169 -0.754169 0.310416 0.255981 3.218861 0.942233
-1.036992 -1.036992 -1.081440 -1.081440 0.317526 0.278529 3.218880 0.949603
-1.037957 -1.037957 -1.086813 -1.086813 0.302225 0.241770 3.218880 0.941373
-0.957802 -0.957802 -1.444900 -1.444900 0.326525 0.287644 3.218880 0.947734
-0.946486 -0.946486 -1.741584 -1.741584 0.312183 0.248624 3.218880 0.941929
-1.046010 -1.046010 -1.523165 -1.523165 0.297988 0.240052 3.218880 0.940554
-0.983449 -0.983449 -1.069766 -1.069766 0.329556 0.271829 3.218880 0.944787
-0.999991 -0.999991 -1.928262 -1.928262 0.315408 0.290449 3.218880 0.952600
-0.929997 -0.929997 -1.530259 -1.530259 0.321576 0.263672 3.204781 0.947372
-0.969190 -0.969190 -1.702799 -1.702799 0.303029 0.241865 3.218880 0.946857
-0.944439 -0.944439 -1.744527 -1.744527 0.311582 0.247233 3.218880 0.949902
-0.849812 -0.849812 -2.503218 -2.503218 0.340106 0.283117 3.218880 0.939531
-0.991373 -0.991373 -3.080975 -3.080975 0.314879 0.316489 3.207546 0.953834
-0.901804 -0.901804 -2.947166 -2.947166 0.315741 0.265933 3.218880 0.949223
-1.030122 -1.030122 -1.461135 -1.461135 0.307828 0.289746 3.211728 0.951004
-1.028293 -1.028293 -1.142420 -1.142420 0.323029 0.296325 3.218880 0.948580
-1.001332 -1.001332 -1.541112 -1.541112 0.316596 0.287917 3.216198 0.951628
-0.982062 -0.982062 -1.404011 -1.404011 0.307676 0.247855 3.218880 0.948044
-0.926568 -0.926568 -1.314520 -1.314520 0.335878 0.275765 3.218880 0.942761
-0.989497 -0.989497 -1.121241 -1.121241 0.314998 0.258357 3.218880 0.954258
-0.996118 -0.996118 -1.029354 -1.029354 0.314234 0.251040 3.218880 0.949699
-1.024132 -1.024132 -1.299108 -1.299108 0.319329 0.309782 3.167277 0.951202
-1.056415 -1.056415 -0.925550 -0.925550 0.318252 0.285225 3.192456 0.950595
-1.002689 -1.002689 -1.455021 -1.455021 0.315102 0.291958 3.187237 0.957022
-0.975392 -0.975392 -1.322406 -1.322406 0.326202 0.295271 3.205532 0.953366
-1.014900 -1.014900 -1.740227 -1.740227 0.313762 0.272271 3.218880 0.947083
-0.981981 -0.981981 -2.276409 -2.276409 0.323214 0.309540 3.212834 0.950266
-0.949993 -0.949993 -1.622686 -1.622686 0.310191 0.249992 3.218880 0.943499
-1.028869 -1.028869 -0.871574 -0.871574 0.319120 0.274464 3.198843 0.953675
-0.992257 -0.992257 -1.800259 -1.800259 0.307664 0.251922 3.218880 0.945111
-1.017319 -1.017319 -1.737782 -1.737782 0.318624 0.295255 3.218880 0.952437
-0.986906 -0.986906 -1.270162 -1.270162 0.314037 0.266351 3.218880 0.950973
-0.952178 -0.952178 -1.965968 -1.965968 0.317681 0.276211 3.218704 0.949788
-1.008727 -1.008727 -1.037756 -1.037756 0.320402 0.273605 3.211268 0.949696
-0.979426 -0.979426 -0.915295 -0.915295 0.307071 0.240000 3.218880 0.952756
-0.973305 -0.973305 -0.687002 -0.687002 0.337669 0.284179 3.185655 0.949040
-0.944314 -0.944314 -1.222652 -1.222652 0.321140 0.248002 3.218880 0.940696
-0.988482 -0.988482 -1.342844 -1.342844 0.327679 0.291630 3.218880 0.943023
-0.995549 -0.995549 -1.324191 -1.324191 0.323364 0.299349 3.218540 0.953035
-1.034839 -1.034839 -1.062271 -1.062271 0.310963 0.277003 3.192964 0.951747
-1.001031 -1.001031 -1.172360 -1.172360 0.313373 0.252606 3.218880 0.948404
-1.036769 -1.036769 -1.256177 -1.256177 0.300784 0.240180 3.218880 0.945864
-0.998400 -0.998400 -1.221167 -1.221167 0.308186 0.245631 3.218880 0.948905
-1.010988 -1.010988 -0.990780 -0.990780 0.325432 0.268275 3.218880 0.945781
-0.920953 -0.920953 -0.986038 -0.986038 0.327604 0.261252 3.199653 0.939260
-0.973536 -0.973536 -1.188653 -1.188653 0.327029 0.302536 3.168679 0.946602
-0.948527 -0.948527 -1.326197 -1.326197 0.324841 0.271474 3.218736 0.948815
-1.010361 -1.010361 -0.710882 -0.710882 0.310539 0.242450 3.218880 0.946726
-1.012886 -1.012886 -0.732979 -0.732979 0.315588 0.249954 3.218880 0.953400
-1.047752 -1.047752 -0.630290 -0.630290 0.302323 0.240000 3.218880 0.954456
-0.958856 -0.958856 -0.890601 -0.890601 0.305986 0.240000 3.218324 0.959396
-0.962179 -0.962179 -1.866011 -1.866011 0.313988 0.266417 3.218880 0.953769
-0.988876 -0.988876 -2.164837 -2.164837 0.295095 0.240000 3.218880 0.945884
-0.934227 -0.934227 -2.938008 -2.938008 0.333946 0.307733 3.218880 0.945785
-1.100047 -1.100047 -0.856058 -0.856058 0.292565 0.240000 3.218880 0.949668
-1.022307 -1.022307 -2.473504 -2.473504 0.303089 0.296559 3.218880 0.947571
-0.942705 -0.942705 -3.027162 -3.027162 0.321944 0.312786 3.203132 0.952010
-1.037510 -1.037510 -1.284018 -1.284018 0.312945 0.268385 3.218880 0.962625
-0.923935 -0.923935 -1.574412 -1.574412 0.328871 0.265705 3.218880 0.941016
-0.953434 -0.953434 -4.127829 -4.127829 0.324390 0.326264 3.218880 0.956508
-0.986483 -0.986483 -3.771555 -3.771555 0.302062 0.270542 3.218880 0.947060
-0.989891 -0.989891 -2.444437 -2.444437 0.320094 0.309439 3.216188 0.946363
-1.017800 -1.017800 -1.508498 -1.508498 0.305231 0.271810 3.218880 0.950374
-0.984375 -0.984375 -2.245042 -2.245042 0.318048 0.278613 3.218880 0.946889
-1.008133 -1.008133 -1.746427 -1.746427 0.298412 0.246128 3.218880 0.944211
-0.990959 -0.990959 -1.407530 -1.407530 0.328950 0.299360 3.200680 0.938549
-1.033742 -1.033742 -1.425230 -1.425230 0.321159 0.293835 3.218880 0.950134
-0.997721 -0.997721 -1.562710 -1.562710 0.322793 0.287887 3.218880 0.951335
-1.020512 -1.020512 -1.076885 -1.076885 0.325030 0.287668 3.207941 0.951532
-1.068078 -1.068078 -1.012432 -1.012432 0.306200 0.270755 3.218110 0.953970
-0.956817 -0.956817 -1.104218 -1.104218 0.319376 0.251986 3.218880 0.943261
-0.978047 -0.978047 -0.988326 -0.988326 0.311576 0.247912 3.218880 0.948378
-0.990096 -0.990096 -1.091367 -1.091367 0.302416 0.240000 3.218880 0.946910
-1.006448 -1.006448 -1.232241 -1.232241 0.300205 0.240000 3.218880 0.951870
-0.970786 -0.970786 -1.515368 -1.515368 0.333205 0.300492 3.216599 0.947840
-0.930719 -0.930719 -1.500091 -1.500091 0.324431 0.272571 3.218792 0.953954
-0.991480 -0.991480 -0.813989 -0.813989 0.321465 0.256223 3.218880 0.949581
-1.036409 -1.036409 -0.900029 -0.900029 0.316648 0.293291 3.149987 0.945620
-0.924601 -0.924601 -1.360719 -1.360719 0.310688 0.247019 3.218880 0.949683
-1.076375 -1.076375 -1.310461 -1.310461 0.284399 0.240000 3.218880 0.951642
-1.006816 -1.006816 -1.563100 -1.563100 0.325863 0.301383 3.218880 0.942722
-0.953961 -0.953961 -1.174880 -1.174880 0.328195 0.284939 3.212479 0.945621
-0.971347 -0.971347 -1.431317 -1.431317 0.308843 0.254183 3.218880 0.947706
-0.958645 -0.958645 -0.794736 -0.794736 0.327939 0.259212 3.218880 0.947088
-0.942597 -0.942597 -1.250502 -1.250502 0.308986 0.243079 3.218880 0.947259
-0.962165 -0.962165 -1.470513 -1.470513 0.318998 0.269112 3.218880 0.952751
-1.037458 -1.037458 -1.118298 -1.118298 0.296297 0.240000 3.218880 0.952915
-1.000265 -1.000265 -1.414415 -1.414415 0.290153 0.240000 3.218880 0.950799
-1.051254 -1.051254 -0.590764 -0.590764 0.307176 0.240000 3.218880 0.947855
-0.954160 -0.954160 -1.506907 -1.506907 0.326772 0.276231 3.212198 0.938345
-0.994583 -0.994583 -2.187533 -2.187533 0.301861 0.245671 3.218880 0.942410
-0.940119 -0.940119 -3.303347 -3.303347 0.317915 0.301507 3.207760 0.946518
-0.993027 -0.993027 -2.954412 -2.954412 0.296550 0.246651 3.218880 0.941053
-0.969304 -0.969304 -2.413274 -2.413274 0.311087 0.282578 3.218880 0.952021
-0.972299 -0.972299 -1.888253 -1.888253 0.326545 0.309103 3.218880 0.949828
-0.981453 -0.981453 -2.705600 -2.705600 0.315676 0.299492 3.218880 0.943991
-0.965753 -0.965753 -1.760212 -1.760212 0.331665 0.304516 3.218880 0.945872
-0.923815 -0.923815 -2.050988 -2.050988 0.334040 0.302307 3.218880 0.943475
-0.999557 -0.999557 -1.152964 -1.152964 0.325237 0.289843 3.186967 0.947082
-0.933744 -0.933744 -1.071117 -1.071117 0.319609 0.254346 3.218880 0.948565
-0.944132 -0.944132 -1.660594 -1.660594 0.306312 0.245120 3.218880 0.943606
-1.012574 -1.012574 -1.567639 -1.567639 0.322290 0.304486 3.218880 0.946418
-1.004626 -1.004626 -3.000785 -3.000785 0.300720 0.271532 3.218880 0.942752
-0.956900 -0.956900 -2.253512 -2.253512 0.324073 0.278454 3.218880 0.945642
