-1.012145 -1.012145 -1.020693 -1.020693 0.308604 0.244882 3.218880 0.949612
-1.013373 -1.013373 -2.065772 -2.065772 0.317407 0.301484 3.218880 0.951956
-0.940309 -0.940309 -2.361194 -2.361194 0.322938 0.308747 3.218880 0.948383
-1.008505 -1.008505 -1.755504 -1.755504 0.318349 0.295186 3.216679 0.955372
-0.973454 -0.973454 -1.654793 -1.654793 0.330298 0.309324 3.190048 0.947566
-1.006389 -1.006389 -1.188013 -1.188013 0.314540 0.267067 3.218880 0.950164
-1.009754 -1.009754 -2.515375 -2.515375 0.313444 0.305764 3.208067 0.940207
-0.962660 -0.962660 -1.501773 -1.501773 0.309794 0.269087 3.216612 0.951738
-0.976600 -0.976600 -1.179750 -1.179750 0.326200 0.280727 3.218880 0.945483
-1.024913 -1.024913 -1.164700 -1.164700 0.300627 0.240038 3.218880 0.944759
-0.958003 -0.958003 -1.268738 -1.268738 0.332640 0.285294 3.218357 0.936562
-0.978668 -0.978668 -1.382333 -1.382333 0.307252 0.243063 3.218880 0.948722
-1.001520 -1.001520 -2.128333 -2.128333 0.322608 0.310168 3.218880 0.945118
-1.029663 -1.029663 -1.091463 -1.091463 0.296614 0.240000 3.218880 0.947779
-0.952385 -0.952385 -1.344826 -1.344826 0.332593 0.297478 3.212004 0.943073
-0.929676 -0.929676 -1.276301 -1.276301 0.328628 0.268648 3.218880 0.939958
-0.979486 -0.979486 -1.294674 -1.294674 0.325596 0.289173 3.218880 0.950834
-1.007012 -1.007012 -1.394121 -1.394121 0.317045 0.272341 3.218880 0.956430
-1.007479 -1.007479 -1.236116 -1.236116 0.309033 0.247234 3.218880 0.947168
-1.019154 -1.019154 -0.961247 -0.961247 0.304647 0.240317 3.218880 0.948948
-0.974908 -0.974908 -1.622361 -1.622361 0.323998 0.275715 3.218880 0.942904
-1.044085 -1.044085 -1.626002 -1.626002 0.286461 0.240000 3.218880 0.955982
-1.038285 -1.038285 -1.010529 -1.010529 0.301375 0.240000 3.218880 0.949542
-0.991531 -0.991531 -1.008370 -1.008370 0.304955 0.240507 3.218880 0.947629
-0.944820 -0.944820 -1.145786 -1.145786 0.344694 0.296189 3.213841 0.948677
-0.930032 -0.930032 -1.690578 -1.690578 0.322483 0.270997 3.218880 0.950348
-0.966867 -0.966867 -1.425311 -1.425311 0.306016 0.241945 3.218880 0.944544
-0.948916 -0.948916 -1.283857 -1.283857 0.315678 0.246984 3.218880 0.941468
-0.937191 -0.937191 -1.263254 -1.263254 0.324780 0.265492 3.218880 0.948611
-1.041959 -1.041959 -2.055308 -2.055308 0.321269 0.316612 3.218880 0.950793
-0.951201 -0.951201 -1.336571 -1.336571 0.312275 0.248763 3.218880 0.950119
-0.919974 -0.919974 -1.663940 -1.663940 0.329532 0.264987 3.218880 0.936146
-0.991658 -0.991658 -1.501088 -1.501088 0.335344 0.307900 3.218655 0.949946
-1.009935 -1.009935 -1.354605 -1.354605 0.321492 0.289913 3.218833 0.947606
-1.007421 -1.007421 -1.168251 -1.168251 0.309554 0.243510 3.218880 0.947499
-1.032933 -1.032933 -1.425169 -1.425169 0.310215 0.272245 3.218880 0.945173
-1.099292 -1.099292 -1.223566 -1.223566 0.288030 0.240000 3.218880 0.953542
-1.073745 -1.073745 -1.532557 -1.532557 0.287833 0.240000 3.218880 0.947709
-0.959630 -0.959630 -1.898767 -1.898767 0.327632 0.289535 3.218880 0.940365
-0.995714 -0.995714 -1.472381 -1.472381 0.314438 0.255496 3.218880 0.948011
-0.940115 -0.940115 -1.411602 -1.411602 0.322630 0.259416 3.218880 0.946056
-0.930687 -0.930687 -1.967015 -1.967015 0.333914 0.302331 3.218880 0.953671
-1.076909 -1.076909 -1.773695 -1.773695 0.298880 0.300030 3.218880 0.959761
-0.959726 -0.959726 -1.124123 -1.124123 0.321232 0.253749 3.218880 0.941060
-0.882677 -0.882677 -2.170372 -2.170372 0.338168 0.298542 3.218880 0.942525
-0.929218 -0.929218 -1.295778 -1.295778 0.315074 0.249198 3.218880 0.949229
-0.968135 -0.968135 -1.110068 -1.110068 0.321705 0.269087 3.218880 0.952460
-0.967798 -0.967798 -1.876807 -1.876807 0.319893 0.284458 3.218880 0.944286
-0.966897 -0.966897 -1.694991 -1.694991 0.324698 0.289610 3.216853 0.945506
-1.043844 -1.043844 -1.416098 -1.416098 0.319356 0.286677 3.218880 0.954998
-1.033440 -1.033440 -1.313565 -1.313565 0.299876 0.246005 3.218880 0.943402
-0.983650 -0.983650 -1.223934 -1.223934 0.311346 0.246260 3.218880 0.948747
-1.044341 -1.044341 -1.055953 -1.055953 0.310642 0.257646 3.218880 0.948741
-0.982181 -0.982181 -1.692414 -1.692414 0.313435 0.282299 3.207895 0.948290
-1.010752 -1.010752 -1.563977 -1.563977 0.306480 0.245760 3.218880 0.940058
-1.048377 -1.048377 -0.870976 -0.870976 0.326338 0.299451 3.209421 0.951957
-1.010666 -1.010666 -1.576875 -1.576875 0.316420 0.286115 3.205914 0.947124
-1.019683 -1.019683 -1.155254 -1.155254 0.319053 0.276242 3.218880 0.949629
-1.045508 -1.045508 -1.347617 -1.347617 0.314197 0.293664 3.216240 0.947913
-0.972001 -0.972001 -1.393728 -1.393728 0.317452 0.278694 3.218880 0.947528
-1.057990 -1.057990 -0.870759 -0.870759 0.296395 0.240000 3.218880 0.956955
-1.082566 -1.082566 -0.931525 -0.931525 0.290865 0.240000 3.218880 0.951900
-0.953494 -0.953494 -1.817095 -1.817095 0.302696 0.240800 3.218880 0.944227
-1.029951 -1.029951 -0.960803 -0.960803 0.300406 0.240139 3.218880 0.953683
-0.998237 -0.998237 -1.597717 -1.597717 0.300209 0.243664 3.218880 0.944452
-0.930371 -0.930371 -1.869376 -1.869376 0.324314 0.285831 3.218574 0.949894
-1.045702 -1.045702 -1.173207 -1.173207 0.294252 0.240000 3.218880 0.950241
-1.021840 -1.021840 -1.552558 -1.552558 0.303515 0.261231 3.218880 0.951815
-1.009046 -1.009046 -0.986459 -0.986459 0.304531 0.240152 3.218880 0.949332
-1.017910 -1.017910 -0.952645 -0.952645 0.300791 0.240079 3.218880 0.948897
-0.963581 -0.963581 -1.412210 -1.412210 0.315824 0.259155 3.218880 0.951074
-0.988046 -0.988046 -1.385603 -1.385603 0.325630 0.297302 3.188424 0.949910
-1.014899 -1.014899 -1.480500 -1.480500 0.297317 0.240000 3.218880 0.950713
-0.987458 -0.987458 -2.194548 -2.194548 0.316955 0.319227 3.199428 0.953896
-0.968585 -0.968585 -1.976335 -1.976335 0.314915 0.262611 3.218880 0.948837
-0.935771 -0.935771 -2.348647 -2.348647 0.309269 0.254325 3.218880 0.945640
-1.007862 -1.007862 -1.358016 -1.358016 0.316252 0.296084 3.205323 0.957245
-1.027150 -1.027150 -1.401679 -1.401679 0.294422 0.240000 3.218880 0.948380
-0.969587 -0.969587 -1.820461 -1.820461 0.317203 0.271820 3.218543 0.949834
-0.943901 -0.943901 -1.081253 -1.081253 0.331256 0.285209 3.211397 0.954258
-0.966237 -0.966237 -2.482742 -2.482742 0.314841 0.282362 3.218880 0.949343
-0.979772 -0.979772 -1.950829 -1.950829 0.317554 0.293132 3.196249 0.949193
-1.037411 -1.037411 -1.080386 -1.080386 0.315067 0.260507 3.218880 0.945823
-1.036786 -1.036786 -1.730400 -1.730400 0.311969 0.326476 3.202346 0.960309
-1.045914 -1.045914 -0.993588 -0.993588 0.308295 0.253389 3.218880 0.951875
-0.921625 -0.921625 -1.963432 -1.963432 0.328649 0.260686 3.218880 0.931888
-0.960318 -0.960318 -0.871704 -0.871704 0.327816 0.260406 3.218880 0.946722
-1.000470 -1.000470 -1.806698 -1.806698 0.322429 0.301828 3.218880 0.949981
-0.922696 -0.922696 -1.576454 -1.576454 0.337908 0.289374 3.218880 0.936766
-0.976425 -0.976425 -1.475245 -1.475245 0.329230 0.295865 3.218880 0.945596
-0.993738 -0.993738 -1.504018 -1.504018 0.324786 0.306078 3.215566 0.947875
-0.931444 -0.931444 -2.607588 -2.607588 0.338872 0.309569 3.218277 0.947393
-0.953553 -0.953553 -4.281850 -4.281850 0.324667 0.320122 3.218880 0.951871
-0.971531 -0.971531 -2.936862 -2.936862 0.324684 0.299075 3.218880 0.934696
-1.030845 -1.030845 -0.772452 -0.772452 0.322777 0.286677 3.216740 0.958364
-1.056098 -1.056098 -0.787349 -0.787349 0.320178 0.294393 3.190831 0.951019
-0.981098 -0.981098 -0.969278 -0.969278 0.319577 0.258761 3.218880 0.949731
-0.959864 -0.959864 -1.614225 -1.614225 0.326626 0.297895 3.214424 0.940069
-0.981329 -0.981329 -1.470388 -1.470388 0.320422 0.286625 3.218880 0.950726
-0.961002 -0.961002 -2.112801 -2.112801 0.319217 0.283216 3.218880 0.954364
-0.982406 -0.982406 -1.225198 -1.225198 0.303529 0.240000 3.218880 0.947155
-1.084399 -1.084399 -1.081849 -1.081849 0.315382 0.268221 3.218880 0.949358
-1.029006 -1.029006 -1.370426 -1.370426 0.296097 0.240000 3.218880 0.948465
-0.937419 -0.937419 -1.317526 -1.317526 0.335168 0.292877 3.217883 0.958208
-0.942660 -0.942660 -1.738799 -1.738799 0.325339 0.272371 3.218880 0.949171
-0.906126 -0.906126 -1.553673 -1.553673 0.320048 0.254672 3.218880 0.946073
-0.982712 -0.982712 -2.129569 -2.129569 0.317242 0.293322 3.218880 0.951035
-0.979363 -0.979363 -1.216265 -1.216265 0.315562 0.249783 3.218880 0.946638
-0.911118 -0.911118 -1.650230 -1.650230 0.321229 0.252570 3.218880 0.944780
-0.973449 -0.973449 -1.154850 -1.154850 0.322135 0.283677 3.197387 0.949479
-0.945770 -0.945770 -1.620002 -1.620002 0.329924 0.289422 3.205213 0.950957
-0.961949 -0.961949 -1.457749 -1.457749 0.319632 0.280204 3.218880 0.948991
-0.957460 -0.957460 -1.962220 -1.962220 0.316127 0.272172 3.218880 0.944944
-0.900866 -0.900866 -2.252225 -2.252225 0.332946 0.295420 3.218880 0.936900
-0.939591 -0.939591 -1.914737 -1.914737 0.337953 0.300045 3.218585 0.940816
-1.026878 -1.026878 -1.067237 -1.067237 0.314756 0.275265 3.218880 0.952967
-1.050655 -1.050655 -1.185318 -1.185318 0.311754 0.275910 3.218880 0.946954
-0.999446 -0.999446 -1.541959 -1.541959 0.322168 0.289663 3.218880 0.946294
-1.053554 -1.053554 -2.125275 -2.125275 0.315681 0.317944 3.218880 0.952727
-1.002917 -1.002917 -1.743642 -1.743642 0.307385 0.277561 3.217132 0.954014
-0.968062 -0.968062 -1.303797 -1.303797 0.303970 0.242779 3.218880 0.953086
-1.037841 -1.037841 -1.369139 -1.369139 0.304907 0.253992 3.218880 0.947253
-1.045131 -1.045131 -1.201074 -1.201074 0.298411 0.240000 3.218880 0.951119
-1.026462 -1.026462 -1.211745 -1.211745 0.301713 0.240619 3.218880 0.947557
-0.982761 -0.982761 -1.194747 -1.194747 0.332985 0.296880 3.189214 0.947368
-1.004006 -1.004006 -1.763428 -1.763428 0.313501 0.288117 3.218880 0.943506
-0.996152 -0.996152 -1.957963 -1.957963 0.320154 0.308027 3.174748 0.949114
-0.998705 -0.998705 -1.404498 -1.404498 0.312901 0.265303 3.218880 0.951080
-1.012917 -1.012917 -0.695047 -0.695047 0.321567 0.256235 3.218808 0.951513
-1.021665 -1.021665 -1.633738 -1.633738 0.300578 0.243063 3.218880 0.950151
-1.004442 -1.004442 -2.317201 -2.317201 0.307800 0.282942 3.218880 0.953315
-0.950115 -0.950115 -1.952610 -1.952610 0.327054 0.286286 3.212917 0.946831
