-0.981321 -0.981321 -2.245670 -2.245670 0.327465 0.313042 3.198320 0.945459
-0.918915 -0.918915 -1.783048 -1.783048 0.331808 0.282377 3.218880 0.951875
-0.949895 -0.949895 -1.197477 -1.197477 0.333810 0.275783 3.218644 0.945260
-1.017635 -1.017635 -1.321675 -1.321675 0.295251 0.240000 3.218880 0.956676
-0.924986 -0.924986 -2.156448 -2.156448 0.317138 0.265582 3.218880 0.944772
-1.027291 -1.027291 -1.337426 -1.337426 0.300440 0.240000 3.218880 0.945906
-1.020155 -1.020155 -1.494007 -1.494007 0.299728 0.241326 3.218880 0.942797
-0.949995 -0.949995 -1.538007 -1.538007 0.330587 0.285049 3.218880 0.947731
-0.950649 -0.950649 -2.208278 -2.208278 0.307747 0.246824 3.218880 0.934596
-1.090141 -1.090141 -1.341643 -1.341643 0.285444 0.240000 3.218880 0.951885
-1.025675 -1.025675 -2.648159 -2.648159 0.304876 0.271681 3.218880 0.948704
-0.942084 -0.942084 -2.020829 -2.020829 0.329691 0.309786 3.206495 0.935546
-1.043024 -1.043024 -1.705330 -1.705330 0.312478 0.281785 3.218880 0.954076
-1.007897 -1.007897 -0.786897 -0.786897 0.304209 0.240010 3.218880 0.958862
-0.916788 -0.916788 -1.241082 -1.241082 0.330328 0.275736 3.218880 0.943591
-0.997230 -0.997230 -0.814991 -0.814991 0.329854 0.289858 3.211954 0.948790
-0.969948 -0.969948 -1.321124 -1.321124 0.317806 0.255964 3.218880 0.944443
-1.027608 -1.027608 -0.995680 -0.995680 0.327030 0.299435 3.201680 0.943990
-0.964693 -0.964693 -1.818224 -1.818224 0.330736 0.309564 3.218761 0.950374
-0.983439 -0.983439 -1.179881 -1.179881 0.318347 0.265042 3.218880 0.950304
-0.990670 -0.990670 -1.459681 -1.459681 0.321628 0.281432 3.218880 0.947432
-1.018068 -1.018068 -0.917498 -0.917498 0.307770 0.243340 3.218880 0.948160
-1.032115 -1.032115 -1.057004 -1.057004 0.315532 0.267491 3.218516 0.955325
-0.900103 -0.900103 -1.449283 -1.449283 0.326959 0.262100 3.218873 0.948768
-0.947002 -0.947002 -1.468910 -1.468910 0.336835 0.295192 3.198405 0.940108
-0.985731 -0.985731 -1.607930 -1.607930 0.322234 0.274843 3.218880 0.955908
-1.003752 -1.003752 -1.597033 -1.597033 0.318335 0.284149 3.218880 0.950045
-1.040851 -1.040851 -1.222015 -1.222015 0.321631 0.310012 3.218880 0.945062
-1.024647 -1.024647 -0.667663 -0.667663 0.311781 0.243566 3.218880 0.947345
-1.014900 -1.014900 -0.967655 -0.967655 0.307613 0.246683 3.218880 0.958591
-1.051555 -1.051555 -0.817971 -0.817971 0.303249 0.240000 3.218880 0.957693
-1.019229 -1.019229 -0.974102 -0.974102 0.300460 0.240595 3.218880 0.951170
-1.037860 -1.037860 -1.282415 -1.282415 0.307433 0.249701 3.218880 0.943237
-1.038368 -1.038368 -1.114833 -1.114833 0.324483 0.301262 3.204901 0.950156
-1.006268 -1.006268 -1.132363 -1.132363 0.302829 0.240087 3.218880 0.957761
-0.989120 -0.989120 -1.330562 -1.330562 0.312035 0.263195 3.218880 0.950436
-0.973495 -0.973495 -1.480641 -1.480641 0.319373 0.288530 3.167694 0.947073
-0.931079 -0.931079 -1.271511 -1.271511 0.330276 0.267153 3.218880 0.947287
-1.013787 -1.013787 -1.714322 -1.714322 0.314134 0.297341 3.217314 0.957362
-1.037714 -1.037714 -0.908175 -0.908175 0.307940 0.240836 3.218880 0.942593
-0.990075 -0.990075 -2.303359 -2.303359 0.318202 0.305027 3.202066 0.950225
-0.945619 -0.945619 -2.228089 -2.228089 0.318104 0.267706 3.218880 0.940055
-1.001924 -1.001924 -1.331320 -1.331320 0.320453 0.275697 3.218880 0.942178
-0.964450 -0.964450 -1.403669 -1.403669 0.311090 0.249158 3.218880 0.947238
-0.983509 -0.983509 -1.108924 -1.108924 0.303205 0.240035 3.218880 0.953627
-1.024560 -1.024560 -1.463014 -1.463014 0.296088 0.240000 3.218880 0.954248
-0.953208 -0.953208 -1.172889 -1.172889 0.308507 0.246450 3.218880 0.949878
-0.917943 -0.917943 -1.268967 -1.268967 0.328728 0.266143 3.218880 0.942547
-0.944414 -0.944414 -2.076182 -2.076182 0.311069 0.253074 3.218880 0.947360
-0.985845 -0.985845 -1.844312 -1.844312 0.311216 0.272513 3.218880 0.952739
-0.926926 -0.926926 -2.020591 -2.020591 0.329518 0.288520 3.218770 0.945068
-1.003169 -1.003169 -1.889552 -1.889552 0.318369 0.300782 3.218880 0.950442
-0.938050 -0.938050 -1.536887 -1.536887 0.322775 0.262850 3.218880 0.947554
-0.933822 -0.933822 -1.700355 -1.700355 0.334940 0.294896 3.218738 0.950142
-0.951429 -0.951429 -2.343142 -2.343142 0.319334 0.297007 3.207974 0.954207
-0.960184 -0.960184 -1.824484 -1.824484 0.298827 0.240000 3.218880 0.945418
-0.977483 -0.977483 -0.971638 -0.971638 0.313173 0.246785 3.218880 0.944980
-0.986731 -0.986731 -1.254787 -1.254787 0.319543 0.280716 3.218653 0.954466
-0.953540 -0.953540 -1.747569 -1.747569 0.323833 0.287617 3.218482 0.945793
-0.956625 -0.956625 -0.979749 -0.979749 0.322282 0.251652 3.218880 0.948086
-0.966568 -0.966568 -1.859189 -1.859189 0.321587 0.279116 3.218880 0.950130
-1.022413 -1.022413 -0.790851 -0.790851 0.308838 0.244389 3.218880 0.952435
-1.063001 -1.063001 -1.524722 -1.524722 0.308464 0.294586 3.218198 0.955494
-1.030610 -1.030610 -1.035864 -1.035864 0.298418 0.240000 3.218880 0.949730
-0.968641 -0.968641 -1.211788 -1.211788 0.312170 0.248112 3.218880 0.944989
-0.972603 -0.972603 -1.391844 -1.391844 0.326150 0.292136 3.218681 0.957423
-0.973585 -0.973585 -2.393424 -2.393424 0.323390 0.301699 3.218623 0.951890
-1.024242 -1.024242 -0.854402 -0.854402 0.312928 0.244947 3.218880 0.945274
-1.026411 -1.026411 -2.007703 -2.007703 0.311923 0.284153 3.218880 0.958119
-0.909548 -0.909548 -2.502166 -2.502166 0.323356 0.265484 3.218880 0.948192
-0.920503 -0.920503 -1.125507 -1.125507 0.335442 0.277628 3.218880 0.952780
-0.993806 -0.993806 -0.988771 -0.988771 0.311515 0.244811 3.218880 0.951451
-0.990284 -0.990284 -1.273000 -1.273000 0.315233 0.263648 3.218880 0.955491
-0.972279 -0.972279 -2.099431 -2.099431 0.301997 0.242989 3.218880 0.947173
-1.056595 -1.056595 -0.901427 -0.901427 0.310109 0.254590 3.218880 0.953128
-0.926341 -0.926341 -2.308507 -2.308507 0.329457 0.295423 3.218880 0.937377
-1.032716 -1.032716 -1.235640 -1.235640 0.294559 0.240000 3.218880 0.955304
-0.972781 -0.972781 -2.553270 -2.553270 0.320354 0.305704 3.206934 0.956646
-1.019853 -1.019853 -1.000374 -1.000374 0.299822 0.240000 3.218880 0.954241
-0.929122 -0.929122 -1.346057 -1.346057 0.316055 0.252376 3.218880 0.952134
-0.933597 -0.933597 -1.348317 -1.348317 0.317067 0.251719 3.218880 0.945961
-0.906409 -0.906409 -1.707593 -1.707593 0.318930 0.258017 3.218880 0.949428
-0.869623 -0.869623 -2.457592 -2.457592 0.337533 0.291240 3.218880 0.942652
-1.020584 -1.020584 -0.890742 -0.890742 0.312726 0.249929 3.218880 0.946166
-1.000694 -1.000694 -1.338165 -1.338165 0.318419 0.284738 3.218880 0.955692
-0.895688 -0.895688 -2.409177 -2.409177 0.324573 0.290504 3.206029 0.948405
-0.968830 -0.968830 -1.718664 -1.718664 0.298742 0.240000 3.218880 0.941166
-0.943290 -0.943290 -1.570691 -1.570691 0.314935 0.252729 3.218880 0.950961
-0.974865 -0.974865 -2.031788 -2.031788 0.319316 0.294404 3.218880 0.945529
-0.851912 -0.851912 -1.687748 -1.687748 0.332239 0.268152 3.218880 0.938933
-0.961409 -0.961409 -1.658638 -1.658638 0.301485 0.240030 3.218880 0.945291
-0.964985 -0.964985 -2.127558 -2.127558 0.317817 0.301622 3.218880 0.953450
-1.058387 -1.058387 -1.396309 -1.396309 0.311131 0.289631 3.218880 0.953468
-0.987063 -0.987063 -1.798036 -1.798036 0.321121 0.278193 3.218880 0.949988
-1.091135 -1.091135 -0.859252 -0.859252 0.316658 0.281967 3.200257 0.947073
-1.011515 -1.011515 -1.299862 -1.299862 0.314337 0.279675 3.217015 0.952424
-1.050308 -1.050308 -1.823555 -1.823555 0.303370 0.269013 3.218880 0.943740
-1.037894 -1.037894 -0.679362 -0.679362 0.320373 0.256148 3.218764 0.949749
-0.965769 -0.965769 -2.457079 -2.457079 0.313245 0.288922 3.218541 0.950814
-1.044510 -1.044510 -0.942044 -0.942044 0.321927 0.281476 3.217270 0.953382
-1.069132 -1.069132 -1.184454 -1.184454 0.304857 0.275278 3.218880 0.954488
-0.977265 -0.977265 -2.472470 -2.472470 0.313157 0.300053 3.203442 0.945331
-0.951845 -0.951845 -2.270500 -2.270500 0.327748 0.295304 3.218880 0.947493
-0.993930 -0.993930 -1.365819 -1.365819 0.319829 0.274163 3.218880 0.944756
-0.977332 -0.977332 -1.439147 -1.439147 0.330745 0.296837 3.218809 0.944650
-1.003123 -1.003123 -1.039424 -1.039424 0.307830 0.243975 3.218880 0.944090
-0.959887 -0.959887 -1.339915 -1.339915 0.322770 0.279301 3.218880 0.945935
-1.042437 -1.042437 -0.973618 -0.973618 0.306348 0.256730 3.218880 0.947357
-1.037699 -1.037699 -1.329922 -1.329922 0.295088 0.240000 3.218880 0.947820
-0.950382 -0.950382 -2.091492 -2.091492 0.332236 0.315119 3.209594 0.945959
-0.985421 -0.985421 -1.658825 -1.658825 0.304958 0.246064 3.218880 0.943408
-1.006190 -1.006190 -1.028905 -1.028905 0.303054 0.243789 3.218880 0.952112
-0.997965 -0.997965 -2.099807 -2.099807 0.317241 0.299393 3.218880 0.943921
-1.016904 -1.016904 -1.413153 -1.413153 0.313091 0.269059 3.218880 0.946849
-1.018181 -1.018181 -1.833344 -1.833344 0.296058 0.240081 3.218880 0.943751
-0.941708 -0.941708 -2.448034 -2.448034 0.310623 0.259523 3.218880 0.944810
-1.035738 -1.035738 -1.148218 -1.148218 0.300957 0.240000 3.218880 0.942431
-1.044825 -1.044825 -1.063937 -1.063937 0.312272 0.268067 3.218880 0.956886
-0.916977 -0.916977 -2.322554 -2.322554 0.327868 0.299886 3.217496 0.949119
-0.980938 -0.980938 -0.970386 -0.970386 0.318036 0.256246 3.218880 0.947921
-0.963565 -0.963565 -1.447711 -1.447711 0.330829 0.308414 3.182801 0.957870
-0.937455 -0.937455 -1.680654 -1.680654 0.336657 0.310610 3.206526 0.948413
-0.958096 -0.958096 -1.887072 -1.887072 0.325301 0.300262 3.169335 0.944308
-0.969749 -0.969749 -1.784915 -1.784915 0.316910 0.269362 3.218880 0.947280
-1.006725 -1.006725 -1.250579 -1.250579 0.319644 0.273286 3.218880 0.944396
-0.968205 -0.968205 -4.207950 -4.207950 0.309367 0.302302 3.218880 0.945621
-0.870757 -0.870757 -4.843792 -4.843792 0.332766 0.318226 3.211645 0.958949
-0.976094 -0.976094 -1.621109 -1.621109 0.296861 0.240000 3.218880 0.942085
-1.000841 -1.000841 -1.597142 -1.597142 0.330844 0.306467 3.218880 0.944690
-0.973428 -0.973428 -1.872770 -1.872770 0.320980 0.286604 3.218880 0.943856
-0.999565 -0.999565 -2.015301 -2.015301 0.313194 0.283394 3.218880 0.946677
-1.028665 -1.028665 -1.160092 -1.160092 0.292156 0.240000 3.218880 0.954026
