-0.922911 -0.922911 -2.109926 -2.109926 0.325229 0.292658 3.218291 0.955963
-1.015073 -1.015073 -1.362842 -1.362842 0.297060 0.240000 3.218880 0.950387
-1.004828 -1.004828 -1.110595 -1.110595 0.305843 0.243393 3.218880 0.949787
-1.006460 -1.006460 -1.571299 -1.571299 0.324974 0.313396 3.218062 0.951451
-1.020422 -1.020422 -1.288142 -1.288142 0.315751 0.283079 3.206329 0.946455
-0.977492 -0.977492 -2.083827 -2.083827 0.316641 0.283348 3.218880 0.946627
-1.007197 -1.007197 -1.433998 -1.433998 0.308340 0.270160 3.218880 0.944874
-0.983719 -0.983719 -1.784579 -1.784579 0.299585 0.242734 3.218880 0.947380
-0.967600 -0.967600 -1.218644 -1.218644 0.306922 0.242603 3.218880 0.954367
-1.001770 -1.001770 -1.224797 -1.224797 0.316108 0.258814 3.218880 0.947000
-0.977099 -0.977099 -1.121448 -1.121448 0.327194 0.288936 3.203776 0.954178
-0.962863 -0.962863 -1.624642 -1.624642 0.296304 0.240000 3.218880 0.953148
-0.987876 -0.987876 -1.263524 -1.263524 0.297033 0.240000 3.218880 0.954431
-1.034624 -1.034624 -1.185087 -1.185087 0.294269 0.240000 3.218880 0.949778
-0.960607 -0.960607 -1.484263 -1.484263 0.320448 0.277228 3.218253 0.953741
-0.961159 -0.961159 -1.191598 -1.191598 0.314633 0.255502 3.218880 0.948124
-0.956944 -0.956944 -1.250566 -1.250566 0.331436 0.286601 3.218082 0.947012
-1.006040 -1.006040 -0.859932 -0.859932 0.314157 0.246294 3.218880 0.948624
-0.990034 -0.990034 -1.586302 -1.586302 0.317346 0.279790 3.218880 0.940700
-0.997922 -0.997922 -1.090014 -1.090014 0.317148 0.256736 3.218880 0.947434
-1.003974 -1.003974 -1.505096 -1.505096 0.319532 0.297043 3.218880 0.958754
-0.986957 -0.986957 -1.406737 -1.406737 0.306001 0.243944 3.218880 0.947940
-0.996305 -0.996305 -1.210687 -1.210687 0.317605 0.254377 3.218880 0.944348
-1.013255 -1.013255 -2.129984 -2.129984 0.315135 0.267699 3.218880 0.940295
-1.024638 -1.024638 -1.433668 -1.433668 0.319368 0.284053 3.218880 0.948071
-1.039643 -1.039643 -0.889565 -0.889565 0.306774 0.260948 3.217105 0.957497
-1.046041 -1.046041 -1.707956 -1.707956 0.312806 0.315540 3.209171 0.953581
-0.993782 -0.993782 -1.659501 -1.659501 0.299729 0.240000 3.218880 0.950347
-0.963185 -0.963185 -1.828265 -1.828265 0.315674 0.280008 3.215437 0.961089
-0.913642 -0.913642 -2.370481 -2.370481 0.318018 0.264692 3.218880 0.941217
-0.947226 -0.947226 -1.037640 -1.037640 0.335523 0.276897 3.217563 0.946084
-0.990769 -0.990769 -1.256159 -1.256159 0.319447 0.284043 3.206699 0.947953
-1.022432 -1.022432 -1.233618 -1.233618 0.313474 0.267734 3.218880 0.947139
-0.926510 -0.926510 -1.339522 -1.339522 0.314798 0.244980 3.218880 0.950696
-1.012441 -1.012441 -1.097235 -1.097235 0.322024 0.284446 3.192893 0.959131
-1.005585 -1.005585 -0.639970 -0.639970 0.313964 0.243015 3.218880 0.952355
-1.049257 -1.049257 -1.785708 -1.785708 0.310412 0.304179 3.218880 0.948389
-1.030323 -1.030323 -0.984612 -0.984612 0.295169 0.240000 3.218880 0.958216
-1.062238 -1.062238 -1.083833 -1.083833 0.293245 0.240000 3.218880 0.946736
-1.007013 -1.007013 -1.640593 -1.640593 0.296984 0.240262 3.218880 0.948625
-0.919219 -0.919219 -1.557933 -1.557933 0.315013 0.252381 3.218880 0.952714
-0.989914 -0.989914 -0.780642 -0.780642 0.309460 0.240242 3.218880 0.950542
-0.963465 -0.963465 -2.118977 -2.118977 0.317049 0.286602 3.218865 0.948546
-0.982424 -0.982424 -2.370462 -2.370462 0.322426 0.286386 3.218649 0.954023
-0.950210 -0.950210 -2.183675 -2.183675 0.297216 0.240000 3.218880 0.947564
-1.006763 -1.006763 -1.070925 -1.070925 0.299372 0.240000 3.218880 0.948435
-0.897993 -0.897993 -2.961427 -2.961427 0.331284 0.296944 3.212210 0.934595
-0.980354 -0.980354 -1.372961 -1.372961 0.315511 0.274267 3.212923 0.950592
-0.924049 -0.924049 -1.637932 -1.637932 0.324142 0.257574 3.218880 0.942338
-1.032680 -1.032680 -0.985251 -0.985251 0.315691 0.272107 3.218880 0.943709
-1.022838 -1.022838 -1.455430 -1.455430 0.316301 0.286855 3.218880 0.942052
-0.946490 -0.946490 -1.466866 -1.466866 0.324718 0.279110 3.218880 0.951671
-0.990473 -0.990473 -1.978721 -1.978721 0.321794 0.319934 3.191834 0.955304
-0.998609 -0.998609 -1.619169 -1.619169 0.316940 0.274127 3.218880 0.938699
-1.058223 -1.058223 -0.943884 -0.943884 0.319309 0.291025 3.204345 0.951462
-0.976001 -0.976001 -1.067843 -1.067843 0.319912 0.253673 3.218880 0.948659
-1.033532 -1.033532 -1.637261 -1.637261 0.316477 0.326957 3.218880 0.957631
-1.024739 -1.024739 -1.071985 -1.071985 0.316366 0.265533 3.218880 0.955658
-0.939099 -0.939099 -1.645677 -1.645677 0.305204 0.242651 3.218880 0.941480
-0.922122 -0.922122 -1.344561 -1.344561 0.335403 0.277245 3.218880 0.947264
-0.942684 -0.942684 -1.492420 -1.492420 0.316276 0.253785 3.218880 0.948106
-0.988491 -0.988491 -1.422616 -1.422616 0.305208 0.240946 3.218880 0.946099
-1.011768 -1.011768 -1.390478 -1.390478 0.308683 0.255421 3.218880 0.945934
-0.944912 -0.944912 -1.304188 -1.304188 0.330777 0.287458 3.218533 0.953084
-1.013831 -1.013831 -0.982375 -0.982375 0.302630 0.240000 3.218880 0.949437
-0.979559 -0.979559 -1.334434 -1.334434 0.323050 0.282359 3.209609 0.946787
-1.008156 -1.008156 -0.897866 -0.897866 0.310603 0.248931 3.218880 0.954919
-1.003494 -1.003494 -1.186015 -1.186015 0.307861 0.243556 3.218880 0.946871
-1.028428 -1.028428 -1.084304 -1.084304 0.298563 0.240003 3.218880 0.949873
-1.017486 -1.017486 -1.497830 -1.497830 0.315322 0.286814 3.209217 0.951639
-1.009792 -1.009792 -1.509426 -1.509426 0.298830 0.240000 3.218880 0.944141
-0.929828 -0.929828 -2.491118 -2.491118 0.322570 0.269088 3.218880 0.946255
-0.998370 -0.998370 -0.909482 -0.909482 0.302120 0.240000 3.218880 0.958354
-1.023770 -1.023770 -1.288175 -1.288175 0.305361 0.248243 3.218880 0.946086
-1.026334 -1.026334 -1.469283 -1.469283 0.314617 0.287109 3.218880 0.958024
-0.949892 -0.949892 -1.017892 -1.017892 0.327159 0.262266 3.218880 0.954887
-0.977084 -0.977084 -0.963457 -0.963457 0.313648 0.248267 3.218880 0.954312
-1.036487 -1.036487 -0.810457 -0.810457 0.297322 0.240036 3.218880 0.958587
-1.005945 -1.005945 -1.102197 -1.102197 0.296042 0.240000 3.218880 0.953152
-0.925629 -0.925629 -2.916959 -2.916959 0.328634 0.294644 3.207575 0.949752
-1.029905 -1.029905 -0.675453 -0.675453 0.319492 0.274042 3.180247 0.959003
-0.946044 -0.946044 -1.771521 -1.771521 0.312939 0.251325 3.218880 0.946563
-0.971455 -0.971455 -1.127392 -1.127392 0.315110 0.254195 3.218880 0.949201
-0.988338 -0.988338 -1.757568 -1.757568 0.327950 0.295681 3.218880 0.954968
-0.986039 -0.986039 -1.634968 -1.634968 0.324960 0.299031 3.214254 0.948826
-0.949403 -0.949403 -1.591313 -1.591313 0.328469 0.284883 3.218880 0.950965
-0.960788 -0.960788 -1.535151 -1.535151 0.319964 0.266591 3.218880 0.952050
-0.949188 -0.949188 -1.233372 -1.233372 0.327312 0.261391 3.218880 0.937342
-0.966998 -0.966998 -1.462046 -1.462046 0.325527 0.300882 3.177003 0.942395
-0.887436 -0.887436 -2.051563 -2.051563 0.337819 0.296739 3.209813 0.936774
-0.961283 -0.961283 -2.038836 -2.038836 0.332011 0.300005 3.198639 0.929644
-0.930427 -0.930427 -1.936434 -1.936434 0.319819 0.274801 3.218880 0.946586
-0.960288 -0.960288 -1.829520 -1.829520 0.323179 0.275666 3.218880 0.947049
-0.946758 -0.946758 -1.328697 -1.328697 0.319692 0.257825 3.218880 0.949261
-0.943142 -0.943142 -1.879446 -1.879446 0.323024 0.277432 3.218880 0.945082
-1.019380 -1.019380 -1.759383 -1.759383 0.320049 0.313742 3.182563 0.952635
-1.022539 -1.022539 -1.036193 -1.036193 0.326939 0.299730 3.218880 0.964957
-0.994482 -0.994482 -1.136896 -1.136896 0.304764 0.240000 3.218880 0.946129
-1.015915 -1.015915 -1.590468 -1.590468 0.299756 0.240000 3.218880 0.942852
-1.065104 -1.065104 -1.052878 -1.052878 0.310181 0.273064 3.218880 0.959673
-1.076147 -1.076147 -1.195360 -1.195360 0.288074 0.240000 3.218880 0.948848
-1.054955 -1.054955 -1.140145 -1.140145 0.317783 0.263845 3.218873 0.943100
-0.996056 -0.996056 -1.494157 -1.494157 0.312066 0.258275 3.218880 0.940035
-1.015471 -1.015471 -1.267536 -1.267536 0.295662 0.240724 3.218880 0.948848
-1.020840 -1.020840 -1.355873 -1.355873 0.299824 0.242609 3.218880 0.950056
-0.925377 -0.925377 -1.877920 -1.877920 0.317591 0.261525 3.218880 0.955958
-0.988698 -0.988698 -1.319368 -1.319368 0.308049 0.244843 3.218880 0.949178
-1.017140 -1.017140 -1.340408 -1.340408 0.324549 0.296713 3.218880 0.948080
-0.938538 -0.938538 -1.641352 -1.641352 0.325254 0.287060 3.218767 0.945391
-0.931416 -0.931416 -1.430511 -1.430511 0.310746 0.245818 3.218880 0.946080
-0.958414 -0.958414 -1.848689 -1.848689 0.330268 0.299196 3.218880 0.939992
-0.948490 -0.948490 -1.237852 -1.237852 0.318005 0.266514 3.218880 0.963156
-0.986860 -0.986860 -1.611723 -1.611723 0.307702 0.258791 3.218880 0.948468
-0.937871 -0.937871 -2.681567 -2.681567 0.313586 0.298966 3.218880 0.948772
-0.972528 -0.972528 -1.584292 -1.584292 0.300491 0.240512 3.218880 0.948201
-0.989276 -0.989276 -1.921406 -1.921406 0.311045 0.291157 3.218776 0.958191
-0.996455 -0.996455 -1.398478 -1.398478 0.321793 0.272775 3.218880 0.946269
-1.002266 -1.002266 -1.281421 -1.281421 0.304803 0.241218 3.218880 0.940964
-1.059183 -1.059183 -1.347633 -1.347633 0.310658 0.295978 3.218880 0.954250
-0.994974 -0.994974 -1.876558 -1.876558 0.313919 0.293554 3.217535 0.949356
-0.969771 -0.969771 -1.201462 -1.201462 0.311620 0.250355 3.218880 0.953735
-1.046091 -1.046091 -1.124727 -1.124727 0.317480 0.291476 3.184794 0.946231
-1.011738 -1.011738 -1.883740 -1.883740 0.321544 0.310728 3.214477 0.960464
-0.978004 -0.978004 -2.004224 -2.004224 0.294780 0.240000 3.218880 0.946468
-0.983947 -0.983947 -2.464550 -2.464550 0.305486 0.282969 3.218439 0.944688
-0.924098 -0.924098 -2.030558 -2.030558 0.325246 0.277900 3.218607 0.948396
-0.912798 -0.912798 -2.188565 -2.188565 0.330628 0.282078 3.218880 0.938082
-1.053719 -1.053719 -1.482829 -1.482829 0.315685 0.297783 3.218880 0.946254
-0.977153 -0.977153 -1.465034 -1.465034 0.316200 0.257491 3.218880 0.943835
-0.967618 -0.967618 -0.905012 -0.905012 0.310950 0.243642 3.218880 0.954624
-1.033610 -1.033610 -1.825897 -1.825897 0.310366 0.297632 3.217948 0.945193
-1.075035 -1.075035 -1.037917 -1.037917 0.296003 0.240035 3.218880 0.945426
