-1.036216 -1.036216 -1.340722 -1.340722 0.310386 0.265022 3.218880 0.948487
-0.962447 -0.962447 -2.071740 -2.071740 0.304908 0.243365 3.218880 0.940634
-0.970810 -0.970810 -1.379574 -1.379574 0.320408 0.263876 3.218880 0.946845
-1.058099 -1.058099 -0.610544 -0.610544 0.300789 0.240000 3.218880 0.952883
-0.986264 -0.986264 -2.374600 -2.374600 0.315811 0.305021 3.218880 0.948232
-1.021761 -1.021761 -1.490168 -1.490168 0.314991 0.286388 3.216094 0.949103
-0.912116 -0.912116 -1.800645 -1.800645 0.331212 0.285901 3.218880 0.941912
-0.964904 -0.964904 -1.438638 -1.438638 0.324194 0.288665 3.204942 0.946081
-1.053986 -1.053986 -1.959108 -1.959108 0.308724 0.301895 3.207885 0.947668
-1.068005 -1.068005 -0.953935 -0.953935 0.316814 0.274100 3.218046 0.948728
-1.100931 -1.100931 -1.016038 -1.016038 0.288819 0.240000 3.218880 0.954188
-1.017059 -1.017059 -1.324144 -1.324144 0.314585 0.279782 3.218692 0.949630
-0.967207 -0.967207 -2.139436 -2.139436 0.324559 0.314223 3.218880 0.958469
-0.882240 -0.882240 -1.759310 -1.759310 0.321778 0.256412 3.218880 0.949696
-0.986153 -0.986153 -1.957132 -1.957132 0.321009 0.324448 3.194464 0.951526
-0.983964 -0.983964 -2.073093 -2.073093 0.324305 0.301458 3.218880 0.947128
-1.027308 -1.027308 -1.646637 -1.646637 0.306074 0.259548 3.218880 0.948289
-0.928193 -0.928193 -0.966216 -0.966216 0.323393 0.254935 3.218880 0.949386
-1.034415 -1.034415 -1.123007 -1.123007 0.290284 0.240012 3.218880 0.952418
-1.032206 -1.032206 -0.808328 -0.808328 0.304354 0.250709 3.218567 0.961834
-0.992682 -0.992682 -1.088680 -1.088680 0.300124 0.240000 3.218880 0.950048
-1.026471 -1.026471 -1.218538 -1.218538 0.297031 0.240012 3.218880 0.950217
-0.959685 -0.959685 -1.675192 -1.675192 0.319879 0.272872 3.218436 0.939825
-0.955190 -0.955190 -1.668343 -1.668343 0.301976 0.240000 3.218880 0.949698
-0.991454 -0.991454 -0.688508 -0.688508 0.323355 0.255818 3.218880 0.949435
-0.972554 -0.972554 -1.754632 -1.754632 0.318140 0.276212 3.218880 0.956150
-0.986292 -0.986292 -2.017687 -2.017687 0.316659 0.280128 3.218880 0.949789
-0.933998 -0.933998 -1.481321 -1.481321 0.328112 0.285569 3.208713 0.941358
-0.991144 -0.991144 -1.646162 -1.646162 0.318453 0.290101 3.214053 0.948170
-0.995282 -0.995282 -1.311125 -1.311125 0.309048 0.245887 3.218880 0.947628
-0.948985 -0.948985 -1.388312 -1.388312 0.316094 0.272991 3.211152 0.947424
-0.982581 -0.982581 -0.978805 -0.978805 0.308425 0.243447 3.218880 0.954458
-1.017960 -1.017960 -1.106124 -1.106124 0.299048 0.242782 3.218880 0.951579
-1.000718 -1.000718 -1.137481 -1.137481 0.321445 0.278220 3.218880 0.963264
-0.905769 -0.905769 -2.471583 -2.471583 0.335863 0.300046 3.215836 0.942310
-0.913732 -0.913732 -1.843061 -1.843061 0.322484 0.270283 3.218880 0.949801
-1.052992 -1.052992 -0.764178 -0.764178 0.312548 0.252142 3.218880 0.944548
-1.055219 -1.055219 -1.391258 -1.391258 0.308198 0.274615 3.218880 0.951084
-0.999786 -0.999786 -1.136717 -1.136717 0.310258 0.248418 3.218880 0.945444
-0.991176 -0.991176 -1.116677 -1.116677 0.320880 0.264406 3.218880 0.947564
-0.966371 -0.966371 -1.153283 -1.153283 0.326851 0.270771 3.218880 0.947197
-0.958577 -0.958577 -1.146143 -1.146143 0.321933 0.258003 3.218880 0.946694
-0.947544 -0.947544 -0.773283 -0.773283 0.322314 0.249437 3.218880 0.964668
-0.986062 -0.986062 -2.188246 -2.188246 0.316916 0.302408 3.218497 0.948212
-1.005611 -1.005611 -0.985415 -0.985415 0.325532 0.290729 3.218437 0.942762
-0.965677 -0.965677 -1.531472 -1.531472 0.331679 0.307535 3.196501 0.942227
-1.028687 -1.028687 -0.997634 -0.997634 0.298234 0.240426 3.218880 0.948833
-0.988282 -0.988282 -1.796758 -1.796758 0.322965 0.305273 3.214319 0.956719
-0.958022 -0.958022 -2.737336 -2.737336 0.318455 0.304241 3.218880 0.952990
-1.010553 -1.010553 -1.139133 -1.139133 0.294133 0.240000 3.218880 0.953860
-1.033588 -1.033588 -1.185754 -1.185754 0.302344 0.241287 3.218880 0.943480
-0.986811 -0.986811 -1.156255 -1.156255 0.302770 0.241029 3.218880 0.949520
-0.985013 -0.985013 -1.670273 -1.670273 0.314121 0.279816 3.217026 0.950205
-0.916645 -0.916645 -1.542495 -1.542495 0.303598 0.240039 3.218880 0.947191
-0.983914 -0.983914 -1.450103 -1.450103 0.313408 0.263294 3.218880 0.949505
-0.965247 -0.965247 -1.373464 -1.373464 0.320072 0.266229 3.215647 0.951376
-0.977407 -0.977407 -1.640800 -1.640800 0.322594 0.280263 3.218880 0.947062
-0.966864 -0.966864 -1.141561 -1.141561 0.321731 0.275268 3.211813 0.954542
-0.962836 -0.962836 -1.934417 -1.934417 0.308818 0.251450 3.218880 0.944722
-0.986408 -0.986408 -1.264888 -1.264888 0.303908 0.241038 3.218880 0.944837
-0.985453 -0.985453 -1.232511 -1.232511 0.333479 0.314965 3.216306 0.953014
-0.969070 -0.969070 -1.535527 -1.535527 0.302268 0.241533 3.218880 0.947401
-0.955664 -0.955664 -1.776910 -1.776910 0.307079 0.244996 3.218880 0.947786
-0.986711 -0.986711 -1.370769 -1.370769 0.300796 0.240000 3.218880 0.947237
-0.907633 -0.907633 -1.992420 -1.992420 0.330713 0.293376 3.218880 0.944941
-1.044323 -1.044323 -1.135430 -1.135430 0.294893 0.240000 3.218880 0.951859
-1.054996 -1.054996 -1.096192 -1.096192 0.314884 0.297226 3.152130 0.945688
-1.016572 -1.016572 -1.332266 -1.332266 0.315235 0.296698 3.186681 0.956517
-1.039176 -1.039176 -0.829254 -0.829254 0.309568 0.249737 3.218880 0.948471
-0.977060 -0.977060 -1.982520 -1.982520 0.319461 0.291615 3.217484 0.948972
-1.008316 -1.008316 -3.669192 -3.669192 0.306509 0.304601 3.218603 0.951384
-0.938425 -0.938425 -2.649862 -2.649862 0.321212 0.284294 3.218880 0.938965
-0.956883 -0.956883 -1.292890 -1.292890 0.310853 0.248372 3.218880 0.947386
-0.929241 -0.929241 -1.309591 -1.309591 0.323857 0.262221 3.218880 0.945896
-0.923092 -0.923092 -2.214547 -2.214547 0.326759 0.295375 3.218880 0.937402
-0.945136 -0.945136 -1.572100 -1.572100 0.321150 0.258130 3.218880 0.938714
-0.983473 -0.983473 -3.111300 -3.111300 0.297543 0.250766 3.218880 0.942010
-0.931006 -0.931006 -3.605826 -3.605826 0.323314 0.284151 3.218880 0.948634
-1.031856 -1.031856 -1.736243 -1.736243 0.296278 0.240000 3.218880 0.945509
-1.009176 -1.009176 -1.293964 -1.293964 0.319506 0.288594 3.212493 0.951754
-0.940482 -0.940482 -1.325072 -1.325072 0.318130 0.254497 3.218880 0.947083
-0.972907 -0.972907 -2.389486 -2.389486 0.319783 0.306938 3.218880 0.949517
-0.879276 -0.879276 -1.837933 -1.837933 0.316610 0.256217 3.218880 0.950778
-0.907684 -0.907684 -2.422197 -2.422197 0.327111 0.294580 3.218880 0.950180
-1.011883 -1.011883 -1.319035 -1.319035 0.322501 0.312671 3.163119 0.947074
-1.046617 -1.046617 -1.007083 -1.007083 0.321835 0.289751 3.218880 0.951220
-0.963251 -0.963251 -1.629279 -1.629279 0.310184 0.252702 3.218880 0.949607
-0.959313 -0.959313 -2.824179 -2.824179 0.307744 0.255367 3.218880 0.946565
-0.938683 -0.938683 -2.408587 -2.408587 0.310768 0.273843 3.218880 0.953675
-0.949620 -0.949620 -3.225628 -3.225628 0.317682 0.298566 3.218880 0.952515
-0.918889 -0.918889 -4.570352 -4.570352 0.316074 0.304323 3.218880 0.946704
-0.995225 -0.995225 -3.027929 -3.027929 0.314203 0.316634 3.218880 0.955726
-0.967511 -0.967511 -3.725057 -3.725057 0.318960 0.281769 3.218880 0.943432
-0.970158 -0.970158 -1.780021 -1.780021 0.322118 0.289850 3.218880 0.946465
-1.020786 -1.020786 -1.044094 -1.044094 0.321850 0.289769 3.190020 0.956527
-1.006966 -1.006966 -1.124363 -1.124363 0.314015 0.254896 3.218880 0.948873
-0.878648 -0.878648 -1.665947 -1.665947 0.340045 0.281925 3.218880 0.948209
-0.944183 -0.944183 -1.338539 -1.338539 0.314571 0.249172 3.218880 0.948812
-0.969574 -0.969574 -1.299244 -1.299244 0.304219 0.242244 3.218880 0.959584
-0.915821 -0.915821 -1.014226 -1.014226 0.324773 0.255756 3.218880 0.952476
-1.103962 -1.103962 -0.917857 -0.917857 0.289131 0.240000 3.218880 0.953011
-1.070655 -1.070655 -1.043347 -1.043347 0.295038 0.240000 3.218880 0.956656
-0.913261 -0.913261 -1.868597 -1.868597 0.333833 0.288596 3.218880 0.947054
-0.952009 -0.952009 -2.409401 -2.409401 0.315632 0.285018 3.218691 0.949912
-0.925154 -0.925154 -1.650481 -1.650481 0.313482 0.246460 3.218880 0.946527
-0.997826 -0.997826 -1.397455 -1.397455 0.303907 0.240000 3.218880 0.941019
-0.980414 -0.980414 -1.302147 -1.302147 0.315075 0.266638 3.218880 0.949074
-0.912836 -0.912836 -0.960356 -0.960356 0.316518 0.244450 3.218880 0.947431
-0.921503 -0.921503 -1.067422 -1.067422 0.313617 0.246590 3.218880 0.955891
-1.063507 -1.063507 -1.726507 -1.726507 0.306243 0.315690 3.193709 0.955588
-0.931779 -0.931779 -2.330958 -2.330958 0.331098 0.304149 3.218880 0.946905
-0.968948 -0.968948 -1.841040 -1.841040 0.328973 0.305144 3.206264 0.937138
-1.025466 -1.025466 -1.265454 -1.265454 0.331853 0.304662 3.218834 0.948010
-0.995553 -0.995553 -1.589483 -1.589483 0.328625 0.292129 3.218880 0.951479
-1.048737 -1.048737 -1.053519 -1.053519 0.297946 0.240000 3.218880 0.947808
-0.988087 -0.988087 -1.534749 -1.534749 0.297055 0.240721 3.218880 0.955401
-1.058211 -1.058211 -1.178262 -1.178262 0.290914 0.240000 3.218880 0.951732
-1.048208 -1.048208 -1.473072 -1.473072 0.295062 0.244515 3.218880 0.942753
-0.941480 -0.941480 -1.782354 -1.782354 0.326957 0.294177 3.200167 0.950534
-0.913476 -0.913476 -1.887040 -1.887040 0.329491 0.289375 3.218880 0.949617
-0.950900 -0.950900 -1.536215 -1.536215 0.321090 0.262621 3.218880 0.950575
-1.050614 -1.050614 -2.611858 -2.611858 0.303280 0.284542 3.218880 0.948635
-0.997769 -0.997769 -1.346091 -1.346091 0.308285 0.257965 3.218880 0.955436
-0.951228 -0.951228 -1.479283 -1.479283 0.318008 0.268700 3.218772 0.949630
-0.930716 -0.930716 -2.063010 -2.063010 0.324639 0.290136 3.218880 0.954746
-0.990127 -0.990127 -1.128482 -1.128482 0.329514 0.289215 3.218470 0.953018
-0.950141 -0.950141 -1.031922 -1.031922 0.323250 0.255987 3.218880 0.945079
-0.995190 -0.995190 -1.391453 -1.391453 0.323409 0.280146 3.218806 0.941594
-0.969057 -0.969057 -1.550072 -1.550072 0.318796 0.267063 3.218880 0.952612
-0.976584 -0.976584 -2.117547 -2.117547 0.319482 0.284269 3.216767 0.949901
-0.947425 -0.947425 -2.260258 -2.260258 0.314080 0.275228 3.218880 0.950264
-0.970027 -0.970027 -1.734947 -1.734947 0.317447 0.273505 3.218781 0.955454
