-0.990125 -0.990125 -1.547759 -1.547759 0.303463 0.241783 3.218880 0.941573
-1.046190 -1.046190 -1.742955 -1.742955 0.292275 0.240000 3.218880 0.948465
-0.973716 -0.973716 -2.531587 -2.531587 0.309631 0.283910 3.218880 0.946557
-0.951073 -0.951073 -1.690888 -1.690888 0.317972 0.269574 3.218738 0.939636
-1.032113 -1.032113 -1.157588 -1.157588 0.325248 0.284537 3.218880 0.946980
-0.983669 -0.983669 -2.187168 -2.187168 0.307221 0.275374 3.218880 0.950690
-0.997911 -0.997911 -1.531146 -1.531146 0.323882 0.297576 3.198510 0.953718
-1.036849 -1.036849 -0.841794 -0.841794 0.306357 0.245921 3.218880 0.952819
-0.972996 -0.972996 -0.983723 -0.983723 0.307088 0.240000 3.218880 0.949647
-1.007868 -1.007868 -2.006965 -2.006965 0.294093 0.241000 3.218880 0.945235
-1.042809 -1.042809 -1.387384 -1.387384 0.327287 0.312255 3.216496 0.949008
-1.018984 -1.018984 -1.246152 -1.246152 0.326219 0.295540 3.195374 0.949237
-0.927459 -0.927459 -1.100690 -1.100690 0.323072 0.262781 3.216058 0.946331
-0.953690 -0.953690 -0.927772 -0.927772 0.314518 0.249756 3.218880 0.955335
-0.965163 -0.965163 -1.167396 -1.167396 0.318983 0.263736 3.218880 0.947291
-0.985225 -0.985225 -1.067999 -1.067999 0.322667 0.282946 3.218150 0.963384
-0.955558 -0.955558 -2.022985 -2.022985 0.312527 0.274988 3.202812 0.952462
-0.982049 -0.982049 -1.592270 -1.592270 0.301904 0.242213 3.218880 0.945332
-1.024283 -1.024283 -1.706968 -1.706968 0.287409 0.240000 3.218880 0.956307
-0.985018 -0.985018 -1.732670 -1.732670 0.322402 0.294675 3.209038 0.950946
-0.971855 -0.971855 -1.762798 -1.762798 0.320856 0.279652 3.218880 0.950920
-0.997184 -0.997184 -1.032011 -1.032011 0.304394 0.240014 3.218880 0.945283
-1.058665 -1.058665 -0.601958 -0.601958 0.303293 0.240000 3.218880 0.956605
-1.007973 -1.007973 -1.728790 -1.728790 0.306782 0.266032 3.217878 0.946136
-0.971054 -0.971054 -1.226961 -1.226961 0.328527 0.290114 3.176837 0.942023
-1.003578 -1.003578 -1.157275 -1.157275 0.303819 0.240549 3.218880 0.952139
-1.032987 -1.032987 -0.914162 -0.914162 0.303589 0.240000 3.218880 0.948685
-1.016909 -1.016909 -1.239708 -1.239708 0.309384 0.269414 3.218880 0.946307
-0.997660 -0.997660 -1.690402 -1.690402 0.325481 0.301715 3.218880 0.944074
-1.043637 -1.043637 -0.950812 -0.950812 0.318200 0.263357 3.218880 0.950143
-0.985665 -0.985665 -1.562121 -1.562121 0.319668 0.288371 3.208354 0.945052
-0.963878 -0.963878 -1.394456 -1.394456 0.325238 0.282776 3.212517 0.948587
-0.878849 -0.878849 -2.152374 -2.152374 0.334718 0.279686 3.218880 0.938178
-0.998132 -0.998132 -1.330203 -1.330203 0.296902 0.240000 3.218880 0.951990
-1.012621 -1.012621 -2.633742 -2.633742 0.309885 0.316356 3.178381 0.943179
-1.001317 -1.001317 -2.707013 -2.707013 0.307399 0.258878 3.218880 0.945309
-1.014523 -1.014523 -1.148875 -1.148875 0.311863 0.250544 3.218880 0.943827
-1.009025 -1.009025 -0.987815 -0.987815 0.327375 0.292938 3.188691 0.947884
-1.015281 -1.015281 -1.207010 -1.207010 0.306099 0.242449 3.218880 0.943522
-0.952304 -0.952304 -1.188451 -1.188451 0.323525 0.259658 3.218880 0.946955
-0.959545 -0.959545 -2.196745 -2.196745 0.325715 0.307398 3.218880 0.944708
-0.996486 -0.996486 -2.226778 -2.226778 0.314550 0.286562 3.218880 0.947046
-0.992028 -0.992028 -2.815789 -2.815789 0.306148 0.287151 3.216220 0.948603
-0.985341 -0.985341 -2.245424 -2.245424 0.316820 0.282535 3.218880 0.944456
-0.925253 -0.925253 -2.921345 -2.921345 0.312684 0.251847 3.218880 0.939843
-0.961046 -0.961046 -1.806767 -1.806767 0.314186 0.271381 3.218880 0.952036
-0.986811 -0.986811 -1.383318 -1.383318 0.326487 0.299507 3.209337 0.951070
-0.976958 -0.976958 -1.369166 -1.369166 0.327618 0.271605 3.218880 0.943090
-0.983922 -0.983922 -1.538214 -1.538214 0.327509 0.295091 3.218880 0.944936
-1.000563 -1.000563 -1.385243 -1.385243 0.317382 0.286952 3.218880 0.953324
-0.957159 -0.957159 -1.443421 -1.443421 0.309829 0.245780 3.218880 0.942955
-0.925246 -0.925246 -1.137783 -1.137783 0.318312 0.251899 3.218880 0.949550
-0.941173 -0.941173 -0.956922 -0.956922 0.316562 0.244812 3.218880 0.951793
-0.921243 -0.921243 -1.703766 -1.703766 0.316476 0.251812 3.218880 0.946540
-1.058818 -1.058818 -0.922794 -0.922794 0.319513 0.270481 3.218880 0.947836
-0.989093 -0.989093 -1.464716 -1.464716 0.314318 0.273464 3.218880 0.950986
-0.922257 -0.922257 -1.164812 -1.164812 0.316974 0.245952 3.218880 0.952644
-0.869438 -0.869438 -1.891120 -1.891120 0.327817 0.256031 3.218880 0.932919
-0.997744 -0.997744 -2.195272 -2.195272 0.318803 0.313275 3.218880 0.954429
-1.014158 -1.014158 -1.698621 -1.698621 0.291298 0.240029 3.218880 0.949618
-0.972173 -0.972173 -1.168786 -1.168786 0.327985 0.287539 3.203153 0.950986
-0.989998 -0.989998 -1.912029 -1.912029 0.314235 0.277139 3.218880 0.950757
-1.038962 -1.038962 -0.939108 -0.939108 0.297019 0.240000 3.218880 0.952674
-1.013323 -1.013323 -0.834346 -0.834346 0.303852 0.240042 3.218880 0.953219
-1.036928 -1.036928 -1.143537 -1.143537 0.296606 0.240000 3.218880 0.952321
-1.013368 -1.013368 -1.229431 -1.229431 0.303148 0.243074 3.218880 0.951080
-1.006899 -1.006899 -0.841526 -0.841526 0.306485 0.240051 3.218880 0.953762
-1.011921 -1.011921 -1.643836 -1.643836 0.312718 0.261448 3.218880 0.943128
-1.024731 -1.024731 -1.333631 -1.333631 0.325141 0.306144 3.218880 0.952017
-1.064902 -1.064902 -0.821927 -0.821927 0.325068 0.275450 3.213602 0.947285
-0.977383 -0.977383 -1.455393 -1.455393 0.326740 0.298209 3.216316 0.955588
-1.001593 -1.001593 -1.080599 -1.080599 0.321450 0.268744 3.218880 0.946308
-1.021013 -1.021013 -1.006196 -1.006196 0.307424 0.244261 3.218880 0.944688
-1.032918 -1.032918 -1.011907 -1.011907 0.314527 0.274687 3.218880 0.952165
-1.002328 -1.002328 -1.246660 -1.246660 0.310885 0.254758 3.218880 0.951324
-0.991418 -0.991418 -1.636674 -1.636674 0.299623 0.240000 3.218880 0.942972
-0.965465 -0.965465 -1.546468 -1.546468 0.309356 0.247259 3.218880 0.941794
-0.980137 -0.980137 -1.013545 -1.013545 0.331080 0.292033 3.202922 0.951908
-1.074861 -1.074861 -0.702849 -0.702849 0.299101 0.240000 3.218880 0.954937
-1.017990 -1.017990 -1.325005 -1.325005 0.313398 0.270343 3.218615 0.942767
-0.976266 -0.976266 -1.580141 -1.580141 0.321441 0.278629 3.218880 0.941693
-1.027500 -1.027500 -1.371211 -1.371211 0.312168 0.275981 3.218880 0.947301
-1.056745 -1.056745 -0.858455 -0.858455 0.297823 0.240000 3.218880 0.949208
-1.005882 -1.005882 -0.864663 -0.864663 0.308462 0.240514 3.218880 0.947393
-1.039483 -1.039483 -0.681258 -0.681258 0.324053 0.281662 3.185822 0.955136
-0.966776 -0.966776 -1.820319 -1.820319 0.323230 0.290965 3.218849 0.942966
-0.951043 -0.951043 -1.556993 -1.556993 0.324233 0.270124 3.218880 0.946592
-1.040554 -1.040554 -1.209322 -1.209322 0.315690 0.290393 3.218085 0.950256
-1.077200 -1.077200 -1.247951 -1.247951 0.286409 0.240000 3.218880 0.951914
-1.027546 -1.027546 -0.883778 -0.883778 0.315566 0.283764 3.187248 0.960164
-0.978856 -0.978856 -2.858964 -2.858964 0.310716 0.289964 3.218880 0.950068
-1.021210 -1.021210 -0.943676 -0.943676 0.294966 0.240000 3.218880 0.954540
-0.887303 -0.887303 -1.723601 -1.723601 0.334252 0.283475 3.218862 0.944599
-1.045934 -1.045934 -0.888647 -0.888647 0.303441 0.240100 3.218880 0.945146
-1.021399 -1.021399 -1.599193 -1.599193 0.294374 0.240000 3.218880 0.945889
-0.959667 -0.959667 -1.791691 -1.791691 0.320600 0.303114 3.173933 0.944376
-0.947743 -0.947743 -1.271123 -1.271123 0.295801 0.240000 3.218880 0.954305
-0.943987 -0.943987 -2.664066 -2.664066 0.326072 0.295455 3.218880 0.952173
-0.972983 -0.972983 -3.437397 -3.437397 0.304576 0.256606 3.218880 0.939231
-0.955009 -0.955009 -3.012464 -3.012464 0.318800 0.278504 3.218880 0.944262
-1.042600 -1.042600 -1.891309 -1.891309 0.308566 0.306645 3.217751 0.957304
-0.934434 -0.934434 -2.058463 -2.058463 0.322391 0.286469 3.218880 0.952613
-0.992838 -0.992838 -1.388685 -1.388685 0.319468 0.283719 3.218807 0.952767
-0.991745 -0.991745 -1.758780 -1.758780 0.318840 0.287535 3.218773 0.942748
-1.011924 -1.011924 -1.273693 -1.273693 0.313729 0.270681 3.218880 0.951012
-0.987211 -0.987211 -1.822926 -1.822926 0.316073 0.289642 3.218880 0.945133
-0.960511 -0.960511 -1.062876 -1.062876 0.314531 0.253001 3.218880 0.957135
-0.990715 -0.990715 -1.171203 -1.171203 0.328141 0.295138 3.213944 0.950677
-1.037492 -1.037492 -0.857571 -0.857571 0.310542 0.246942 3.218880 0.951895
-0.920013 -0.920013 -1.733793 -1.733793 0.321229 0.255032 3.218880 0.943003
-0.988441 -0.988441 -1.423529 -1.423529 0.329301 0.299472 3.218880 0.951431
-1.010323 -1.010323 -1.030129 -1.030129 0.316667 0.257612 3.218880 0.946777
-1.012508 -1.012508 -1.544099 -1.544099 0.294510 0.240000 3.218880 0.953040
-1.014371 -1.014371 -1.493382 -1.493382 0.317968 0.275313 3.218880 0.949368
-0.917247 -0.917247 -1.380889 -1.380889 0.326861 0.264606 3.218880 0.945441
-0.946099 -0.946099 -0.942007 -0.942007 0.317178 0.247930 3.218880 0.943279
-0.955946 -0.955946 -1.671423 -1.671423 0.326180 0.303268 3.218880 0.947301
-1.000294 -1.000294 -0.835432 -0.835432 0.310398 0.246032 3.218880 0.948746
-0.980959 -0.980959 -0.895726 -0.895726 0.307470 0.241959 3.218880 0.954358
-0.970208 -0.970208 -1.107444 -1.107444 0.304103 0.240000 3.218880 0.955037
-0.977618 -0.977618 -1.110739 -1.110739 0.325609 0.292363 3.201714 0.951036
-0.992332 -0.992332 -1.105117 -1.105117 0.309508 0.253250 3.218880 0.949811
-0.952638 -0.952638 -1.887347 -1.887347 0.303477 0.244765 3.218880 0.949198
-0.961137 -0.961137 -3.296554 -3.296554 0.311555 0.289576 3.218880 0.946934
-0.927415 -0.927415 -1.772841 -1.772841 0.327026 0.290612 3.210085 0.945750
-0.947277 -0.947277 -1.236604 -1.236604 0.302491 0.240000 3.218880 0.948474
-1.004483 -1.004483 -1.099472 -1.099472 0.300605 0.240000 3.218880 0.953419
-1.017068 -1.017068 -2.517659 -2.517659 0.318493 0.308745 3.218880 0.945155
-1.003761 -1.003761 -1.444238 -1.444238 0.299628 0.240000 3.218880 0.946788
-1.005791 -1.005791 -1.778192 -1.778192 0.317981 0.292978 3.218880 0.956870
-0.988775 -0.988775 -1.637940 -1.637940 0.306788 0.249976 3.218880 0.947093
-1.069681 -1.069681 -1.074840 -1.074840 0.319475 0.293617 3.218880 0.953901
