-0.957917 -0.957917 -1.843769 -1.843769 0.313497 0.262904 3.218880 0.944482
-1.019098 -1.019098 -0.757685 -0.757685 0.302160 0.240000 3.218880 0.956920
-0.927422 -0.927422 -1.312231 -1.312231 0.328140 0.262315 3.218880 0.935137
-0.989110 -0.989110 -1.759796 -1.759796 0.299610 0.249085 3.218880 0.947947
-1.032550 -1.032550 -1.176514 -1.176514 0.303656 0.254632 3.218880 0.951737
-0.943317 -0.943317 -1.442802 -1.442802 0.310243 0.245202 3.218880 0.943162
-0.935912 -0.935912 -1.452678 -1.452678 0.316090 0.250174 3.218880 0.949190
-0.903755 -0.903755 -2.171787 -2.171787 0.328379 0.283225 3.218880 0.942530
-1.050558 -1.050558 -2.236538 -2.236538 0.307099 0.315051 3.195816 0.951934
-0.945939 -0.945939 -1.004103 -1.004103 0.314790 0.246976 3.218880 0.958216
-0.952129 -0.952129 -1.311967 -1.311967 0.325186 0.267415 3.218880 0.948355
-0.921989 -0.921989 -1.581544 -1.581544 0.331700 0.276546 3.218880 0.947453
-0.954354 -0.954354 -1.144929 -1.144929 0.314391 0.251212 3.218880 0.950767
-0.988451 -0.988451 -1.152985 -1.152985 0.320237 0.286726 3.189516 0.953170
-0.948109 -0.948109 -1.627567 -1.627567 0.333233 0.291913 3.211689 0.949735
-1.018589 -1.018589 -1.324442 -1.324442 0.302358 0.241182 3.218880 0.947367
-0.953581 -0.953581 -1.751987 -1.751987 0.323748 0.297733 3.218880 0.946760
-0.978008 -0.978008 -1.759192 -1.759192 0.318391 0.302295 3.213261 0.944986
-0.985522 -0.985522 -1.485162 -1.485162 0.314570 0.265386 3.218880 0.946188
-0.979035 -0.979035 -1.880905 -1.880905 0.323131 0.299851 3.218880 0.951867
-0.936529 -0.936529 -2.254109 -2.254109 0.321185 0.274310 3.218880 0.951105
-1.034443 -1.034443 -2.108023 -2.108023 0.312010 0.322086 3.191610 0.956727
-0.983356 -0.983356 -2.796641 -2.796641 0.316948 0.314210 3.218880 0.953647
-0.988213 -0.988213 -0.997657 -0.997657 0.317562 0.253184 3.218880 0.946535
-1.015001 -1.015001 -0.961774 -0.961774 0.333026 0.299322 3.200558 0.949202
-1.032493 -1.032493 -1.506870 -1.506870 0.316437 0.287420 3.218880 0.945512
-0.977601 -0.977601 -1.626616 -1.626616 0.325163 0.287442 3.218880 0.939758
-1.016630 -1.016630 -1.500423 -1.500423 0.316340 0.281923 3.218880 0.950789
-1.050755 -1.050755 -0.829791 -0.829791 0.315551 0.253641 3.218880 0.948972
-1.024517 -1.024517 -1.183284 -1.183284 0.308912 0.262483 3.218880 0.956914
-0.982018 -0.982018 -1.045919 -1.045919 0.313083 0.249251 3.218880 0.952089
-0.979177 -0.979177 -1.482603 -1.482603 0.301167 0.240000 3.218880 0.941354
-0.969609 -0.969609 -1.088850 -1.088850 0.317856 0.254537 3.218880 0.953124
-1.036037 -1.036037 -1.065615 -1.065615 0.320725 0.296596 3.201409 0.947759
-1.026021 -1.026021 -0.969575 -0.969575 0.304868 0.240016 3.218880 0.948299
-0.979123 -0.979123 -3.367117 -3.367117 0.297518 0.278833 3.218880 0.955285
-0.999101 -0.999101 -0.844562 -0.844562 0.302738 0.240000 3.218880 0.952831
-0.995121 -0.995121 -1.272638 -1.272638 0.292288 0.240000 3.218008 0.957617
-0.976828 -0.976828 -0.976198 -0.976198 0.303839 0.240000 3.218880 0.951624
-0.992335 -0.992335 -2.109472 -2.109472 0.293587 0.240240 3.218880 0.947034
-0.981660 -0.981660 -1.776174 -1.776174 0.314519 0.275082 3.218880 0.950078
-0.990754 -0.990754 -2.170784 -2.170784 0.320723 0.293747 3.218880 0.947183
-1.050210 -1.050210 -1.843467 -1.843467 0.297177 0.247101 3.218880 0.946032
-0.974569 -0.974569 -2.420140 -2.420140 0.316491 0.292725 3.184249 0.950718
-1.033665 -1.033665 -1.213182 -1.213182 0.316135 0.296400 3.213716 0.953334
-1.041023 -1.041023 -0.608512 -0.608512 0.314252 0.249656 3.218880 0.953271
-0.974575 -0.974575 -1.409589 -1.409589 0.308537 0.251249 3.218394 0.953837
-0.981362 -0.981362 -1.181164 -1.181164 0.322437 0.274807 3.214905 0.948106
-0.958047 -0.958047 -1.269146 -1.269146 0.328694 0.281766 3.218880 0.949531
-0.947250 -0.947250 -3.042232 -3.042232 0.319653 0.282515 3.218880 0.949520
-0.905380 -0.905380 -2.769102 -2.769102 0.324346 0.275745 3.218880 0.932388
-0.998391 -0.998391 -1.539612 -1.539612 0.322791 0.296827 3.178071 0.948605
-0.931124 -0.931124 -1.462603 -1.462603 0.325885 0.284070 3.207987 0.952527
-0.882947 -0.882947 -2.115593 -2.115593 0.312812 0.250387 3.218880 0.944185
-0.957928 -0.957928 -1.503714 -1.503714 0.312812 0.249511 3.218880 0.941455
-0.999703 -0.999703 -1.475588 -1.475588 0.310516 0.254565 3.218880 0.947503
-0.978639 -0.978639 -1.578615 -1.578615 0.325969 0.299176 3.217325 0.953030
-0.989016 -0.989016 -0.634216 -0.634216 0.316838 0.249411 3.212822 0.952175
-1.013993 -1.013993 -1.495895 -1.495895 0.324166 0.301169 3.218880 0.946569
-1.063806 -1.063806 -1.555600 -1.555600 0.308560 0.281346 3.218880 0.948193
-1.003832 -1.003832 -1.546468 -1.546468 0.297476 0.240000 3.218880 0.947605
-1.032003 -1.032003 -0.913560 -0.913560 0.320553 0.287822 3.209513 0.950727
-0.994716 -0.994716 -1.628389 -1.628389 0.315897 0.298056 3.185315 0.943628
-0.952756 -0.952756 -1.632942 -1.632942 0.313896 0.258002 3.218880 0.954876
-1.007720 -1.007720 -1.455680 -1.455680 0.308707 0.271041 3.218880 0.950786
-0.973283 -0.973283 -1.845551 -1.845551 0.298318 0.240000 3.218880 0.942526
-1.026828 -1.026828 -0.878805 -0.878805 0.308390 0.243558 3.218880 0.951874
-0.959334 -0.959334 -1.261361 -1.261361 0.337800 0.304840 3.176127 0.946712
-1.000193 -1.000193 -1.036898 -1.036898 0.309138 0.244692 3.218880 0.945539
-0.985906 -0.985906 -0.706696 -0.706696 0.306672 0.240044 3.218880 0.960843
-1.036409 -1.036409 -0.776570 -0.776570 0.306582 0.242422 3.218880 0.946568
-0.975552 -0.975552 -1.243729 -1.243729 0.329231 0.294289 3.180567 0.949400
-0.933329 -0.933329 -1.808536 -1.808536 0.326687 0.269420 3.218880 0.947436
-1.061990 -1.061990 -1.128274 -1.128274 0.306889 0.251775 3.218880 0.945936
-0.965593 -0.965593 -2.037145 -2.037145 0.321032 0.290394 3.218880 0.945112
-0.935355 -0.935355 -1.164880 -1.164880 0.320917 0.255813 3.218880 0.952092
-0.965083 -0.965083 -2.792811 -2.792811 0.319737 0.301741 3.218880 0.945173
-0.949714 -0.949714 -1.642020 -1.642020 0.326091 0.281714 3.218880 0.947539
-0.924468 -0.924468 -1.384638 -1.384638 0.328345 0.266550 3.218880 0.943415
-0.962551 -0.962551 -0.990162 -0.990162 0.318391 0.247882 3.218880 0.950859
-0.898189 -0.898189 -1.175652 -1.175652 0.335508 0.265328 3.218880 0.952445
-1.068804 -1.068804 -0.928718 -0.928718 0.299314 0.240002 3.218880 0.947149
-0.983127 -0.983127 -1.796172 -1.796172 0.325520 0.278616 3.218880 0.956556
-1.010931 -1.010931 -1.319091 -1.319091 0.315453 0.261514 3.218880 0.956970
-0.970770 -0.970770 -1.297203 -1.297203 0.308526 0.249532 3.218385 0.938258
-0.985333 -0.985333 -0.892405 -0.892405 0.312942 0.249105 3.218880 0.945944
-1.035863 -1.035863 -0.790836 -0.790836 0.303738 0.240000 3.218880 0.951476
-0.994876 -0.994876 -0.846314 -0.846314 0.308518 0.248448 3.218880 0.953018
-0.948604 -0.948604 -1.160669 -1.160669 0.317074 0.256545 3.218880 0.946793
-1.032685 -1.032685 -1.147970 -1.147970 0.297915 0.240000 3.218880 0.946372
-1.011752 -1.011752 -1.489223 -1.489223 0.306059 0.246059 3.218880 0.943860
-1.009359 -1.009359 -1.798375 -1.798375 0.310936 0.277598 3.218867 0.946400
-1.020107 -1.020107 -0.730459 -0.730459 0.330156 0.286028 3.203578 0.948786
-0.999825 -0.999825 -1.738241 -1.738241 0.313780 0.274513 3.205419 0.945151
-1.010868 -1.010868 -0.911777 -0.911777 0.315652 0.271182 3.218667 0.949044
-0.934250 -0.934250 -1.476011 -1.476011 0.329769 0.273998 3.218404 0.948487
-0.918596 -0.918596 -1.429927 -1.429927 0.316810 0.247619 3.218880 0.946601
-1.009523 -1.009523 -1.722047 -1.722047 0.306097 0.265942 3.218880 0.950231
-0.982729 -0.982729 -1.724140 -1.724140 0.320716 0.299770 3.218369 0.956015
-0.935587 -0.935587 -1.665703 -1.665703 0.317654 0.252014 3.218880 0.945868
-0.968831 -0.968831 -1.665323 -1.665323 0.320865 0.295893 3.216016 0.954066
-1.022070 -1.022070 -1.639676 -1.639676 0.314519 0.305095 3.204734 0.950835
-0.983513 -0.983513 -1.166813 -1.166813 0.335080 0.288709 3.218880 0.947607
-1.091092 -1.091092 -1.033561 -1.033561 0.295582 0.240000 3.218880 0.943504
-1.045329 -1.045329 -0.612486 -0.612486 0.317524 0.252719 3.218880 0.949854
-0.962734 -0.962734 -2.257530 -2.257530 0.314237 0.273966 3.218880 0.939982
-0.913646 -0.913646 -2.749679 -2.749679 0.309409 0.249578 3.218880 0.948689
-0.983210 -0.983210 -2.650801 -2.650801 0.307684 0.265465 3.218880 0.948656
-0.922719 -0.922719 -1.394605 -1.394605 0.320082 0.255097 3.218880 0.946215
-0.985653 -0.985653 -1.535853 -1.535853 0.325766 0.292706 3.214892 0.939831
-0.992132 -0.992132 -1.724214 -1.724214 0.334722 0.303013 3.218880 0.945638
-1.014492 -1.014492 -1.377352 -1.377352 0.292268 0.240000 3.218880 0.955306
-1.039133 -1.039133 -1.169172 -1.169172 0.293200 0.240000 3.218880 0.950228
-0.999656 -0.999656 -1.008433 -1.008433 0.314677 0.255035 3.218880 0.953160
-0.998054 -0.998054 -1.645196 -1.645196 0.310542 0.284684 3.218880 0.956382
-0.969965 -0.969965 -1.457873 -1.457873 0.328628 0.294693 3.197038 0.947432
-0.948976 -0.948976 -2.154218 -2.154218 0.331864 0.296277 3.218880 0.943714
-0.962482 -0.962482 -2.584658 -2.584658 0.318456 0.292620 3.218880 0.942287
-0.887016 -0.887016 -1.934493 -1.934493 0.318519 0.260225 3.218880 0.947395
-0.939211 -0.939211 -3.308660 -3.308660 0.321303 0.301518 3.218880 0.948746
-1.026817 -1.026817 -3.867356 -3.867356 0.295214 0.291068 3.218880 0.942367
-0.964478 -0.964478 -2.434086 -2.434086 0.308632 0.261140 3.218880 0.939781
-0.903542 -0.903542 -1.060699 -1.060699 0.322908 0.247876 3.218880 0.943166
-0.892651 -0.892651 -3.104527 -3.104527 0.338142 0.307777 3.218880 0.942517
-0.991673 -0.991673 -4.146680 -4.146680 0.316138 0.309787 3.218721 0.950123
-1.040445 -1.040445 -1.217157 -1.217157 0.286124 0.240000 3.218880 0.954587
-0.939904 -0.939904 -3.472289 -3.472289 0.307436 0.258133 3.218880 0.940258
-0.892007 -0.892007 -3.991275 -3.991275 0.319834 0.276986 3.218880 0.944325
-1.000507 -1.000507 -0.975673 -0.975673 0.325612 0.271248 3.218880 0.946576
-1.015378 -1.015378 -1.079665 -1.079665 0.304889 0.240773 3.218880 0.949779
-0.919786 -0.919786 -1.339925 -1.339925 0.330871 0.268328 3.218515 0.948477
-1.047723 -1.047723 -1.170910 -1.170910 0.299365 0.240000 3.218880 0.944829
