-0.988977 -0.988977 -1.712443 -1.712443 0.312067 0.289253 3.218880 0.941699
-1.044206 -1.044206 -1.055723 -1.055723 0.304864 0.244997 3.218880 0.948175
-0.944261 -0.944261 -1.319038 -1.319038 0.336128 0.298125 3.218880 0.941542
-0.979691 -0.979691 -1.466407 -1.466407 0.299787 0.240000 3.218880 0.951226
-1.016222 -1.016222 -0.744570 -0.744570 0.312906 0.251869 3.218880 0.955613
-1.014724 -1.014724 -0.953839 -0.953839 0.304110 0.240221 3.218880 0.948940
-1.010359 -1.010359 -0.759495 -0.759495 0.305201 0.240016 3.218880 0.957042
-0.988214 -0.988214 -2.331444 -2.331444 0.322994 0.309885 3.218473 0.952736
-0.971089 -0.971089 -1.836167 -1.836167 0.321602 0.288772 3.214491 0.948821
-0.981155 -0.981155 -1.232464 -1.232464 0.305813 0.240554 3.218880 0.951147
-0.976424 -0.976424 -0.935320 -0.935320 0.300815 0.240044 3.218880 0.957122
-0.825371 -0.825371 -2.558932 -2.558932 0.340400 0.301097 3.218880 0.936577
-0.963491 -0.963491 -1.435472 -1.435472 0.317366 0.280072 3.209506 0.944444
-0.998952 -0.998952 -1.954657 -1.954657 0.316563 0.290525 3.218880 0.946352
-0.973942 -0.973942 -1.504918 -1.504918 0.305317 0.246225 3.218880 0.955391
-0.924013 -0.924013 -2.191879 -2.191879 0.328421 0.271169 3.218880 0.943483
-0.977732 -0.977732 -2.723851 -2.723851 0.323080 0.305057 3.218880 0.948651
-0.934199 -0.934199 -1.891665 -1.891665 0.327463 0.289650 3.218880 0.945136
-0.952444 -0.952444 -1.240928 -1.240928 0.319912 0.259945 3.218880 0.949047
-1.004170 -1.004170 -2.074082 -2.074082 0.309245 0.301353 3.218880 0.952877
-0.999167 -0.999167 -1.752663 -1.752663 0.302579 0.264574 3.208776 0.948993
-1.023620 -1.023620 -0.866823 -0.866823 0.311712 0.260604 3.218880 0.952661
-0.965273 -0.965273 -1.236486 -1.236486 0.330565 0.291299 3.195880 0.953308
-0.918403 -0.918403 -2.500576 -2.500576 0.326397 0.272213 3.218880 0.945303
-0.940198 -0.940198 -2.807331 -2.807331 0.319104 0.294570 3.218880 0.949114
-0.998929 -0.998929 -1.421562 -1.421562 0.296747 0.240000 3.218880 0.946667
-0.951620 -0.951620 -1.213455 -1.213455 0.315917 0.254608 3.218880 0.945242
-1.070589 -1.070589 -1.259481 -1.259481 0.295989 0.240000 3.218880 0.942090
-0.951617 -0.951617 -1.400829 -1.400829 0.327645 0.281705 3.218880 0.943347
-0.949689 -0.949689 -1.432394 -1.432394 0.325977 0.286240 3.199496 0.952758
-0.977780 -0.977780 -1.394286 -1.394286 0.312721 0.251934 3.218880 0.941482
-1.014182 -1.014182 -2.073348 -2.073348 0.314928 0.283684 3.218880 0.941221
-1.002787 -1.002787 -3.061240 -3.061240 0.305781 0.298808 3.216528 0.946796
-0.921911 -0.921911 -2.654559 -2.654559 0.324294 0.298130 3.218880 0.947965
-0.941277 -0.941277 -1.661846 -1.661846 0.319315 0.259195 3.218880 0.946265
-0.909306 -0.909306 -1.545201 -1.545201 0.329888 0.271996 3.218822 0.948388
-0.926543 -0.926543 -1.367562 -1.367562 0.339008 0.288405 3.217229 0.944409
-0.876381 -0.876381 -1.531113 -1.531113 0.331756 0.260009 3.218880 0.944300
-0.941861 -0.941861 -1.200105 -1.200105 0.307567 0.242286 3.218880 0.948923
-0.945353 -0.945353 -1.939044 -1.939044 0.302399 0.241075 3.218880 0.947130
-1.019394 -1.019394 -2.058348 -2.058348 0.313761 0.268025 3.218880 0.948435
-1.056661 -1.056661 -1.071993 -1.071993 0.308166 0.253945 3.218880 0.951368
-0.991344 -0.991344 -1.488309 -1.488309 0.313537 0.285516 3.198550 0.951874
-0.975771 -0.975771 -1.909695 -1.909695 0.310490 0.276810 3.218047 0.947312
-0.971582 -0.971582 -1.680938 -1.680938 0.307464 0.249269 3.218880 0.950151
-0.910995 -0.910995 -2.670278 -2.670278 0.327993 0.291226 3.218880 0.953013
-0.913619 -0.913619 -1.490817 -1.490817 0.335889 0.298767 3.210030 0.945139
-1.052741 -1.052741 -1.293909 -1.293909 0.309211 0.260808 3.218880 0.954131
-0.995615 -0.995615 -1.533136 -1.533136 0.334290 0.318535 3.218880 0.948151
-0.952876 -0.952876 -1.835668 -1.835668 0.331916 0.303647 3.218880 0.950317
-0.964333 -0.964333 -1.299468 -1.299468 0.317852 0.268292 3.218880 0.953550
-0.967421 -0.967421 -1.376146 -1.376146 0.319856 0.264527 3.218880 0.957226
-0.991936 -0.991936 -1.179459 -1.179459 0.310002 0.252783 3.218880 0.950325
-0.983925 -0.983925 -1.507416 -1.507416 0.302703 0.247081 3.218849 0.947089
-0.959246 -0.959246 -1.173051 -1.173051 0.303339 0.240000 3.218880 0.948549
-1.048888 -1.048888 -1.459642 -1.459642 0.307230 0.291239 3.207376 0.955774
-0.970020 -0.970020 -1.748070 -1.748070 0.338097 0.312719 3.190010 0.946400
-0.950890 -0.950890 -1.868016 -1.868016 0.333169 0.295344 3.218709 0.944017
-1.026460 -1.026460 -1.520957 -1.520957 0.316331 0.286973 3.218880 0.947790
-0.944576 -0.944576 -1.987693 -1.987693 0.323353 0.281905 3.218880 0.946950
-1.010424 -1.010424 -0.806367 -0.806367 0.324920 0.262743 3.218880 0.944195
-1.062292 -1.062292 -1.137672 -1.137672 0.314830 0.286743 3.183623 0.946391
-0.950615 -0.950615 -1.877739 -1.877739 0.322114 0.276419 3.218880 0.938875
-0.951160 -0.951160 -4.278299 -4.278299 0.322874 0.308510 3.218664 0.945618
-0.992214 -0.992214 -0.729900 -0.729900 0.307067 0.240000 3.218880 0.952774
-0.882340 -0.882340 -2.279886 -2.279886 0.325268 0.266532 3.218880 0.940234
-0.973531 -0.973531 -2.125479 -2.125479 0.316740 0.282512 3.218880 0.947356
-1.002506 -1.002506 -0.975971 -0.975971 0.321501 0.262175 3.218880 0.944994
-0.930989 -0.930989 -1.296077 -1.296077 0.326888 0.273309 3.218880 0.944372
-0.982035 -0.982035 -1.294881 -1.294881 0.330909 0.288762 3.209623 0.945001
-1.002913 -1.002913 -0.945387 -0.945387 0.307226 0.241837 3.218880 0.951116
-0.995208 -0.995208 -1.250567 -1.250567 0.301686 0.240000 3.218880 0.947863
-1.001667 -1.001667 -1.319939 -1.319939 0.309268 0.255105 3.218880 0.955353
-0.963421 -0.963421 -1.404243 -1.404243 0.323459 0.276959 3.207588 0.940830
-0.954609 -0.954609 -1.256388 -1.256388 0.324001 0.272584 3.217302 0.946296
-0.998765 -0.998765 -1.077452 -1.077452 0.310354 0.245199 3.218880 0.948361
-0.990282 -0.990282 -1.386720 -1.386720 0.321410 0.282529 3.218880 0.945738
-1.032121 -1.032121 -1.171105 -1.171105 0.322621 0.298133 3.218880 0.954247
-1.009227 -1.009227 -1.307482 -1.307482 0.317410 0.283042 3.218880 0.948936
-1.000362 -1.000362 -1.965879 -1.965879 0.316551 0.292779 3.218731 0.946479
-0.988439 -0.988439 -0.924366 -0.924366 0.320737 0.253639 3.218880 0.948732
-0.970677 -0.970677 -1.519037 -1.519037 0.314475 0.249907 3.218880 0.940128
-0.896366 -0.896366 -2.039154 -2.039154 0.332030 0.275637 3.218880 0.948540
-1.003294 -1.003294 -1.368118 -1.368118 0.319387 0.270983 3.218880 0.950676
-0.931777 -0.931777 -2.743580 -2.743580 0.329725 0.295648 3.209108 0.936945
-0.995985 -0.995985 -1.444035 -1.444035 0.321310 0.300338 3.168873 0.952831
-0.997936 -0.997936 -1.520605 -1.520605 0.317254 0.281972 3.218880 0.952294
-1.028783 -1.028783 -1.200607 -1.200607 0.319719 0.279644 3.218533 0.957135
-0.998610 -0.998610 -1.533778 -1.533778 0.296801 0.240000 3.218880 0.945877
-1.017405 -1.017405 -1.250453 -1.250453 0.321778 0.282237 3.218880 0.955990
-1.099160 -1.099160 -0.627514 -0.627514 0.294780 0.240000 3.218880 0.958893
-1.010395 -1.010395 -0.673365 -0.673365 0.318224 0.250969 3.213157 0.951821
-1.000370 -1.000370 -0.971595 -0.971595 0.310921 0.245313 3.218880 0.949709
-0.975321 -0.975321 -1.888151 -1.888151 0.324206 0.303068 3.218880 0.950564
-1.041788 -1.041788 -2.772935 -2.772935 0.305939 0.301477 3.218142 0.952104
-0.957420 -0.957420 -1.565561 -1.565561 0.319381 0.267096 3.218880 0.943983
-0.968382 -0.968382 -1.921889 -1.921889 0.309613 0.256224 3.218880 0.944277
-0.952784 -0.952784 -1.634016 -1.634016 0.322371 0.296301 3.218880 0.951183
-1.012353 -1.012353 -1.503359 -1.503359 0.315678 0.253239 3.218880 0.931578
-0.901395 -0.901395 -1.415291 -1.415291 0.333190 0.265697 3.218880 0.942264
-0.995480 -0.995480 -0.974787 -0.974787 0.311345 0.248795 3.218880 0.951099
-0.956922 -0.956922 -1.252887 -1.252887 0.316394 0.247910 3.218880 0.946492
-0.966857 -0.966857 -1.351658 -1.351658 0.318832 0.274649 3.217391 0.949251
-1.075859 -1.075859 -1.221512 -1.221512 0.296632 0.240383 3.218880 0.944668
-0.985134 -0.985134 -2.018638 -2.018638 0.332480 0.313590 3.210260 0.954033
-0.968238 -0.968238 -1.915465 -1.915465 0.321613 0.278887 3.218880 0.953017
-0.927397 -0.927397 -3.464957 -3.464957 0.329691 0.313834 3.218816 0.946028
-0.966968 -0.966968 -1.902215 -1.902215 0.302795 0.242886 3.218880 0.943325
-1.009157 -1.009157 -1.049837 -1.049837 0.323778 0.269581 3.218880 0.946336
-1.041435 -1.041435 -1.030033 -1.030033 0.286497 0.240000 3.218390 0.963549
-0.979097 -0.979097 -2.015642 -2.015642 0.292961 0.240000 3.218880 0.943707
-0.970985 -0.970985 -1.242790 -1.242790 0.328380 0.285233 3.216133 0.946319
-0.952454 -0.952454 -1.137454 -1.137454 0.317350 0.251868 3.218880 0.948650
-0.968662 -0.968662 -1.071821 -1.071821 0.310994 0.242233 3.218880 0.944544
-0.976457 -0.976457 -1.690455 -1.690455 0.296408 0.240004 3.218880 0.945665
-0.993752 -0.993752 -1.232785 -1.232785 0.304730 0.240021 3.218880 0.949206
-0.909226 -0.909226 -1.627248 -1.627248 0.328858 0.279154 3.216382 0.946379
-1.035645 -1.035645 -1.090750 -1.090750 0.295759 0.240000 3.218880 0.949196
-1.018728 -1.018728 -1.700298 -1.700298 0.314538 0.290401 3.218880 0.952350
-1.037143 -1.037143 -1.286732 -1.286732 0.313172 0.299472 3.210125 0.949088
-0.964636 -0.964636 -1.545035 -1.545035 0.311920 0.267463 3.218864 0.951440
-1.092288 -1.092288 -0.833896 -0.833896 0.312082 0.285976 3.204292 0.958997
-0.992194 -0.992194 -1.062878 -1.062878 0.302225 0.240000 3.218880 0.947571
-0.965741 -0.965741 -1.061516 -1.061516 0.302458 0.240000 3.218880 0.953616
-0.932031 -0.932031 -2.603620 -2.603620 0.331872 0.301787 3.199692 0.940098
-1.052546 -1.052546 -1.385246 -1.385246 0.314117 0.294834 3.214044 0.948293
-0.985296 -0.985296 -1.448473 -1.448473 0.319066 0.275291 3.217869 0.952350
-1.012656 -1.012656 -0.943811 -0.943811 0.302161 0.240023 3.218880 0.949973
-0.947173 -0.947173 -1.733393 -1.733393 0.330677 0.300302 3.216095 0.948371
-1.045471 -1.045471 -1.145090 -1.145090 0.298465 0.240000 3.218880 0.943870
-0.915014 -0.915014 -1.881746 -1.881746 0.325775 0.271874 3.218583 0.945768
-0.984860 -0.984860 -1.531643 -1.531643 0.304648 0.242936 3.218880 0.943384
