-1.004086 -1.004086 -1.687222 -1.687222 0.312520 0.278186 3.198276 0.941951
-1.014879 -1.014879 -1.206621 -1.206621 0.305171 0.242206 3.218880 0.947573
-0.950775 -0.950775 -1.639693 -1.639693 0.322848 0.264660 3.218880 0.942870
-1.008813 -1.008813 -1.381235 -1.381235 0.320859 0.270897 3.218880 0.950895
-1.024650 -1.024650 -1.573071 -1.573071 0.294229 0.240000 3.218880 0.948173
-0.968954 -0.968954 -1.821718 -1.821718 0.329679 0.293508 3.218880 0.950063
-0.998096 -0.998096 -1.336235 -1.336235 0.317854 0.264781 3.218880 0.940688
-1.002926 -1.002926 -1.136065 -1.136065 0.308347 0.244058 3.218880 0.951940
-1.001522 -1.001522 -1.305719 -1.305719 0.303556 0.250223 3.218880 0.947281
-0.983324 -0.983324 -1.283293 -1.283293 0.319334 0.259812 3.218880 0.941746
-1.064863 -1.064863 -0.896548 -0.896548 0.291527 0.240000 3.218880 0.950761
-1.013060 -1.013060 -1.149820 -1.149820 0.292149 0.240000 3.218880 0.959863
-1.019754 -1.019754 -1.222881 -1.222881 0.314200 0.293562 3.218880 0.955429
-1.044426 -1.044426 -0.886925 -0.886925 0.303381 0.240041 3.218880 0.948305
-0.951893 -0.951893 -1.039502 -1.039502 0.320675 0.254830 3.207094 0.943087
-0.972041 -0.972041 -1.682932 -1.682932 0.307743 0.247575 3.218880 0.939121
-0.960632 -0.960632 -1.388134 -1.388134 0.317248 0.253627 3.218879 0.945298
-1.018816 -1.018816 -0.771870 -0.771870 0.307837 0.241268 3.218880 0.951705
-0.988158 -0.988158 -1.178672 -1.178672 0.309248 0.249675 3.218880 0.953305
-0.990743 -0.990743 -1.000153 -1.000153 0.326219 0.278406 3.198472 0.936317
-1.012904 -1.012904 -0.865968 -0.865968 0.301312 0.240100 3.218880 0.952649
-0.946678 -0.946678 -2.104958 -2.104958 0.311189 0.257117 3.218880 0.946218
-0.940116 -0.940116 -1.702328 -1.702328 0.312293 0.253082 3.218880 0.948464
-0.950751 -0.950751 -1.173061 -1.173061 0.325105 0.263163 3.218880 0.954042
-0.971993 -0.971993 -1.235440 -1.235440 0.316810 0.252800 3.218880 0.947695
-0.974903 -0.974903 -1.859873 -1.859873 0.322348 0.296699 3.218880 0.945216
-0.979486 -0.979486 -2.102707 -2.102707 0.314900 0.276534 3.218880 0.946516
-0.983313 -0.983313 -1.342593 -1.342593 0.311521 0.267933 3.190054 0.955820
-1.002129 -1.002129 -1.883291 -1.883291 0.321044 0.290194 3.212398 0.938245
-1.027571 -1.027571 -1.734264 -1.734264 0.315307 0.278967 3.218880 0.946038
-1.002340 -1.002340 -0.937572 -0.937572 0.305090 0.240000 3.218880 0.950868
-0.954096 -0.954096 -2.210682 -2.210682 0.310058 0.256016 3.218880 0.950560
-0.972467 -0.972467 -1.978988 -1.978988 0.305900 0.250990 3.218880 0.931924
-1.000773 -1.000773 -1.077178 -1.077178 0.307575 0.241908 3.218880 0.948525
-0.992503 -0.992503 -1.068788 -1.068788 0.322114 0.275309 3.217088 0.950751
-0.961601 -0.961601 -1.340856 -1.340856 0.310563 0.251334 3.218880 0.946573
-0.936064 -0.936064 -2.589844 -2.589844 0.321807 0.287366 3.218880 0.944908
-0.948791 -0.948791 -1.914076 -1.914076 0.298579 0.240000 3.218880 0.951570
-0.931211 -0.931211 -1.996709 -1.996709 0.323635 0.269259 3.218880 0.947539
-0.884381 -0.884381 -1.525492 -1.525492 0.326930 0.261806 3.218880 0.950897
-0.936723 -0.936723 -1.361172 -1.361172 0.311823 0.251734 3.218880 0.950424
-1.057199 -1.057199 -1.165281 -1.165281 0.298672 0.240015 3.218880 0.954316
-0.968279 -0.968279 -0.990967 -0.990967 0.327742 0.264434 3.218880 0.945123
-0.934223 -0.934223 -2.607869 -2.607869 0.323106 0.274385 3.218880 0.944670
-1.063252 -1.063252 -1.868660 -1.868660 0.289015 0.274244 3.218880 0.948752
-1.017351 -1.017351 -0.886804 -0.886804 0.314157 0.251709 3.218880 0.951403
-0.963590 -0.963590 -1.785393 -1.785393 0.317789 0.283983 3.218880 0.949736
-0.911772 -0.911772 -1.829065 -1.829065 0.327497 0.286137 3.204160 0.950218
-0.993009 -0.993009 -1.112488 -1.112488 0.329342 0.293354 3.210837 0.945666
-0.970454 -0.970454 -2.535515 -2.535515 0.315567 0.288376 3.218880 0.944833
-0.968331 -0.968331 -1.449328 -1.449328 0.333157 0.291329 3.218724 0.947303
-0.952738 -0.952738 -1.144066 -1.144066 0.332847 0.269027 3.218880 0.943807
-0.963550 -0.963550 -1.066667 -1.066667 0.313470 0.249659 3.218880 0.950499
-1.048954 -1.048954 -0.831077 -0.831077 0.305520 0.240000 3.218880 0.942549
-1.032713 -1.032713 -1.262176 -1.262176 0.296906 0.240000 3.218880 0.950404
-0.971884 -0.971884 -1.437939 -1.437939 0.317705 0.259899 3.218880 0.947941
-0.910882 -0.910882 -2.182898 -2.182898 0.332468 0.303078 3.214067 0.951229
-0.935224 -0.935224 -1.530506 -1.530506 0.333541 0.277064 3.218880 0.949599
-0.985894 -0.985894 -2.099935 -2.099935 0.323725 0.313928 3.213423 0.945095
-0.931572 -0.931572 -1.605165 -1.605165 0.339711 0.304946 3.218040 0.945399
-0.955685 -0.955685 -1.640332 -1.640332 0.319647 0.260007 3.218880 0.944034
-0.936304 -0.936304 -2.098785 -2.098785 0.333184 0.295193 3.218880 0.940305
-0.967566 -0.967566 -1.688575 -1.688575 0.328203 0.291994 3.218880 0.950994
-0.955452 -0.955452 -1.937758 -1.937758 0.308192 0.245502 3.218880 0.946297
-0.955645 -0.955645 -1.605740 -1.605740 0.304473 0.240000 3.218880 0.946172
-0.961193 -0.961193 -0.930609 -0.930609 0.332372 0.270323 3.213887 0.940895
-0.982343 -0.982343 -1.636097 -1.636097 0.306485 0.245687 3.218880 0.942349
-0.985895 -0.985895 -1.604615 -1.604615 0.319756 0.280336 3.218880 0.949241
-0.980946 -0.980946 -1.205929 -1.205929 0.321521 0.274581 3.218880 0.942238
-1.022719 -1.022719 -1.309249 -1.309249 0.311252 0.276796 3.207517 0.944456
-0.964610 -0.964610 -1.508336 -1.508336 0.297915 0.240000 3.218880 0.951220
-0.954435 -0.954435 -1.636529 -1.636529 0.318790 0.274155 3.218880 0.950047
-0.953414 -0.953414 -1.097323 -1.097323 0.321948 0.265610 3.218549 0.957851
-0.936686 -0.936686 -1.213164 -1.213164 0.329987 0.277095 3.214364 0.948107
-0.983069 -0.983069 -2.088387 -2.088387 0.308103 0.264542 3.218880 0.947649
-0.945720 -0.945720 -1.503962 -1.503962 0.329753 0.278888 3.218880 0.949883
-0.948866 -0.948866 -2.525442 -2.525442 0.322878 0.292031 3.218880 0.945997
-0.996118 -0.996118 -1.151716 -1.151716 0.326524 0.279840 3.218880 0.944930
-1.014113 -1.014113 -1.189776 -1.189776 0.304732 0.240033 3.218880 0.943324
-0.956785 -0.956785 -0.973320 -0.973320 0.324764 0.269773 3.218277 0.949315
-0.911415 -0.911415 -1.962535 -1.962535 0.324801 0.282345 3.218880 0.943968
-1.034345 -1.034345 -1.423258 -1.423258 0.311245 0.287043 3.218880 0.955475
-0.980431 -0.980431 -1.166737 -1.166737 0.313306 0.249231 3.218880 0.950633
-0.979624 -0.979624 -1.421612 -1.421612 0.321925 0.276478 3.218880 0.945118
-1.020653 -1.020653 -1.075633 -1.075633 0.316244 0.289042 3.218880 0.959465
-1.001341 -1.001341 -1.009117 -1.009117 0.323723 0.275227 3.200982 0.945646
-1.042887 -1.042887 -1.606468 -1.606468 0.291612 0.240155 3.218880 0.946974
-0.987461 -0.987461 -1.165839 -1.165839 0.300773 0.240000 3.218880 0.951697
-0.966030 -0.966030 -1.472614 -1.472614 0.327048 0.295376 3.218345 0.949370
-1.081137 -1.081137 -1.054922 -1.054922 0.322953 0.294891 3.218880 0.952971
-0.957230 -0.957230 -3.615540 -3.615540 0.320125 0.283217 3.218880 0.940329
-1.004503 -1.004503 -2.249042 -2.249042 0.299374 0.246141 3.218880 0.942882
-0.919090 -0.919090 -1.546602 -1.546602 0.320134 0.255866 3.218880 0.939048
-1.020750 -1.020750 -1.433109 -1.433109 0.318293 0.296174 3.187588 0.955499
-0.936316 -0.936316 -1.422013 -1.422013 0.315687 0.247062 3.218880 0.944536
-0.950599 -0.950599 -1.349974 -1.349974 0.314672 0.253649 3.218880 0.948411
-0.952095 -0.952095 -1.260398 -1.260398 0.319989 0.265871 3.218880 0.948273
-0.949098 -0.949098 -1.303265 -1.303265 0.331901 0.267672 3.218880 0.937745
-0.905121 -0.905121 -2.626005 -2.626005 0.331194 0.278056 3.218880 0.938296
-1.015930 -1.015930 -1.276751 -1.276751 0.312542 0.282156 3.213732 0.952481
-0.962301 -0.962301 -2.256788 -2.256788 0.303310 0.244384 3.218880 0.943900
-0.988988 -0.988988 -1.253088 -1.253088 0.298072 0.240000 3.218880 0.951407
-0.989636 -0.989636 -1.610881 -1.610881 0.318163 0.302142 3.218570 0.947020
-0.976426 -0.976426 -1.493096 -1.493096 0.302830 0.240788 3.218880 0.943439
-0.960335 -0.960335 -1.459891 -1.459891 0.319937 0.271335 3.218880 0.952771
-1.037461 -1.037461 -0.916664 -0.916664 0.303863 0.243729 3.218880 0.952038
-1.002444 -1.002444 -0.806314 -0.806314 0.313547 0.246626 3.218880 0.956712
-0.983320 -0.983320 -1.095155 -1.095155 0.310735 0.245112 3.218880 0.954513
-0.958423 -0.958423 -1.826679 -1.826679 0.322344 0.299358 3.202309 0.947134
-0.960310 -0.960310 -1.648218 -1.648218 0.324358 0.285064 3.205564 0.943775
-1.031397 -1.031397 -1.260363 -1.260363 0.295343 0.240000 3.218880 0.947193
-0.985677 -0.985677 -1.640529 -1.640529 0.312689 0.259887 3.218880 0.941465
-0.932420 -0.932420 -2.253677 -2.253677 0.325099 0.286112 3.218880 0.946483
-0.973973 -0.973973 -1.190017 -1.190017 0.306887 0.244340 3.218880 0.948876
-0.991587 -0.991587 -1.732827 -1.732827 0.299002 0.241027 3.218880 0.951655
-0.973542 -0.973542 -1.165903 -1.165903 0.316024 0.264085 3.218880 0.942789
-0.965374 -0.965374 -1.626484 -1.626484 0.312067 0.261870 3.218880 0.945423
-1.026972 -1.026972 -1.311874 -1.311874 0.317519 0.293413 3.218880 0.953931
-1.036303 -1.036303 -1.350041 -1.350041 0.297019 0.240000 3.218880 0.951718
-0.973135 -0.973135 -1.481014 -1.481014 0.311797 0.252049 3.218880 0.957315
-0.944320 -0.944320 -1.221475 -1.221475 0.322796 0.267473 3.218880 0.955824
-0.918526 -0.918526 -2.178822 -2.178822 0.328695 0.291572 3.218880 0.945292
-0.862499 -0.862499 -2.257113 -2.257113 0.347162 0.296684 3.218880 0.945301
-0.956989 -0.956989 -2.050232 -2.050232 0.317387 0.271993 3.218861 0.945583
-0.980924 -0.980924 -1.537964 -1.537964 0.318052 0.278878 3.216773 0.940578
-1.014537 -1.014537 -0.852001 -0.852001 0.310497 0.242839 3.218880 0.941558
-1.036299 -1.036299 -1.276143 -1.276143 0.297224 0.240000 3.218880 0.942571
-0.977516 -0.977516 -0.911874 -0.911874 0.328542 0.255859 3.218880 0.939123
-0.989083 -0.989083 -1.835168 -1.835168 0.305264 0.243150 3.218880 0.941993
-0.982071 -0.982071 -2.419256 -2.419256 0.308198 0.293302 3.218880 0.952367
-0.955535 -0.955535 -1.466881 -1.466881 0.317332 0.265875 3.218880 0.950304
-0.942693 -0.942693 -1.683213 -1.683213 0.325789 0.276573 3.218880 0.945233
