-0.915365 -0.915365 -1.947634 -1.947634 0.314770 0.249519 3.218880 0.938758
-0.997682 -0.997682 -1.129011 -1.129011 0.304699 0.244142 3.218880 0.946727
-1.006739 -1.006739 -2.059756 -2.059756 0.305397 0.289409 3.218339 0.951485
-1.033517 -1.033517 -1.413317 -1.413317 0.310092 0.260329 3.218880 0.946399
-1.002849 -1.002849 -1.302212 -1.302212 0.299867 0.240000 3.218880 0.945069
-1.021724 -1.021724 -1.601322 -1.601322 0.301239 0.261179 3.218880 0.955849
-1.025688 -1.025688 -2.282644 -2.282644 0.303531 0.304058 3.204231 0.949292
-1.020758 -1.020758 -1.045336 -1.045336 0.306840 0.242772 3.218880 0.946600
-0.987516 -0.987516 -1.240716 -1.240716 0.299770 0.240000 3.218880 0.946664
-0.957155 -0.957155 -1.777028 -1.777028 0.331303 0.303335 3.217622 0.942592
-0.970097 -0.970097 -1.974815 -1.974815 0.313569 0.267265 3.218880 0.946503
-1.088043 -1.088043 -1.519761 -1.519761 0.300594 0.297502 3.203353 0.950054
-0.999673 -0.999673 -1.432850 -1.432850 0.318219 0.280534 3.218880 0.952544
-0.995932 -0.995932 -2.876799 -2.876799 0.308577 0.297128 3.218880 0.948925
-1.064934 -1.064934 -1.866553 -1.866553 0.278931 0.240000 3.218880 0.960734
-0.937167 -0.937167 -2.419735 -2.419735 0.325958 0.289981 3.218880 0.945939
-0.950111 -0.950111 -2.397376 -2.397376 0.328439 0.306031 3.184506 0.940826
-1.056682 -1.056682 -1.080450 -1.080450 0.292986 0.240000 3.218880 0.945057
-0.927772 -0.927772 -2.500473 -2.500473 0.318949 0.271424 3.218880 0.941104
-0.960839 -0.960839 -1.258602 -1.258602 0.313515 0.252333 3.218880 0.949821
-0.960377 -0.960377 -1.565362 -1.565362 0.308966 0.247022 3.218880 0.942039
-1.042526 -1.042526 -0.857884 -0.857884 0.310371 0.256562 3.218880 0.944857
-1.030368 -1.030368 -0.613473 -0.613473 0.307546 0.240000 3.218880 0.948956
-0.970950 -0.970950 -1.022722 -1.022722 0.326038 0.270549 3.218880 0.947782
-1.026561 -1.026561 -1.236993 -1.236993 0.317843 0.290520 3.218442 0.947249
-1.062717 -1.062717 -0.875419 -0.875419 0.299851 0.240000 3.218880 0.946833
-1.023630 -1.023630 -1.040650 -1.040650 0.318205 0.276350 3.218880 0.953311
-0.947683 -0.947683 -1.584104 -1.584104 0.316871 0.264559 3.218880 0.948941
-0.992297 -0.992297 -1.140008 -1.140008 0.316227 0.262013 3.218880 0.950049
-0.892524 -0.892524 -3.195478 -3.195478 0.319836 0.270770 3.218880 0.944712
-0.914000 -0.914000 -2.629049 -2.629049 0.330895 0.310508 3.218880 0.957147
-1.044586 -1.044586 -1.062416 -1.062416 0.313930 0.261235 3.218880 0.942146
-1.013138 -1.013138 -1.153085 -1.153085 0.318513 0.262043 3.218880 0.937606
-0.969326 -0.969326 -1.494369 -1.494369 0.332237 0.310944 3.207899 0.951358
-0.976135 -0.976135 -1.559578 -1.559578 0.319694 0.275310 3.218880 0.940221
-0.932033 -0.932033 -2.507838 -2.507838 0.321984 0.298173 3.213016 0.946415
-0.901495 -0.901495 -2.462102 -2.462102 0.335266 0.301070 3.213759 0.939922
-0.912470 -0.912470 -2.298515 -2.298515 0.326778 0.268384 3.218880 0.938719
-0.990261 -0.990261 -1.610339 -1.610339 0.321309 0.285732 3.218880 0.949734
-0.953640 -0.953640 -1.004834 -1.004834 0.326572 0.261125 3.218880 0.953392
-0.982215 -0.982215 -1.415390 -1.415390 0.327325 0.287625 3.217415 0.944423
-1.010383 -1.010383 -1.874229 -1.874229 0.312674 0.294928 3.218880 0.952943
-1.004342 -1.004342 -1.151339 -1.151339 0.295777 0.240000 3.218880 0.957037
-0.968545 -0.968545 -1.558912 -1.558912 0.303887 0.246850 3.218880 0.950053
-0.959380 -0.959380 -1.223826 -1.223826 0.322169 0.260287 3.218880 0.950326
-0.971594 -0.971594 -1.356792 -1.356792 0.303917 0.240000 3.218880 0.950682
-0.942906 -0.942906 -1.135924 -1.135924 0.324608 0.261956 3.218880 0.944499
-0.937241 -0.937241 -1.764479 -1.764479 0.325151 0.282248 3.218880 0.944736
-0.973540 -0.973540 -1.612499 -1.612499 0.324828 0.294625 3.218880 0.949595
-0.977250 -0.977250 -0.926601 -0.926601 0.301538 0.240000 3.218880 0.957372
-0.998265 -0.998265 -1.339882 -1.339882 0.316294 0.283430 3.218880 0.950122
-1.037821 -1.037821 -1.702262 -1.702262 0.300871 0.277734 3.218880 0.944784
-1.002863 -1.002863 -1.229595 -1.229595 0.314159 0.271115 3.218880 0.942259
-1.007544 -1.007544 -2.099846 -2.099846 0.314178 0.280041 3.218880 0.942163
-1.061719 -1.061719 -0.753770 -0.753770 0.299439 0.240000 3.218880 0.951210
-0.990767 -0.990767 -1.150651 -1.150651 0.332088 0.303392 3.179249 0.949831
-0.998339 -0.998339 -1.596584 -1.596584 0.319943 0.273331 3.218880 0.949337
-0.931542 -0.931542 -1.666384 -1.666384 0.331483 0.288735 3.218880 0.946002
-0.890875 -0.890875 -1.925317 -1.925317 0.337711 0.299458 3.218880 0.947154
-0.919963 -0.919963 -1.395708 -1.395708 0.338502 0.278463 3.218880 0.946202
-1.029114 -1.029114 -1.312960 -1.312960 0.311263 0.275643 3.218880 0.952863
-0.929784 -0.929784 -2.600587 -2.600587 0.332109 0.295574 3.218880 0.947692
-0.874934 -0.874934 -1.979861 -1.979861 0.341759 0.288811 3.218880 0.938508
-1.012083 -1.012083 -2.005205 -2.005205 0.306411 0.285354 3.218880 0.945447
-0.924404 -0.924404 -1.665093 -1.665093 0.336607 0.288226 3.218880 0.954335
-0.903900 -0.903900 -1.364269 -1.364269 0.321158 0.251142 3.218880 0.950757
-1.011159 -1.011159 -1.653197 -1.653197 0.300174 0.241476 3.218880 0.939410
-0.995925 -0.995925 -1.386201 -1.386201 0.322433 0.295789 3.218880 0.946651
-1.024076 -1.024076 -1.735984 -1.735984 0.312085 0.274297 3.218880 0.941478
-0.969857 -0.969857 -1.239089 -1.239089 0.331511 0.290390 3.218880 0.947239
-1.005286 -1.005286 -0.999756 -0.999756 0.311515 0.248938 3.218880 0.950837
-0.996032 -0.996032 -0.984813 -0.984813 0.321832 0.262071 3.218880 0.953423
-0.953415 -0.953415 -1.516828 -1.516828 0.321839 0.259247 3.218880 0.955033
-0.946684 -0.946684 -1.440731 -1.440731 0.316731 0.259038 3.218880 0.949111
-0.947096 -0.947096 -1.718233 -1.718233 0.326288 0.285841 3.218880 0.950544
-0.906285 -0.906285 -1.287833 -1.287833 0.327128 0.258988 3.218880 0.938660
-0.991929 -0.991929 -0.916493 -0.916493 0.309796 0.249262 3.218880 0.957521
-0.999948 -0.999948 -1.465588 -1.465588 0.315870 0.282171 3.218880 0.946161
-0.960413 -0.960413 -1.027707 -1.027707 0.322636 0.263306 3.218880 0.949536
-0.997347 -0.997347 -1.233679 -1.233679 0.308000 0.250882 3.205242 0.937765
-0.990709 -0.990709 -1.438627 -1.438627 0.320067 0.274657 3.218880 0.946820
-0.958867 -0.958867 -1.225617 -1.225617 0.319395 0.253585 3.218880 0.945123
-0.901008 -0.901008 -1.871698 -1.871698 0.332662 0.288686 3.210719 0.949399
-0.990918 -0.990918 -1.270650 -1.270650 0.318583 0.267747 3.218880 0.952639
-0.975109 -0.975109 -1.872850 -1.872850 0.296761 0.240326 3.218880 0.950275
-0.959341 -0.959341 -2.460623 -2.460623 0.318971 0.289864 3.218611 0.944123
-1.017950 -1.017950 -1.581729 -1.581729 0.315240 0.277153 3.218880 0.949458
-0.877866 -0.877866 -3.738219 -3.738219 0.332737 0.287820 3.218736 0.940603
-1.003179 -1.003179 -0.950874 -0.950874 0.301093 0.240000 3.218880 0.952726
-1.088337 -1.088337 -2.397913 -2.397913 0.292655 0.273292 3.218610 0.945945
-1.112935 -1.112935 -1.215283 -1.215283 0.300618 0.287069 3.218880 0.947516
-0.967579 -0.967579 -1.105620 -1.105620 0.305188 0.240000 3.218880 0.951905
-0.903093 -0.903093 -1.500550 -1.500550 0.335768 0.282744 3.218880 0.947615
-1.050068 -1.050068 -1.698018 -1.698018 0.287465 0.240068 3.218880 0.951700
-1.046872 -1.046872 -0.957329 -0.957329 0.298957 0.240000 3.218880 0.947591
-0.999667 -0.999667 -1.631300 -1.631300 0.307807 0.250041 3.218880 0.946071
-1.025546 -1.025546 -1.914393 -1.914393 0.291169 0.240000 3.218880 0.944755
-1.020215 -1.020215 -1.451816 -1.451816 0.320783 0.312887 3.208867 0.960608
-1.083811 -1.083811 -0.985667 -0.985667 0.304834 0.279028 3.218558 0.951391
-1.079665 -1.079665 -0.923923 -0.923923 0.288763 0.240000 3.218880 0.953060
-1.009002 -1.009002 -1.360520 -1.360520 0.309334 0.251432 3.218880 0.949764
-0.954426 -0.954426 -1.760260 -1.760260 0.311345 0.253654 3.218880 0.946188
-0.978876 -0.978876 -1.117361 -1.117361 0.312228 0.246485 3.218880 0.948134
-0.908512 -0.908512 -1.865426 -1.865426 0.324376 0.275436 3.218880 0.950514
-0.971548 -0.971548 -0.899041 -0.899041 0.330208 0.282493 3.191663 0.951774
-0.974912 -0.974912 -1.140270 -1.140270 0.302398 0.240000 3.218880 0.952192
-1.005743 -1.005743 -1.531014 -1.531014 0.297725 0.240000 3.218880 0.950098
-1.000529 -1.000529 -1.266698 -1.266698 0.309132 0.249739 3.218880 0.941078
-0.933480 -0.933480 -1.629380 -1.629380 0.307517 0.243110 3.218880 0.944447
-0.973599 -0.973599 -2.110646 -2.110646 0.312751 0.296039 3.218880 0.951830
-1.007001 -1.007001 -1.369770 -1.369770 0.302290 0.241206 3.218880 0.947458
-0.943231 -0.943231 -1.289695 -1.289695 0.328631 0.275421 3.202897 0.947341
-1.040639 -1.040639 -1.295906 -1.295906 0.303009 0.242229 3.218880 0.939226
-1.029202 -1.029202 -1.717216 -1.717216 0.312923 0.298756 3.210734 0.958566
-1.054288 -1.054288 -0.873416 -0.873416 0.310005 0.244607 3.218880 0.942365
-0.924592 -0.924592 -1.598432 -1.598432 0.321203 0.253677 3.218880 0.940320
-0.994542 -0.994542 -1.451278 -1.451278 0.304315 0.242049 3.218880 0.948666
-0.978841 -0.978841 -1.387608 -1.387608 0.311807 0.254277 3.218880 0.946786
-1.002652 -1.002652 -1.320722 -1.320722 0.318156 0.281536 3.218880 0.953202
-1.005508 -1.005508 -0.902294 -0.902294 0.315961 0.244069 3.218880 0.941368
-0.989878 -0.989878 -1.320174 -1.320174 0.319681 0.276690 3.218880 0.950138
-0.981064 -0.981064 -1.006776 -1.006776 0.326167 0.260444 3.218880 0.941315
-1.003890 -1.003890 -1.249389 -1.249389 0.321991 0.286714 3.218880 0.946759
-0.993396 -0.993396 -1.807147 -1.807147 0.307559 0.250819 3.218880 0.946253
-0.989351 -0.989351 -1.166683 -1.166683 0.301491 0.240694 3.218880 0.961857
-0.926202 -0.926202 -1.296431 -1.296431 0.320649 0.264250 3.218618 0.943363
-1.065616 -1.065616 -0.972056 -0.972056 0.302123 0.241220 3.218880 0.945679
-0.931840 -0.931840 -2.112917 -2.112917 0.311249 0.253380 3.218880 0.940240
-0.951760 -0.951760 -1.236735 -1.236735 0.311672 0.247016 3.218880 0.952291
-0.915887 -0.915887 -1.651730 -1.651730 0.309624 0.246155 3.218880 0.951792
-0.965042 -0.965042 -1.566551 -1.566551 0.325741 0.267732 3.218880 0.955322
-1.046658 -1.046658 -1.781062 -1.781062 0.303902 0.278803 3.218880 0.953659
