-0.988856 -0.988856 -1.417471 -1.417471 0.303183 0.241772 3.218880 0.946352
-1.038815 -1.038815 -1.352120 -1.352120 0.317936 0.294744 3.209433 0.948157
-1.003753 -1.003753 -1.459617 -1.459617 0.301224 0.254486 3.218880 0.957025
-0.915702 -0.915702 -1.336301 -1.336301 0.332623 0.282145 3.197165 0.953236
-0.995322 -0.995322 -1.947460 -1.947460 0.320188 0.295600 3.218880 0.953001
-0.995209 -0.995209 -1.358784 -1.358784 0.316705 0.286710 3.151771 0.938238
-0.977587 -0.977587 -1.506935 -1.506935 0.323000 0.290859 3.210992 0.947494
-0.951289 -0.951289 -1.118775 -1.118775 0.324711 0.264171 3.218819 0.945845
-0.934534 -0.934534 -2.062300 -2.062300 0.310475 0.249597 3.218880 0.949573
-0.981155 -0.981155 -2.521136 -2.521136 0.305967 0.269866 3.218880 0.948370
-0.978464 -0.978464 -1.588203 -1.588203 0.328423 0.284858 3.218880 0.948145
-0.892982 -0.892982 -1.800488 -1.800488 0.327520 0.271411 3.218880 0.945223
-0.987632 -0.987632 -1.808277 -1.808277 0.313167 0.275519 3.218880 0.949322
-0.931616 -0.931616 -1.270639 -1.270639 0.321268 0.251100 3.218880 0.944309
-0.932393 -0.932393 -1.400484 -1.400484 0.329980 0.279307 3.218880 0.946372
-1.026278 -1.026278 -1.269463 -1.269463 0.325013 0.286344 3.218880 0.941891
-0.964592 -0.964592 -1.210971 -1.210971 0.322465 0.258821 3.218880 0.949333
-0.954983 -0.954983 -1.500741 -1.500741 0.327240 0.269916 3.218880 0.938681
-0.928820 -0.928820 -1.686805 -1.686805 0.335855 0.295197 3.218880 0.942013
-0.973109 -0.973109 -1.200689 -1.200689 0.332891 0.288416 3.218880 0.949841
-1.032488 -1.032488 -2.025630 -2.025630 0.293217 0.240000 3.218880 0.947275
-0.991632 -0.991632 -1.953053 -1.953053 0.325629 0.311237 3.218880 0.948526
-0.987539 -0.987539 -1.118197 -1.118197 0.326674 0.272280 3.218880 0.945350
-1.007845 -1.007845 -0.868900 -0.868900 0.318779 0.252670 3.218880 0.946603
-0.931439 -0.931439 -1.873323 -1.873323 0.325541 0.283227 3.218880 0.951397
-1.031355 -1.031355 -0.751570 -0.751570 0.301163 0.240000 3.218880 0.956622
-0.989193 -0.989193 -0.918425 -0.918425 0.322135 0.274302 3.200261 0.954929
-1.009915 -1.009915 -0.891870 -0.891870 0.300692 0.240019 3.218880 0.958014
-0.996347 -0.996347 -1.250478 -1.250478 0.322298 0.296988 3.205853 0.943814
-0.985467 -0.985467 -1.218115 -1.218115 0.333351 0.295476 3.218880 0.947120
-0.951220 -0.951220 -1.609515 -1.609515 0.320642 0.258829 3.218880 0.940687
-0.976486 -0.976486 -1.612903 -1.612903 0.335145 0.315808 3.198209 0.943386
-0.979695 -0.979695 -1.624825 -1.624825 0.322713 0.284628 3.218880 0.949120
-1.013623 -1.013623 -1.574741 -1.574741 0.316061 0.280919 3.218880 0.955869
-1.006687 -1.006687 -1.096046 -1.096046 0.303842 0.241796 3.218880 0.943884
-1.016093 -1.016093 -1.318522 -1.318522 0.303105 0.240800 3.218880 0.944234
-0.973178 -0.973178 -1.069344 -1.069344 0.325655 0.270327 3.218880 0.942491
-1.012742 -1.012742 -1.328213 -1.328213 0.300350 0.240625 3.218880 0.945816
-1.007528 -1.007528 -1.401497 -1.401497 0.295627 0.240000 3.218880 0.950895
-0.998446 -0.998446 -1.380137 -1.380137 0.324245 0.313049 3.199308 0.950266
-1.057308 -1.057308 -1.725748 -1.725748 0.308027 0.301814 3.207542 0.948794
-1.118424 -1.118424 -1.019699 -1.019699 0.299038 0.285849 3.202673 0.953445
-1.057791 -1.057791 -0.876079 -0.876079 0.306983 0.254706 3.218880 0.956405
-1.037553 -1.037553 -0.927821 -0.927821 0.310400 0.252865 3.218880 0.946576
-0.959563 -0.959563 -1.226157 -1.226157 0.310326 0.247541 3.218880 0.949115
-0.959699 -0.959699 -1.753130 -1.753130 0.322714 0.265533 3.218880 0.953593
-0.967651 -0.967651 -1.650590 -1.650590 0.316057 0.255830 3.218880 0.949337
-1.011364 -1.011364 -1.050539 -1.050539 0.317668 0.259312 3.218880 0.950434
-1.006381 -1.006381 -1.507150 -1.507150 0.309921 0.256932 3.218880 0.955978
-1.042833 -1.042833 -1.497934 -1.497934 0.294128 0.241939 3.218880 0.952313
-1.042045 -1.042045 -1.848814 -1.848814 0.291118 0.240000 3.218880 0.944679
-1.007584 -1.007584 -1.617439 -1.617439 0.314639 0.280806 3.218880 0.949918
-0.990065 -0.990065 -1.204828 -1.204828 0.313420 0.248806 3.218880 0.944128
-0.984015 -0.984015 -1.798334 -1.798334 0.310783 0.288450 3.205649 0.947868
-0.898805 -0.898805 -1.263868 -1.263868 0.326120 0.258173 3.218880 0.950428
-0.885815 -0.885815 -1.466212 -1.466212 0.326607 0.258305 3.218880 0.946117
-0.914427 -0.914427 -2.505289 -2.505289 0.322106 0.282102 3.218880 0.944589
-0.948138 -0.948138 -1.849994 -1.849994 0.326060 0.299321 3.206636 0.949291
-0.936057 -0.936057 -1.401112 -1.401112 0.330613 0.279038 3.218880 0.945258
-0.965914 -0.965914 -1.924861 -1.924861 0.305443 0.258323 3.218880 0.955194
-1.018353 -1.018353 -0.976035 -0.976035 0.326771 0.279936 3.193612 0.943054
-1.001629 -1.001629 -2.945108 -2.945108 0.308480 0.271825 3.218880 0.951277
-1.031471 -1.031471 -1.253374 -1.253374 0.295688 0.240000 3.218880 0.950554
-1.050054 -1.050054 -0.891286 -0.891286 0.317555 0.266027 3.218880 0.956308
-0.997701 -0.997701 -1.415547 -1.415547 0.312507 0.280568 3.217027 0.956574
-0.984085 -0.984085 -1.638218 -1.638218 0.305258 0.249597 3.218880 0.949849
-1.079850 -1.079850 -2.338111 -2.338111 0.300565 0.315625 3.214577 0.954042
-1.059915 -1.059915 -0.802610 -0.802610 0.315264 0.266643 3.205134 0.949718
-0.971730 -0.971730 -1.266263 -1.266263 0.311391 0.254388 3.218880 0.952132
-0.949807 -0.949807 -1.980440 -1.980440 0.300283 0.240018 3.218880 0.949692
-0.985761 -0.985761 -2.161298 -2.161298 0.310564 0.299047 3.210203 0.946292
-0.960638 -0.960638 -1.929423 -1.929423 0.302745 0.242692 3.218880 0.947223
-0.971505 -0.971505 -1.864928 -1.864928 0.323219 0.286495 3.218880 0.947953
-0.955752 -0.955752 -2.278649 -2.278649 0.328453 0.307524 3.218880 0.955625
-0.971360 -0.971360 -1.247632 -1.247632 0.305254 0.240876 3.218880 0.948713
-0.957171 -0.957171 -1.317599 -1.317599 0.318507 0.264232 3.209015 0.956945
-0.967453 -0.967453 -2.106999 -2.106999 0.321412 0.293101 3.218880 0.951169
-0.953695 -0.953695 -1.165475 -1.165475 0.328079 0.275042 3.218880 0.952673
-0.966536 -0.966536 -1.163010 -1.163010 0.319876 0.250145 3.218880 0.943626
-1.024445 -1.024445 -0.984968 -0.984968 0.313361 0.250825 3.218880 0.945425
-1.037643 -1.037643 -0.695103 -0.695103 0.313221 0.255862 3.218880 0.953317
-0.953646 -0.953646 -1.844701 -1.844701 0.327607 0.305778 3.215532 0.948241
-0.985153 -0.985153 -1.073174 -1.073174 0.311586 0.243651 3.218880 0.947073
-0.977435 -0.977435 -1.699933 -1.699933 0.316743 0.275301 3.218880 0.946902
-1.013533 -1.013533 -1.461609 -1.461609 0.318110 0.276340 3.218880 0.944800
-0.992524 -0.992524 -0.970123 -0.970123 0.312222 0.249335 3.218880 0.950941
-0.965938 -0.965938 -1.562210 -1.562210 0.303457 0.240000 3.218880 0.943236
-1.028970 -1.028970 -1.900413 -1.900413 0.320282 0.310507 3.212272 0.950746
-0.974489 -0.974489 -1.603904 -1.603904 0.310852 0.278012 3.217162 0.946766
-0.995015 -0.995015 -0.959587 -0.959587 0.312391 0.247653 3.218880 0.955382
-1.055084 -1.055084 -1.133615 -1.133615 0.320499 0.301884 3.185862 0.956984
-0.963906 -0.963906 -1.788788 -1.788788 0.319901 0.259427 3.218880 0.936972
-0.967099 -0.967099 -1.863712 -1.863712 0.317330 0.294857 3.203446 0.941249
-1.009005 -1.009005 -1.190618 -1.190618 0.317892 0.278968 3.218880 0.950030
-0.986355 -0.986355 -1.216342 -1.216342 0.310775 0.249624 3.218880 0.947786
-1.018703 -1.018703 -0.837273 -0.837273 0.305517 0.240000 3.218880 0.951886
-0.969529 -0.969529 -1.413316 -1.413316 0.327446 0.285901 3.218870 0.942321
-0.965391 -0.965391 -1.325283 -1.325283 0.334528 0.302760 3.209326 0.945148
-0.943580 -0.943580 -1.178311 -1.178311 0.315954 0.247045 3.218880 0.945642
-1.016276 -1.016276 -1.188739 -1.188739 0.296814 0.240000 3.218880 0.949191
-0.996420 -0.996420 -1.568528 -1.568528 0.313470 0.287656 3.218880 0.953160
-0.948716 -0.948716 -1.641833 -1.641833 0.310338 0.249352 3.218880 0.949667
-0.991758 -0.991758 -1.297424 -1.297424 0.314394 0.275984 3.213800 0.950053
-1.000401 -1.000401 -1.764538 -1.764538 0.313163 0.286527 3.218880 0.955726
-0.963947 -0.963947 -1.533144 -1.533144 0.322820 0.281802 3.218880 0.952957
-0.987135 -0.987135 -1.349906 -1.349906 0.323309 0.288900 3.218880 0.945584
-1.027831 -1.027831 -1.649525 -1.649525 0.298777 0.240614 3.218880 0.940904
-1.008816 -1.008816 -1.207926 -1.207926 0.316936 0.259035 3.218880 0.947041
-1.008013 -1.008013 -1.197278 -1.197278 0.324409 0.296618 3.190377 0.958142
-1.011306 -1.011306 -0.844031 -0.844031 0.303133 0.240000 3.218880 0.954386
-1.015191 -1.015191 -1.446761 -1.446761 0.317952 0.297296 3.201029 0.950597
-0.988637 -0.988637 -1.035571 -1.035571 0.327729 0.283526 3.218880 0.949954
-0.933903 -0.933903 -1.659448 -1.659448 0.319956 0.272315 3.218880 0.947714
-1.004048 -1.004048 -1.242037 -1.242037 0.320418 0.291604 3.218880 0.951172
-1.001019 -1.001019 -1.387845 -1.387845 0.298144 0.240000 3.218880 0.951975
-1.000737 -1.000737 -1.290556 -1.290556 0.312248 0.255690 3.218880 0.946149
-0.969876 -0.969876 -1.387491 -1.387491 0.309998 0.250837 3.218880 0.947556
-0.959012 -0.959012 -1.750468 -1.750468 0.314180 0.253263 3.218880 0.943344
-1.010887 -1.010887 -2.309561 -2.309561 0.309346 0.295074 3.218880 0.954735
-0.999402 -0.999402 -0.766452 -0.766452 0.320556 0.254929 3.218880 0.954272
-1.005702 -1.005702 -1.531408 -1.531408 0.321638 0.285398 3.218812 0.939563
-1.032297 -1.032297 -1.534857 -1.534857 0.312652 0.277371 3.218880 0.945245
-0.964104 -0.964104 -2.666976 -2.666976 0.297705 0.241984 3.218880 0.943800
-1.049434 -1.049434 -0.959647 -0.959647 0.301381 0.240054 3.218880 0.947969
-1.025216 -1.025216 -2.836482 -2.836482 0.307459 0.297075 3.218880 0.945272
-1.010381 -1.010381 -1.317017 -1.317017 0.322160 0.282485 3.218880 0.949130
-0.968109 -0.968109 -2.294605 -2.294605 0.323119 0.329506 3.201773 0.953002
-1.023928 -1.023928 -1.621293 -1.621293 0.318530 0.275578 3.218604 0.944315
-1.031409 -1.031409 -1.426904 -1.426904 0.317519 0.289525 3.218880 0.948867
-1.052979 -1.052979 -1.240914 -1.240914 0.300187 0.240000 3.218880 0.945712
-0.929945 -0.929945 -1.011564 -1.011564 0.332109 0.270396 3.218854 0.944744
-1.006419 -1.006419 -1.031023 -1.031023 0.305473 0.242707 3.218880 0.950279
