-0.986046 -0.986046 -2.032271 -2.032271 0.314666 0.292788 3.217699 0.951597
-0.968404 -0.968404 -1.035520 -1.035520 0.314826 0.247695 3.218880 0.950321
-0.950194 -0.950194 -1.773288 -1.773288 0.329728 0.290676 3.218880 0.940796
-0.976586 -0.976586 -2.323503 -2.323503 0.298110 0.244869 3.218880 0.944641
-1.006568 -1.006568 -2.123375 -2.123375 0.303459 0.280432 3.218880 0.946725
-0.998136 -0.998136 -1.171535 -1.171535 0.311879 0.259778 3.218880 0.948311
-0.977605 -0.977605 -2.035990 -2.035990 0.333060 0.320816 3.218880 0.950651
-0.976244 -0.976244 -1.160117 -1.160117 0.335752 0.302293 3.209074 0.948798
-0.974173 -0.974173 -1.752375 -1.752375 0.307568 0.245224 3.218880 0.937901
-0.979119 -0.979119 -1.136563 -1.136563 0.329130 0.296775 3.153403 0.941620
-1.011085 -1.011085 -1.008037 -1.008037 0.301797 0.240569 3.218880 0.946790
-0.969440 -0.969440 -1.786884 -1.786884 0.316144 0.264062 3.218880 0.947784
-1.009779 -1.009779 -1.355033 -1.355033 0.304333 0.242371 3.218880 0.944451
-0.999419 -0.999419 -1.359069 -1.359069 0.318883 0.297964 3.212449 0.955632
-0.995714 -0.995714 -1.384541 -1.384541 0.320802 0.288638 3.196986 0.955695
-1.023156 -1.023156 -1.366663 -1.366663 0.291451 0.240000 3.218880 0.951609
-1.011534 -1.011534 -1.132703 -1.132703 0.296956 0.240000 3.218880 0.948599
-1.012562 -1.012562 -1.318612 -1.318612 0.320225 0.284464 3.218880 0.948432
-1.030409 -1.030409 -1.023558 -1.023558 0.313977 0.254804 3.218880 0.946302
-1.056261 -1.056261 -1.058197 -1.058197 0.302293 0.240000 3.218880 0.942944
-1.035423 -1.035423 -1.563198 -1.563198 0.310893 0.297564 3.218880 0.944564
-1.009913 -1.009913 -1.268184 -1.268184 0.323617 0.286586 3.218839 0.948008
-1.059642 -1.059642 -1.294343 -1.294343 0.319107 0.297421 3.188599 0.943148
-0.935164 -0.935164 -1.582648 -1.582648 0.318436 0.261266 3.218880 0.948304
-0.989985 -0.989985 -1.486951 -1.486951 0.326020 0.296753 3.218880 0.950619
-1.035223 -1.035223 -1.136306 -1.136306 0.324080 0.297898 3.192468 0.946908
-0.887661 -0.887661 -3.525427 -3.525427 0.327876 0.297671 3.218880 0.950547
-0.998077 -0.998077 -0.979776 -0.979776 0.312297 0.246504 3.218880 0.945464
-1.054947 -1.054947 -0.948793 -0.948793 0.298917 0.240029 3.218880 0.949028
-1.034148 -1.034148 -1.018083 -1.018083 0.296770 0.240000 3.218880 0.949717
-0.986031 -0.986031 -1.435873 -1.435873 0.320936 0.271710 3.218880 0.948297
-0.977586 -0.977586 -1.516002 -1.516002 0.327448 0.289052 3.218825 0.951641
-0.976373 -0.976373 -1.897453 -1.897453 0.311498 0.254702 3.218880 0.943402
-0.939178 -0.939178 -1.887759 -1.887759 0.313958 0.252107 3.218880 0.949936
-0.971934 -0.971934 -2.084863 -2.084863 0.318873 0.290064 3.218880 0.946835
-0.960290 -0.960290 -1.757575 -1.757575 0.321068 0.282554 3.218880 0.950395
-1.008039 -1.008039 -1.105770 -1.105770 0.325139 0.300507 3.181382 0.957944
-0.954546 -0.954546 -1.551008 -1.551008 0.319636 0.256791 3.218880 0.953428
-0.949025 -0.949025 -1.475121 -1.475121 0.322359 0.270656 3.218880 0.945819
-0.967362 -0.967362 -1.970052 -1.970052 0.302780 0.241440 3.218880 0.942729
-0.978729 -0.978729 -1.801582 -1.801582 0.317884 0.281193 3.218483 0.953658
-0.999597 -0.999597 -2.263684 -2.263684 0.315745 0.313320 3.197793 0.950276
-0.964357 -0.964357 -1.617903 -1.617903 0.313601 0.266229 3.218880 0.950614
-0.951880 -0.951880 -1.451829 -1.451829 0.306945 0.246755 3.218880 0.945714
-0.950104 -0.950104 -0.977784 -0.977784 0.313297 0.243040 3.218880 0.948217
-1.028706 -1.028706 -1.856924 -1.856924 0.304451 0.260668 3.218880 0.941431
-1.020635 -1.020635 -0.914261 -0.914261 0.295700 0.240000 3.218880 0.957671
-0.977430 -0.977430 -1.509377 -1.509377 0.295184 0.240000 3.218880 0.952745
-0.941323 -0.941323 -1.894247 -1.894247 0.318963 0.277971 3.218880 0.954696
-0.926135 -0.926135 -2.023505 -2.023505 0.308250 0.245009 3.218880 0.942588
-0.997581 -0.997581 -1.287461 -1.287461 0.319545 0.291472 3.182171 0.954717
-1.049721 -1.049721 -0.966629 -0.966629 0.317663 0.298048 3.188989 0.953274
-0.944956 -0.944956 -0.919816 -0.919816 0.313112 0.241374 3.218880 0.948791
-0.934235 -0.934235 -1.324307 -1.324307 0.316581 0.249255 3.218880 0.951314
-0.914406 -0.914406 -1.343558 -1.343558 0.332743 0.277696 3.218880 0.949279
-1.013856 -1.013856 -1.573203 -1.573203 0.318190 0.304278 3.218016 0.952722
-1.018542 -1.018542 -2.212857 -2.212857 0.301382 0.261359 3.218880 0.943302
-0.965940 -0.965940 -1.823264 -1.823264 0.318178 0.266150 3.218880 0.947798
-0.980767 -0.980767 -1.726529 -1.726529 0.309051 0.252103 3.218880 0.944140
-0.888038 -0.888038 -1.458731 -1.458731 0.326636 0.256554 3.218880 0.948679
-0.902112 -0.902112 -1.751657 -1.751657 0.321417 0.263682 3.218880 0.942897
-0.993162 -0.993162 -1.486534 -1.486534 0.320306 0.290058 3.195671 0.942766
-0.947332 -0.947332 -1.837894 -1.837894 0.328032 0.280330 3.218880 0.945443
-0.908020 -0.908020 -2.208935 -2.208935 0.337987 0.303514 3.218880 0.943803
-0.954024 -0.954024 -1.742010 -1.742010 0.318256 0.287920 3.218136 0.952293
-1.043278 -1.043278 -1.256941 -1.256941 0.311852 0.282961 3.216766 0.958578
-0.998490 -0.998490 -1.093594 -1.093594 0.314847 0.262988 3.218880 0.952927
-1.002914 -1.002914 -1.493478 -1.493478 0.297894 0.241936 3.218880 0.941945
-0.920064 -0.920064 -1.492565 -1.492565 0.320905 0.270108 3.214321 0.951370
-1.014372 -1.014372 -1.408663 -1.408663 0.305123 0.288356 3.213637 0.955242
-0.953017 -0.953017 -1.527094 -1.527094 0.332475 0.291599 3.217641 0.952393
-0.916490 -0.916490 -1.845381 -1.845381 0.319496 0.251719 3.218880 0.932286
-0.987583 -0.987583 -1.171411 -1.171411 0.324212 0.272038 3.218880 0.950721
-1.009408 -1.009408 -0.998358 -0.998358 0.302817 0.240000 3.218880 0.952189
-1.000260 -1.000260 -1.230242 -1.230242 0.304425 0.241244 3.218880 0.943257
-0.960354 -0.960354 -3.298371 -3.298371 0.318505 0.307566 3.218880 0.940283
-0.976932 -0.976932 -2.309233 -2.309233 0.314034 0.274786 3.218880 0.933414
-1.002010 -1.002010 -1.819713 -1.819713 0.293416 0.240000 3.218880 0.945212
-0.991059 -0.991059 -2.276974 -2.276974 0.307947 0.302914 3.218880 0.955418
-1.008471 -1.008471 -1.109060 -1.109060 0.317635 0.268695 3.218828 0.950729
-0.988326 -0.988326 -1.031480 -1.031480 0.305268 0.240000 3.218880 0.948144
-1.029655 -1.029655 -0.975311 -0.975311 0.318295 0.296445 3.189293 0.952027
-1.054371 -1.054371 -1.156678 -1.156678 0.295550 0.240000 3.218880 0.946981
-0.950183 -0.950183 -1.655401 -1.655401 0.328947 0.296024 3.218880 0.953720
-0.986636 -0.986636 -1.835738 -1.835738 0.321981 0.299519 3.218880 0.952587
-1.013240 -1.013240 -1.259174 -1.259174 0.319250 0.288466 3.205026 0.950624
-0.968225 -0.968225 -1.097792 -1.097792 0.318353 0.258374 3.218880 0.946896
-0.934811 -0.934811 -1.521448 -1.521448 0.334597 0.279479 3.218880 0.935739
-0.958566 -0.958566 -2.181458 -2.181458 0.315348 0.289893 3.218880 0.951886
-0.977022 -0.977022 -4.104269 -4.104269 0.320252 0.316916 3.218880 0.952140
-0.926736 -0.926736 -3.699867 -3.699867 0.321262 0.299737 3.211108 0.934056
-1.015946 -1.015946 -2.045650 -2.045650 0.313462 0.311006 3.218880 0.946294
-1.016321 -1.016321 -0.738388 -0.738388 0.318192 0.249524 3.218880 0.948296
-0.955193 -0.955193 -1.488482 -1.488482 0.301963 0.249536 3.218880 0.947245
-0.936542 -0.936542 -1.671676 -1.671676 0.320781 0.272101 3.218880 0.950989
-1.047472 -1.047472 -1.367388 -1.367388 0.313563 0.275524 3.218880 0.951072
-1.005091 -1.005091 -1.186972 -1.186972 0.313590 0.252731 3.218880 0.945961
-1.074973 -1.074973 -1.126914 -1.126914 0.296502 0.240000 3.218880 0.948066
-0.990432 -0.990432 -1.591434 -1.591434 0.316927 0.298439 3.218880 0.955702
-0.931249 -0.931249 -1.530594 -1.530594 0.321204 0.265907 3.218880 0.957276
-0.997645 -0.997645 -1.652350 -1.652350 0.295683 0.240000 3.218880 0.943733
-1.025171 -1.025171 -1.390515 -1.390515 0.311105 0.258628 3.218880 0.944967
-1.011136 -1.011136 -1.648237 -1.648237 0.305691 0.292786 3.218880 0.957078
-0.921752 -0.921752 -1.104483 -1.104483 0.328623 0.264781 3.217234 0.950116
-0.961245 -0.961245 -0.950921 -0.950921 0.310718 0.240070 3.218880 0.953332
-1.023093 -1.023093 -1.421179 -1.421179 0.308808 0.280527 3.210041 0.956634
-0.944025 -0.944025 -1.204229 -1.204229 0.334243 0.277600 3.218880 0.950458
-1.006123 -1.006123 -1.737507 -1.737507 0.320873 0.300971 3.218880 0.948597
-1.032285 -1.032285 -1.360394 -1.360394 0.297289 0.240000 3.218880 0.945427
-0.997123 -0.997123 -1.152179 -1.152179 0.304089 0.240134 3.218880 0.952014
-1.029515 -1.029515 -1.360765 -1.360765 0.299737 0.243219 3.218880 0.950609
-1.019814 -1.019814 -1.008358 -1.008358 0.315774 0.274162 3.218880 0.948778
-0.986769 -0.986769 -0.917617 -0.917617 0.328365 0.301100 3.198608 0.951933
-0.975768 -0.975768 -1.198418 -1.198418 0.315726 0.258948 3.218880 0.948190
-0.928952 -0.928952 -1.750673 -1.750673 0.330886 0.285681 3.218880 0.947735
-0.873560 -0.873560 -1.769584 -1.769584 0.328872 0.256920 3.218880 0.942677
-0.992204 -0.992204 -1.499573 -1.499573 0.311169 0.250253 3.218880 0.942138
-0.955557 -0.955557 -1.854101 -1.854101 0.324930 0.289612 3.218880 0.948885
-0.971213 -0.971213 -1.554089 -1.554089 0.314966 0.270162 3.218811 0.960017
-1.010887 -1.010887 -1.986581 -1.986581 0.319961 0.299758 3.207409 0.948995
-0.993311 -0.993311 -2.070283 -2.070283 0.315258 0.297522 3.218880 0.944579
-0.878971 -0.878971 -1.591936 -1.591936 0.333481 0.264103 3.218880 0.945749
-0.886285 -0.886285 -2.149607 -2.149607 0.333818 0.289973 3.218880 0.941735
-0.922107 -0.922107 -3.499770 -3.499770 0.303690 0.247666 3.218880 0.942682
-1.062879 -1.062879 -0.974667 -0.974667 0.310927 0.274212 3.217520 0.951535
-0.954273 -0.954273 -0.853173 -0.853173 0.319980 0.252077 3.218880 0.956323
-0.974634 -0.974634 -1.738603 -1.738603 0.314126 0.272065 3.218880 0.956284
-0.989702 -0.989702 -1.729395 -1.729395 0.299674 0.244078 3.218880 0.949173
-0.968452 -0.968452 -1.757802 -1.757802 0.297728 0.240006 3.218880 0.944110
-1.034356 -1.034356 -1.268639 -1.268639 0.297600 0.240000 3.218880 0.950975
-1.011878 -1.011878 -1.466562 -1.466562 0.308014 0.267954 3.218880 0.955852
-1.036115 -1.036115 -1.466507 -1.466507 0.295287 0.240000 3.218880 0.947431
