-1.000363 -1.000363 -2.083394 -2.083394 0.302352 0.251759 3.218880 0.944433
-1.032601 -1.032601 -0.728861 -0.728861 0.311076 0.249362 3.218880 0.961541
-0.987487 -0.987487 -1.359068 -1.359068 0.315647 0.264449 3.218702 0.945920
-0.952276 -0.952276 -1.605715 -1.605715 0.321519 0.272753 3.212388 0.945112
-1.001719 -1.001719 -1.280014 -1.280014 0.327772 0.283639 3.218880 0.940441
-1.025110 -1.025110 -1.419388 -1.419388 0.320912 0.297059 3.218880 0.942425
-0.975548 -0.975548 -1.466259 -1.466259 0.323886 0.285477 3.218880 0.937130
-1.003961 -1.003961 -1.061136 -1.061136 0.312908 0.250625 3.218880 0.942065
-1.001569 -1.001569 -0.957037 -0.957037 0.317744 0.270591 3.182601 0.949671
-0.907486 -0.907486 -1.478528 -1.478528 0.314468 0.246972 3.218880 0.948294
-0.994422 -0.994422 -3.012333 -3.012333 0.315868 0.314287 3.209147 0.951417
-1.014032 -1.014032 -1.389166 -1.389166 0.324191 0.292656 3.217339 0.953765
-1.025469 -1.025469 -1.626851 -1.626851 0.312823 0.301306 3.206909 0.945322
-1.038079 -1.038079 -0.771598 -0.771598 0.313101 0.251731 3.218880 0.952429
-1.012799 -1.012799 -0.994325 -0.994325 0.301887 0.242470 3.218880 0.954668
-1.007360 -1.007360 -1.147327 -1.147327 0.314732 0.268171 3.217685 0.948513
-0.979767 -0.979767 -2.193929 -2.193929 0.319437 0.292429 3.218880 0.944102
-1.052874 -1.052874 -0.940475 -0.940475 0.309176 0.271355 3.218880 0.958017
-1.014334 -1.014334 -1.112268 -1.112268 0.304580 0.242661 3.218880 0.944710
-1.075258 -1.075258 -1.195829 -1.195829 0.294908 0.240000 3.218880 0.948695
-0.942875 -0.942875 -1.816057 -1.816057 0.307345 0.245605 3.218880 0.946039
-0.945089 -0.945089 -1.986745 -1.986745 0.308834 0.248902 3.218880 0.948090
-1.003564 -1.003564 -1.561621 -1.561621 0.316734 0.277856 3.218880 0.953566
-1.033739 -1.033739 -1.117124 -1.117124 0.321249 0.281463 3.218880 0.947560
-0.996641 -0.996641 -1.411305 -1.411305 0.301331 0.240000 3.218880 0.944168
-0.921139 -0.921139 -1.617110 -1.617110 0.332493 0.270836 3.218880 0.942968
-0.920500 -0.920500 -1.937452 -1.937452 0.331569 0.300866 3.199580 0.949010
-1.001723 -1.001723 -1.544682 -1.544682 0.320215 0.292243 3.218880 0.950198
-0.969948 -0.969948 -1.637342 -1.637342 0.302087 0.240773 3.218880 0.949314
-0.995131 -0.995131 -1.864337 -1.864337 0.313435 0.281113 3.218880 0.952835
-0.928113 -0.928113 -2.560539 -2.560539 0.341142 0.317027 3.217100 0.944309
-0.945435 -0.945435 -1.784996 -1.784996 0.301963 0.242881 3.218876 0.945236
-1.013114 -1.013114 -1.386521 -1.386521 0.294422 0.240000 3.218880 0.952763
-1.013474 -1.013474 -0.929476 -0.929476 0.318228 0.265916 3.216800 0.954453
-1.023905 -1.023905 -1.879773 -1.879773 0.305832 0.286773 3.207025 0.943998
-0.979266 -0.979266 -1.332007 -1.332007 0.329671 0.268405 3.218880 0.938103
-0.993933 -0.993933 -1.497819 -1.497819 0.332221 0.316895 3.209840 0.952093
-1.023068 -1.023068 -1.297806 -1.297806 0.307444 0.266919 3.218880 0.955166
-0.961122 -0.961122 -1.467552 -1.467552 0.322856 0.279042 3.218880 0.947974
-1.054435 -1.054435 -0.651830 -0.651830 0.316939 0.250684 3.218880 0.942701
-1.032714 -1.032714 -1.243530 -1.243530 0.299927 0.240000 3.218880 0.945047
-1.040986 -1.040986 -1.187514 -1.187514 0.313350 0.261820 3.218880 0.947339
-0.978787 -0.978787 -1.775462 -1.775462 0.318656 0.304047 3.218880 0.950510
-1.018617 -1.018617 -1.993977 -1.993977 0.307377 0.285731 3.218880 0.949387
-1.010753 -1.010753 -1.155200 -1.155200 0.299573 0.240000 3.218880 0.948386
-0.996687 -0.996687 -1.105676 -1.105676 0.307624 0.241348 3.218880 0.951748
-1.015245 -1.015245 -1.098332 -1.098332 0.298101 0.240000 3.218880 0.947230
-1.049247 -1.049247 -1.046556 -1.046556 0.291390 0.240000 3.218880 0.952750
-0.972940 -0.972940 -3.622589 -3.622589 0.312594 0.310463 3.218880 0.955080
-0.975993 -0.975993 -3.484854 -3.484854 0.321684 0.313677 3.212792 0.952967
-0.959826 -0.959826 -4.896300 -4.896300 0.323785 0.324989 3.204480 0.960047
-0.912912 -0.912912 -4.165233 -4.165233 0.324728 0.293280 3.191494 0.935166
-0.937601 -0.937601 -4.671556 -4.671556 0.329073 0.336104 3.215318 0.947006
-0.983534 -0.983534 -3.385785 -3.385785 0.315474 0.301277 3.218692 0.944635
-0.957285 -0.957285 -1.918747 -1.918747 0.323130 0.291718 3.218880 0.943024
-1.004507 -1.004507 -1.043948 -1.043948 0.310089 0.246087 3.218880 0.943992
-0.936090 -0.936090 -1.565286 -1.565286 0.325852 0.302840 3.209315 0.947337
-0.980854 -0.980854 -1.349258 -1.349258 0.311767 0.260394 3.218880 0.945817
-0.971265 -0.971265 -1.438140 -1.438140 0.312307 0.258069 3.218880 0.943045
-0.936945 -0.936945 -1.958899 -1.958899 0.317995 0.261354 3.218880 0.945176
-0.874112 -0.874112 -2.175408 -2.175408 0.337915 0.294313 3.218880 0.945336
-0.922567 -0.922567 -1.310859 -1.310859 0.322152 0.258665 3.218880 0.950972
-0.978005 -0.978005 -1.180622 -1.180622 0.324519 0.287601 3.210286 0.958706
-1.021765 -1.021765 -0.824167 -0.824167 0.323438 0.276084 3.218880 0.951862
-0.999107 -0.999107 -1.332811 -1.332811 0.331558 0.297308 3.218880 0.947904
-0.952906 -0.952906 -1.290688 -1.290688 0.305319 0.240695 3.218880 0.949171
-0.943395 -0.943395 -1.545379 -1.545379 0.317212 0.252442 3.218880 0.943490
-1.042921 -1.042921 -0.894001 -0.894001 0.298738 0.240000 3.218880 0.945921
-1.027731 -1.027731 -2.169254 -2.169254 0.306066 0.289041 3.218880 0.947344
-0.966534 -0.966534 -1.431560 -1.431560 0.334389 0.291315 3.218880 0.943078
-1.005620 -1.005620 -1.274173 -1.274173 0.296548 0.240000 3.218880 0.946370
-0.966355 -0.966355 -1.614549 -1.614549 0.319699 0.275597 3.218880 0.949725
-0.965727 -0.965727 -2.292119 -2.292119 0.328066 0.311789 3.196064 0.950302
-0.952321 -0.952321 -2.071424 -2.071424 0.314455 0.274055 3.218880 0.951318
-0.965128 -0.965128 -3.600479 -3.600479 0.316382 0.302982 3.218880 0.952180
-1.043628 -1.043628 -2.865047 -2.865047 0.306145 0.304310 3.194922 0.952161
-1.029370 -1.029370 -2.392574 -2.392574 0.313614 0.289855 3.218880 0.949551
-0.968529 -0.968529 -1.624493 -1.624493 0.322553 0.287114 3.218880 0.952983
-0.945931 -0.945931 -1.594015 -1.594015 0.322198 0.257027 3.218880 0.935355
-0.912290 -0.912290 -1.394267 -1.394267 0.321777 0.251576 3.218880 0.946845
-0.942101 -0.942101 -1.556628 -1.556628 0.323804 0.261421 3.218880 0.951028
-0.997345 -0.997345 -1.054706 -1.054706 0.305811 0.240493 3.218880 0.945563
-1.002496 -1.002496 -1.732439 -1.732439 0.316686 0.286672 3.218880 0.944787
-1.071627 -1.071627 -0.682204 -0.682204 0.302883 0.240000 3.218880 0.949320
-1.040826 -1.040826 -0.893820 -0.893820 0.326291 0.291491 3.181679 0.947262
-1.050733 -1.050733 -0.946406 -0.946406 0.314635 0.284959 3.187306 0.949820
-0.967511 -0.967511 -1.337354 -1.337354 0.323234 0.275822 3.218880 0.944679
-0.950340 -0.950340 -1.650573 -1.650573 0.301625 0.240000 3.218880 0.952459
-0.898736 -0.898736 -1.545182 -1.545182 0.318556 0.248649 3.218880 0.938025
-0.928159 -0.928159 -1.439934 -1.439934 0.316053 0.251917 3.218872 0.951593
-0.917368 -0.917368 -1.638031 -1.638031 0.324601 0.282659 3.211439 0.946897
-0.964051 -0.964051 -2.460162 -2.460162 0.325926 0.306527 3.218880 0.939396
-1.000887 -1.000887 -2.065268 -2.065268 0.317522 0.291030 3.218880 0.946818
-0.939490 -0.939490 -2.125923 -2.125923 0.328985 0.295295 3.218880 0.953198
-1.081603 -1.081603 -1.254861 -1.254861 0.303454 0.282189 3.218880 0.953296
-1.010179 -1.010179 -0.927457 -0.927457 0.313798 0.246548 3.218880 0.949413
-0.968888 -0.968888 -2.192616 -2.192616 0.312008 0.259357 3.218880 0.935737
-0.961932 -0.961932 -0.950643 -0.950643 0.320754 0.255515 3.218880 0.948338
-1.074155 -1.074155 -0.711001 -0.711001 0.306620 0.251805 3.218880 0.956279
-0.963875 -0.963875 -1.208750 -1.208750 0.304959 0.240000 3.218880 0.950214
-0.971446 -0.971446 -1.112767 -1.112767 0.323570 0.270835 3.217140 0.947999
-0.959561 -0.959561 -1.679145 -1.679145 0.323426 0.274741 3.218880 0.950109
-0.942612 -0.942612 -1.330247 -1.330247 0.307329 0.242028 3.218880 0.943536
-1.009138 -1.009138 -1.050237 -1.050237 0.306049 0.253176 3.218880 0.951250
-0.989480 -0.989480 -0.971945 -0.971945 0.305079 0.240537 3.218880 0.954001
-0.981404 -0.981404 -1.148346 -1.148346 0.315222 0.258532 3.218880 0.941468
-0.916852 -0.916852 -1.599833 -1.599833 0.333904 0.278291 3.216357 0.941354
-0.993915 -0.993915 -2.013771 -2.013771 0.310326 0.272010 3.218880 0.950120
-0.993930 -0.993930 -1.743685 -1.743685 0.300025 0.243700 3.218880 0.943359
-0.973613 -0.973613 -1.809232 -1.809232 0.309208 0.250484 3.218880 0.941980
-0.970844 -0.970844 -1.034187 -1.034187 0.309509 0.242335 3.218880 0.946829
-0.993872 -0.993872 -0.956793 -0.956793 0.313541 0.245852 3.218880 0.949892
-1.002889 -1.002889 -1.080854 -1.080854 0.306920 0.253840 3.218880 0.952830
-1.010100 -1.010100 -1.182295 -1.182295 0.311852 0.263583 3.218778 0.941630
-0.986634 -0.986634 -1.084122 -1.084122 0.317809 0.260900 3.218880 0.951788
-1.019834 -1.019834 -1.870502 -1.870502 0.314402 0.292443 3.218880 0.951713
-0.946874 -0.946874 -1.507010 -1.507010 0.316130 0.258194 3.218880 0.943918
-0.956798 -0.956798 -1.434891 -1.434891 0.306483 0.242584 3.218880 0.942998
-1.000351 -1.000351 -1.363083 -1.363083 0.309983 0.251480 3.218880 0.945015
-0.942238 -0.942238 -1.543959 -1.543959 0.311217 0.246632 3.218880 0.948632
-1.004729 -1.004729 -1.214368 -1.214368 0.307672 0.243285 3.218880 0.939324
-1.008717 -1.008717 -1.198616 -1.198616 0.318677 0.287219 3.212774 0.951659
-1.011308 -1.011308 -1.077474 -1.077474 0.311725 0.251447 3.218880 0.950944
-1.049674 -1.049674 -0.893814 -0.893814 0.318925 0.289624 3.187218 0.951631
-1.037997 -1.037997 -1.128547 -1.128547 0.297442 0.240000 3.218880 0.946234
-1.019103 -1.019103 -1.526431 -1.526431 0.319138 0.284872 3.214555 0.954310
-1.051494 -1.051494 -0.809931 -0.809931 0.298685 0.240000 3.218880 0.953541
-0.918682 -0.918682 -1.904988 -1.904988 0.331179 0.278407 3.218880 0.949684
-0.989362 -0.989362 -2.475223 -2.475223 0.312123 0.284252 3.218880 0.949667
-0.904602 -0.904602 -2.919387 -2.919387 0.331341 0.301587 3.218880 0.951545
-0.958512 -0.958512 -1.829447 -1.829447 0.297502 0.240000 3.218880 0.946541
-1.028231 -1.028231 -1.363585 -1.363585 0.298789 0.240000 3.218880 0.943507
