-1.063452 -1.063452 -1.117600 -1.117600 0.311491 0.284633 3.215426 0.948548
-0.950717 -0.950717 -2.059464 -2.059464 0.320730 0.277408 3.218880 0.943133
-0.980523 -0.980523 -1.397034 -1.397034 0.310288 0.250506 3.218880 0.950613
-0.956720 -0.956720 -1.095325 -1.095325 0.310349 0.245657 3.218880 0.950487
-1.011271 -1.011271 -0.894915 -0.894915 0.308624 0.246421 3.218880 0.953113
-1.025963 -1.025963 -1.356517 -1.356517 0.297370 0.240000 3.218880 0.940575
-0.964343 -0.964343 -1.694786 -1.694786 0.329526 0.286115 3.218880 0.947561
-0.896079 -0.896079 -1.388746 -1.388746 0.338322 0.275207 3.218365 0.941863
-1.051631 -1.051631 -0.882206 -0.882206 0.322557 0.298999 3.198443 0.958459
-1.058185 -1.058185 -1.450483 -1.450483 0.307679 0.284203 3.218880 0.953026
-0.941274 -0.941274 -2.108261 -2.108261 0.329052 0.302752 3.187202 0.946389
-0.987106 -0.987106 -1.391700 -1.391700 0.314791 0.283865 3.201613 0.954713
-0.988343 -0.988343 -0.951486 -0.951486 0.329172 0.281368 3.214859 0.960707
-1.009723 -1.009723 -2.428072 -2.428072 0.301386 0.258728 3.218880 0.942451
-0.985419 -0.985419 -1.830757 -1.830757 0.316540 0.309662 3.218880 0.948895
-1.063012 -1.063012 -1.469200 -1.469200 0.315564 0.298761 3.218880 0.950657
-1.079588 -1.079588 -0.892260 -0.892260 0.293220 0.240000 3.218880 0.947172
-0.989239 -0.989239 -1.096016 -1.096016 0.304147 0.241733 3.218880 0.947915
-0.979458 -0.979458 -1.075841 -1.075841 0.318892 0.260839 3.218880 0.957082
-1.043930 -1.043930 -1.486328 -1.486328 0.319430 0.297098 3.218880 0.945468
-0.934126 -0.934126 -1.586496 -1.586496 0.317416 0.251652 3.218880 0.947213
-0.949579 -0.949579 -3.416924 -3.416924 0.329360 0.316237 3.212642 0.950898
-0.898906 -0.898906 -1.755758 -1.755758 0.322576 0.280717 3.218880 0.946024
-1.017673 -1.017673 -1.952727 -1.952727 0.313061 0.309009 3.215921 0.947666
-1.006487 -1.006487 -0.910538 -0.910538 0.326383 0.256920 3.218880 0.953071
-0.931071 -0.931071 -1.740990 -1.740990 0.328049 0.273528 3.218880 0.940989
-0.956612 -0.956612 -1.875020 -1.875020 0.320617 0.286118 3.218464 0.952841
-0.961675 -0.961675 -1.489061 -1.489061 0.309372 0.254683 3.218880 0.949022
-1.009572 -1.009572 -1.433539 -1.433539 0.317958 0.279287 3.218540 0.952246
-0.941162 -0.941162 -1.654636 -1.654636 0.314355 0.257354 3.218880 0.951109
-1.013691 -1.013691 -1.072266 -1.072266 0.300085 0.240000 3.218880 0.944199
-1.008238 -1.008238 -0.998130 -0.998130 0.308228 0.242889 3.218880 0.948817
-1.024102 -1.024102 -1.112609 -1.112609 0.317116 0.269200 3.218880 0.954835
-0.978429 -0.978429 -1.678222 -1.678222 0.321351 0.292321 3.218210 0.952350
-0.979787 -0.979787 -1.103034 -1.103034 0.312077 0.254790 3.218880 0.954084
-0.945428 -0.945428 -1.539655 -1.539655 0.321243 0.262777 3.218880 0.947234
-0.940126 -0.940126 -1.928770 -1.928770 0.316748 0.256194 3.218880 0.946896
-0.992162 -0.992162 -1.798594 -1.798594 0.306817 0.279327 3.212237 0.950070
-1.027331 -1.027331 -1.815625 -1.815625 0.308988 0.307522 3.192225 0.956483
-1.006812 -1.006812 -1.117824 -1.117824 0.328988 0.296829 3.198328 0.955332
-0.935655 -0.935655 -1.105462 -1.105462 0.314851 0.249403 3.218880 0.952084
-0.995827 -0.995827 -1.110215 -1.110215 0.317177 0.263396 3.218880 0.947180
-1.027709 -1.027709 -1.113498 -1.113498 0.316120 0.280384 3.213649 0.956233
-1.033437 -1.033437 -1.478091 -1.478091 0.292223 0.240000 3.218880 0.945101
-0.944149 -0.944149 -1.779551 -1.779551 0.320691 0.268930 3.218880 0.939715
-0.910922 -0.910922 -1.693255 -1.693255 0.327877 0.262303 3.218880 0.934583
-0.996620 -0.996620 -1.772458 -1.772458 0.319982 0.292015 3.218880 0.950593
-0.997635 -0.997635 -1.534565 -1.534565 0.313843 0.261784 3.218880 0.945089
-0.966425 -0.966425 -1.334492 -1.334492 0.307748 0.244971 3.218880 0.946112
-0.983820 -0.983820 -2.040002 -2.040002 0.317274 0.296652 3.218880 0.954278
-1.053459 -1.053459 -1.581456 -1.581456 0.313235 0.307413 3.218061 0.948257
-1.017048 -1.017048 -1.076979 -1.076979 0.324753 0.289922 3.218880 0.958698
-0.959009 -0.959009 -1.205809 -1.205809 0.329920 0.289550 3.153568 0.936247
-0.942592 -0.942592 -1.329829 -1.329829 0.309528 0.245413 3.218880 0.945352
-1.091064 -1.091064 -1.138467 -1.138467 0.294456 0.242533 3.218880 0.946433
-0.963796 -0.963796 -0.929996 -0.929996 0.313135 0.244248 3.218880 0.950202
-0.990688 -0.990688 -1.717006 -1.717006 0.303767 0.243679 3.218880 0.945242
-1.031962 -1.031962 -2.011103 -2.011103 0.299516 0.275224 3.218880 0.949444
-1.019406 -1.019406 -1.521331 -1.521331 0.316245 0.267157 3.218880 0.944215
-0.996785 -0.996785 -1.377853 -1.377853 0.301992 0.241185 3.218880 0.942800
-0.948452 -0.948452 -2.378732 -2.378732 0.323474 0.305836 3.218880 0.944716
-0.940247 -0.940247 -1.933226 -1.933226 0.328401 0.289691 3.218877 0.946587
-1.017632 -1.017632 -1.785662 -1.785662 0.308255 0.265133 3.218880 0.938369
-1.040408 -1.040408 -1.203668 -1.203668 0.308541 0.271369 3.218880 0.953575
-1.041790 -1.041790 -0.728305 -0.728305 0.320559 0.279825 3.196256 0.946211
-1.043845 -1.043845 -1.093120 -1.093120 0.323140 0.293773 3.218880 0.951890
-0.993572 -0.993572 -1.128472 -1.128472 0.320696 0.273232 3.218596 0.952175
-0.987192 -0.987192 -0.885195 -0.885195 0.316809 0.248413 3.218880 0.949416
-1.019243 -1.019243 -0.947551 -0.947551 0.317629 0.273745 3.216476 0.953069
-1.037869 -1.037869 -1.659950 -1.659950 0.309379 0.287067 3.218880 0.950104
-1.018294 -1.018294 -1.196911 -1.196911 0.300325 0.240120 3.218880 0.951906
-0.970412 -0.970412 -1.047853 -1.047853 0.309945 0.242262 3.218880 0.950352
-1.024726 -1.024726 -0.955836 -0.955836 0.314625 0.259937 3.218880 0.949670
-0.993276 -0.993276 -1.032931 -1.032931 0.307822 0.241080 3.218880 0.948926
-1.011839 -1.011839 -1.469637 -1.469637 0.318172 0.273936 3.218880 0.949994
-1.013940 -1.013940 -0.868602 -0.868602 0.302478 0.240000 3.218880 0.952132
-0.959190 -0.959190 -2.410717 -2.410717 0.331839 0.318734 3.196865 0.949625
-0.889313 -0.889313 -2.385282 -2.385282 0.341764 0.303622 3.210444 0.946754
-0.989759 -0.989759 -1.976197 -1.976197 0.311932 0.279652 3.218880 0.947906
-0.991598 -0.991598 -1.569083 -1.569083 0.314720 0.284959 3.218880 0.949783
-1.010281 -1.010281 -1.006444 -1.006444 0.317345 0.262822 3.218880 0.955748
-0.968229 -0.968229 -1.458095 -1.458095 0.317387 0.268497 3.218880 0.955586
-0.968118 -0.968118 -0.732992 -0.732992 0.328980 0.260749 3.218880 0.946762
-0.992243 -0.992243 -0.928160 -0.928160 0.329400 0.296520 3.199980 0.950730
-0.988573 -0.988573 -1.795107 -1.795107 0.295865 0.240086 3.218880 0.950295
-0.991881 -0.991881 -1.062656 -1.062656 0.300293 0.240000 3.218880 0.949284
-0.940251 -0.940251 -1.446291 -1.446291 0.323835 0.287634 3.204874 0.951709
-0.953812 -0.953812 -1.186982 -1.186982 0.307292 0.242920 3.218880 0.949149
-1.035997 -1.035997 -1.378536 -1.378536 0.320294 0.292255 3.218880 0.944778
-1.023066 -1.023066 -1.720998 -1.720998 0.309591 0.309356 3.204676 0.949654
-0.957637 -0.957637 -1.721630 -1.721630 0.331524 0.289943 3.190767 0.943734
-1.045640 -1.045640 -0.991337 -0.991337 0.302593 0.240000 3.218880 0.943834
-1.027966 -1.027966 -1.697147 -1.697147 0.314349 0.299806 3.218880 0.948294
-1.025498 -1.025498 -1.269684 -1.269684 0.298064 0.240000 3.218880 0.947344
-0.981053 -0.981053 -2.146144 -2.146144 0.308573 0.285836 3.218880 0.946822
-0.935759 -0.935759 -1.105624 -1.105624 0.313650 0.248703 3.218880 0.950511
-0.991412 -0.991412 -1.637531 -1.637531 0.295404 0.240044 3.218880 0.945956
-1.043025 -1.043025 -1.752540 -1.752540 0.303532 0.291111 3.217289 0.952918
-0.921372 -0.921372 -2.992495 -2.992495 0.319448 0.280393 3.218880 0.950546
-0.955256 -0.955256 -2.290798 -2.290798 0.317549 0.286850 3.214903 0.952622
-0.986609 -0.986609 -2.184461 -2.184461 0.314476 0.299659 3.212032 0.949894
-1.046507 -1.046507 -1.142026 -1.142026 0.304158 0.245970 3.218880 0.942489
-0.932251 -0.932251 -1.685728 -1.685728 0.325918 0.273967 3.218880 0.948745
-0.911318 -0.911318 -2.420977 -2.420977 0.326121 0.275830 3.218880 0.941567
-0.966175 -0.966175 -0.931500 -0.931500 0.331933 0.278871 3.218452 0.948547
-0.986220 -0.986220 -1.474679 -1.474679 0.296106 0.240000 3.218880 0.948981
-1.038048 -1.038048 -1.454136 -1.454136 0.297129 0.240042 3.218880 0.947820
-0.996574 -0.996574 -1.775960 -1.775960 0.326287 0.305967 3.180531 0.945612
-0.944278 -0.944278 -1.879049 -1.879049 0.297872 0.240000 3.218880 0.950598
-0.973344 -0.973344 -1.648210 -1.648210 0.319977 0.279262 3.218825 0.949391
-1.025039 -1.025039 -1.341251 -1.341251 0.297830 0.240000 3.218880 0.943450
-1.014269 -1.014269 -0.929144 -0.929144 0.311825 0.255629 3.218541 0.953340
-1.002695 -1.002695 -1.371504 -1.371504 0.316192 0.272116 3.218880 0.960757
-0.959261 -0.959261 -2.300290 -2.300290 0.318651 0.284343 3.218880 0.949762
-0.999568 -0.999568 -1.891281 -1.891281 0.295709 0.240000 3.218880 0.946916
-0.887864 -0.887864 -1.883575 -1.883575 0.327598 0.264655 3.218880 0.944200
-1.056850 -1.056850 -1.497608 -1.497608 0.316632 0.308852 3.195138 0.944971
-0.963422 -0.963422 -3.202449 -3.202449 0.320523 0.303300 3.218880 0.945262
-1.010287 -1.010287 -2.360806 -2.360806 0.298305 0.253873 3.218880 0.938619
-0.976894 -0.976894 -1.032396 -1.032396 0.325274 0.265688 3.218880 0.949285
-0.987867 -0.987867 -0.994657 -0.994657 0.332017 0.281997 3.218387 0.938073
-0.928908 -0.928908 -1.142581 -1.142581 0.316180 0.245805 3.218880 0.948766
-1.001677 -1.001677 -2.081588 -2.081588 0.320581 0.324480 3.184042 0.955714
-0.926392 -0.926392 -2.762755 -2.762755 0.324624 0.318492 3.218307 0.946395
-0.977082 -0.977082 -2.130334 -2.130334 0.297122 0.240497 3.218880 0.945538
-1.034640 -1.034640 -1.209532 -1.209532 0.293807 0.240000 3.218880 0.951485
-1.004744 -1.004744 -1.576170 -1.576170 0.312541 0.289794 3.218880 0.945509
-0.931093 -0.931093 -2.130862 -2.130862 0.310087 0.255588 3.218880 0.948455
-0.984634 -0.984634 -2.299460 -2.299460 0.306952 0.264659 3.218880 0.942295
-1.009310 -1.009310 -0.869768 -0.869768 0.312154 0.242252 3.218880 0.945431
-0.965464 -0.965464 -1.366485 -1.366485 0.304084 0.240043 3.218880 0.953445
-0.957354 -0.957354 -2.195465 -2.195465 0.318656 0.288390 3.218880 0.947392
