-0.989476 -0.989476 -0.943934 -0.943934 0.307799 0.240000 3.218880 0.942810
-1.012713 -1.012713 -2.207983 -2.207983 0.315277 0.274278 3.218833 0.940215
-0.961582 -0.961582 -1.340925 -1.340925 0.307829 0.241699 3.218880 0.943204
-0.930232 -0.930232 -2.766428 -2.766428 0.315390 0.271770 3.218880 0.936632
-0.953141 -0.953141 -1.582569 -1.582569 0.323372 0.285192 3.215438 0.943129
-0.976468 -0.976468 -1.595945 -1.595945 0.326780 0.301389 3.206243 0.944628
-1.026679 -1.026679 -1.185733 -1.185733 0.312867 0.266907 3.218880 0.951663
-1.055836 -1.055836 -1.829378 -1.829378 0.303072 0.294639 3.218880 0.951950
-1.041583 -1.041583 -0.827833 -0.827833 0.313292 0.251390 3.218880 0.944812
-1.001701 -1.001701 -1.496353 -1.496353 0.302084 0.244710 3.218880 0.945160
-1.045300 -1.045300 -1.418545 -1.418545 0.307948 0.277749 3.218880 0.950510
-1.013809 -1.013809 -1.227035 -1.227035 0.314236 0.273585 3.218880 0.948472
-0.940980 -0.940980 -1.145819 -1.145819 0.322663 0.259265 3.218094 0.951026
-0.936223 -0.936223 -1.533443 -1.533443 0.307088 0.246626 3.218880 0.954907
-0.955364 -0.955364 -3.906366 -3.906366 0.307415 0.274901 3.218880 0.943038
-1.009150 -1.009150 -3.180598 -3.180598 0.311520 0.303301 3.218880 0.954586
-1.080955 -1.080955 -2.403313 -2.403313 0.296291 0.293737 3.218880 0.943693
-1.007045 -1.007045 -1.713847 -1.713847 0.317142 0.292499 3.218880 0.952453
-0.921566 -0.921566 -1.327766 -1.327766 0.332382 0.271918 3.218880 0.948140
-1.035778 -1.035778 -0.928351 -0.928351 0.300691 0.240000 3.218880 0.949882
-1.031266 -1.031266 -1.255790 -1.255790 0.296826 0.240000 3.218880 0.949643
-1.003189 -1.003189 -1.173642 -1.173642 0.324909 0.281872 3.206037 0.943110
-1.044900 -1.044900 -0.926534 -0.926534 0.303858 0.240053 3.218880 0.942838
-1.006043 -1.006043 -1.702739 -1.702739 0.293213 0.240000 3.218880 0.949207
-0.986959 -0.986959 -1.255853 -1.255853 0.296563 0.240039 3.218880 0.956315
-0.961728 -0.961728 -1.206591 -1.206591 0.325435 0.278918 3.218355 0.949683
-0.968555 -0.968555 -1.268191 -1.268191 0.319944 0.256571 3.218880 0.951446
-0.979235 -0.979235 -1.434018 -1.434018 0.321694 0.266766 3.218880 0.941058
-1.045557 -1.045557 -1.098332 -1.098332 0.303844 0.243070 3.218880 0.947688
-0.908997 -0.908997 -1.645423 -1.645423 0.332831 0.269796 3.218880 0.944841
-0.975140 -0.975140 -1.803495 -1.803495 0.325342 0.288820 3.218880 0.938030
-0.990235 -0.990235 -1.917936 -1.917936 0.320473 0.286003 3.218880 0.944630
-1.003774 -1.003774 -1.314349 -1.314349 0.303665 0.240200 3.218880 0.946535
-0.971331 -0.971331 -1.400420 -1.400420 0.306380 0.245254 3.218880 0.943945
-0.936389 -0.936389 -1.479339 -1.479339 0.307276 0.241983 3.218880 0.950942
-0.997066 -0.997066 -0.900218 -0.900218 0.300695 0.240546 3.218880 0.955181
-0.970507 -0.970507 -1.426559 -1.426559 0.334669 0.303940 3.195545 0.947735
-0.934830 -0.934830 -1.379264 -1.379264 0.319160 0.256420 3.215608 0.949262
-1.056456 -1.056456 -1.513761 -1.513761 0.289166 0.240000 3.218880 0.953135
-1.052013 -1.052013 -0.902138 -0.902138 0.318753 0.287171 3.177037 0.953336
-0.955474 -0.955474 -1.670022 -1.670022 0.326714 0.295688 3.218211 0.945471
-0.976527 -0.976527 -1.646830 -1.646830 0.323434 0.291226 3.175433 0.949106
-0.933301 -0.933301 -1.823894 -1.823894 0.324523 0.269117 3.218880 0.945145
-0.994025 -0.994025 -1.469279 -1.469279 0.319546 0.277063 3.218880 0.947010
-0.969913 -0.969913 -1.874199 -1.874199 0.315165 0.271795 3.218880 0.946494
-0.961970 -0.961970 -1.355170 -1.355170 0.323940 0.264420 3.218880 0.941070
-0.972557 -0.972557 -1.310890 -1.310890 0.326272 0.297069 3.218205 0.954290
-1.064511 -1.064511 -0.793198 -0.793198 0.301085 0.240000 3.218880 0.953192
-1.041162 -1.041162 -1.116057 -1.116057 0.292623 0.240000 3.218880 0.959911
-1.014653 -1.014653 -0.907239 -0.907239 0.307679 0.241240 3.218880 0.950296
-0.984381 -0.984381 -1.513051 -1.513051 0.303836 0.242104 3.218880 0.947678
-1.016621 -1.016621 -1.466862 -1.466862 0.322252 0.302299 3.218880 0.946167
-1.007803 -1.007803 -1.091112 -1.091112 0.300362 0.240000 3.218880 0.948893
-1.008321 -1.008321 -0.866078 -0.866078 0.320697 0.255077 3.218880 0.949114
-0.949505 -0.949505 -1.545866 -1.545866 0.330491 0.285489 3.218880 0.948418
-0.952622 -0.952622 -1.336464 -1.336464 0.314305 0.252153 3.218880 0.948486
-0.993035 -0.993035 -1.646101 -1.646101 0.311027 0.264099 3.218880 0.950160
-0.961520 -0.961520 -1.313940 -1.313940 0.312725 0.247265 3.218880 0.944380
-1.081740 -1.081740 -1.259682 -1.259682 0.310163 0.297491 3.214338 0.953647
-1.054051 -1.054051 -2.023691 -2.023691 0.312505 0.311118 3.218880 0.952437
-0.957302 -0.957302 -2.146486 -2.146486 0.321460 0.290044 3.218880 0.943755
-1.008385 -1.008385 -1.067492 -1.067492 0.309161 0.244891 3.218880 0.949340
-0.936772 -0.936772 -1.210090 -1.210090 0.319014 0.251108 3.218880 0.949102
-0.944713 -0.944713 -1.725516 -1.725516 0.328382 0.292006 3.218880 0.944929
-1.021008 -1.021008 -1.700535 -1.700535 0.301256 0.259084 3.218880 0.955421
-0.973920 -0.973920 -1.105308 -1.105308 0.315412 0.255146 3.218880 0.951131
-0.985684 -0.985684 -1.275805 -1.275805 0.306746 0.251884 3.218880 0.950630
-0.995278 -0.995278 -1.697815 -1.697815 0.300721 0.241102 3.218880 0.938654
-0.943742 -0.943742 -1.501905 -1.501905 0.316683 0.256050 3.218880 0.948828
-1.032606 -1.032606 -0.750896 -0.750896 0.304131 0.240000 3.218880 0.956741
-0.990816 -0.990816 -2.042319 -2.042319 0.318377 0.292674 3.218880 0.948635
-1.010312 -1.010312 -1.596193 -1.596193 0.311542 0.304983 3.210121 0.955561
-1.013308 -1.013308 -0.981511 -0.981511 0.298608 0.240000 3.218880 0.953159
-0.987355 -0.987355 -1.204760 -1.204760 0.302650 0.240000 3.218880 0.944673
-0.983019 -0.983019 -1.119089 -1.119089 0.323393 0.276902 3.218880 0.957400
-1.009688 -1.009688 -1.293937 -1.293937 0.300611 0.241981 3.218880 0.944553
-0.988992 -0.988992 -1.464684 -1.464684 0.322091 0.279394 3.218880 0.945304
-0.946588 -0.946588 -1.750830 -1.750830 0.316684 0.262369 3.218880 0.946336
-1.007720 -1.007720 -1.641562 -1.641562 0.300088 0.242364 3.218880 0.946964
-0.933939 -0.933939 -2.432538 -2.432538 0.322272 0.296708 3.218880 0.952647
-0.951778 -0.951778 -0.833438 -0.833438 0.325159 0.259829 3.218880 0.959994
-1.036099 -1.036099 -1.048164 -1.048164 0.302016 0.242623 3.218880 0.953825
-1.028785 -1.028785 -1.330136 -1.330136 0.314512 0.281905 3.218297 0.946480
-0.977628 -0.977628 -1.081576 -1.081576 0.317558 0.258570 3.218880 0.948033
-1.002255 -1.002255 -1.151042 -1.151042 0.307131 0.249921 3.218880 0.948014
-0.950336 -0.950336 -1.572930 -1.572930 0.331078 0.304876 3.216948 0.947033
-1.010106 -1.010106 -0.926103 -0.926103 0.308816 0.245655 3.218880 0.952526
-0.988714 -0.988714 -1.490533 -1.490533 0.322756 0.282886 3.218880 0.937947
-0.979628 -0.979628 -1.634700 -1.634700 0.322757 0.296703 3.217710 0.941969
-0.998280 -0.998280 -0.867486 -0.867486 0.311909 0.248288 3.218880 0.948484
-1.038222 -1.038222 -0.948712 -0.948712 0.324992 0.287138 3.212570 0.959359
-0.995454 -0.995454 -1.518455 -1.518455 0.327434 0.304699 3.178420 0.949004
-0.946721 -0.946721 -2.453516 -2.453516 0.325764 0.303853 3.216362 0.944844
-0.995530 -0.995530 -1.123139 -1.123139 0.327165 0.283164 3.203904 0.954702
-0.941525 -0.941525 -2.237233 -2.237233 0.304741 0.244267 3.218880 0.941293
-1.002162 -1.002162 -1.258139 -1.258139 0.328187 0.302951 3.184096 0.951985
-0.984183 -0.984183 -1.289307 -1.289307 0.328171 0.287443 3.213760 0.951301
-1.031433 -1.031433 -1.695096 -1.695096 0.292664 0.240000 3.218880 0.945978
-0.935860 -0.935860 -1.045726 -1.045726 0.328739 0.269279 3.218880 0.954165
-0.926403 -0.926403 -1.575081 -1.575081 0.337786 0.291862 3.218829 0.937990
-0.961351 -0.961351 -1.192501 -1.192501 0.323191 0.259825 3.218880 0.946616
-0.973433 -0.973433 -1.284257 -1.284257 0.329399 0.283741 3.218880 0.955354
-0.930661 -0.930661 -1.715193 -1.715193 0.313653 0.247594 3.218880 0.938681
-0.954784 -0.954784 -1.672213 -1.672213 0.324320 0.287970 3.218880 0.942670
-1.022202 -1.022202 -1.412025 -1.412025 0.308863 0.263804 3.218880 0.946944
-1.020465 -1.020465 -1.545922 -1.545922 0.324980 0.320675 3.187697 0.955335
-1.009410 -1.009410 -3.073776 -3.073776 0.307303 0.321193 3.218880 0.951943
-0.939276 -0.939276 -3.105420 -3.105420 0.315014 0.274320 3.218880 0.939547
-0.919288 -0.919288 -1.959504 -1.959504 0.327340 0.283779 3.218880 0.955483
-1.054141 -1.054141 -1.383749 -1.383749 0.298433 0.240000 3.218880 0.945188
-1.034247 -1.034247 -1.414663 -1.414663 0.323710 0.316699 3.192317 0.952676
-0.983223 -0.983223 -1.306286 -1.306286 0.305284 0.240000 3.218880 0.949377
-0.983045 -0.983045 -0.992284 -0.992284 0.307136 0.240000 3.218880 0.944561
-1.013846 -1.013846 -3.942873 -3.942873 0.303693 0.319241 3.218880 0.959128
-0.998392 -0.998392 -4.891866 -4.891866 0.300451 0.302625 3.218880 0.955580
-0.976639 -0.976639 -3.700850 -3.700850 0.320899 0.313457 3.218880 0.947110
-0.949964 -0.949964 -1.320563 -1.320563 0.315413 0.248121 3.218880 0.946856
-1.003861 -1.003861 -2.346397 -2.346397 0.321274 0.326589 3.204949 0.951438
-1.002235 -1.002235 -0.823654 -0.823654 0.303697 0.240000 3.218880 0.953799
-1.018948 -1.018948 -0.936060 -0.936060 0.307282 0.248080 3.218880 0.955174
-0.975819 -0.975819 -1.301676 -1.301676 0.306873 0.240612 3.218880 0.945537
-0.979653 -0.979653 -1.263068 -1.263068 0.315000 0.261580 3.214332 0.948589
-0.962244 -0.962244 -1.697347 -1.697347 0.322274 0.276233 3.218880 0.958348
-1.037472 -1.037472 -1.081444 -1.081444 0.311651 0.251294 3.218880 0.947263
-0.929031 -0.929031 -2.438084 -2.438084 0.298523 0.240000 3.218880 0.946036
-0.953897 -0.953897 -2.484540 -2.484540 0.315999 0.303803 3.199268 0.949975
-1.023850 -1.023850 -1.276036 -1.276036 0.293154 0.240000 3.218880 0.955518
-0.924478 -0.924478 -2.827544 -2.827544 0.325191 0.292311 3.205238 0.942573
-0.959158 -0.959158 -1.558309 -1.558309 0.305945 0.244052 3.218880 0.946164
-0.985687 -0.985687 -1.616341 -1.616341 0.310308 0.266163 3.218880 0.943426
-1.059806 -1.059806 -1.091847 -1.091847 0.313556 0.273308 3.218880 0.944832
-0.975215 -0.975215 -1.094010 -1.094010 0.318369 0.252538 3.218880 0.947023
