-0.959941 -0.959941 -2.223908 -2.223908 0.322921 0.306230 3.218880 0.947845
-0.993219 -0.993219 -1.375837 -1.375837 0.312887 0.295026 3.218880 0.950538
-1.022466 -1.022466 -1.163272 -1.163272 0.310352 0.276736 3.214930 0.951265
-1.046697 -1.046697 -1.196111 -1.196111 0.317880 0.302922 3.212479 0.949293
-1.084348 -1.084348 -1.046901 -1.046901 0.295317 0.240000 3.218880 0.953605
-0.977665 -0.977665 -2.047996 -2.047996 0.312341 0.272920 3.218880 0.952321
-0.962051 -0.962051 -1.999458 -1.999458 0.310139 0.256329 3.218880 0.943670
-0.971133 -0.971133 -0.926839 -0.926839 0.327399 0.263004 3.218880 0.953440
-0.945490 -0.945490 -1.296414 -1.296414 0.313680 0.261413 3.215789 0.954570
-0.982889 -0.982889 -1.016735 -1.016735 0.326437 0.281650 3.215642 0.954169
-0.959572 -0.959572 -1.890889 -1.890889 0.322106 0.286926 3.218880 0.942685
-1.058417 -1.058417 -0.973266 -0.973266 0.297826 0.240000 3.218880 0.945924
-0.986819 -0.986819 -1.623684 -1.623684 0.319505 0.287922 3.218880 0.950745
-1.003865 -1.003865 -1.494378 -1.494378 0.314409 0.263820 3.218880 0.943244
-1.007765 -1.007765 -1.169148 -1.169148 0.306193 0.246957 3.218880 0.948635
-0.985543 -0.985543 -1.468433 -1.468433 0.320439 0.279204 3.218880 0.944912
-0.941646 -0.941646 -1.218150 -1.218150 0.330817 0.283184 3.218658 0.953206
-0.944151 -0.944151 -1.965893 -1.965893 0.318180 0.295459 3.204705 0.947367
-0.942609 -0.942609 -1.410684 -1.410684 0.327833 0.281510 3.218880 0.950978
-0.941633 -0.941633 -1.711026 -1.711026 0.324090 0.271958 3.218880 0.943565
-0.948214 -0.948214 -1.105878 -1.105878 0.345870 0.315559 3.199742 0.946695
-0.976502 -0.976502 -1.078512 -1.078512 0.310068 0.242455 3.218880 0.953315
-0.978168 -0.978168 -1.180703 -1.180703 0.307734 0.241822 3.218880 0.951054
-0.978168 -0.978168 -1.180703 -1.180703 0.308083 0.247416 3.218880 0.952515
-0.983224 -0.983224 -1.155886 -1.155886 0.297482 0.240000 3.218880 0.953166
-0.984111 -0.984111 -1.953177 -1.953177 0.320995 0.300427 3.218880 0.948473
-1.038377 -1.038377 -0.795933 -0.795933 0.314321 0.248192 3.218880 0.947433
-0.945050 -0.945050 -0.986079 -0.986079 0.318052 0.250158 3.218724 0.945601
-1.000941 -1.000941 -1.420586 -1.420586 0.308430 0.258380 3.218880 0.952064
-0.901707 -0.901707 -1.815025 -1.815025 0.328043 0.297691 3.218880 0.949612
-0.940702 -0.940702 -1.060061 -1.060061 0.324015 0.255584 3.218880 0.942243
-0.971248 -0.971248 -1.374855 -1.374855 0.311263 0.247387 3.218880 0.945850
-0.944911 -0.944911 -2.654829 -2.654829 0.329150 0.304841 3.218880 0.944889
-0.956024 -0.956024 -0.809414 -0.809414 0.330843 0.261400 3.206685 0.945266
-0.982886 -0.982886 -0.915069 -0.915069 0.309417 0.246762 3.218406 0.953322
-0.960569 -0.960569 -1.277445 -1.277445 0.333801 0.299934 3.203736 0.955214
-1.049558 -1.049558 -0.902975 -0.902975 0.297032 0.240000 3.218880 0.956127
-0.979973 -0.979973 -1.951763 -1.951763 0.308330 0.277122 3.218880 0.946407
-0.999183 -0.999183 -1.020377 -1.020377 0.306943 0.241988 3.218880 0.948834
-1.044918 -1.044918 -0.935848 -0.935848 0.322901 0.277207 3.214455 0.950576
-1.050001 -1.050001 -0.778581 -0.778581 0.318806 0.268778 3.218880 0.943477
-0.982875 -0.982875 -1.469506 -1.469506 0.303904 0.240000 3.218880 0.942615
-0.979771 -0.979771 -1.582956 -1.582956 0.305380 0.243159 3.218880 0.947236
-0.943426 -0.943426 -2.809648 -2.809648 0.321929 0.290644 3.218595 0.949935
-0.990510 -0.990510 -3.035400 -3.035400 0.308745 0.306308 3.211189 0.947999
-1.009515 -1.009515 -2.947778 -2.947778 0.311223 0.317135 3.209639 0.951418
-1.002219 -1.002219 -1.566704 -1.566704 0.321411 0.281626 3.218864 0.950153
-0.994451 -0.994451 -1.175388 -1.175388 0.310434 0.247540 3.218880 0.946646
-0.974438 -0.974438 -1.306350 -1.306350 0.321819 0.272280 3.218880 0.946196
-0.975576 -0.975576 -1.289908 -1.289908 0.324892 0.310459 3.174770 0.954977
-0.904009 -0.904009 -1.634679 -1.634679 0.317800 0.252455 3.218880 0.948512
-1.007555 -1.007555 -1.207913 -1.207913 0.307766 0.248502 3.218880 0.945704
-0.982154 -0.982154 -1.356405 -1.356405 0.311200 0.247129 3.218880 0.941312
-0.981428 -0.981428 -1.372025 -1.372025 0.309071 0.246228 3.218880 0.946938
-0.962557 -0.962557 -1.323404 -1.323404 0.320143 0.257097 3.218880 0.940917
-0.956553 -0.956553 -1.462912 -1.462912 0.330364 0.292344 3.201526 0.950145
-0.976011 -0.976011 -1.249871 -1.249871 0.322356 0.261040 3.218880 0.946939
-0.980122 -0.980122 -1.986446 -1.986446 0.319043 0.286994 3.218880 0.948541
-1.023616 -1.023616 -1.263371 -1.263371 0.309683 0.254032 3.218880 0.950892
-1.003007 -1.003007 -1.421545 -1.421545 0.302896 0.240000 3.218880 0.940572
-0.964357 -0.964357 -1.866700 -1.866700 0.326163 0.297078 3.218880 0.954676
-1.004746 -1.004746 -0.876579 -0.876579 0.310210 0.240044 3.218880 0.945624
-1.033935 -1.033935 -0.850232 -0.850232 0.298137 0.240000 3.218880 0.951075
-1.001780 -1.001780 -0.825759 -0.825759 0.323059 0.274153 3.211229 0.947632
-0.997435 -0.997435 -1.731452 -1.731452 0.318480 0.302907 3.214106 0.962708
-0.967048 -0.967048 -1.205900 -1.205900 0.326970 0.293332 3.192597 0.945302
-0.967958 -0.967958 -1.648289 -1.648289 0.327739 0.301997 3.217546 0.950442
-0.918442 -0.918442 -1.705624 -1.705624 0.335921 0.292179 3.217760 0.948902
-1.005878 -1.005878 -1.204809 -1.204809 0.318532 0.266660 3.212934 0.943432
-1.017526 -1.017526 -1.194414 -1.194414 0.312619 0.269395 3.218880 0.949084
-0.950809 -0.950809 -1.346869 -1.346869 0.320389 0.268130 3.218880 0.946749
-0.955826 -0.955826 -1.751521 -1.751521 0.320349 0.268677 3.218880 0.951445
-0.980777 -0.980777 -1.257131 -1.257131 0.321936 0.273690 3.218085 0.944323
-0.948432 -0.948432 -1.554954 -1.554954 0.328108 0.295152 3.182773 0.943316
-1.071509 -1.071509 -1.356041 -1.356041 0.298065 0.240169 3.218880 0.943599
-0.947423 -0.947423 -1.774142 -1.774142 0.306580 0.253862 3.218880 0.953223
-0.939562 -0.939562 -2.356372 -2.356372 0.305152 0.247041 3.218880 0.947997
-1.047875 -1.047875 -1.622918 -1.622918 0.307040 0.301376 3.167940 0.939150
-0.927392 -0.927392 -1.594894 -1.594894 0.341802 0.301233 3.207919 0.943617
-1.017320 -1.017320 -1.626476 -1.626476 0.315305 0.300947 3.218880 0.952673
-1.076992 -1.076992 -1.313847 -1.313847 0.309994 0.310465 3.130872 0.938790
-1.026944 -1.026944 -0.964597 -0.964597 0.301121 0.240000 3.218880 0.953109
-0.999669 -0.999669 -0.861926 -0.861926 0.313266 0.246252 3.218880 0.948623
-1.049242 -1.049242 -0.934104 -0.934104 0.310696 0.270151 3.218832 0.948758
-1.010299 -1.010299 -1.271061 -1.271061 0.322887 0.277371 3.218880 0.953215
-0.976816 -0.976816 -2.046700 -2.046700 0.321980 0.294924 3.218880 0.956558
-0.980912 -0.980912 -1.058478 -1.058478 0.299032 0.240000 3.218880 0.956848
-0.987357 -0.987357 -1.445404 -1.445404 0.306251 0.259074 3.218880 0.946226
-1.032917 -1.032917 -1.225907 -1.225907 0.306521 0.264656 3.218880 0.951150
-0.985147 -0.985147 -1.627915 -1.627915 0.326162 0.304391 3.215342 0.959150
-0.950175 -0.950175 -2.240406 -2.240406 0.323027 0.297721 3.215886 0.947269
-0.988033 -0.988033 -1.985201 -1.985201 0.313749 0.288794 3.218880 0.947764
-1.011577 -1.011577 -1.557339 -1.557339 0.316751 0.286812 3.218880 0.948434
-0.996163 -0.996163 -1.328383 -1.328383 0.315444 0.280120 3.210832 0.949371
-0.946159 -0.946159 -1.842684 -1.842684 0.311681 0.246916 3.218880 0.945428
-0.941224 -0.941224 -2.055957 -2.055957 0.313944 0.262669 3.218880 0.951174
-0.989361 -0.989361 -1.922751 -1.922751 0.314068 0.274492 3.218880 0.941624
-1.029126 -1.029126 -1.670106 -1.670106 0.309015 0.312767 3.196882 0.953839
-0.961068 -0.961068 -1.577061 -1.577061 0.319633 0.273749 3.218689 0.939905
-0.987108 -0.987108 -1.252258 -1.252258 0.319763 0.267916 3.218880 0.949053
-1.013316 -1.013316 -1.410532 -1.410532 0.320471 0.286084 3.218880 0.946100
-1.002145 -1.002145 -0.846779 -0.846779 0.308840 0.240392 3.218880 0.952633
-1.092161 -1.092161 -0.842737 -0.842737 0.312022 0.287532 3.202749 0.951168
-0.998268 -0.998268 -1.918054 -1.918054 0.323868 0.305002 3.172816 0.945119
-0.987183 -0.987183 -1.052850 -1.052850 0.307226 0.243438 3.218880 0.946580
-0.950760 -0.950760 -2.083256 -2.083256 0.325718 0.277641 3.218880 0.948763
-1.009263 -1.009263 -1.705691 -1.705691 0.318299 0.292971 3.218880 0.954011
-0.999282 -0.999282 -1.322660 -1.322660 0.323378 0.292241 3.206548 0.946064
-1.019068 -1.019068 -1.134728 -1.134728 0.307351 0.245701 3.218880 0.948488
-0.975447 -0.975447 -1.315188 -1.315188 0.320457 0.270447 3.218645 0.949379
-0.950282 -0.950282 -1.526944 -1.526944 0.317830 0.262258 3.218880 0.947702
-0.989179 -0.989179 -1.156482 -1.156482 0.298416 0.240000 3.218880 0.952372
-1.033237 -1.033237 -1.675287 -1.675287 0.290593 0.240000 3.218880 0.950883
-0.923544 -0.923544 -4.143642 -4.143642 0.299626 0.244365 3.218880 0.943738
-0.932331 -0.932331 -4.487688 -4.487688 0.323329 0.322501 3.194295 0.953953
-0.930320 -0.930320 -2.740566 -2.740566 0.322994 0.288788 3.218880 0.944686
-0.943540 -0.943540 -2.236312 -2.236312 0.314509 0.272125 3.218880 0.953119
-1.052628 -1.052628 -1.463551 -1.463551 0.296338 0.240000 3.218880 0.949555
-1.004157 -1.004157 -1.766065 -1.766065 0.300101 0.241931 3.218880 0.943521
-1.013235 -1.013235 -1.910005 -1.910005 0.308405 0.282256 3.218880 0.951976
-0.912045 -0.912045 -2.578919 -2.578919 0.332666 0.301057 3.218880 0.952004
-0.927239 -0.927239 -1.565049 -1.565049 0.335356 0.294412 3.218880 0.942035
-1.030352 -1.030352 -1.368205 -1.368205 0.297406 0.240000 3.218880 0.945011
-0.952352 -0.952352 -1.385261 -1.385261 0.313630 0.249010 3.218880 0.949047
-0.917943 -0.917943 -2.025789 -2.025789 0.339226 0.298345 3.218880 0.947176
-0.938477 -0.938477 -1.677148 -1.677148 0.330178 0.306769 3.217040 0.951517
-0.927515 -0.927515 -1.984312 -1.984312 0.328914 0.285188 3.218880 0.946870
-0.926907 -0.926907 -1.700448 -1.700448 0.342426 0.296010 3.218880 0.951624
-0.935141 -0.935141 -1.306088 -1.306088 0.336905 0.296767 3.191831 0.942681
-0.976991 -0.976991 -1.510700 -1.510700 0.322617 0.280157 3.214605 0.943862
-0.989552 -0.989552 -1.672006 -1.672006 0.321646 0.302196 3.182712 0.944469
-0.962537 -0.962537 -2.044567 -2.044567 0.304391 0.252334 3.218880 0.947666
