-1.077319 -1.077319 -0.949259 -0.949259 0.296058 0.240000 3.218880 0.955320
-0.975480 -0.975480 -1.154244 -1.154244 0.322137 0.270734 3.186813 0.949894
-0.954877 -0.954877 -1.931948 -1.931948 0.321374 0.270649 3.218880 0.939629
-0.840666 -0.840666 -2.894082 -2.894082 0.340137 0.287619 3.218880 0.937902
-0.963187 -0.963187 -1.060978 -1.060978 0.319865 0.254240 3.218880 0.946966
-0.963111 -0.963111 -2.191379 -2.191379 0.316655 0.297676 3.218880 0.949877
-1.033485 -1.033485 -1.269754 -1.269754 0.303713 0.253123 3.218880 0.949905
-1.017191 -1.017191 -1.384304 -1.384304 0.310683 0.286349 3.203863 0.948803
-0.977485 -0.977485 -1.689469 -1.689469 0.318573 0.289058 3.218880 0.949892
-0.928866 -0.928866 -1.394021 -1.394021 0.309554 0.241960 3.218880 0.947367
-0.987751 -0.987751 -1.152107 -1.152107 0.311929 0.248523 3.218880 0.954251
-0.942061 -0.942061 -2.133513 -2.133513 0.307056 0.255777 3.218880 0.947411
-1.037262 -1.037262 -1.262007 -1.262007 0.313172 0.291602 3.218880 0.951066
-1.022969 -1.022969 -1.254041 -1.254041 0.296982 0.240000 3.218880 0.942399
-0.959674 -0.959674 -1.722636 -1.722636 0.309463 0.247702 3.218880 0.944849
-0.952323 -0.952323 -1.340089 -1.340089 0.328464 0.277728 3.205701 0.939934
-0.968844 -0.968844 -0.993512 -0.993512 0.340379 0.284889 3.217769 0.949221
-0.944235 -0.944235 -1.661279 -1.661279 0.319187 0.268252 3.218880 0.949591
-1.005888 -1.005888 -0.702629 -0.702629 0.322866 0.262479 3.218880 0.953775
-0.995940 -0.995940 -1.360867 -1.360867 0.305158 0.243890 3.218880 0.948817
-0.962659 -0.962659 -2.076198 -2.076198 0.324479 0.296082 3.218880 0.947864
-1.005843 -1.005843 -2.008099 -2.008099 0.304625 0.279445 3.216664 0.956658
-0.926107 -0.926107 -1.418647 -1.418647 0.324412 0.273057 3.218880 0.946618
-0.956543 -0.956543 -1.293655 -1.293655 0.311501 0.249106 3.218880 0.947905
-0.941758 -0.941758 -1.326188 -1.326188 0.323814 0.270767 3.215482 0.953997
-0.943269 -0.943269 -1.225679 -1.225679 0.316000 0.246810 3.218880 0.943593
-0.969531 -0.969531 -1.446347 -1.446347 0.303516 0.240074 3.218880 0.942579
-0.936760 -0.936760 -2.210619 -2.210619 0.319156 0.283373 3.218880 0.949642
-0.987751 -0.987751 -2.170015 -2.170015 0.311431 0.277750 3.218880 0.948951
-0.931496 -0.931496 -2.230695 -2.230695 0.303437 0.242668 3.218880 0.939373
-1.029873 -1.029873 -0.987773 -0.987773 0.315995 0.263344 3.218880 0.954975
-0.949554 -0.949554 -1.399063 -1.399063 0.315473 0.254040 3.218880 0.952222
-1.023916 -1.023916 -0.999570 -0.999570 0.307400 0.244965 3.218880 0.945020
-0.982230 -0.982230 -1.400299 -1.400299 0.322166 0.271633 3.218880 0.943550
-1.008703 -1.008703 -1.429172 -1.429172 0.318269 0.271210 3.218880 0.949375
-1.010378 -1.010378 -1.170162 -1.170162 0.304111 0.246625 3.218880 0.948124
-1.007073 -1.007073 -1.019540 -1.019540 0.308994 0.249839 3.218880 0.952399
-0.977627 -0.977627 -1.281025 -1.281025 0.318112 0.266883 3.218822 0.945902
-0.992371 -0.992371 -1.459282 -1.459282 0.312795 0.274588 3.214523 0.958044
-0.988655 -0.988655 -1.992106 -1.992106 0.311538 0.277187 3.218681 0.947566
-0.965859 -0.965859 -1.354455 -1.354455 0.311549 0.249888 3.218880 0.947524
-0.961979 -0.961979 -1.555559 -1.555559 0.313037 0.261598 3.218880 0.944022
-0.993148 -0.993148 -2.074589 -2.074589 0.314803 0.277246 3.218880 0.950035
-0.932754 -0.932754 -1.725088 -1.725088 0.329901 0.292156 3.172773 0.939718
-0.956881 -0.956881 -1.578275 -1.578275 0.303035 0.240972 3.218880 0.948124
-1.046528 -1.046528 -1.185998 -1.185998 0.290706 0.240000 3.218880 0.954820
-1.004088 -1.004088 -2.209792 -2.209792 0.295782 0.240084 3.218880 0.944273
-1.023324 -1.023324 -0.864867 -0.864867 0.308433 0.247925 3.218880 0.953145
-0.984737 -0.984737 -1.100923 -1.100923 0.316330 0.278020 3.202688 0.947375
-1.004994 -1.004994 -1.579201 -1.579201 0.299702 0.240000 3.218880 0.941786
-0.960579 -0.960579 -1.433872 -1.433872 0.314445 0.283640 3.211771 0.955343
-0.969687 -0.969687 -1.368973 -1.368973 0.308965 0.245842 3.218880 0.948203
-1.002257 -1.002257 -2.093462 -2.093462 0.306002 0.276953 3.218880 0.954022
-0.907934 -0.907934 -1.507750 -1.507750 0.331252 0.269508 3.218880 0.942336
-1.004206 -1.004206 -1.467603 -1.467603 0.315127 0.298786 3.212570 0.957380
-1.027931 -1.027931 -0.960719 -0.960719 0.317263 0.270899 3.218880 0.947208
-1.022343 -1.022343 -1.669285 -1.669285 0.316499 0.280316 3.218880 0.953526
-1.028649 -1.028649 -1.491333 -1.491333 0.306018 0.268243 3.216656 0.949925
-0.984619 -0.984619 -1.935481 -1.935481 0.320199 0.293234 3.218880 0.949742
-1.043506 -1.043506 -1.306533 -1.306533 0.316155 0.295942 3.198925 0.956561
-0.928547 -0.928547 -1.270310 -1.270310 0.318863 0.246706 3.218880 0.944097
-0.964381 -0.964381 -2.004034 -2.004034 0.316050 0.269479 3.218880 0.947613
-0.904586 -0.904586 -1.511149 -1.511149 0.322123 0.257283 3.218880 0.951434
-0.956835 -0.956835 -2.185454 -2.185454 0.311450 0.252053 3.218880 0.945655
-0.917206 -0.917206 -1.473350 -1.473350 0.327807 0.264554 3.218880 0.942058
-0.987400 -0.987400 -1.383123 -1.383123 0.308066 0.244915 3.218880 0.941982
-0.950856 -0.950856 -2.518093 -2.518093 0.316191 0.294385 3.218850 0.942198
-0.947680 -0.947680 -2.492630 -2.492630 0.325947 0.288261 3.218880 0.940869
-0.991651 -0.991651 -1.121540 -1.121540 0.333593 0.301710 3.192487 0.949909
-0.995062 -0.995062 -1.556386 -1.556386 0.304416 0.245664 3.218880 0.944677
-0.928256 -0.928256 -1.584908 -1.584908 0.326131 0.266658 3.218880 0.949682
-0.893838 -0.893838 -2.491263 -2.491263 0.335041 0.288962 3.218880 0.935450
-0.986590 -0.986590 -1.431313 -1.431313 0.320895 0.280424 3.218880 0.946622
-0.971822 -0.971822 -1.618420 -1.618420 0.309177 0.248151 3.218880 0.942762
-0.982307 -0.982307 -1.848149 -1.848149 0.322556 0.294230 3.218880 0.951480
-0.979004 -0.979004 -1.762483 -1.762483 0.310491 0.262199 3.218880 0.948719
-0.982810 -0.982810 -1.199796 -1.199796 0.321634 0.254495 3.218880 0.944158
-0.979191 -0.979191 -1.528912 -1.528912 0.321067 0.273025 3.217539 0.954690
-0.907146 -0.907146 -1.404001 -1.404001 0.323211 0.255588 3.218880 0.949809
-1.017413 -1.017413 -1.901266 -1.901266 0.307457 0.256831 3.218880 0.934011
-1.066155 -1.066155 -1.378834 -1.378834 0.311559 0.302966 3.218880 0.951531
-1.068403 -1.068403 -0.911065 -0.911065 0.300561 0.240000 3.218880 0.947032
-1.000017 -1.000017 -0.855078 -0.855078 0.330341 0.272435 3.218880 0.950224
-0.994140 -0.994140 -1.519488 -1.519488 0.314016 0.276468 3.218697 0.947028
-0.998333 -0.998333 -1.011760 -1.011760 0.317364 0.267088 3.195252 0.948734
-0.977206 -0.977206 -1.658441 -1.658441 0.324622 0.285448 3.218880 0.944536
-0.994925 -0.994925 -1.770883 -1.770883 0.328117 0.326211 3.211033 0.953335
-0.997807 -0.997807 -1.316337 -1.316337 0.302429 0.241085 3.218880 0.941084
-0.963096 -0.963096 -1.511996 -1.511996 0.319026 0.275310 3.218370 0.949914
-0.972126 -0.972126 -2.053354 -2.053354 0.317438 0.290350 3.201219 0.940945
-0.987624 -0.987624 -1.385134 -1.385134 0.321106 0.285424 3.217501 0.953995
-1.060670 -1.060670 -1.146125 -1.146125 0.295682 0.240000 3.218880 0.950606
-1.038820 -1.038820 -0.855862 -0.855862 0.302760 0.242326 3.218880 0.948543
-0.974601 -0.974601 -1.308806 -1.308806 0.303852 0.242333 3.218880 0.945469
-0.976650 -0.976650 -1.158877 -1.158877 0.319350 0.262180 3.213274 0.949681
-0.926709 -0.926709 -2.259756 -2.259756 0.321735 0.277518 3.218816 0.938504
-0.986448 -0.986448 -1.447420 -1.447420 0.327861 0.287352 3.218880 0.946271
-1.036907 -1.036907 -1.317550 -1.317550 0.321559 0.298344 3.209152 0.956795
-1.048706 -1.048706 -1.005567 -1.005567 0.298838 0.240000 3.218880 0.949750
-0.995677 -0.995677 -2.354005 -2.354005 0.310798 0.286686 3.218880 0.950074
-1.046951 -1.046951 -1.127876 -1.127876 0.293700 0.240000 3.218880 0.949172
-0.916309 -0.916309 -1.984675 -1.984675 0.313458 0.251446 3.218880 0.938954
-1.048372 -1.048372 -1.255258 -1.255258 0.297507 0.242746 3.218880 0.950796
-0.977986 -0.977986 -1.390190 -1.390190 0.321406 0.281537 3.218374 0.946359
-1.048492 -1.048492 -0.907107 -0.907107 0.305470 0.241261 3.218880 0.945480
-0.982222 -0.982222 -1.021981 -1.021981 0.334214 0.287267 3.185359 0.938094
-1.046986 -1.046986 -2.170337 -2.170337 0.300537 0.286053 3.218880 0.952362
-0.984066 -0.984066 -1.293315 -1.293315 0.314718 0.273855 3.218880 0.949420
-1.009724 -1.009724 -1.716814 -1.716814 0.312278 0.287997 3.218880 0.953691
-0.981320 -0.981320 -1.118916 -1.118916 0.312813 0.247416 3.218880 0.950135
-1.013305 -1.013305 -0.820392 -0.820392 0.295582 0.240000 3.218880 0.957184
-0.961353 -0.961353 -2.116198 -2.116198 0.324511 0.287424 3.218717 0.947061
-1.066458 -1.066458 -0.969151 -0.969151 0.298851 0.242394 3.218880 0.946968
-0.971528 -0.971528 -1.577939 -1.577939 0.306587 0.244410 3.218845 0.942332
-1.105145 -1.105145 -1.538605 -1.538605 0.298501 0.248791 3.218880 0.935770
-1.027105 -1.027105 -3.324176 -3.324176 0.315508 0.309534 3.218880 0.945188
-1.044749 -1.044749 -1.108722 -1.108722 0.311771 0.257095 3.218880 0.940379
-1.014207 -1.014207 -1.449364 -1.449364 0.318341 0.289520 3.216700 0.953155
-0.986974 -0.986974 -1.128672 -1.128672 0.304414 0.241919 3.218880 0.948595
-0.977569 -0.977569 -1.142206 -1.142206 0.306056 0.242055 3.218880 0.948848
-0.991712 -0.991712 -1.168279 -1.168279 0.317944 0.257242 3.218880 0.946271
-0.962937 -0.962937 -0.904986 -0.904986 0.331941 0.274894 3.218344 0.947283
-0.969910 -0.969910 -1.623393 -1.623393 0.327284 0.299803 3.218880 0.947088
-1.004029 -1.004029 -1.754358 -1.754358 0.304039 0.255960 3.218880 0.937415
-0.956805 -0.956805 -2.336803 -2.336803 0.323236 0.314024 3.218880 0.951202
-0.985514 -0.985514 -1.493029 -1.493029 0.322060 0.284090 3.213108 0.936849
-0.970736 -0.970736 -1.490993 -1.490993 0.331015 0.296976 3.212258 0.943081
-1.019079 -1.019079 -1.180392 -1.180392 0.302875 0.240000 3.218880 0.946906
-0.953225 -0.953225 -1.428357 -1.428357 0.318971 0.253563 3.218880 0.943233
-0.964034 -0.964034 -1.088134 -1.088134 0.336369 0.283498 3.208774 0.940331
-0.998669 -0.998669 -2.238047 -2.238047 0.313473 0.266632 3.218880 0.940358
-1.080148 -1.080148 -1.739946 -1.739946 0.299310 0.288662 3.218880 0.949432
