-0.989845 -0.989845 -0.951395 -0.951395 0.321821 0.290798 3.178857 0.954844
-0.941647 -0.941647 -3.483307 -3.483307 0.318495 0.294272 3.217650 0.949290
-0.905132 -0.905132 -1.542620 -1.542620 0.339215 0.274345 3.218880 0.957314
-0.901664 -0.901664 -1.371240 -1.371240 0.328615 0.267130 3.218880 0.946318
-0.913380 -0.913380 -1.782504 -1.782504 0.318924 0.255133 3.218880 0.947065
-1.024914 -1.024914 -1.436660 -1.436660 0.288939 0.240000 3.218880 0.955559
-1.012914 -1.012914 -1.440674 -1.440674 0.301339 0.242797 3.218880 0.945100
-1.016214 -1.016214 -0.848151 -0.848151 0.320835 0.254857 3.218880 0.948533
-1.022501 -1.022501 -1.441204 -1.441204 0.312964 0.292303 3.213253 0.955530
-1.034693 -1.034693 -0.908072 -0.908072 0.321014 0.289091 3.199894 0.953376
-0.926205 -0.926205 -2.946415 -2.946415 0.326247 0.288209 3.218880 0.951350
-0.921777 -0.921777 -3.053956 -3.053956 0.334566 0.306173 3.218880 0.953749
-0.934793 -0.934793 -2.210199 -2.210199 0.323526 0.292002 3.218880 0.948761
-0.976514 -0.976514 -2.439999 -2.439999 0.320035 0.287055 3.218880 0.942364
-0.943897 -0.943897 -1.639237 -1.639237 0.328554 0.300604 3.218677 0.957705
-0.999485 -0.999485 -1.500050 -1.500050 0.294274 0.240000 3.218880 0.947772
-0.967031 -0.967031 -2.123709 -2.123709 0.318136 0.294170 3.218819 0.949439
-0.951638 -0.951638 -1.147525 -1.147525 0.323322 0.265739 3.218880 0.951482
-0.946940 -0.946940 -1.671695 -1.671695 0.314261 0.255041 3.218880 0.942161
-0.959409 -0.959409 -1.438674 -1.438674 0.321343 0.285995 3.194107 0.945457
-0.978544 -0.978544 -1.158269 -1.158269 0.312160 0.253848 3.218880 0.951227
-0.968279 -0.968279 -1.597281 -1.597281 0.312887 0.260329 3.218880 0.945420
-0.996781 -0.996781 -1.114241 -1.114241 0.326291 0.281896 3.196352 0.954495
-1.055843 -1.055843 -1.228431 -1.228431 0.312668 0.296952 3.204465 0.948012
-0.973631 -0.973631 -1.452412 -1.452412 0.305915 0.241194 3.218880 0.945622
-0.998614 -0.998614 -1.691829 -1.691829 0.309389 0.279941 3.218619 0.957123
-0.966797 -0.966797 -1.831906 -1.831906 0.319985 0.297162 3.218880 0.951555
-1.012657 -1.012657 -1.002395 -1.002395 0.304789 0.240000 3.218880 0.944719
-0.951058 -0.951058 -2.340909 -2.340909 0.324343 0.299381 3.218836 0.945475
-0.967765 -0.967765 -2.086609 -2.086609 0.322999 0.307143 3.202235 0.957979
-1.097717 -1.097717 -0.816924 -0.816924 0.320839 0.286122 3.197016 0.955770
-0.951239 -0.951239 -1.086778 -1.086778 0.308236 0.244868 3.218785 0.955199
-1.001214 -1.001214 -1.084707 -1.084707 0.301064 0.240000 3.218880 0.950174
-0.929665 -0.929665 -1.074441 -1.074441 0.343046 0.279243 3.218880 0.936570
-0.971126 -0.971126 -1.425446 -1.425446 0.320504 0.282313 3.218880 0.963101
-0.955077 -0.955077 -1.444423 -1.444423 0.325014 0.274918 3.218665 0.941979
-0.935795 -0.935795 -2.578637 -2.578637 0.318881 0.263444 3.218880 0.932924
-1.000892 -1.000892 -0.988058 -0.988058 0.304964 0.240195 3.218880 0.949762
-0.958708 -0.958708 -2.150139 -2.150139 0.315142 0.290894 3.218812 0.954428
-1.052538 -1.052538 -1.467857 -1.467857 0.307172 0.289204 3.179019 0.944511
-0.976467 -0.976467 -1.072508 -1.072508 0.307887 0.241367 3.218880 0.946068
-0.932826 -0.932826 -2.159390 -2.159390 0.324018 0.273543 3.218880 0.933425
-0.952568 -0.952568 -1.879074 -1.879074 0.305404 0.242905 3.218880 0.942649
-0.957532 -0.957532 -2.138283 -2.138283 0.329488 0.304265 3.215132 0.950155
-0.896142 -0.896142 -2.200305 -2.200305 0.339344 0.295453 3.218880 0.941225
-0.974226 -0.974226 -1.009658 -1.009658 0.333538 0.291265 3.202156 0.950196
-0.964101 -0.964101 -1.290837 -1.290837 0.321788 0.273600 3.218799 0.958257
-0.880600 -0.880600 -1.985218 -1.985218 0.330429 0.289352 3.218880 0.945861
-0.984155 -0.984155 -2.039529 -2.039529 0.318718 0.282526 3.218880 0.950938
-1.053166 -1.053166 -1.260941 -1.260941 0.311794 0.284620 3.204919 0.948863
-0.940107 -0.940107 -3.288006 -3.288006 0.320358 0.316351 3.209088 0.946047
-1.002059 -1.002059 -1.525349 -1.525349 0.307666 0.248767 3.218880 0.943358
-1.028371 -1.028371 -0.689464 -0.689464 0.300174 0.240000 3.218880 0.952266
-1.001395 -1.001395 -1.043050 -1.043050 0.318832 0.286021 3.206619 0.952100
-1.032397 -1.032397 -0.931674 -0.931674 0.296866 0.240000 3.218880 0.950611
-0.975587 -0.975587 -2.291771 -2.291771 0.310740 0.300795 3.218880 0.961120
-0.932107 -0.932107 -1.418255 -1.418255 0.317566 0.254879 3.218880 0.942840
-1.038660 -1.038660 -1.473851 -1.473851 0.316078 0.292879 3.218880 0.942256
-1.032318 -1.032318 -1.200747 -1.200747 0.319555 0.292486 3.216228 0.955502
-1.030377 -1.030377 -2.123629 -2.123629 0.311805 0.314602 3.218880 0.954631
-1.010515 -1.010515 -1.746747 -1.746747 0.314062 0.298087 3.218880 0.952621
-0.971738 -0.971738 -1.520953 -1.520953 0.327047 0.280646 3.218880 0.948047
-0.965912 -0.965912 -1.012792 -1.012792 0.316421 0.256344 3.218880 0.949682
-1.013882 -1.013882 -0.988746 -0.988746 0.326487 0.291850 3.177464 0.943877
-1.023084 -1.023084 -1.499931 -1.499931 0.309350 0.265333 3.218880 0.944600
-1.025189 -1.025189 -1.581876 -1.581876 0.302947 0.244936 3.218880 0.945940
-0.938804 -0.938804 -1.129787 -1.129787 0.319302 0.250548 3.218880 0.950698
-0.957887 -0.957887 -1.887287 -1.887287 0.324453 0.289237 3.218880 0.939990
-0.992588 -0.992588 -1.695078 -1.695078 0.325643 0.295725 3.217478 0.945284
-0.966996 -0.966996 -1.388025 -1.388025 0.319930 0.278272 3.218181 0.955863
-0.995800 -0.995800 -1.050284 -1.050284 0.330131 0.295719 3.202813 0.952989
-0.997096 -0.997096 -2.282629 -2.282629 0.312586 0.303261 3.218309 0.945607
-0.937184 -0.937184 -1.934106 -1.934106 0.306544 0.246196 3.218880 0.952072
-0.965983 -0.965983 -2.502308 -2.502308 0.315529 0.294649 3.188623 0.941382
-0.961858 -0.961858 -1.139102 -1.139102 0.330001 0.276459 3.218880 0.945462
-0.986292 -0.986292 -1.390186 -1.390186 0.309465 0.254230 3.218880 0.948658
-0.997750 -0.997750 -1.047032 -1.047032 0.325629 0.289283 3.174444 0.944506
-0.999781 -0.999781 -1.059049 -1.059049 0.312697 0.246774 3.218880 0.950510
-1.004336 -1.004336 -0.976680 -0.976680 0.318763 0.253950 3.218880 0.944956
-0.964755 -0.964755 -1.808640 -1.808640 0.298350 0.240000 3.218880 0.945125
-1.028147 -1.028147 -1.101640 -1.101640 0.300173 0.240000 3.218880 0.942262
-0.974374 -0.974374 -2.207050 -2.207050 0.317134 0.294202 3.218880 0.951197
-0.923164 -0.923164 -1.235332 -1.235332 0.325998 0.267010 3.213855 0.950275
-0.948205 -0.948205 -1.895797 -1.895797 0.326020 0.297228 3.214672 0.944360
-0.998186 -0.998186 -1.441210 -1.441210 0.315079 0.277313 3.218880 0.953373
-0.984895 -0.984895 -1.607908 -1.607908 0.308600 0.252723 3.218880 0.948950
-0.995362 -0.995362 -1.361267 -1.361267 0.305240 0.240000 3.218880 0.946769
-1.038889 -1.038889 -1.453854 -1.453854 0.320740 0.313852 3.211647 0.955827
-0.978900 -0.978900 -1.585683 -1.585683 0.318731 0.299712 3.185598 0.944060
-1.000635 -1.000635 -1.538783 -1.538783 0.312290 0.282448 3.218865 0.956794
-1.014259 -1.014259 -1.149284 -1.149284 0.309898 0.245852 3.218880 0.944057
-0.941739 -0.941739 -1.169790 -1.169790 0.320849 0.267446 3.218880 0.954017
-1.050515 -1.050515 -1.218821 -1.218821 0.294077 0.240000 3.218880 0.942987
-0.968553 -0.968553 -1.443090 -1.443090 0.310696 0.246743 3.218880 0.940687
-1.015493 -1.015493 -1.199451 -1.199451 0.320277 0.311569 3.183009 0.955875
-1.013518 -1.013518 -1.197340 -1.197340 0.298011 0.240000 3.218880 0.952031
-0.991029 -0.991029 -1.601779 -1.601779 0.302152 0.240664 3.218880 0.940753
-1.007597 -1.007597 -1.451114 -1.451114 0.306025 0.261307 3.218880 0.957426
-0.904390 -0.904390 -1.669046 -1.669046 0.320939 0.260120 3.218880 0.949672
-0.892466 -0.892466 -2.634388 -2.634388 0.329673 0.281057 3.218880 0.949548
-0.935846 -0.935846 -2.486657 -2.486657 0.329248 0.301189 3.218723 0.937063
-0.979940 -0.979940 -0.931188 -0.931188 0.319361 0.261936 3.196469 0.945942
-0.930772 -0.930772 -1.389599 -1.389599 0.330873 0.279962 3.218880 0.945314
-0.960646 -0.960646 -2.114087 -2.114087 0.312074 0.259150 3.218850 0.942772
-1.011621 -1.011621 -0.792715 -0.792715 0.331070 0.296164 3.201945 0.947587
-0.968746 -0.968746 -2.069737 -2.069737 0.322280 0.287369 3.214350 0.945236
-0.986782 -0.986782 -1.462629 -1.462629 0.292409 0.240012 3.218880 0.953977
-0.991472 -0.991472 -1.170261 -1.170261 0.319154 0.275930 3.218880 0.957704
-0.998036 -0.998036 -1.215234 -1.215234 0.302724 0.240000 3.218880 0.947235
-0.922582 -0.922582 -3.696600 -3.696600 0.325537 0.299922 3.218880 0.942431
-0.988558 -0.988558 -1.347848 -1.347848 0.315592 0.290682 3.218613 0.954724
-0.912258 -0.912258 -1.176182 -1.176182 0.324487 0.253059 3.218880 0.941602
-0.993447 -0.993447 -1.080105 -1.080105 0.309618 0.248600 3.218880 0.956469
-0.938863 -0.938863 -1.585428 -1.585428 0.310416 0.246324 3.218880 0.951250
-0.873527 -0.873527 -2.384501 -2.384501 0.333086 0.281257 3.218880 0.944952
-0.933574 -0.933574 -2.666557 -2.666557 0.320854 0.301643 3.201538 0.950190
-0.985716 -0.985716 -1.920160 -1.920160 0.320629 0.301543 3.218880 0.954032
-0.961887 -0.961887 -1.719864 -1.719864 0.315846 0.260655 3.218880 0.940470
-0.948000 -0.948000 -1.528246 -1.528246 0.328093 0.277747 3.218880 0.946466
-0.981367 -0.981367 -1.709038 -1.709038 0.323180 0.293327 3.217715 0.946557
-1.011357 -1.011357 -0.879253 -0.879253 0.311194 0.245129 3.218880 0.948765
-0.993215 -0.993215 -1.096136 -1.096136 0.310824 0.246154 3.218880 0.946772
-0.954865 -0.954865 -1.504360 -1.504360 0.327110 0.277548 3.218880 0.955676
-1.009678 -1.009678 -2.783126 -2.783126 0.315590 0.307165 3.203839 0.953759
-1.013537 -1.013537 -2.925366 -2.925366 0.305882 0.274910 3.218880 0.947117
-1.106818 -1.106818 -1.642652 -1.642652 0.296827 0.299147 3.191981 0.945958
-1.015670 -1.015670 -1.120123 -1.120123 0.317040 0.263452 3.218880 0.946181
-0.991652 -0.991652 -1.220830 -1.220830 0.306437 0.246576 3.218880 0.949372
-1.010504 -1.010504 -1.154310 -1.154310 0.319591 0.279150 3.218880 0.949545
-1.031979 -1.031979 -1.052190 -1.052190 0.299468 0.240000 3.218880 0.946565
-1.054081 -1.054081 -1.142362 -1.142362 0.299460 0.240000 3.218880 0.946235
-0.958543 -0.958543 -3.619920 -3.619920 0.319561 0.295689 3.218853 0.948466
