-0.946747 -0.946747 -2.332830 -2.332830 0.313952 0.282669 3.218880 0.947799
-0.873404 -0.873404 -3.769319 -3.769319 0.326036 0.289249 3.218880 0.946003
-0.930668 -0.930668 -4.237998 -4.237998 0.329187 0.315282 3.218880 0.949934
-0.958175 -0.958175 -3.759516 -3.759516 0.323962 0.327067 3.186995 0.938420
-0.977902 -0.977902 -2.706839 -2.706839 0.312279 0.277273 3.211672 0.937007
-0.923181 -0.923181 -1.512197 -1.512197 0.330233 0.285057 3.184444 0.942652
-0.950678 -0.950678 -1.258636 -1.258636 0.311147 0.245094 3.218880 0.947354
-0.920889 -0.920889 -1.697269 -1.697269 0.321970 0.272399 3.218880 0.954150
-1.046375 -1.046375 -0.744327 -0.744327 0.310240 0.253477 3.218759 0.951503
-0.957288 -0.957288 -0.998756 -0.998756 0.321304 0.253641 3.218880 0.949328
-0.951436 -0.951436 -1.279260 -1.279260 0.326175 0.283813 3.210962 0.950897
-0.990559 -0.990559 -1.235866 -1.235866 0.316053 0.262259 3.218880 0.948015
-0.939437 -0.939437 -1.345434 -1.345434 0.323547 0.269325 3.218880 0.949070
-0.977569 -0.977569 -1.664607 -1.664607 0.311334 0.252795 3.218880 0.944363
-0.985416 -0.985416 -1.439948 -1.439948 0.311228 0.249524 3.218880 0.942043
-0.950798 -0.950798 -1.707146 -1.707146 0.322749 0.272232 3.218880 0.945365
-1.007508 -1.007508 -1.064719 -1.064719 0.317884 0.264416 3.218880 0.951699
-1.006073 -1.006073 -1.127920 -1.127920 0.322261 0.282620 3.218599 0.947629
-0.973924 -0.973924 -1.066178 -1.066178 0.329171 0.283364 3.218880 0.948918
-0.961036 -0.961036 -2.078709 -2.078709 0.331503 0.308768 3.217044 0.944187
-1.043061 -1.043061 -1.044896 -1.044896 0.302399 0.245470 3.218880 0.953510
-1.016084 -1.016084 -1.145439 -1.145439 0.301566 0.240000 3.218880 0.950810
-1.021720 -1.021720 -1.496834 -1.496834 0.318110 0.288671 3.218880 0.954007
-0.973265 -0.973265 -1.806998 -1.806998 0.316323 0.272382 3.218880 0.947640
-0.953764 -0.953764 -2.088444 -2.088444 0.314704 0.271433 3.218880 0.949864
-0.965775 -0.965775 -1.626718 -1.626718 0.322068 0.281838 3.218880 0.955925
-1.030268 -1.030268 -0.927894 -0.927894 0.303500 0.240000 3.218880 0.949519
-0.974637 -0.974637 -1.492565 -1.492565 0.305725 0.245267 3.218880 0.944717
-1.032239 -1.032239 -1.370415 -1.370415 0.294333 0.243469 3.218880 0.953720
-1.073385 -1.073385 -0.983678 -0.983678 0.290440 0.240000 3.218880 0.949956
-1.039497 -1.039497 -0.951388 -0.951388 0.299086 0.240000 3.218880 0.948999
-1.080826 -1.080826 -0.810955 -0.810955 0.302102 0.240000 3.218880 0.949885
-1.034054 -1.034054 -1.090003 -1.090003 0.305940 0.241810 3.218880 0.942459
-0.942230 -0.942230 -2.285887 -2.285887 0.317941 0.266068 3.218880 0.946634
-0.976933 -0.976933 -1.445697 -1.445697 0.320284 0.290147 3.218880 0.957825
-0.950828 -0.950828 -1.367564 -1.367564 0.323928 0.271125 3.218880 0.954717
-1.000058 -1.000058 -1.059579 -1.059579 0.325166 0.267252 3.218849 0.946617
-0.967865 -0.967865 -1.063518 -1.063518 0.321134 0.267840 3.218880 0.952803
-1.036245 -1.036245 -0.825858 -0.825858 0.307271 0.249907 3.218880 0.962348
-1.015985 -1.015985 -1.339131 -1.339131 0.309144 0.254182 3.218880 0.945716
-0.970863 -0.970863 -1.135318 -1.135318 0.318442 0.256148 3.218880 0.945927
-0.967551 -0.967551 -1.436878 -1.436878 0.303186 0.242958 3.218880 0.948009
-1.018632 -1.018632 -1.599522 -1.599522 0.294696 0.240000 3.218880 0.948755
-0.913896 -0.913896 -2.843897 -2.843897 0.320414 0.279358 3.218880 0.950113
-0.962696 -0.962696 -1.681368 -1.681368 0.320276 0.286325 3.207923 0.955455
-0.915201 -0.915201 -1.919278 -1.919278 0.320048 0.257371 3.218880 0.946034
-1.000724 -1.000724 -1.417507 -1.417507 0.308428 0.258448 3.218880 0.943544
-0.987305 -0.987305 -1.454522 -1.454522 0.323492 0.288029 3.218880 0.950973
-1.035831 -1.035831 -1.832010 -1.832010 0.288948 0.240000 3.218880 0.957430
-1.009105 -1.009105 -1.214249 -1.214249 0.294983 0.240000 3.218880 0.956659
-0.997489 -0.997489 -2.382672 -2.382672 0.315591 0.307859 3.218880 0.945066
-0.989418 -0.989418 -1.427069 -1.427069 0.304017 0.240610 3.218880 0.944065
-0.965323 -0.965323 -1.238176 -1.238176 0.328623 0.275712 3.218880 0.948729
-0.932129 -0.932129 -1.473111 -1.473111 0.334503 0.287947 3.218004 0.944391
-0.973537 -0.973537 -1.489234 -1.489234 0.318750 0.264371 3.218880 0.947089
-0.937644 -0.937644 -1.541257 -1.541257 0.320160 0.258982 3.218880 0.950270
-0.927880 -0.927880 -1.817758 -1.817758 0.336987 0.298610 3.213926 0.944731
-0.979543 -0.979543 -1.196147 -1.196147 0.329103 0.279155 3.218863 0.953337
-1.008241 -1.008241 -0.936824 -0.936824 0.314223 0.252062 3.218880 0.952959
-1.014608 -1.014608 -1.128445 -1.128445 0.309848 0.250504 3.218880 0.947832
-0.993015 -0.993015 -1.402169 -1.402169 0.332724 0.304170 3.218880 0.957451
-0.954010 -0.954010 -1.760190 -1.760190 0.316699 0.267284 3.218880 0.941518
-1.006769 -1.006769 -1.407887 -1.407887 0.314708 0.285805 3.218880 0.954213
-1.056452 -1.056452 -0.807203 -0.807203 0.308985 0.254601 3.218880 0.952781
-0.987306 -0.987306 -1.308187 -1.308187 0.320792 0.274815 3.218880 0.952722
-0.986207 -0.986207 -1.866518 -1.866518 0.315384 0.281932 3.218880 0.952511
-0.992520 -0.992520 -1.147555 -1.147555 0.330076 0.295948 3.206871 0.948697
-0.995482 -0.995482 -1.316724 -1.316724 0.330251 0.295444 3.218082 0.953291
-0.935279 -0.935279 -1.790217 -1.790217 0.317707 0.267738 3.218739 0.948430
-0.941671 -0.941671 -2.313614 -2.313614 0.317811 0.295195 3.217081 0.954678
-1.008649 -1.008649 -2.137724 -2.137724 0.326039 0.310986 3.218880 0.946413
-0.908778 -0.908778 -1.546933 -1.546933 0.330635 0.275457 3.215561 0.956302
-1.005222 -1.005222 -0.976652 -0.976652 0.303250 0.240000 3.218880 0.959604
-0.902500 -0.902500 -1.867644 -1.867644 0.307190 0.245158 3.218880 0.949034
-0.989471 -0.989471 -1.717483 -1.717483 0.296630 0.240248 3.218880 0.946707
-1.024753 -1.024753 -1.216624 -1.216624 0.296893 0.240000 3.218880 0.948221
-0.953678 -0.953678 -1.507128 -1.507128 0.311142 0.249222 3.218880 0.946381
-1.023546 -1.023546 -1.062955 -1.062955 0.299311 0.240000 3.218880 0.947990
-0.987155 -0.987155 -0.988899 -0.988899 0.302914 0.240000 3.218880 0.955700
-1.036994 -1.036994 -0.891765 -0.891765 0.305743 0.240834 3.218880 0.946253
-0.915882 -0.915882 -1.243961 -1.243961 0.326060 0.267781 3.213384 0.955956
-1.004433 -1.004433 -1.321322 -1.321322 0.316300 0.277633 3.207702 0.942743
-0.970056 -0.970056 -1.977718 -1.977718 0.324290 0.295031 3.218880 0.948805
-0.946634 -0.946634 -2.436019 -2.436019 0.324060 0.285329 3.218825 0.942859
-0.919703 -0.919703 -1.864657 -1.864657 0.323831 0.271739 3.218880 0.943512
-1.039923 -1.039923 -0.896416 -0.896416 0.309521 0.243235 3.218880 0.946705
-0.909858 -0.909858 -2.806293 -2.806293 0.305429 0.245097 3.218880 0.945187
-0.941687 -0.941687 -1.904588 -1.904588 0.332462 0.293837 3.218880 0.945903
-0.960731 -0.960731 -1.702850 -1.702850 0.302251 0.243565 3.218880 0.950400
-0.987991 -0.987991 -0.926008 -0.926008 0.318473 0.254626 3.218880 0.949832
-0.948971 -0.948971 -2.103254 -2.103254 0.310431 0.252166 3.218880 0.941147
-0.958940 -0.958940 -1.308500 -1.308500 0.325185 0.282546 3.217133 0.949773
-0.994603 -0.994603 -2.879124 -2.879124 0.308810 0.302535 3.218880 0.951294
-1.041465 -1.041465 -0.852902 -0.852902 0.309259 0.248525 3.218880 0.946450
-0.985287 -0.985287 -1.639942 -1.639942 0.313853 0.260890 3.218880 0.950456
-0.971816 -0.971816 -1.170328 -1.170328 0.314169 0.248608 3.218880 0.952345
-0.925058 -0.925058 -1.163540 -1.163540 0.337040 0.276113 3.218880 0.938099
-0.986728 -0.986728 -1.225789 -1.225789 0.332150 0.283599 3.140883 0.934872
-1.012380 -1.012380 -0.922266 -0.922266 0.316645 0.264091 3.218880 0.947895
-0.958485 -0.958485 -1.718449 -1.718449 0.312884 0.258247 3.218880 0.945670
-0.940226 -0.940226 -2.550315 -2.550315 0.325179 0.300029 3.218880 0.950747
-1.014826 -1.014826 -1.266101 -1.266101 0.313973 0.294799 3.200041 0.947575
-1.005626 -1.005626 -1.522242 -1.522242 0.295218 0.240000 3.218880 0.949312
-0.997860 -0.997860 -1.035507 -1.035507 0.326781 0.279417 3.218880 0.947497
-0.986836 -0.986836 -1.148380 -1.148380 0.316705 0.260079 3.218880 0.951894
-1.040380 -1.040380 -1.522512 -1.522512 0.312926 0.310319 3.195033 0.957187
-0.941423 -0.941423 -1.373751 -1.373751 0.324628 0.261006 3.218880 0.952732
-1.019393 -1.019393 -2.093210 -2.093210 0.310254 0.280783 3.218880 0.939640
-0.960601 -0.960601 -1.001409 -1.001409 0.320594 0.255935 3.218880 0.957601
-1.032483 -1.032483 -0.889750 -0.889750 0.319668 0.264300 3.218880 0.948341
-1.056856 -1.056856 -1.058007 -1.058007 0.296143 0.240000 3.218880 0.955591
-1.094197 -1.094197 -1.417343 -1.417343 0.295845 0.298112 3.204414 0.949100
-1.043688 -1.043688 -0.617597 -0.617597 0.304905 0.240079 3.218880 0.953112
-1.010676 -1.010676 -1.380140 -1.380140 0.302255 0.242178 3.218880 0.939055
-0.950255 -0.950255 -1.891838 -1.891838 0.318873 0.265164 3.218880 0.943841
-0.910937 -0.910937 -2.671243 -2.671243 0.326453 0.295451 3.218880 0.948768
-0.993346 -0.993346 -1.439008 -1.439008 0.307620 0.264522 3.218203 0.953449
-0.931570 -0.931570 -1.168170 -1.168170 0.333158 0.277260 3.218709 0.947748
-0.979313 -0.979313 -0.897232 -0.897232 0.322936 0.249899 3.218880 0.939747
-0.986426 -0.986426 -0.803485 -0.803485 0.317394 0.250504 3.218880 0.950821
-1.017140 -1.017140 -1.033126 -1.033126 0.309918 0.254104 3.218880 0.951353
-1.019221 -1.019221 -1.685741 -1.685741 0.312966 0.283270 3.218880 0.957847
-0.956852 -0.956852 -1.489853 -1.489853 0.321049 0.270941 3.217566 0.947822
-0.948486 -0.948486 -1.504962 -1.504962 0.313281 0.253599 3.218880 0.946408
-0.994504 -0.994504 -1.804190 -1.804190 0.294093 0.240000 3.218880 0.945353
-0.978171 -0.978171 -1.389093 -1.389093 0.299239 0.240000 3.218880 0.952325
-1.000774 -1.000774 -1.228737 -1.228737 0.317571 0.257988 3.218880 0.945771
-1.023486 -1.023486 -0.590818 -0.590818 0.307905 0.240018 3.218880 0.954535
-0.954430 -0.954430 -1.776797 -1.776797 0.311631 0.250460 3.218840 0.952133
-1.084018 -1.084018 -1.122105 -1.122105 0.289141 0.240000 3.218880 0.946936
-0.929302 -0.929302 -2.180100 -2.180100 0.335181 0.298502 3.218880 0.940526
-0.940680 -0.940680 -1.213167 -1.213167 0.333970 0.272732 3.213999 0.939780
-0.979512 -0.979512 -1.271336 -1.271336 0.330871 0.292740 3.212486 0.956558
