-0.937231 -0.937231 -1.874375 -1.874375 0.324864 0.274316 3.218880 0.945158
-0.967510 -0.967510 -2.155157 -2.155157 0.321527 0.309309 3.174074 0.936333
-0.922250 -0.922250 -2.327401 -2.327401 0.329949 0.296261 3.206588 0.946115
-0.956411 -0.956411 -2.496741 -2.496741 0.317776 0.285944 3.214523 0.945426
-0.956104 -0.956104 -1.405030 -1.405030 0.307994 0.242722 3.218880 0.946471
-1.011616 -1.011616 -1.138547 -1.138547 0.312719 0.284839 3.193024 0.955551
-1.008085 -1.008085 -1.708203 -1.708203 0.311494 0.280689 3.218880 0.954066
-0.918356 -0.918356 -2.448021 -2.448021 0.323013 0.290593 3.218781 0.944543
-0.959134 -0.959134 -1.478415 -1.478415 0.314455 0.250737 3.218880 0.942019
-1.015748 -1.015748 -1.164479 -1.164479 0.322625 0.304931 3.209349 0.948344
-1.040889 -1.040889 -1.226730 -1.226730 0.295976 0.240000 3.218880 0.950820
-0.983818 -0.983818 -1.556709 -1.556709 0.316992 0.280940 3.209726 0.948248
-0.957876 -0.957876 -1.528601 -1.528601 0.325259 0.288838 3.214100 0.950916
-1.015637 -1.015637 -3.143826 -3.143826 0.290625 0.247839 3.218880 0.948929
-0.956795 -0.956795 -0.990161 -0.990161 0.318528 0.252301 3.218777 0.950411
-1.004119 -1.004119 -1.830502 -1.830502 0.317189 0.302794 3.218880 0.945204
-1.017537 -1.017537 -1.429942 -1.429942 0.324493 0.305582 3.217266 0.952714
-1.060083 -1.060083 -1.688149 -1.688149 0.302849 0.275447 3.218880 0.945595
-0.960481 -0.960481 -1.851420 -1.851420 0.337573 0.320916 3.215974 0.947113
-0.986917 -0.986917 -1.969472 -1.969472 0.317240 0.275993 3.218880 0.957791
-0.949845 -0.949845 -1.419228 -1.419228 0.318192 0.256106 3.218880 0.945515
-0.990078 -0.990078 -1.248852 -1.248852 0.315980 0.269485 3.218880 0.956432
-1.040360 -1.040360 -1.091054 -1.091054 0.300609 0.240003 3.218880 0.948125
-1.051475 -1.051475 -1.318651 -1.318651 0.310897 0.286526 3.218880 0.950891
-0.992180 -0.992180 -1.189379 -1.189379 0.322580 0.284259 3.218880 0.953980
-0.990373 -0.990373 -1.094014 -1.094014 0.312115 0.246947 3.218880 0.948562
-0.995550 -0.995550 -1.369603 -1.369603 0.326243 0.288729 3.218880 0.943696
-0.995908 -0.995908 -1.207660 -1.207660 0.303320 0.244651 3.218880 0.961987
-0.980030 -0.980030 -0.804212 -0.804212 0.316468 0.250731 3.218880 0.949496
-0.957151 -0.957151 -1.254928 -1.254928 0.334570 0.293947 3.218827 0.947947
-0.990747 -0.990747 -0.797177 -0.797177 0.332398 0.295901 3.140640 0.948383
-1.068670 -1.068670 -0.937851 -0.937851 0.311958 0.265867 3.218880 0.952660
-1.027102 -1.027102 -1.254097 -1.254097 0.320718 0.268304 3.218880 0.940044
-1.017085 -1.017085 -1.475318 -1.475318 0.320449 0.286001 3.218557 0.948636
-0.986543 -0.986543 -1.703148 -1.703148 0.322593 0.286367 3.218880 0.948609
-1.036798 -1.036798 -0.940463 -0.940463 0.305479 0.242395 3.218880 0.950183
-0.941949 -0.941949 -1.720263 -1.720263 0.324012 0.287649 3.218880 0.952078
-0.999517 -0.999517 -1.184206 -1.184206 0.316216 0.269254 3.218880 0.942709
-0.974690 -0.974690 -1.588558 -1.588558 0.329642 0.284934 3.218880 0.943555
-0.950564 -0.950564 -1.710502 -1.710502 0.315260 0.258529 3.218880 0.946980
-1.002727 -1.002727 -2.005867 -2.005867 0.310753 0.272070 3.218880 0.946457
-0.982262 -0.982262 -1.797756 -1.797756 0.326908 0.289277 3.218880 0.943316
-1.020400 -1.020400 -1.741726 -1.741726 0.317204 0.300774 3.210726 0.959291
-0.982479 -0.982479 -1.009674 -1.009674 0.310601 0.243678 3.218880 0.949821
-1.058156 -1.058156 -1.289643 -1.289643 0.307793 0.296375 3.218880 0.954834
-1.033950 -1.033950 -1.037176 -1.037176 0.309530 0.252585 3.218880 0.949156
-1.044023 -1.044023 -1.200861 -1.200861 0.313372 0.297795 3.209210 0.956734
-0.930031 -0.930031 -2.256543 -2.256543 0.329541 0.282175 3.218880 0.940555
-1.015661 -1.015661 -1.374970 -1.374970 0.302209 0.240000 3.218880 0.944718
-0.982986 -0.982986 -1.748890 -1.748890 0.303395 0.252431 3.218880 0.953180
-0.990920 -0.990920 -0.957553 -0.957553 0.325733 0.299259 3.164746 0.955648
-0.971181 -0.971181 -1.971734 -1.971734 0.318189 0.285401 3.218880 0.945327
-0.986772 -0.986772 -0.815698 -0.815698 0.326860 0.271275 3.177908 0.953934
-0.951736 -0.951736 -1.186685 -1.186685 0.309486 0.242618 3.218880 0.949887
-0.928342 -0.928342 -1.590587 -1.590587 0.330487 0.286486 3.218880 0.943382
-0.933535 -0.933535 -1.005388 -1.005388 0.328875 0.264024 3.218880 0.945907
-1.024325 -1.024325 -1.389126 -1.389126 0.317656 0.295711 3.214923 0.954612
-0.944090 -0.944090 -2.106458 -2.106458 0.311220 0.255540 3.218880 0.951976
-1.033907 -1.033907 -1.180932 -1.180932 0.325253 0.308917 3.212829 0.949353
-1.031940 -1.031940 -1.160503 -1.160503 0.323648 0.301096 3.180186 0.948171
-1.024926 -1.024926 -2.065297 -2.065297 0.288471 0.241389 3.218880 0.951573
-0.968895 -0.968895 -2.146574 -2.146574 0.302805 0.243496 3.218880 0.944579
-0.981136 -0.981136 -2.090438 -2.090438 0.314969 0.287213 3.218880 0.947866
-1.028071 -1.028071 -0.943736 -0.943736 0.312341 0.260059 3.218880 0.949044
-1.035854 -1.035854 -0.858980 -0.858980 0.315503 0.266246 3.218880 0.961646
-1.009165 -1.009165 -1.353143 -1.353143 0.327754 0.317917 3.216184 0.949439
-1.089526 -1.089526 -0.928983 -0.928983 0.294065 0.240000 3.218880 0.947302
-1.033606 -1.033606 -1.271586 -1.271586 0.315972 0.294961 3.218860 0.951643
-0.969463 -0.969463 -1.273603 -1.273603 0.313130 0.251315 3.218880 0.952686
-0.980146 -0.980146 -1.078019 -1.078019 0.313113 0.245239 3.218880 0.948175
-1.041888 -1.041888 -1.459794 -1.459794 0.316753 0.306220 3.191911 0.954329
-1.014226 -1.014226 -2.168818 -2.168818 0.308934 0.304995 3.214498 0.938289
-0.955684 -0.955684 -1.501886 -1.501886 0.300099 0.240000 3.218880 0.951848
-0.978435 -0.978435 -1.925445 -1.925445 0.296560 0.240000 3.218880 0.944948
-0.982928 -0.982928 -1.281241 -1.281241 0.298326 0.240000 3.218880 0.954776
-1.026210 -1.026210 -1.561183 -1.561183 0.295290 0.240000 3.218880 0.946193
-0.958650 -0.958650 -2.620922 -2.620922 0.319881 0.293006 3.218880 0.949090
-0.903468 -0.903468 -1.622830 -1.622830 0.329622 0.276925 3.218880 0.954045
-0.982057 -0.982057 -1.615292 -1.615292 0.321076 0.288007 3.218880 0.951136
-1.031960 -1.031960 -1.868588 -1.868588 0.312370 0.300292 3.218880 0.948194
-0.975306 -0.975306 -1.210714 -1.210714 0.325143 0.292383 3.217376 0.955509
-0.999056 -0.999056 -1.047683 -1.047683 0.334172 0.303873 3.190826 0.952620
-1.077101 -1.077101 -0.814865 -0.814865 0.298671 0.240000 3.218880 0.946655
-1.082027 -1.082027 -1.196875 -1.196875 0.308405 0.280239 3.218880 0.949749
-0.996007 -0.996007 -0.830422 -0.830422 0.323312 0.266638 3.211200 0.951185
-0.968998 -0.968998 -1.097931 -1.097931 0.306776 0.241586 3.218880 0.951556
-0.966052 -0.966052 -1.001559 -1.001559 0.319532 0.253215 3.218880 0.948605
-1.077862 -1.077862 -0.804245 -0.804245 0.297270 0.240000 3.218880 0.951537
-0.978029 -0.978029 -1.526896 -1.526896 0.321936 0.297184 3.218880 0.954575
-0.928541 -0.928541 -1.629419 -1.629419 0.332921 0.282727 3.218880 0.947415
-0.963462 -0.963462 -0.997274 -0.997274 0.330757 0.282450 3.218880 0.951770
-0.947827 -0.947827 -1.253450 -1.253450 0.312605 0.244967 3.218880 0.946296
-0.996262 -0.996262 -1.025626 -1.025626 0.329372 0.282209 3.217241 0.952868
-0.961806 -0.961806 -1.998298 -1.998298 0.316452 0.278514 3.218880 0.947797
-0.944544 -0.944544 -2.475502 -2.475502 0.322457 0.292370 3.218880 0.946244
-0.952229 -0.952229 -3.028167 -3.028167 0.314319 0.296899 3.208521 0.946680
-0.964379 -0.964379 -2.026230 -2.026230 0.315241 0.280801 3.206063 0.951564
-1.016873 -1.016873 -1.572478 -1.572478 0.296869 0.240000 3.218880 0.944993
-0.954452 -0.954452 -1.064220 -1.064220 0.318234 0.252769 3.218880 0.949893
-0.961873 -0.961873 -2.151430 -2.151430 0.316550 0.306852 3.218880 0.952308
-0.983960 -0.983960 -1.509280 -1.509280 0.310782 0.270050 3.218880 0.937144
-0.988392 -0.988392 -1.336247 -1.336247 0.314617 0.268052 3.218880 0.950584
-0.990692 -0.990692 -1.075711 -1.075711 0.324370 0.273316 3.215168 0.957245
-0.996631 -0.996631 -1.114048 -1.114048 0.301611 0.240000 3.218880 0.950503
-1.056086 -1.056086 -0.763389 -0.763389 0.315156 0.264746 3.218880 0.956030
-1.005591 -1.005591 -1.450888 -1.450888 0.329810 0.302318 3.218880 0.945727
-1.007855 -1.007855 -1.876772 -1.876772 0.303808 0.246767 3.218880 0.942594
-0.965380 -0.965380 -0.979574 -0.979574 0.326033 0.261607 3.218880 0.945525
-1.043035 -1.043035 -0.753340 -0.753340 0.318838 0.272419 3.215186 0.950196
-0.929927 -0.929927 -2.551089 -2.551089 0.320896 0.268380 3.218880 0.944405
-0.948115 -0.948115 -3.121261 -3.121261 0.329610 0.310111 3.218247 0.941316
-0.912761 -0.912761 -1.253586 -1.253586 0.320525 0.257167 3.218880 0.951538
-0.947157 -0.947157 -1.619266 -1.619266 0.326369 0.281936 3.218880 0.942034
-0.970091 -0.970091 -1.418339 -1.418339 0.316885 0.256757 3.218880 0.948787
-0.924822 -0.924822 -1.520488 -1.520488 0.326877 0.272386 3.218880 0.949990
-0.969256 -0.969256 -2.544827 -2.544827 0.317170 0.294817 3.218880 0.957158
-0.905896 -0.905896 -2.875194 -2.875194 0.322263 0.281579 3.218880 0.945678
-1.009456 -1.009456 -1.036395 -1.036395 0.309261 0.247324 3.218880 0.949778
-1.004764 -1.004764 -3.330471 -3.330471 0.306477 0.284004 3.218880 0.948401
-0.947308 -0.947308 -3.765121 -3.765121 0.319810 0.317807 3.218880 0.955657
-0.932264 -0.932264 -4.775787 -4.775787 0.316504 0.281106 3.218880 0.933783
-0.919277 -0.919277 -2.409538 -2.409538 0.326540 0.278569 3.218630 0.946419
-0.936578 -0.936578 -2.558031 -2.558031 0.330130 0.314325 3.218880 0.943404
-0.976861 -0.976861 -0.916290 -0.916290 0.326137 0.270585 3.212177 0.948076
-0.903054 -0.903054 -1.085047 -1.085047 0.331434 0.261247 3.218880 0.948344
-1.034652 -1.034652 -0.967551 -0.967551 0.307235 0.246500 3.218880 0.948490
-1.058454 -1.058454 -0.687757 -0.687757 0.300255 0.240019 3.218880 0.948121
-0.963937 -0.963937 -2.482273 -2.482273 0.317559 0.310406 3.194269 0.943689
-1.039924 -1.039924 -1.180459 -1.180459 0.316854 0.287998 3.218880 0.951009
-1.040713 -1.040713 -1.097464 -1.097464 0.304765 0.246667 3.218880 0.949098
-0.967563 -0.967563 -1.364837 -1.364837 0.321690 0.275818 3.218880 0.940834
-0.985208 -0.985208 -1.312436 -1.312436 0.308242 0.249675 3.218880 0.953045
