-1.031014 -1.031014 -1.102403 -1.102403 0.298797 0.240000 3.218880 0.948129
-0.961437 -0.961437 -1.597042 -1.597042 0.308848 0.244496 3.218880 0.937891
-1.004112 -1.004112 -1.636140 -1.636140 0.321713 0.296021 3.218711 0.954006
-0.920951 -0.920951 -1.902623 -1.902623 0.322726 0.260425 3.218880 0.941354
-1.052024 -1.052024 -0.813401 -0.813401 0.306093 0.240000 3.218880 0.951079
-0.881843 -0.881843 -1.425512 -1.425512 0.336463 0.273053 3.218880 0.943770
-0.969243 -0.969243 -2.302291 -2.302291 0.309060 0.268378 3.218802 0.946376
-1.072304 -1.072304 -1.672370 -1.672370 0.291345 0.240380 3.218880 0.945782
-1.015757 -1.015757 -1.155795 -1.155795 0.305244 0.249124 3.218880 0.950463
-1.067385 -1.067385 -1.116646 -1.116646 0.292525 0.240000 3.218880 0.957094
-1.083535 -1.083535 -0.608661 -0.608661 0.301513 0.240000 3.218880 0.950508
-0.945261 -0.945261 -2.537552 -2.537552 0.315290 0.267294 3.218617 0.949115
-0.886942 -0.886942 -2.839182 -2.839182 0.312152 0.253388 3.218880 0.948195
-1.095858 -1.095858 -0.962369 -0.962369 0.293404 0.240512 3.218880 0.950299
-0.984597 -0.984597 -1.439337 -1.439337 0.318983 0.284585 3.216529 0.955732
-0.945684 -0.945684 -1.446284 -1.446284 0.310668 0.245671 3.218880 0.947945
-1.006062 -1.006062 -0.840550 -0.840550 0.324371 0.252621 3.218880 0.943661
-0.989535 -0.989535 -1.796192 -1.796192 0.330679 0.312245 3.218880 0.942052
-1.037170 -1.037170 -1.164734 -1.164734 0.322694 0.282072 3.218880 0.942315
-1.145106 -1.145106 -0.646564 -0.646564 0.292650 0.240000 3.218880 0.945792
-1.023837 -1.023837 -0.822423 -0.822423 0.319912 0.265677 3.218403 0.952543
-1.052324 -1.052324 -0.800770 -0.800770 0.295409 0.240000 3.218880 0.954863
-0.934767 -0.934767 -2.595909 -2.595909 0.326208 0.296116 3.218880 0.939371
-0.935187 -0.935187 -2.365696 -2.365696 0.325058 0.296243 3.218880 0.940561
-1.012495 -1.012495 -0.945463 -0.945463 0.299820 0.240000 3.218880 0.948892
-0.893991 -0.893991 -1.620177 -1.620177 0.343537 0.294617 3.218825 0.945353
-0.938683 -0.938683 -1.192886 -1.192886 0.314220 0.247684 3.218880 0.946264
-0.926663 -0.926663 -1.419513 -1.419513 0.321538 0.265552 3.218880 0.954954
-0.961354 -0.961354 -1.305063 -1.305063 0.311315 0.248598 3.218880 0.949392
-0.980081 -0.980081 -1.086970 -1.086970 0.319288 0.252291 3.218844 0.942975
-0.968762 -0.968762 -1.480811 -1.480811 0.322117 0.269212 3.218880 0.946159
-1.020212 -1.020212 -1.353098 -1.353098 0.298586 0.240027 3.218880 0.948054
-1.051087 -1.051087 -1.076827 -1.076827 0.310294 0.263795 3.218880 0.957691
-0.962899 -0.962899 -1.081039 -1.081039 0.313174 0.248358 3.218880 0.945642
-0.975077 -0.975077 -1.113509 -1.113509 0.316517 0.261361 3.218698 0.948795
-0.964493 -0.964493 -1.310079 -1.310079 0.320763 0.254285 3.218880 0.943086
-0.947349 -0.947349 -3.020212 -3.020212 0.318057 0.296643 3.218880 0.945511
-0.970148 -0.970148 -1.400975 -1.400975 0.313206 0.256727 3.218880 0.944184
-1.020266 -1.020266 -1.287574 -1.287574 0.303448 0.244288 3.218880 0.948949
-0.976171 -0.976171 -2.024748 -2.024748 0.326951 0.315685 3.218860 0.947739
-1.028667 -1.028667 -1.114298 -1.114298 0.290080 0.240000 3.218880 0.958277
-0.922392 -0.922392 -1.481412 -1.481412 0.318797 0.255371 3.217167 0.944718
-0.909227 -0.909227 -1.167473 -1.167473 0.325912 0.257234 3.218880 0.951445
-0.922109 -0.922109 -1.331256 -1.331256 0.329259 0.268208 3.218880 0.946343
-0.964234 -0.964234 -2.663002 -2.663002 0.318993 0.314087 3.184551 0.949111
-1.041789 -1.041789 -1.345427 -1.345427 0.300395 0.262683 3.218880 0.954161
-1.053765 -1.053765 -1.016807 -1.016807 0.296281 0.240000 3.218880 0.944274
-1.052235 -1.052235 -0.874729 -0.874729 0.301759 0.240000 3.218880 0.945420
-1.075011 -1.075011 -0.854686 -0.854686 0.297262 0.240000 3.218880 0.945631
-1.045805 -1.045805 -0.986937 -0.986937 0.294640 0.240000 3.218880 0.954838
-1.022083 -1.022083 -0.896153 -0.896153 0.305397 0.241027 3.218880 0.952258
-1.011055 -1.011055 -1.440712 -1.440712 0.314127 0.272796 3.217088 0.947043
-1.009365 -1.009365 -1.276216 -1.276216 0.331109 0.315592 3.191128 0.954886
-0.990363 -0.990363 -1.093321 -1.093321 0.315823 0.259083 3.218747 0.948735
-0.967458 -0.967458 -2.387948 -2.387948 0.321792 0.310621 3.210952 0.952161
-1.013982 -1.013982 -1.052473 -1.052473 0.310868 0.243234 3.218880 0.938917
-1.006973 -1.006973 -1.186261 -1.186261 0.320340 0.271099 3.218880 0.954954
-1.005759 -1.005759 -1.043143 -1.043143 0.303598 0.240000 3.218880 0.949289
-0.991370 -0.991370 -1.232227 -1.232227 0.307852 0.255140 3.218880 0.953359
-0.979170 -0.979170 -1.245903 -1.245903 0.317611 0.263061 3.218880 0.947955
-0.927218 -0.927218 -1.473814 -1.473814 0.316320 0.260245 3.218880 0.949763
-0.959948 -0.959948 -1.858568 -1.858568 0.321872 0.282538 3.218880 0.953009
-0.966104 -0.966104 -3.095367 -3.095367 0.322326 0.319624 3.205886 0.951127
-1.070996 -1.070996 -0.896698 -0.896698 0.293797 0.240000 3.218880 0.952486
-1.029081 -1.029081 -1.264433 -1.264433 0.301273 0.242661 3.218880 0.955131
-0.961687 -0.961687 -2.256813 -2.256813 0.318043 0.285924 3.218750 0.948306
-0.931691 -0.931691 -1.025265 -1.025265 0.326385 0.257754 3.218880 0.944230
-0.950360 -0.950360 -1.175965 -1.175965 0.315862 0.251037 3.218880 0.944381
-0.956634 -0.956634 -1.548700 -1.548700 0.314828 0.266401 3.218880 0.950981
-0.984914 -0.984914 -1.112400 -1.112400 0.305207 0.243256 3.218880 0.952892
-0.950251 -0.950251 -1.693895 -1.693895 0.307429 0.243551 3.218880 0.943136
-0.992431 -0.992431 -2.352880 -2.352880 0.315726 0.302876 3.218880 0.951559
-0.959910 -0.959910 -1.289382 -1.289382 0.327892 0.282079 3.218880 0.948202
-0.980987 -0.980987 -1.278225 -1.278225 0.327169 0.296316 3.218102 0.957080
-0.936247 -0.936247 -1.707102 -1.707102 0.312799 0.247789 3.218880 0.945354
-0.948939 -0.948939 -1.680469 -1.680469 0.328467 0.286073 3.216897 0.947997
-0.936297 -0.936297 -1.443677 -1.443677 0.332720 0.282153 3.218880 0.952967
-0.952007 -0.952007 -1.181235 -1.181235 0.330809 0.278694 3.211074 0.945956
-1.078832 -1.078832 -0.629352 -0.629352 0.301355 0.240000 3.218880 0.942874
-0.992935 -0.992935 -1.363353 -1.363353 0.320116 0.284997 3.212267 0.945580
-1.029630 -1.029630 -1.348141 -1.348141 0.311830 0.288445 3.218880 0.954263
-1.006894 -1.006894 -1.041817 -1.041817 0.312115 0.249793 3.218880 0.946986
-1.051033 -1.051033 -0.966760 -0.966760 0.326770 0.294390 3.218880 0.950441
-0.927225 -0.927225 -1.726639 -1.726639 0.321688 0.263494 3.218880 0.946538
-0.942162 -0.942162 -2.335611 -2.335611 0.324985 0.278269 3.218880 0.947393
-0.956564 -0.956564 -1.381239 -1.381239 0.315531 0.253123 3.218880 0.948450
-1.002500 -1.002500 -1.340637 -1.340637 0.306427 0.245749 3.218880 0.948777
-0.942992 -0.942992 -1.587010 -1.587010 0.318541 0.259749 3.218880 0.945281
-0.938714 -0.938714 -1.277348 -1.277348 0.331083 0.271403 3.218880 0.948758
-0.983221 -0.983221 -1.131290 -1.131290 0.309158 0.249212 3.218880 0.953550
-0.928733 -0.928733 -1.102416 -1.102416 0.326049 0.260509 3.218880 0.950228
-0.949826 -0.949826 -1.158257 -1.158257 0.313204 0.246393 3.218880 0.952013
-1.020282 -1.020282 -1.517301 -1.517301 0.318045 0.280704 3.218880 0.947343
-0.968291 -0.968291 -1.884957 -1.884957 0.324988 0.292566 3.218880 0.947276
-1.003389 -1.003389 -1.152241 -1.152241 0.312339 0.262312 3.218880 0.945022
-0.968324 -0.968324 -1.107832 -1.107832 0.323023 0.253476 3.218880 0.949453
-1.079233 -1.079233 -1.367263 -1.367263 0.300009 0.274415 3.218880 0.944806
-0.991789 -0.991789 -1.077926 -1.077926 0.325138 0.286661 3.192084 0.942658
-0.993011 -0.993011 -1.732736 -1.732736 0.315745 0.272228 3.218880 0.940940
-1.035456 -1.035456 -1.010650 -1.010650 0.301724 0.240000 3.218880 0.952078
-0.972760 -0.972760 -1.570214 -1.570214 0.329638 0.309568 3.207502 0.950604
-1.008147 -1.008147 -1.118709 -1.118709 0.300737 0.240000 3.218880 0.947231
-0.990044 -0.990044 -1.628046 -1.628046 0.307478 0.247285 3.218880 0.949844
-1.035438 -1.035438 -0.931313 -0.931313 0.308381 0.244756 3.218880 0.950269
-0.990260 -0.990260 -3.005238 -3.005238 0.315263 0.312166 3.218880 0.949022
-0.962787 -0.962787 -4.274133 -4.274133 0.318497 0.293805 3.218880 0.936990
-0.955152 -0.955152 -3.387938 -3.387938 0.319647 0.294464 3.218880 0.949519
-0.945271 -0.945271 -2.305847 -2.305847 0.324327 0.300325 3.218880 0.947176
-1.064344 -1.064344 -1.284976 -1.284976 0.287913 0.240000 3.218880 0.951530
-1.040068 -1.040068 -0.850675 -0.850675 0.293278 0.240000 3.218880 0.962712
-1.008438 -1.008438 -1.271085 -1.271085 0.291096 0.240000 3.218880 0.955212
-1.007432 -1.007432 -1.639544 -1.639544 0.318405 0.292717 3.218045 0.947961
-0.984937 -0.984937 -1.123256 -1.123256 0.320066 0.266244 3.218880 0.951704
-0.919842 -0.919842 -1.079591 -1.079591 0.337710 0.280833 3.218880 0.947357
-1.033580 -1.033580 -2.027581 -2.027581 0.312323 0.303326 3.218880 0.954743
-0.908635 -0.908635 -3.372772 -3.372772 0.324388 0.314472 3.218880 0.946336
-0.980638 -0.980638 -2.605387 -2.605387 0.318747 0.313207 3.218880 0.949419
-0.933137 -0.933137 -1.380041 -1.380041 0.320950 0.251757 3.218880 0.941038
-1.014286 -1.014286 -1.321191 -1.321191 0.325100 0.306443 3.218039 0.943459
-1.019720 -1.019720 -1.064254 -1.064254 0.313602 0.251006 3.218880 0.946085
-1.041400 -1.041400 -1.159463 -1.159463 0.305299 0.242282 3.218880 0.937155
-1.054399 -1.054399 -2.028921 -2.028921 0.320024 0.310463 3.217741 0.953026
-0.968313 -0.968313 -1.407566 -1.407566 0.301970 0.240000 3.218880 0.954131
-1.022781 -1.022781 -0.834489 -0.834489 0.322260 0.271227 3.203777 0.953085
-1.031430 -1.031430 -1.046656 -1.046656 0.307335 0.246594 3.218880 0.948965
-1.003165 -1.003165 -1.556580 -1.556580 0.300666 0.240000 3.218880 0.944309
-0.995453 -0.995453 -1.419197 -1.419197 0.317052 0.284260 3.218658 0.948377
-0.973674 -0.973674 -2.856341 -2.856341 0.316866 0.298329 3.218880 0.949823
-0.958363 -0.958363 -1.145380 -1.145380 0.330454 0.270958 3.218880 0.942076
-0.976693 -0.976693 -1.321106 -1.321106 0.299405 0.240000 3.218880 0.950900
-0.982009 -0.982009 -1.992070 -1.992070 0.329313 0.305273 3.218880 0.954752
-0.944496 -0.944496 -1.247151 -1.247151 0.325454 0.263939 3.218880 0.942073
