-1.015532 -1.015532 -1.571949 -1.571949 0.316229 0.273765 3.218880 0.949248
-0.922404 -0.922404 -2.078099 -2.078099 0.313533 0.252366 3.218880 0.946311
-0.986142 -0.986142 -1.409514 -1.409514 0.329749 0.295800 3.218880 0.954282
-0.971817 -0.971817 -1.288458 -1.288458 0.321197 0.273254 3.218273 0.948584
-0.988002 -0.988002 -1.308785 -1.308785 0.309897 0.245421 3.218880 0.945072
-1.050562 -1.050562 -1.552474 -1.552474 0.286349 0.240000 3.218880 0.957073
-1.030765 -1.030765 -1.595163 -1.595163 0.313230 0.281736 3.218880 0.951615
-0.999748 -0.999748 -1.037355 -1.037355 0.344114 0.311509 3.208395 0.944217
-1.044468 -1.044468 -1.265307 -1.265307 0.317410 0.278094 3.218880 0.948092
-0.938870 -0.938870 -1.503684 -1.503684 0.331417 0.275718 3.218880 0.945253
-0.946109 -0.946109 -1.346312 -1.346312 0.343060 0.307069 3.181048 0.929464
-0.950097 -0.950097 -1.735241 -1.735241 0.332177 0.295059 3.218880 0.944064
-1.032950 -1.032950 -1.893076 -1.893076 0.308074 0.271355 3.218880 0.951366
-1.069879 -1.069879 -0.878658 -0.878658 0.306415 0.248364 3.218880 0.934564
-1.069205 -1.069205 -1.740430 -1.740430 0.289551 0.240000 3.218880 0.948966
-1.066156 -1.066156 -1.213952 -1.213952 0.319952 0.304273 3.218880 0.955479
-0.948640 -0.948640 -1.149413 -1.149413 0.332453 0.285454 3.201374 0.952779
-0.955622 -0.955622 -1.431177 -1.431177 0.327822 0.287577 3.218880 0.949878
-0.947044 -0.947044 -1.338228 -1.338228 0.319759 0.263357 3.218880 0.948847
-0.976288 -0.976288 -1.102467 -1.102467 0.326071 0.271855 3.218880 0.957024
-0.998883 -0.998883 -1.409499 -1.409499 0.322810 0.293720 3.211356 0.947850
-1.017309 -1.017309 -1.855295 -1.855295 0.308292 0.295686 3.218555 0.952086
-1.008532 -1.008532 -1.805090 -1.805090 0.296359 0.240000 3.218880 0.944884
-1.065310 -1.065310 -1.339549 -1.339549 0.301003 0.286407 3.218880 0.958938
-1.012633 -1.012633 -0.999972 -0.999972 0.307350 0.245509 3.218880 0.949184
-0.985171 -0.985171 -2.177528 -2.177528 0.303980 0.242982 3.218880 0.931900
-1.009679 -1.009679 -1.362570 -1.362570 0.303105 0.240605 3.218880 0.943854
-0.999020 -0.999020 -1.493470 -1.493470 0.314498 0.281232 3.218758 0.949909
-0.990754 -0.990754 -1.017885 -1.017885 0.314085 0.248307 3.218880 0.945980
-0.958916 -0.958916 -1.286086 -1.286086 0.321711 0.271583 3.218880 0.951062
-0.954207 -0.954207 -1.783309 -1.783309 0.325384 0.293776 3.218880 0.943613
-0.991035 -0.991035 -1.200660 -1.200660 0.314337 0.250080 3.218880 0.945940
-0.983563 -0.983563 -1.107113 -1.107113 0.331775 0.304414 3.189802 0.955737
-0.944169 -0.944169 -1.537359 -1.537359 0.328802 0.286893 3.218880 0.945823
-0.966071 -0.966071 -1.765922 -1.765922 0.311646 0.263217 3.218880 0.953331
-0.967469 -0.967469 -1.202036 -1.202036 0.317773 0.271764 3.218880 0.947341
-1.001414 -1.001414 -1.032393 -1.032393 0.308425 0.242043 3.218880 0.947205
-1.034108 -1.034108 -0.914644 -0.914644 0.296122 0.240000 3.218880 0.955284
-1.041137 -1.041137 -2.782440 -2.782440 0.302763 0.304460 3.218880 0.947250
-0.928005 -0.928005 -1.836239 -1.836239 0.317923 0.271708 3.218880 0.951296
-0.986569 -0.986569 -0.789208 -0.789208 0.306897 0.242257 3.218880 0.954469
-1.068839 -1.068839 -1.132504 -1.132504 0.292517 0.240000 3.218880 0.953586
-1.055121 -1.055121 -0.987705 -0.987705 0.309807 0.248264 3.218880 0.946132
-1.015323 -1.015323 -1.405559 -1.405559 0.299950 0.240233 3.218880 0.949515
-1.004954 -1.004954 -1.455751 -1.455751 0.312506 0.280450 3.218880 0.949512
-0.994455 -0.994455 -1.187774 -1.187774 0.301533 0.240129 3.218880 0.949027
-0.982224 -0.982224 -2.184284 -2.184284 0.318870 0.280514 3.218880 0.944906
-1.058123 -1.058123 -1.162261 -1.162261 0.297478 0.240047 3.218880 0.950245
-0.966188 -0.966188 -1.173909 -1.173909 0.308170 0.244232 3.218880 0.948861
-0.923181 -0.923181 -1.303707 -1.303707 0.314292 0.247941 3.218880 0.947896
-0.972101 -0.972101 -0.857255 -0.857255 0.319065 0.257061 3.206232 0.950407
-0.860965 -0.860965 -2.150868 -2.150868 0.332859 0.276514 3.218810 0.942140
-0.969617 -0.969617 -2.102624 -2.102624 0.326249 0.302725 3.218880 0.946368
-0.978590 -0.978590 -0.880042 -0.880042 0.322457 0.257844 3.218880 0.951979
-0.951967 -0.951967 -1.214409 -1.214409 0.314478 0.248452 3.218880 0.944749
-0.958416 -0.958416 -1.623495 -1.623495 0.301017 0.240000 3.218880 0.954801
-0.911963 -0.911963 -1.130833 -1.130833 0.326534 0.260793 3.218880 0.954556
-0.995453 -0.995453 -1.519995 -1.519995 0.331091 0.302527 3.218880 0.949423
-0.972168 -0.972168 -1.807187 -1.807187 0.312848 0.264617 3.218880 0.953627
-0.970806 -0.970806 -2.078664 -2.078664 0.322283 0.301635 3.204734 0.953960
-0.959279 -0.959279 -1.533527 -1.533527 0.318354 0.260749 3.218880 0.948044
-1.001898 -1.001898 -1.812802 -1.812802 0.324579 0.308232 3.195704 0.954154
-1.002155 -1.002155 -1.328161 -1.328161 0.300333 0.241699 3.218880 0.951426
-0.976206 -0.976206 -1.279506 -1.279506 0.308850 0.244800 3.218880 0.952950
-0.983461 -0.983461 -1.238748 -1.238748 0.311799 0.254142 3.218880 0.946068
-0.950204 -0.950204 -1.328294 -1.328294 0.318034 0.253957 3.218880 0.944603
-0.930868 -0.930868 -1.046587 -1.046587 0.337803 0.282424 3.218880 0.956528
-0.972085 -0.972085 -1.339467 -1.339467 0.316622 0.251262 3.218880 0.946427
-0.906335 -0.906335 -1.424769 -1.424769 0.330023 0.266219 3.218880 0.941833
-0.967061 -0.967061 -1.438463 -1.438463 0.326111 0.281671 3.218880 0.952844
-0.937962 -0.937962 -2.107393 -2.107393 0.330716 0.301558 3.218880 0.947844
-0.938671 -0.938671 -1.933491 -1.933491 0.326968 0.283615 3.218880 0.942293
-0.994163 -0.994163 -1.760179 -1.760179 0.329531 0.310112 3.218637 0.956359
-1.084310 -1.084310 -0.960337 -0.960337 0.292815 0.240000 3.218880 0.953653
-1.048647 -1.048647 -0.709749 -0.709749 0.300808 0.240000 3.218880 0.955045
-0.985058 -0.985058 -1.267506 -1.267506 0.298574 0.240000 3.218880 0.952089
-0.908248 -0.908248 -1.996973 -1.996973 0.329014 0.281538 3.218880 0.942717
-0.933639 -0.933639 -1.866053 -1.866053 0.312830 0.249801 3.218880 0.938876
-0.924382 -0.924382 -1.621360 -1.621360 0.325999 0.266669 3.218880 0.946527
-0.981822 -0.981822 -1.653907 -1.653907 0.314617 0.263449 3.218880 0.942023
-0.977051 -0.977051 -1.042693 -1.042693 0.319172 0.259625 3.218880 0.950539
-0.945085 -0.945085 -1.654951 -1.654951 0.314873 0.264162 3.218880 0.949320
-0.967950 -0.967950 -2.101281 -2.101281 0.326658 0.295058 3.218880 0.948632
-0.948828 -0.948828 -1.853047 -1.853047 0.333152 0.293638 3.216871 0.948050
-0.933837 -0.933837 -1.584367 -1.584367 0.324755 0.267858 3.218880 0.942740
-0.929090 -0.929090 -1.999272 -1.999272 0.335918 0.314145 3.218495 0.947353
-0.957900 -0.957900 -2.772077 -2.772077 0.320631 0.301991 3.218880 0.951256
-0.966692 -0.966692 -1.365687 -1.365687 0.325738 0.272196 3.218880 0.949661
-1.006108 -1.006108 -0.923526 -0.923526 0.319631 0.252661 3.218880 0.948525
-0.941630 -0.941630 -1.334274 -1.334274 0.321647 0.270481 3.218880 0.951796
-1.006065 -1.006065 -1.215550 -1.215550 0.304307 0.244283 3.218880 0.946689
-1.006065 -1.006065 -1.215550 -1.215550 0.301110 0.240000 3.218880 0.945067
-0.987910 -0.987910 -1.285383 -1.285383 0.308687 0.246018 3.218880 0.943211
-0.881420 -0.881420 -1.285262 -1.285262 0.329686 0.265975 3.218880 0.951866
-0.873691 -0.873691 -1.214196 -1.214196 0.332635 0.266835 3.183465 0.947362
-0.879189 -0.879189 -2.726673 -2.726673 0.320794 0.261548 3.218880 0.937960
-0.965905 -0.965905 -1.656005 -1.656005 0.317843 0.276241 3.218797 0.949172
-0.898510 -0.898510 -1.799502 -1.799502 0.328307 0.277260 3.218880 0.944541
-0.979694 -0.979694 -1.151924 -1.151924 0.309758 0.243522 3.218880 0.945743
-0.981422 -0.981422 -1.098873 -1.098873 0.320954 0.264055 3.218880 0.954917
-1.012559 -1.012559 -1.506174 -1.506174 0.313436 0.269760 3.218880 0.936820
-1.047175 -1.047175 -1.061718 -1.061718 0.325247 0.311021 3.202418 0.959031
-0.959178 -0.959178 -1.321052 -1.321052 0.317479 0.261236 3.218880 0.954013
-0.992582 -0.992582 -1.064202 -1.064202 0.326914 0.282609 3.218880 0.954355
-0.981380 -0.981380 -2.384956 -2.384956 0.321787 0.288656 3.218880 0.945137
-0.981499 -0.981499 -1.332757 -1.332757 0.309135 0.245745 3.218880 0.943171
-0.997816 -0.997816 -1.060339 -1.060339 0.322281 0.287112 3.190881 0.948985
-0.953069 -0.953069 -2.465726 -2.465726 0.296452 0.240010 3.218880 0.947375
-0.971629 -0.971629 -2.495846 -2.495846 0.320578 0.296618 3.217903 0.949548
-0.942238 -0.942238 -1.294364 -1.294364 0.329975 0.286684 3.207255 0.947950
-0.984494 -0.984494 -1.241139 -1.241139 0.313701 0.250361 3.218880 0.947477
-0.992540 -0.992540 -1.322808 -1.322808 0.315822 0.268017 3.216394 0.947388
-0.994748 -0.994748 -1.225300 -1.225300 0.306473 0.258135 3.218533 0.948699
-1.021252 -1.021252 -1.037356 -1.037356 0.327468 0.297899 3.170819 0.960322
-1.014405 -1.014405 -1.176734 -1.176734 0.301003 0.240017 3.218880 0.954867
-0.990743 -0.990743 -1.653368 -1.653368 0.307543 0.248846 3.218880 0.945801
-0.948468 -0.948468 -2.031279 -2.031279 0.313112 0.258077 3.218880 0.944556
-0.937287 -0.937287 -1.858691 -1.858691 0.312996 0.257248 3.218880 0.943646
-0.920686 -0.920686 -1.907578 -1.907578 0.323160 0.268225 3.218880 0.946024
-1.015375 -1.015375 -1.121206 -1.121206 0.302051 0.240000 3.218880 0.945656
-0.931884 -0.931884 -1.481855 -1.481855 0.325099 0.283076 3.216963 0.948568
-0.987959 -0.987959 -1.241191 -1.241191 0.311125 0.247993 3.218880 0.944310
-0.978162 -0.978162 -1.300932 -1.300932 0.327203 0.290054 3.215459 0.945130
-0.971015 -0.971015 -1.269463 -1.269463 0.318682 0.255330 3.218880 0.943067
-1.022081 -1.022081 -1.422507 -1.422507 0.301513 0.243262 3.218880 0.942056
-0.978679 -0.978679 -1.226114 -1.226114 0.324616 0.291088 3.218880 0.953626
-1.034189 -1.034189 -0.879122 -0.879122 0.316789 0.265929 3.218758 0.951444
-1.070441 -1.070441 -1.112887 -1.112887 0.302820 0.251539 3.218880 0.951197
-1.029731 -1.029731 -0.705339 -0.705339 0.314677 0.251298 3.218880 0.957655
-1.086260 -1.086260 -1.009322 -1.009322 0.307895 0.278638 3.211464 0.948780
-1.028058 -1.028058 -1.130569 -1.130569 0.310544 0.253593 3.218880 0.951889
-1.046954 -1.046954 -0.992861 -0.992861 0.303204 0.243466 3.218880 0.948242
