-0.919607 -0.919607 -1.946413 -1.946413 0.335528 0.306475 3.190575 0.946761
-0.960192 -0.960192 -1.701366 -1.701366 0.322526 0.296852 3.188559 0.947555
-0.980251 -0.980251 -1.430366 -1.430366 0.327803 0.278774 3.218880 0.951015
-1.028670 -1.028670 -1.881108 -1.881108 0.313736 0.282819 3.218880 0.950322
-1.103372 -1.103372 -1.155645 -1.155645 0.298500 0.264454 3.218880 0.947117
-1.036223 -1.036223 -1.104600 -1.104600 0.291186 0.240009 3.218880 0.949094
-0.948010 -0.948010 -1.620850 -1.620850 0.323545 0.288695 3.218880 0.946618
-0.907752 -0.907752 -2.164709 -2.164709 0.324265 0.280870 3.218880 0.942427
-0.947340 -0.947340 -1.548293 -1.548293 0.318993 0.266431 3.218880 0.949130
-0.948130 -0.948130 -1.439687 -1.439687 0.318325 0.256592 3.218880 0.948120
-0.998262 -0.998262 -1.321139 -1.321139 0.303879 0.245567 3.218880 0.948076
-1.004344 -1.004344 -1.805286 -1.805286 0.322645 0.305881 3.218880 0.954861
-0.951554 -0.951554 -2.267993 -2.267993 0.317777 0.267353 3.218880 0.942694
-0.949568 -0.949568 -1.947108 -1.947108 0.324837 0.289682 3.218880 0.947543
-0.974265 -0.974265 -1.147767 -1.147767 0.320641 0.254334 3.218880 0.945118
-0.974237 -0.974237 -1.414390 -1.414390 0.326760 0.287981 3.218880 0.952355
-0.950350 -0.950350 -1.409275 -1.409275 0.309602 0.249041 3.218880 0.950906
-0.963774 -0.963774 -2.201840 -2.201840 0.317790 0.281690 3.218769 0.958174
-0.888001 -0.888001 -1.623503 -1.623503 0.326935 0.262211 3.218880 0.947518
-0.970635 -0.970635 -1.175244 -1.175244 0.324547 0.270322 3.218880 0.946015
-1.044145 -1.044145 -0.828725 -0.828725 0.306704 0.240370 3.218880 0.945662
-0.934903 -0.934903 -2.334607 -2.334607 0.328056 0.302699 3.215895 0.945864
-1.004309 -1.004309 -3.858007 -3.858007 0.307842 0.303840 3.218880 0.952241
-0.958940 -0.958940 -2.777681 -2.777681 0.308390 0.273935 3.218880 0.948556
-0.983938 -0.983938 -1.204846 -1.204846 0.314534 0.251841 3.218880 0.941111
-0.977962 -0.977962 -1.071774 -1.071774 0.316221 0.255729 3.218880 0.948428
-0.960758 -0.960758 -1.212277 -1.212277 0.303186 0.240000 3.218880 0.950883
-0.988107 -0.988107 -1.516921 -1.516921 0.318285 0.292217 3.197330 0.947026
-1.024590 -1.024590 -0.791355 -0.791355 0.305484 0.240090 3.218880 0.949720
-1.000493 -1.000493 -0.982261 -0.982261 0.305990 0.243604 3.218880 0.951024
-0.908032 -0.908032 -1.474701 -1.474701 0.329950 0.286947 3.218880 0.949196
-0.946379 -0.946379 -3.816883 -3.816883 0.308754 0.262221 3.218880 0.942994
-0.955737 -0.955737 -4.207670 -4.207670 0.317678 0.314991 3.218880 0.953121
-0.968962 -0.968962 -4.364719 -4.364719 0.321906 0.314872 3.218880 0.946460
-0.981987 -0.981987 -1.763843 -1.763843 0.307912 0.272954 3.208905 0.951125
-0.965373 -0.965373 -1.708607 -1.708607 0.317266 0.257830 3.218880 0.948944
-1.029539 -1.029539 -1.138410 -1.138410 0.307398 0.243330 3.218880 0.939012
-1.023600 -1.023600 -1.442407 -1.442407 0.318211 0.301558 3.212142 0.949717
-0.966873 -0.966873 -2.639803 -2.639803 0.307274 0.289292 3.218880 0.950467
-0.923699 -0.923699 -2.901710 -2.901710 0.329955 0.291002 3.218880 0.941874
-1.007437 -1.007437 -2.857741 -2.857741 0.316024 0.311227 3.218880 0.951477
-0.933550 -0.933550 -1.593263 -1.593263 0.341196 0.304682 3.218493 0.951554
-0.914632 -0.914632 -2.396532 -2.396532 0.315552 0.259115 3.218880 0.937863
-0.965922 -0.965922 -1.463506 -1.463506 0.296731 0.240000 3.218880 0.954408
-0.970031 -0.970031 -1.770843 -1.770843 0.303233 0.242655 3.218880 0.952624
-0.991359 -0.991359 -1.369984 -1.369984 0.323968 0.277916 3.218880 0.939813
-1.000817 -1.000817 -1.696198 -1.696198 0.315686 0.274093 3.218880 0.951186
-1.014142 -1.014142 -1.496540 -1.496540 0.314834 0.254928 3.218880 0.950542
-1.006860 -1.006860 -0.949954 -0.949954 0.300864 0.240000 3.218880 0.953586
-0.962736 -0.962736 -1.227102 -1.227102 0.307400 0.241419 3.218880 0.950621
-1.074642 -1.074642 -0.740875 -0.740875 0.298424 0.240000 3.218880 0.951478
-0.988246 -0.988246 -1.138430 -1.138430 0.312457 0.245353 3.218880 0.946812
-0.982297 -0.982297 -1.374262 -1.374262 0.322800 0.258623 3.218880 0.939535
-1.006154 -1.006154 -1.976973 -1.976973 0.315259 0.300205 3.212171 0.953784
-0.962690 -0.962690 -1.471022 -1.471022 0.320863 0.280745 3.218821 0.958817
-0.904911 -0.904911 -1.856925 -1.856925 0.328781 0.285767 3.218880 0.947580
-0.933810 -0.933810 -1.532986 -1.532986 0.342475 0.300904 3.218880 0.934849
-1.060665 -1.060665 -0.937057 -0.937057 0.295099 0.240000 3.218880 0.948247
-1.044844 -1.044844 -0.914635 -0.914635 0.317887 0.284287 3.196803 0.955844
-0.941380 -0.941380 -1.669004 -1.669004 0.306992 0.246650 3.218880 0.958006
-1.072702 -1.072702 -1.314843 -1.314843 0.291620 0.240010 3.218880 0.949363
-1.015383 -1.015383 -1.440290 -1.440290 0.308661 0.264695 3.218880 0.947237
-0.964359 -0.964359 -1.145160 -1.145160 0.326353 0.268866 3.210547 0.948016
-0.939882 -0.939882 -1.580550 -1.580550 0.326628 0.294472 3.204430 0.948971
-0.996853 -0.996853 -1.617624 -1.617624 0.331659 0.312625 3.201271 0.943568
-0.975916 -0.975916 -1.202536 -1.202536 0.318318 0.254095 3.218880 0.944334
-1.041578 -1.041578 -1.239529 -1.239529 0.292382 0.240000 3.218880 0.953746
-0.970790 -0.970790 -1.971764 -1.971764 0.316387 0.278381 3.218880 0.949660
-0.971419 -0.971419 -1.133222 -1.133222 0.326041 0.291079 3.194661 0.951105
-0.955221 -0.955221 -1.755971 -1.755971 0.307843 0.249219 3.218880 0.942856
-0.916010 -0.916010 -1.395277 -1.395277 0.326284 0.262542 3.218880 0.944475
-0.985899 -0.985899 -1.982918 -1.982918 0.315188 0.291641 3.218880 0.948577
-1.025697 -1.025697 -1.256184 -1.256184 0.303389 0.241649 3.218880 0.947176
-0.998817 -0.998817 -1.513918 -1.513918 0.319200 0.271574 3.218880 0.945152
-0.908596 -0.908596 -3.002688 -3.002688 0.333119 0.290301 3.218880 0.938457
-0.986474 -0.986474 -1.678977 -1.678977 0.326346 0.303002 3.215311 0.958113
-0.943638 -0.943638 -1.347829 -1.347829 0.313992 0.246059 3.218880 0.949324
-0.943047 -0.943047 -1.271380 -1.271380 0.333601 0.280127 3.206916 0.946890
-0.990042 -0.990042 -1.270779 -1.270779 0.321060 0.292420 3.201557 0.950422
-0.962765 -0.962765 -1.931593 -1.931593 0.327024 0.294667 3.218880 0.958629
-0.979147 -0.979147 -2.364435 -2.364435 0.296438 0.240121 3.218880 0.941348
-0.951654 -0.951654 -1.203305 -1.203305 0.325406 0.260526 3.218880 0.958909
-0.914674 -0.914674 -2.276592 -2.276592 0.322967 0.273215 3.218880 0.934127
-0.950828 -0.950828 -1.300942 -1.300942 0.319775 0.257118 3.218703 0.947263
-0.985850 -0.985850 -0.987571 -0.987571 0.311669 0.246026 3.218880 0.952838
-0.979902 -0.979902 -1.405022 -1.405022 0.321626 0.302183 3.162980 0.949167
-0.945818 -0.945818 -1.828682 -1.828682 0.315647 0.270875 3.218640 0.949889
-0.939663 -0.939663 -2.539354 -2.539354 0.330163 0.317621 3.218880 0.945921
-0.999915 -0.999915 -2.511759 -2.511759 0.311830 0.300251 3.210492 0.958732
-0.916790 -0.916790 -2.165240 -2.165240 0.318005 0.272311 3.218880 0.947359
-0.946688 -0.946688 -2.639259 -2.639259 0.315819 0.276863 3.218880 0.951545
-1.025770 -1.025770 -2.076098 -2.076098 0.309972 0.295260 3.218880 0.948904
-1.077872 -1.077872 -0.770708 -0.770708 0.303266 0.241448 3.218880 0.954497
-0.945390 -0.945390 -1.775542 -1.775542 0.323849 0.285859 3.218880 0.945357
-1.036417 -1.036417 -1.027682 -1.027682 0.318972 0.281899 3.216967 0.951883
-1.030773 -1.030773 -1.131098 -1.131098 0.295893 0.240300 3.218880 0.956465
-0.998112 -0.998112 -1.327492 -1.327492 0.326544 0.282188 3.218880 0.936581
-1.002771 -1.002771 -1.208610 -1.208610 0.299023 0.240036 3.218880 0.944339
-0.938252 -0.938252 -1.834414 -1.834414 0.319141 0.263986 3.218880 0.942348
-0.988232 -0.988232 -1.844931 -1.844931 0.318008 0.285757 3.218880 0.948979
-1.006413 -1.006413 -0.804612 -0.804612 0.309443 0.242453 3.218880 0.950861
-0.980284 -0.980284 -0.692776 -0.692776 0.317242 0.246825 3.218880 0.956401
-1.007840 -1.007840 -1.012849 -1.012849 0.308683 0.246145 3.218880 0.954969
-0.964884 -0.964884 -0.930470 -0.930470 0.330800 0.275936 3.197661 0.951772
-0.911836 -0.911836 -1.004298 -1.004298 0.336307 0.266955 3.218880 0.945532
-0.925589 -0.925589 -2.516182 -2.516182 0.331865 0.304927 3.208580 0.943482
-0.986832 -0.986832 -2.842326 -2.842326 0.313072 0.290502 3.218880 0.947581
-1.052145 -1.052145 -2.055666 -2.055666 0.308072 0.285763 3.218880 0.952826
-1.013807 -1.013807 -1.137842 -1.137842 0.318603 0.267252 3.207525 0.949651
-1.006023 -1.006023 -0.978314 -0.978314 0.300808 0.240000 3.218880 0.953067
-1.065001 -1.065001 -1.038088 -1.038088 0.314264 0.285939 3.216822 0.951735
-1.061591 -1.061591 -1.156921 -1.156921 0.315597 0.299548 3.218880 0.947308
-1.000215 -1.000215 -0.763106 -0.763106 0.317545 0.250063 3.218880 0.949468
-1.017782 -1.017782 -0.914633 -0.914633 0.303356 0.240003 3.218880 0.948713
-1.026509 -1.026509 -1.267028 -1.267028 0.303255 0.245883 3.218880 0.952022
-1.067610 -1.067610 -1.173606 -1.173606 0.298073 0.240000 3.218880 0.944963
-0.991100 -0.991100 -1.255745 -1.255745 0.318811 0.258973 3.218880 0.946952
-0.997106 -0.997106 -1.123475 -1.123475 0.304560 0.240000 3.218880 0.947897
-0.992300 -0.992300 -1.674463 -1.674463 0.298465 0.240068 3.218880 0.947203
-1.048606 -1.048606 -1.497331 -1.497331 0.320915 0.303747 3.217770 0.952227
-0.976514 -0.976514 -1.426811 -1.426811 0.319644 0.290991 3.215883 0.948266
-0.975681 -0.975681 -2.743850 -2.743850 0.316372 0.286972 3.218880 0.944918
-0.971373 -0.971373 -1.696304 -1.696304 0.311723 0.269636 3.218880 0.948133
-1.055669 -1.055669 -1.199501 -1.199501 0.303271 0.248860 3.218880 0.944367
-0.964350 -0.964350 -1.294988 -1.294988 0.333739 0.286782 3.218880 0.949060
-0.983292 -0.983292 -1.449975 -1.449975 0.328319 0.279979 3.218880 0.946769
-0.951765 -0.951765 -1.958294 -1.958294 0.317073 0.276632 3.218880 0.942469
-1.032480 -1.032480 -1.500104 -1.500104 0.306580 0.274486 3.218880 0.946433
-0.978683 -0.978683 -1.203880 -1.203880 0.322375 0.265938 3.218880 0.951029
-0.930917 -0.930917 -2.150417 -2.150417 0.331460 0.286686 3.218880 0.939431
-0.930253 -0.930253 -2.097391 -2.097391 0.321919 0.308363 3.218237 0.949007
-0.974580 -0.974580 -1.037851 -1.037851 0.314040 0.250452 3.218880 0.949623
