-0.910796 -0.910796 -2.010772 -2.010772 0.328579 0.283311 3.218880 0.938403
-1.041593 -1.041593 -0.980767 -0.980767 0.294488 0.240000 3.218880 0.950043
-1.023719 -1.023719 -1.395788 -1.395788 0.291618 0.240000 3.218880 0.952075
-0.957096 -0.957096 -1.323184 -1.323184 0.318071 0.256489 3.218880 0.945278
-0.972547 -0.972547 -2.215245 -2.215245 0.317488 0.272523 3.218880 0.947304
-0.993482 -0.993482 -1.688376 -1.688376 0.329558 0.305444 3.200670 0.947681
-0.923307 -0.923307 -2.657315 -2.657315 0.326855 0.287556 3.218880 0.942103
-0.933724 -0.933724 -3.043492 -3.043492 0.328163 0.289092 3.218880 0.938474
-1.089774 -1.089774 -1.524510 -1.524510 0.298941 0.273807 3.216819 0.953395
-0.994839 -0.994839 -1.383281 -1.383281 0.315084 0.256124 3.218880 0.942595
-1.010306 -1.010306 -1.735271 -1.735271 0.325536 0.309405 3.218880 0.954803
-0.929726 -0.929726 -1.453764 -1.453764 0.332347 0.278272 3.218880 0.941806
-1.026121 -1.026121 -1.377901 -1.377901 0.314169 0.281731 3.218880 0.955855
-0.921710 -0.921710 -1.523775 -1.523775 0.324179 0.259234 3.218880 0.945863
-0.960492 -0.960492 -1.663782 -1.663782 0.328958 0.281444 3.218880 0.949329
-0.982788 -0.982788 -1.205302 -1.205302 0.324998 0.279475 3.193861 0.929068
-1.014124 -1.014124 -1.784233 -1.784233 0.318811 0.290702 3.218880 0.938960
-0.949285 -0.949285 -2.831030 -2.831030 0.327988 0.298922 3.218524 0.935710
-1.018804 -1.018804 -1.412141 -1.412141 0.315856 0.284893 3.218880 0.953870
-0.978467 -0.978467 -1.826746 -1.826746 0.314531 0.288960 3.218880 0.955099
-0.969543 -0.969543 -1.451032 -1.451032 0.322123 0.280782 3.215816 0.942214
-1.018801 -1.018801 -0.854247 -0.854247 0.327715 0.284745 3.215165 0.951040
-0.975550 -0.975550 -2.830316 -2.830316 0.317580 0.301957 3.218880 0.948181
-1.058715 -1.058715 -2.793521 -2.793521 0.293237 0.281526 3.218880 0.948773
-1.023196 -1.023196 -0.801950 -0.801950 0.314173 0.268992 3.215296 0.954387
-0.988279 -0.988279 -1.076423 -1.076423 0.313808 0.247237 3.218880 0.951401
-0.900160 -0.900160 -1.891084 -1.891084 0.319484 0.256791 3.218880 0.941468
-0.965912 -0.965912 -1.649207 -1.649207 0.316792 0.277322 3.218880 0.945008
-0.959953 -0.959953 -0.940127 -0.940127 0.317368 0.245559 3.218880 0.948696
-1.039937 -1.039937 -1.346668 -1.346668 0.312721 0.272469 3.218857 0.947293
-1.023657 -1.023657 -1.603904 -1.603904 0.296802 0.244135 3.218880 0.948182
-0.966527 -0.966527 -1.809470 -1.809470 0.320316 0.269967 3.218880 0.948328
-0.989992 -0.989992 -1.544975 -1.544975 0.311950 0.264286 3.218880 0.941881
-1.074720 -1.074720 -1.002698 -1.002698 0.308851 0.266860 3.218880 0.953479
-1.022049 -1.022049 -1.308449 -1.308449 0.297999 0.240943 3.218880 0.948554
-1.001841 -1.001841 -1.637289 -1.637289 0.299084 0.240000 3.218880 0.943347
-0.957897 -0.957897 -1.161954 -1.161954 0.318242 0.258032 3.218880 0.942259
-0.925901 -0.925901 -1.309501 -1.309501 0.314101 0.241378 3.218880 0.938703
-1.021577 -1.021577 -0.930758 -0.930758 0.334271 0.301679 3.198012 0.940975
-0.936560 -0.936560 -1.642120 -1.642120 0.320200 0.275252 3.218682 0.945367
-0.938820 -0.938820 -1.206578 -1.206578 0.343151 0.290746 3.218880 0.950258
-0.893089 -0.893089 -2.273606 -2.273606 0.334315 0.298586 3.205689 0.935337
-0.899758 -0.899758 -1.584465 -1.584465 0.336785 0.289874 3.215528 0.950206
-1.009647 -1.009647 -2.130795 -2.130795 0.307407 0.288921 3.218880 0.958479
-1.007339 -1.007339 -1.711863 -1.711863 0.321159 0.304510 3.218880 0.946652
-1.012387 -1.012387 -1.850343 -1.850343 0.325722 0.291942 3.218557 0.941199
-1.034652 -1.034652 -1.258196 -1.258196 0.291127 0.240000 3.218880 0.953099
-1.004412 -1.004412 -1.439940 -1.439940 0.313581 0.275056 3.218880 0.953876
-0.957655 -0.957655 -1.558572 -1.558572 0.322181 0.289999 3.186289 0.954899
-0.972863 -0.972863 -2.493070 -2.493070 0.298805 0.241952 3.218880 0.941654
-0.921021 -0.921021 -2.344818 -2.344818 0.333079 0.294589 3.218880 0.939569
-0.996234 -0.996234 -1.963242 -1.963242 0.311477 0.276783 3.218880 0.943812
-1.018704 -1.018704 -1.531478 -1.531478 0.315579 0.295053 3.218880 0.952208
-0.996926 -0.996926 -1.553063 -1.553063 0.318626 0.286031 3.218880 0.944135
-0.927919 -0.927919 -1.448360 -1.448360 0.333497 0.287454 3.218880 0.954426
-0.994157 -0.994157 -1.542256 -1.542256 0.302131 0.246979 3.218880 0.951058
-0.914199 -0.914199 -1.198308 -1.198308 0.325563 0.259094 3.218880 0.950760
-0.901176 -0.901176 -1.660632 -1.660632 0.344791 0.298310 3.218704 0.939836
-0.997443 -0.997443 -1.817820 -1.817820 0.296759 0.240452 3.218880 0.946443
-1.055778 -1.055778 -0.836577 -0.836577 0.314626 0.266662 3.207540 0.942741
-0.994329 -0.994329 -0.920339 -0.920339 0.303723 0.240008 3.218880 0.954789
-0.967597 -0.967597 -1.520235 -1.520235 0.322182 0.287164 3.218880 0.941819
-0.989905 -0.989905 -1.767404 -1.767404 0.319948 0.293486 3.218880 0.959637
-0.971197 -0.971197 -1.867666 -1.867666 0.309135 0.262613 3.218880 0.945783
-1.009257 -1.009257 -1.432255 -1.432255 0.310635 0.259258 3.218880 0.949043
-1.025129 -1.025129 -2.134211 -2.134211 0.313357 0.305993 3.217869 0.957057
-1.062758 -1.062758 -0.879956 -0.879956 0.312530 0.251647 3.218880 0.948039
-0.966949 -0.966949 -1.111537 -1.111537 0.313593 0.244879 3.218880 0.944711
-0.977738 -0.977738 -1.929225 -1.929225 0.313279 0.290205 3.211588 0.945676
-0.980908 -0.980908 -1.142269 -1.142269 0.315957 0.265886 3.218880 0.950001
-0.992111 -0.992111 -1.162208 -1.162208 0.308870 0.243854 3.218880 0.946074
-0.941912 -0.941912 -1.816438 -1.816438 0.315704 0.263777 3.218880 0.949717
-0.947376 -0.947376 -1.330791 -1.330791 0.325094 0.276940 3.210751 0.946823
-0.936099 -0.936099 -1.646060 -1.646060 0.342334 0.308206 3.211404 0.945868
-0.969975 -0.969975 -1.435028 -1.435028 0.319946 0.268261 3.218880 0.947833
-0.969606 -0.969606 -1.526535 -1.526535 0.327828 0.275183 3.218880 0.946335
-1.041959 -1.041959 -1.407726 -1.407726 0.295351 0.240000 3.218880 0.945051
-0.985189 -0.985189 -1.000380 -1.000380 0.321264 0.263303 3.218880 0.944197
-1.010217 -1.010217 -1.592486 -1.592486 0.313955 0.266563 3.217887 0.937694
-0.896757 -0.896757 -2.298884 -2.298884 0.351304 0.324573 3.176220 0.936829
-0.965842 -0.965842 -2.099925 -2.099925 0.300309 0.241562 3.218880 0.945597
-0.911230 -0.911230 -1.722182 -1.722182 0.327959 0.290243 3.215073 0.946015
-0.963894 -0.963894 -1.493662 -1.493662 0.327101 0.278607 3.218880 0.946265
-0.998012 -0.998012 -1.341069 -1.341069 0.321033 0.298711 3.210983 0.949439
-1.004708 -1.004708 -1.610325 -1.610325 0.301204 0.246253 3.218880 0.949438
-0.974655 -0.974655 -1.864175 -1.864175 0.314025 0.269977 3.218880 0.950668
-0.969639 -0.969639 -1.347093 -1.347093 0.310379 0.251815 3.218880 0.957616
-0.984825 -0.984825 -1.233388 -1.233388 0.318629 0.283049 3.198197 0.946375
-1.061327 -1.061327 -1.168444 -1.168444 0.312424 0.281692 3.217999 0.949326
-1.084933 -1.084933 -1.055910 -1.055910 0.293008 0.240000 3.218880 0.948785
-1.033259 -1.033259 -1.404851 -1.404851 0.292056 0.240000 3.218880 0.946955
-0.979163 -0.979163 -1.229633 -1.229633 0.316577 0.260223 3.218880 0.957303
-1.025167 -1.025167 -1.185897 -1.185897 0.309451 0.254267 3.218880 0.946020
-0.986343 -0.986343 -1.235842 -1.235842 0.324434 0.288119 3.204451 0.949750
-0.977577 -0.977577 -1.834350 -1.834350 0.324984 0.289433 3.217728 0.955040
-0.960211 -0.960211 -1.280857 -1.280857 0.323730 0.259323 3.218880 0.939267
-0.934563 -0.934563 -1.590659 -1.590659 0.315842 0.258079 3.218880 0.948276
-1.001949 -1.001949 -1.323425 -1.323425 0.308180 0.269314 3.218880 0.953999
-0.941776 -0.941776 -1.932994 -1.932994 0.305845 0.243078 3.218880 0.939032
-0.945929 -0.945929 -2.256662 -2.256662 0.315323 0.290024 3.210022 0.949658
-1.002541 -1.002541 -1.007756 -1.007756 0.309507 0.248411 3.218880 0.944678
-0.945751 -0.945751 -1.358839 -1.358839 0.318202 0.251626 3.218880 0.948730
-0.987331 -0.987331 -1.334505 -1.334505 0.315129 0.263302 3.218880 0.946593
-0.987824 -0.987824 -0.993592 -0.993592 0.309610 0.242476 3.218880 0.949773
-0.930309 -0.930309 -1.559165 -1.559165 0.324204 0.274815 3.218880 0.948183
-0.978034 -0.978034 -1.083053 -1.083053 0.301149 0.240099 3.218880 0.949888
-1.042820 -1.042820 -1.362721 -1.362721 0.297341 0.240000 3.218880 0.945639
-0.997961 -0.997961 -1.807324 -1.807324 0.317136 0.297303 3.218880 0.946835
-1.018198 -1.018198 -1.171148 -1.171148 0.315715 0.270404 3.218880 0.944976
-0.966678 -0.966678 -3.100040 -3.100040 0.308852 0.276581 3.218880 0.946822
-0.958160 -0.958160 -1.347944 -1.347944 0.325816 0.288888 3.198007 0.948950
-0.911475 -0.911475 -1.499460 -1.499460 0.338742 0.290062 3.218880 0.944307
-0.959496 -0.959496 -1.160605 -1.160605 0.319944 0.259711 3.218880 0.947957
-0.907215 -0.907215 -2.324333 -2.324333 0.332825 0.279459 3.218880 0.941612
-0.956626 -0.956626 -2.454085 -2.454085 0.320264 0.279628 3.218880 0.946630
-0.953184 -0.953184 -2.068791 -2.068791 0.323612 0.298583 3.211852 0.945805
-1.034369 -1.034369 -0.965600 -0.965600 0.293907 0.240000 3.218880 0.954667
-0.935634 -0.935634 -1.892090 -1.892090 0.318025 0.260921 3.218880 0.945103
-0.853494 -0.853494 -1.851260 -1.851260 0.344579 0.280626 3.218880 0.945306
-0.988352 -0.988352 -2.594489 -2.594489 0.307218 0.306942 3.208512 0.953300
-0.991372 -0.991372 -1.601095 -1.601095 0.317167 0.283755 3.209035 0.946704
-0.972733 -0.972733 -1.435413 -1.435413 0.324787 0.297123 3.198919 0.954675
-0.978708 -0.978708 -1.257041 -1.257041 0.322559 0.284847 3.166141 0.936052
-1.027014 -1.027014 -1.229782 -1.229782 0.308873 0.245494 3.218880 0.941885
-0.981860 -0.981860 -2.205031 -2.205031 0.325315 0.309668 3.196089 0.945296
-0.932420 -0.932420 -1.531057 -1.531057 0.339069 0.298582 3.218880 0.945331
-0.944750 -0.944750 -2.359987 -2.359987 0.329146 0.296942 3.218880 0.941707
-1.001923 -1.001923 -1.620836 -1.620836 0.294534 0.240000 3.218880 0.942557
-0.950486 -0.950486 -1.929162 -1.929162 0.328872 0.297339 3.218880 0.940587
-0.926562 -0.926562 -1.550754 -1.550754 0.325362 0.268667 3.218880 0.939718
-0.913730 -0.913730 -1.853185 -1.853185 0.335944 0.298578 3.218880 0.945361
-0.986609 -0.986609 -0.760020 -0.760020 0.316837 0.245197 3.218880 0.947686
