-0.921337 -0.921337 -1.544096 -1.544096 0.306478 0.240000 3.218880 0.944288
-0.990616 -0.990616 -1.150534 -1.150534 0.326463 0.291329 3.191381 0.949527
-0.908894 -0.908894 -1.782833 -1.782833 0.318328 0.254030 3.218880 0.948250
-0.985678 -0.985678 -1.939747 -1.939747 0.317981 0.298599 3.218286 0.945788
-1.018959 -1.018959 -1.294453 -1.294453 0.300307 0.240000 3.218880 0.942560
-0.894195 -0.894195 -1.642933 -1.642933 0.337547 0.276457 3.218880 0.949389
-0.948259 -0.948259 -2.701408 -2.701408 0.320097 0.290223 3.218880 0.948049
-1.019451 -1.019451 -2.087293 -2.087293 0.313559 0.298672 3.213155 0.948128
-0.935173 -0.935173 -1.910187 -1.910187 0.320159 0.289012 3.189201 0.947676
-0.969840 -0.969840 -3.256331 -3.256331 0.310719 0.274618 3.218880 0.948607
-0.920412 -0.920412 -2.825873 -2.825873 0.322508 0.280219 3.218880 0.947908
-1.049584 -1.049584 -1.151900 -1.151900 0.297859 0.240000 3.218880 0.945055
-1.037385 -1.037385 -1.093149 -1.093149 0.319994 0.282785 3.218880 0.950293
-1.033489 -1.033489 -1.211748 -1.211748 0.321649 0.287064 3.218880 0.950621
-0.891935 -0.891935 -1.404245 -1.404245 0.343325 0.282545 3.213805 0.939944
-0.901868 -0.901868 -1.355948 -1.355948 0.322539 0.255449 3.218880 0.951726
-0.954575 -0.954575 -2.263527 -2.263527 0.329536 0.310342 3.191943 0.939801
-1.003883 -1.003883 -1.647493 -1.647493 0.314816 0.292855 3.215054 0.948322
-1.043615 -1.043615 -1.639303 -1.639303 0.312869 0.308946 3.218700 0.951251
-1.023799 -1.023799 -0.784655 -0.784655 0.309454 0.250841 3.218880 0.959957
-0.938790 -0.938790 -1.914244 -1.914244 0.319371 0.277804 3.218880 0.939963
-0.993817 -0.993817 -1.219857 -1.219857 0.316870 0.273040 3.218880 0.944102
-0.973287 -0.973287 -1.218379 -1.218379 0.325778 0.295525 3.215195 0.962096
-1.034771 -1.034771 -1.229333 -1.229333 0.315389 0.288964 3.207293 0.946035
-0.906559 -0.906559 -1.746504 -1.746504 0.313676 0.249335 3.218880 0.945977
-0.943890 -0.943890 -1.943383 -1.943383 0.334850 0.326582 3.192757 0.946921
-0.936231 -0.936231 -1.677115 -1.677115 0.324079 0.270999 3.215824 0.936193
-1.030210 -1.030210 -1.436342 -1.436342 0.318026 0.297503 3.203936 0.954791
-1.031596 -1.031596 -1.279621 -1.279621 0.313702 0.292549 3.173280 0.947648
-0.978599 -0.978599 -1.673654 -1.673654 0.313695 0.276639 3.215933 0.954629
-0.994223 -0.994223 -1.936105 -1.936105 0.313344 0.283790 3.218880 0.952904
-0.954628 -0.954628 -1.750095 -1.750095 0.316601 0.264216 3.218880 0.944480
-0.996152 -0.996152 -2.022467 -2.022467 0.302713 0.243784 3.218880 0.940020
-1.037646 -1.037646 -1.252909 -1.252909 0.318500 0.290824 3.209255 0.957497
-0.962451 -0.962451 -1.318475 -1.318475 0.325148 0.280421 3.218880 0.947140
-0.968368 -0.968368 -1.215488 -1.215488 0.326665 0.278816 3.217764 0.945867
-1.006272 -1.006272 -1.619574 -1.619574 0.317399 0.275774 3.218880 0.951300
-0.920975 -0.920975 -2.455422 -2.455422 0.331831 0.303197 3.218880 0.945266
-1.086070 -1.086070 -1.478401 -1.478401 0.300731 0.294669 3.218715 0.948031
-1.050707 -1.050707 -2.099728 -2.099728 0.309935 0.306371 3.218284 0.955176
-1.007351 -1.007351 -1.923001 -1.923001 0.307059 0.309624 3.218177 0.960313
-1.012865 -1.012865 -2.043358 -2.043358 0.312401 0.289051 3.218880 0.946005
-0.983895 -0.983895 -1.350868 -1.350868 0.299972 0.240000 3.218880 0.943864
-1.048231 -1.048231 -1.338711 -1.338711 0.290540 0.240000 3.218880 0.947083
-0.953419 -0.953419 -1.147812 -1.147812 0.312966 0.245107 3.218880 0.945559
-0.967992 -0.967992 -1.474884 -1.474884 0.317788 0.289271 3.197380 0.950667
-0.954445 -0.954445 -1.419911 -1.419911 0.319716 0.251870 3.218880 0.942586
-0.969697 -0.969697 -1.260574 -1.260574 0.328953 0.290090 3.218772 0.959794
-0.988953 -0.988953 -1.057287 -1.057287 0.315210 0.255949 3.218880 0.946648
-0.968808 -0.968808 -1.494207 -1.494207 0.323913 0.287215 3.216837 0.947008
-1.050694 -1.050694 -1.372730 -1.372730 0.315223 0.303000 3.218880 0.951363
-1.019705 -1.019705 -1.333659 -1.333659 0.304541 0.248561 3.218880 0.946509
-0.924380 -0.924380 -2.795475 -2.795475 0.320880 0.295212 3.218880 0.945224
-0.977696 -0.977696 -1.968572 -1.968572 0.320139 0.279313 3.218880 0.952107
-1.018649 -1.018649 -1.462757 -1.462757 0.310500 0.261879 3.218880 0.941864
-0.958571 -0.958571 -1.347273 -1.347273 0.324971 0.293881 3.218880 0.950548
-1.081132 -1.081132 -0.743308 -0.743308 0.295058 0.240000 3.218880 0.953176
-0.965440 -0.965440 -1.506633 -1.506633 0.333742 0.298433 3.218880 0.942446
-1.029749 -1.029749 -1.226916 -1.226916 0.300762 0.240000 3.218880 0.941779
-1.023842 -1.023842 -0.715585 -0.715585 0.324363 0.265561 3.218880 0.953975
-1.009491 -1.009491 -1.775561 -1.775561 0.320408 0.301329 3.214379 0.952662
-1.045224 -1.045224 -1.788781 -1.788781 0.313608 0.320359 3.190347 0.957417
-1.007144 -1.007144 -1.276171 -1.276171 0.317890 0.279542 3.214286 0.952410
-0.984730 -0.984730 -2.175950 -2.175950 0.314466 0.281038 3.218880 0.947673
-0.993910 -0.993910 -3.033227 -3.033227 0.312966 0.293404 3.218880 0.948111
-0.978305 -0.978305 -1.323682 -1.323682 0.328260 0.292432 3.209956 0.945628
-0.928794 -0.928794 -1.348775 -1.348775 0.330299 0.300048 3.169843 0.951373
-0.979050 -0.979050 -1.093556 -1.093556 0.306546 0.241501 3.218880 0.953174
-0.964695 -0.964695 -1.761568 -1.761568 0.309204 0.248940 3.218880 0.944995
-1.068172 -1.068172 -1.142224 -1.142224 0.312833 0.283982 3.218880 0.950510
-0.971049 -0.971049 -1.212842 -1.212842 0.313777 0.251413 3.218880 0.948184
-0.911249 -0.911249 -3.147606 -3.147606 0.326791 0.289753 3.218880 0.943773
-0.946474 -0.946474 -4.677007 -4.677007 0.322966 0.324740 3.215782 0.951111
-1.085629 -1.085629 -1.627793 -1.627793 0.294446 0.259576 3.218880 0.948271
-0.976094 -0.976094 -1.574481 -1.574481 0.327014 0.305855 3.190949 0.943535
-0.993724 -0.993724 -1.874992 -1.874992 0.301456 0.241233 3.218880 0.940316
-0.991512 -0.991512 -1.915484 -1.915484 0.320770 0.284206 3.218880 0.947683
-0.954727 -0.954727 -1.604786 -1.604786 0.328869 0.293118 3.218880 0.949747
-0.964626 -0.964626 -2.490544 -2.490544 0.318485 0.308655 3.218880 0.951235
-0.964614 -0.964614 -1.704065 -1.704065 0.316329 0.281043 3.218370 0.952972
-0.957700 -0.957700 -1.782280 -1.782280 0.333034 0.323571 3.200502 0.949354
-1.047227 -1.047227 -0.951048 -0.951048 0.321516 0.278373 3.217620 0.940711
-0.993141 -0.993141 -1.640412 -1.640412 0.318876 0.283313 3.218880 0.944713
-0.964195 -0.964195 -3.178078 -3.178078 0.315573 0.314737 3.208745 0.953156
-0.989166 -0.989166 -1.774956 -1.774956 0.295684 0.240000 3.218880 0.952222
-0.961250 -0.961250 -1.413231 -1.413231 0.311293 0.247462 3.218880 0.947974
-0.993789 -0.993789 -1.171651 -1.171651 0.302923 0.240000 3.218880 0.948197
-1.016775 -1.016775 -0.987534 -0.987534 0.300754 0.240000 3.218880 0.949097
-0.962966 -0.962966 -1.207770 -1.207770 0.310272 0.246306 3.218880 0.952601
-0.886942 -0.886942 -1.811047 -1.811047 0.326128 0.262207 3.218880 0.946889
-0.954021 -0.954021 -1.289092 -1.289092 0.332367 0.295861 3.216023 0.950354
-1.000855 -1.000855 -1.394916 -1.394916 0.303612 0.247257 3.218880 0.955298
-1.041728 -1.041728 -1.087068 -1.087068 0.296887 0.240000 3.218880 0.954046
-0.959657 -0.959657 -1.644607 -1.644607 0.302575 0.240037 3.218880 0.946900
-1.023669 -1.023669 -1.580428 -1.580428 0.311127 0.283414 3.218880 0.950601
-1.074466 -1.074466 -1.017456 -1.017456 0.292711 0.240000 3.218880 0.949703
-1.006908 -1.006908 -1.166003 -1.166003 0.319549 0.296519 3.201864 0.951217
-1.019557 -1.019557 -1.445138 -1.445138 0.293681 0.240000 3.218880 0.948079
-0.994815 -0.994815 -1.538409 -1.538409 0.298941 0.240000 3.218880 0.949805
-0.992248 -0.992248 -1.309889 -1.309889 0.322032 0.283667 3.198848 0.945768
-0.999536 -0.999536 -2.432100 -2.432100 0.316080 0.291264 3.218880 0.955112
-0.998920 -0.998920 -1.249203 -1.249203 0.306789 0.255968 3.218880 0.945762
-0.993893 -0.993893 -1.759697 -1.759697 0.307570 0.250294 3.218880 0.936469
-0.994870 -0.994870 -1.183256 -1.183256 0.310233 0.262085 3.218880 0.956752
-0.988064 -0.988064 -1.077289 -1.077289 0.310842 0.246301 3.218880 0.949404
-1.051576 -1.051576 -2.263861 -2.263861 0.302304 0.305811 3.211330 0.951324
-0.923098 -0.923098 -1.874299 -1.874299 0.329385 0.288667 3.218880 0.945565
-0.955399 -0.955399 -2.066878 -2.066878 0.320252 0.291862 3.218880 0.946942
-1.019263 -1.019263 -0.983329 -0.983329 0.305334 0.244101 3.218880 0.952332
-0.917219 -0.917219 -1.536424 -1.536424 0.321977 0.256007 3.218880 0.937923
-1.000909 -1.000909 -1.302456 -1.302456 0.324116 0.286313 3.218880 0.942412
-0.960745 -0.960745 -1.183577 -1.183577 0.300714 0.240000 3.218880 0.951776
-1.042525 -1.042525 -1.655377 -1.655377 0.288433 0.240000 3.218880 0.954442
-0.985527 -0.985527 -1.034142 -1.034142 0.315524 0.260774 3.218880 0.941061
-1.016890 -1.016890 -0.660234 -0.660234 0.319396 0.248050 3.218785 0.943778
-0.974582 -0.974582 -1.510837 -1.510837 0.321463 0.297470 3.189392 0.944094
-0.960044 -0.960044 -1.819106 -1.819106 0.315084 0.255177 3.218880 0.940935
-1.006163 -1.006163 -1.179252 -1.179252 0.317596 0.269851 3.218880 0.947652
-1.020092 -1.020092 -1.468574 -1.468574 0.298947 0.240000 3.218880 0.942256
-0.984496 -0.984496 -1.027737 -1.027737 0.304947 0.240443 3.218880 0.956795
-1.043174 -1.043174 -1.303103 -1.303103 0.295215 0.240000 3.218880 0.947181
-1.029952 -1.029952 -1.506832 -1.506832 0.297712 0.240000 3.218880 0.943968
-1.009412 -1.009412 -0.950994 -0.950994 0.307826 0.243969 3.218880 0.951093
-1.001335 -1.001335 -1.395754 -1.395754 0.301425 0.240000 3.218880 0.944261
-0.990522 -0.990522 -1.400484 -1.400484 0.309958 0.252660 3.218880 0.941923
-1.026311 -1.026311 -1.913634 -1.913634 0.322252 0.309215 3.218880 0.947442
-0.964825 -0.964825 -2.153843 -2.153843 0.331807 0.310964 3.218880 0.946413
-0.972733 -0.972733 -1.536414 -1.536414 0.316072 0.257945 3.218880 0.949816
-0.914254 -0.914254 -1.340533 -1.340533 0.322608 0.253865 3.218880 0.945898
-0.974606 -0.974606 -1.163855 -1.163855 0.303502 0.240160 3.218880 0.955539
-0.977978 -0.977978 -1.321575 -1.321575 0.309527 0.245479 3.218880 0.952787
-0.964413 -0.964413 -1.365919 -1.365919 0.303032 0.240000 3.218880 0.948546
