-0.979563 -0.979563 -1.264773 -1.264773 0.303587 0.240000 3.218880 0.951518
-1.012490 -1.012490 -0.823434 -0.823434 0.306075 0.240027 3.218880 0.953490
-1.008650 -1.008650 -1.125762 -1.125762 0.305077 0.240000 3.218880 0.946863
-0.963374 -0.963374 -1.121970 -1.121970 0.327233 0.272615 3.218880 0.945562
-1.016248 -1.016248 -1.583963 -1.583963 0.317065 0.279573 3.218880 0.945603
-0.897313 -0.897313 -1.828336 -1.828336 0.333941 0.285284 3.196477 0.936304
-1.036065 -1.036065 -1.237385 -1.237385 0.319205 0.283486 3.218880 0.956155
-0.930844 -0.930844 -1.586881 -1.586881 0.319644 0.254877 3.218880 0.938349
-0.968162 -0.968162 -1.423156 -1.423156 0.301610 0.240000 3.218880 0.947334
-1.006113 -1.006113 -0.765137 -0.765137 0.301167 0.240001 3.218880 0.960331
-1.023796 -1.023796 -1.569060 -1.569060 0.315949 0.294182 3.215096 0.950801
-0.913122 -0.913122 -4.541532 -4.541532 0.331899 0.307288 3.218880 0.943590
-0.981139 -0.981139 -3.310311 -3.310311 0.329404 0.332788 3.210390 0.949010
-1.010078 -1.010078 -1.506828 -1.506828 0.292366 0.240000 3.218880 0.947862
-0.953379 -0.953379 -1.412718 -1.412718 0.323468 0.266639 3.218880 0.948853
-1.029474 -1.029474 -1.381665 -1.381665 0.302046 0.242118 3.218880 0.944706
-0.986106 -0.986106 -1.435581 -1.435581 0.310072 0.246126 3.218880 0.941831
-1.031716 -1.031716 -1.564600 -1.564600 0.308859 0.288527 3.218532 0.948963
-1.053529 -1.053529 -1.177956 -1.177956 0.311918 0.269565 3.218855 0.956704
-0.981783 -0.981783 -1.741054 -1.741054 0.325392 0.291707 3.218880 0.943019
-1.020412 -1.020412 -1.650426 -1.650426 0.322276 0.301164 3.218880 0.953809
-0.958954 -0.958954 -1.524702 -1.524702 0.322521 0.279046 3.218078 0.946270
-0.953104 -0.953104 -0.984966 -0.984966 0.332090 0.274416 3.210010 0.950403
-0.958154 -0.958154 -1.078526 -1.078526 0.333713 0.288593 3.218880 0.949554
-0.965375 -0.965375 -1.102334 -1.102334 0.309809 0.246690 3.218880 0.952915
-0.999890 -0.999890 -2.194883 -2.194883 0.313430 0.289175 3.218880 0.950876
-0.991670 -0.991670 -0.861901 -0.861901 0.322890 0.254748 3.218880 0.946225
-0.980670 -0.980670 -1.350418 -1.350418 0.328883 0.287096 3.218880 0.950300
-0.995106 -0.995106 -1.210859 -1.210859 0.328704 0.278115 3.218880 0.950966
-1.013872 -1.013872 -1.580395 -1.580395 0.321317 0.293192 3.218880 0.944328
-1.025535 -1.025535 -1.311689 -1.311689 0.321741 0.283148 3.218880 0.952292
-1.006815 -1.006815 -1.199865 -1.199865 0.311878 0.255847 3.218880 0.954026
-0.954663 -0.954663 -1.937852 -1.937852 0.321292 0.305986 3.217985 0.954285
-0.989825 -0.989825 -1.342172 -1.342172 0.322998 0.272438 3.218880 0.946241
-0.967143 -0.967143 -2.067702 -2.067702 0.315803 0.290020 3.218880 0.950054
-0.977382 -0.977382 -1.543424 -1.543424 0.312739 0.275986 3.218807 0.951822
-0.973196 -0.973196 -1.334080 -1.334080 0.332065 0.302376 3.212781 0.953416
-0.943281 -0.943281 -2.484563 -2.484563 0.307299 0.261031 3.218880 0.948231
-1.002505 -1.002505 -2.953810 -2.953810 0.318800 0.318148 3.217913 0.946542
-1.056855 -1.056855 -1.456530 -1.456530 0.288766 0.240000 3.218880 0.951640
-0.935673 -0.935673 -1.523400 -1.523400 0.316222 0.262987 3.218880 0.955039
-1.030434 -1.030434 -1.393923 -1.393923 0.297504 0.240000 3.218880 0.943785
-0.964506 -0.964506 -1.439055 -1.439055 0.322122 0.269262 3.218880 0.954482
-0.995394 -0.995394 -1.478896 -1.478896 0.320895 0.270951 3.218880 0.951253
-0.992875 -0.992875 -1.356163 -1.356163 0.327734 0.287274 3.217155 0.950083
-1.009855 -1.009855 -2.097107 -2.097107 0.314680 0.286229 3.218880 0.947850
-1.003181 -1.003181 -1.733785 -1.733785 0.308230 0.268053 3.218880 0.948434
-0.956125 -0.956125 -1.898919 -1.898919 0.318073 0.282475 3.218880 0.950585
-0.957846 -0.957846 -1.851961 -1.851961 0.319604 0.277776 3.218424 0.952294
-0.938167 -0.938167 -1.688434 -1.688434 0.305112 0.240207 3.218880 0.949430
-1.021304 -1.021304 -1.422524 -1.422524 0.296239 0.244368 3.218880 0.949495
-1.039702 -1.039702 -1.562496 -1.562496 0.305211 0.248796 3.218880 0.941782
-0.993766 -0.993766 -1.633776 -1.633776 0.296725 0.240000 3.218880 0.946303
-1.064840 -1.064840 -1.400869 -1.400869 0.318849 0.304055 3.206055 0.946982
-0.992223 -0.992223 -0.779261 -0.779261 0.318538 0.251530 3.218880 0.949083
-0.978556 -0.978556 -3.470787 -3.470787 0.306704 0.284576 3.218880 0.940751
-0.977733 -0.977733 -2.082355 -2.082355 0.314157 0.294370 3.186314 0.939866
-0.967459 -0.967459 -2.303724 -2.303724 0.320498 0.303168 3.194916 0.948377
-0.981728 -0.981728 -1.530371 -1.530371 0.315994 0.257694 3.218880 0.933247
-1.010029 -1.010029 -1.240637 -1.240637 0.322185 0.308494 3.218801 0.953921
-0.969593 -0.969593 -1.093598 -1.093598 0.313386 0.246240 3.218880 0.949478
-0.991247 -0.991247 -1.610635 -1.610635 0.299376 0.242036 3.218880 0.950683
-0.982151 -0.982151 -1.802242 -1.802242 0.316146 0.269665 3.218880 0.943649
-0.992297 -0.992297 -1.073546 -1.073546 0.318072 0.249387 3.218880 0.941031
-0.926253 -0.926253 -1.283588 -1.283588 0.324509 0.265064 3.215245 0.939531
-0.997675 -0.997675 -1.441065 -1.441065 0.322663 0.284533 3.218880 0.950429
-1.003150 -1.003150 -1.232910 -1.232910 0.319937 0.281413 3.218488 0.954383
-1.064167 -1.064167 -0.980912 -0.980912 0.322997 0.298385 3.218880 0.949506
-0.907428 -0.907428 -1.893672 -1.893672 0.332052 0.277723 3.218880 0.948012
-0.978428 -0.978428 -1.958150 -1.958150 0.323117 0.298244 3.218880 0.956705
-0.951290 -0.951290 -1.314415 -1.314415 0.335021 0.302054 3.205222 0.950986
-1.049627 -1.049627 -1.350663 -1.350663 0.298629 0.240010 3.218880 0.947283
-1.023661 -1.023661 -1.623173 -1.623173 0.314639 0.294798 3.218880 0.951511
-0.994837 -0.994837 -1.309628 -1.309628 0.331996 0.304774 3.193417 0.947110
-0.993416 -0.993416 -1.513581 -1.513581 0.301622 0.240005 3.218880 0.947139
-0.990918 -0.990918 -1.458703 -1.458703 0.297703 0.240000 3.218880 0.947891
-1.014256 -1.014256 -1.238739 -1.238739 0.295841 0.240000 3.218880 0.950253
-1.038912 -1.038912 -0.939373 -0.939373 0.324116 0.288490 3.217960 0.948177
-0.970379 -0.970379 -1.221436 -1.221436 0.306791 0.242838 3.218880 0.942576
-0.985843 -0.985843 -1.330442 -1.330442 0.304378 0.248878 3.218880 0.947377
-1.051594 -1.051594 -1.498404 -1.498404 0.318624 0.307041 3.210448 0.949539
-0.945158 -0.945158 -2.539283 -2.539283 0.321115 0.288696 3.218880 0.939879
-1.035991 -1.035991 -1.689260 -1.689260 0.301799 0.276935 3.218572 0.949401
-0.944759 -0.944759 -1.444020 -1.444020 0.331669 0.305387 3.165303 0.932482
-0.991402 -0.991402 -1.237651 -1.237651 0.310180 0.244902 3.218880 0.944235
-0.974792 -0.974792 -1.272213 -1.272213 0.312446 0.245819 3.218880 0.944471
-0.993384 -0.993384 -1.318457 -1.318457 0.298511 0.240000 3.218880 0.954476
-1.029110 -1.029110 -1.350154 -1.350154 0.311212 0.260097 3.218880 0.948320
-0.975972 -0.975972 -1.302966 -1.302966 0.321076 0.272380 3.218569 0.946808
-1.005227 -1.005227 -1.209952 -1.209952 0.318482 0.260052 3.218880 0.947329
-0.887651 -0.887651 -1.685426 -1.685426 0.344847 0.293340 3.217173 0.944759
-0.881382 -0.881382 -1.652968 -1.652968 0.330216 0.264860 3.205519 0.940326
-0.966081 -0.966081 -0.972428 -0.972428 0.328263 0.266454 3.218880 0.951230
-0.982893 -0.982893 -1.323236 -1.323236 0.307174 0.246664 3.218880 0.946794
-0.969004 -0.969004 -1.095069 -1.095069 0.304787 0.240015 3.218880 0.955857
-1.002228 -1.002228 -1.167652 -1.167652 0.300321 0.240000 3.218880 0.952977
-0.953369 -0.953369 -1.444383 -1.444383 0.315508 0.263046 3.218880 0.951182
-1.032511 -1.032511 -0.802232 -0.802232 0.317475 0.266258 3.208285 0.956793
-0.989545 -0.989545 -1.218151 -1.218151 0.325244 0.299389 3.206039 0.956418
-0.991966 -0.991966 -1.309620 -1.309620 0.315045 0.262217 3.218880 0.949941
-0.922743 -0.922743 -1.488865 -1.488865 0.326334 0.274133 3.218880 0.946418
-1.004205 -1.004205 -0.724102 -0.724102 0.319620 0.257226 3.218880 0.950987
-0.931462 -0.931462 -1.208987 -1.208987 0.326636 0.266945 3.218880 0.947790
-0.927968 -0.927968 -1.793808 -1.793808 0.321145 0.260811 3.218880 0.939722
-1.040681 -1.040681 -0.838358 -0.838358 0.310657 0.244862 3.218880 0.952298
-1.016301 -1.016301 -1.133361 -1.133361 0.302133 0.240000 3.218880 0.953512
-1.040546 -1.040546 -1.193827 -1.193827 0.300394 0.240046 3.218880 0.944640
-1.032774 -1.032774 -1.318527 -1.318527 0.294150 0.240000 3.218880 0.953722
-1.018993 -1.018993 -0.864886 -0.864886 0.316529 0.257750 3.218880 0.952947
-0.876405 -0.876405 -1.728315 -1.728315 0.321633 0.258328 3.218880 0.953326
-0.938547 -0.938547 -1.364256 -1.364256 0.325609 0.277401 3.218880 0.953054
-0.987700 -0.987700 -1.337139 -1.337139 0.297722 0.240000 3.218880 0.952372
-0.953071 -0.953071 -1.572928 -1.572928 0.321194 0.275578 3.218880 0.947486
-0.966472 -0.966472 -1.168955 -1.168955 0.310085 0.242760 3.218880 0.953747
-1.095996 -1.095996 -1.183767 -1.183767 0.303817 0.260816 3.217706 0.953312
-0.954641 -0.954641 -1.739068 -1.739068 0.325829 0.289956 3.218880 0.947992
-0.950537 -0.950537 -1.446562 -1.446562 0.329099 0.282400 3.218338 0.947057
-1.030119 -1.030119 -1.194395 -1.194395 0.294313 0.240000 3.218880 0.953520
-1.048276 -1.048276 -1.374500 -1.374500 0.306326 0.283039 3.216930 0.954820
-0.986334 -0.986334 -1.647750 -1.647750 0.301018 0.241564 3.218880 0.948278
-0.982725 -0.982725 -0.964927 -0.964927 0.315446 0.261231 3.218880 0.954121
-1.019299 -1.019299 -1.051878 -1.051878 0.294788 0.240000 3.218880 0.958717
-1.003407 -1.003407 -1.419284 -1.419284 0.296299 0.240000 3.218880 0.946606
-0.972008 -0.972008 -1.351172 -1.351172 0.303345 0.240179 3.218880 0.950111
-0.968844 -0.968844 -2.928796 -2.928796 0.320925 0.287965 3.218880 0.947426
-0.944499 -0.944499 -2.208267 -2.208267 0.330506 0.306755 3.218880 0.952742
-0.948383 -0.948383 -1.542846 -1.542846 0.303926 0.240033 3.218880 0.947700
-0.956847 -0.956847 -1.436570 -1.436570 0.319376 0.271068 3.218880 0.951318
-0.965175 -0.965175 -1.214419 -1.214419 0.327483 0.304491 3.174701 0.938964
-0.963824 -0.963824 -1.322732 -1.322732 0.319820 0.267305 3.218880 0.946321
-1.013549 -1.013549 -1.072699 -1.072699 0.299085 0.240000 3.218880 0.949726
-1.033526 -1.033526 -1.226425 -1.226425 0.313161 0.274350 3.218880 0.946859
