-0.996031 -0.996031 -0.804543 -0.804543 0.323833 0.256779 3.218880 0.943753
-1.006775 -1.006775 -1.458505 -1.458505 0.324177 0.297917 3.218446 0.954094
-1.033096 -1.033096 -0.971570 -0.971570 0.303264 0.242658 3.218880 0.947381
-0.951282 -0.951282 -1.507342 -1.507342 0.305956 0.240915 3.218880 0.948750
-1.002629 -1.002629 -1.155154 -1.155154 0.313049 0.246499 3.218880 0.942192
-0.948155 -0.948155 -1.882281 -1.882281 0.331723 0.300159 3.202122 0.949804
-1.064429 -1.064429 -0.986280 -0.986280 0.298774 0.240011 3.218880 0.953767
-1.039703 -1.039703 -1.431890 -1.431890 0.318505 0.300836 3.191623 0.957212
-1.042258 -1.042258 -1.144643 -1.144643 0.312063 0.293377 3.161554 0.955955
-1.017768 -1.017768 -2.144318 -2.144318 0.312310 0.317015 3.191318 0.942469
-0.994171 -0.994171 -2.051085 -2.051085 0.316817 0.291443 3.218880 0.950377
-1.007175 -1.007175 -1.250449 -1.250449 0.316028 0.289661 3.192235 0.957081
-1.040505 -1.040505 -1.056263 -1.056263 0.316191 0.262682 3.218880 0.940227
-1.065084 -1.065084 -0.789575 -0.789575 0.294866 0.240000 3.218880 0.957078
-1.045974 -1.045974 -1.095398 -1.095398 0.295586 0.240000 3.218880 0.946419
-1.024453 -1.024453 -3.053234 -3.053234 0.309793 0.304262 3.218880 0.956597
-1.006243 -1.006243 -0.825769 -0.825769 0.300545 0.240000 3.218880 0.954532
-1.059844 -1.059844 -1.240683 -1.240683 0.287805 0.240000 3.218880 0.953683
-0.904972 -0.904972 -2.948116 -2.948116 0.335581 0.307310 3.218880 0.942193
-0.969343 -0.969343 -2.690966 -2.690966 0.323619 0.304129 3.217916 0.951308
-1.074625 -1.074625 -0.851732 -0.851732 0.312819 0.254603 3.218880 0.949381
-1.050103 -1.050103 -1.382906 -1.382906 0.294338 0.240000 3.218880 0.944545
-1.079041 -1.079041 -0.880236 -0.880236 0.290684 0.240000 3.218880 0.950795
-1.075171 -1.075171 -1.209989 -1.209989 0.303292 0.284875 3.218880 0.954615
-1.052192 -1.052192 -1.071308 -1.071308 0.299512 0.241961 3.218880 0.943786
-1.062628 -1.062628 -0.819654 -0.819654 0.316532 0.276002 3.212190 0.945697
-1.034007 -1.034007 -1.007729 -1.007729 0.315326 0.269631 3.218880 0.953933
-0.978823 -0.978823 -1.772593 -1.772593 0.307963 0.266451 3.218880 0.950616
-1.000893 -1.000893 -3.134991 -3.134991 0.298131 0.286707 3.218880 0.949476
-0.914427 -0.914427 -1.349289 -1.349289 0.323015 0.257429 3.218880 0.951201
-0.942591 -0.942591 -1.129533 -1.129533 0.335263 0.287881 3.211163 0.948704
-1.024892 -1.024892 -0.868200 -0.868200 0.326393 0.290866 3.197042 0.950956
-0.979119 -0.979119 -1.361359 -1.361359 0.302118 0.240000 3.218880 0.944631
-1.008195 -1.008195 -1.082978 -1.082978 0.301333 0.240000 3.218880 0.945558
-1.039969 -1.039969 -1.144315 -1.144315 0.322018 0.286125 3.218880 0.949193
-0.982847 -0.982847 -1.312337 -1.312337 0.295960 0.240000 3.218880 0.953145
-0.952134 -0.952134 -1.345751 -1.345751 0.318711 0.265807 3.218880 0.956433
-0.987835 -0.987835 -1.471139 -1.471139 0.312887 0.274599 3.218880 0.949474
-1.038543 -1.038543 -0.935371 -0.935371 0.323152 0.285311 3.218717 0.946261
-0.989829 -0.989829 -0.998753 -0.998753 0.314536 0.254646 3.218880 0.953941
-0.982994 -0.982994 -0.703352 -0.703352 0.321596 0.252864 3.218880 0.953263
-0.943075 -0.943075 -1.534676 -1.534676 0.330204 0.295303 3.207693 0.950545
-0.975511 -0.975511 -1.395975 -1.395975 0.327769 0.294759 3.217883 0.959213
-0.983267 -0.983267 -1.562858 -1.562858 0.330395 0.296042 3.218880 0.955454
-0.975999 -0.975999 -1.920998 -1.920998 0.327382 0.310034 3.208478 0.955195
-1.006519 -1.006519 -1.560402 -1.560402 0.318738 0.309012 3.217992 0.952922
-0.961676 -0.961676 -1.073819 -1.073819 0.317526 0.248766 3.218880 0.951986
-0.968125 -0.968125 -1.576298 -1.576298 0.316393 0.290469 3.218749 0.950732
-0.958917 -0.958917 -1.966717 -1.966717 0.321870 0.305954 3.218583 0.953380
-1.037522 -1.037522 -1.591049 -1.591049 0.317124 0.287778 3.209895 0.948174
-1.019132 -1.019132 -2.185702 -2.185702 0.303407 0.256724 3.218880 0.948717
-1.012099 -1.012099 -2.301011 -2.301011 0.311896 0.299638 3.218880 0.949587
-1.027076 -1.027076 -1.512281 -1.512281 0.314776 0.282074 3.218880 0.951482
-0.979759 -0.979759 -1.531042 -1.531042 0.320447 0.283776 3.216920 0.949422
-1.017549 -1.017549 -1.722898 -1.722898 0.312676 0.281983 3.218880 0.945462
-0.963024 -0.963024 -1.393712 -1.393712 0.312056 0.256364 3.218880 0.945571
-1.041061 -1.041061 -1.208615 -1.208615 0.319738 0.308016 3.203502 0.956877
-0.978222 -0.978222 -1.351172 -1.351172 0.308560 0.246306 3.218880 0.946706
-0.992845 -0.992845 -1.959567 -1.959567 0.316156 0.292453 3.218880 0.954095
-0.978873 -0.978873 -1.050249 -1.050249 0.322393 0.274539 3.198851 0.945396
-0.931133 -0.931133 -1.654691 -1.654691 0.317623 0.256895 3.218880 0.946516
-0.989853 -0.989853 -1.210953 -1.210953 0.323181 0.271978 3.218880 0.946881
-0.985877 -0.985877 -1.425239 -1.425239 0.325370 0.282473 3.218880 0.951508
-0.950725 -0.950725 -1.455631 -1.455631 0.327172 0.278175 3.218880 0.955344
-0.969546 -0.969546 -0.966641 -0.966641 0.334706 0.281846 3.218880 0.941589
-0.978869 -0.978869 -0.874906 -0.874906 0.315829 0.246647 3.218880 0.948806
-1.004991 -1.004991 -1.107887 -1.107887 0.319908 0.288354 3.218834 0.953087
-1.123784 -1.123784 -1.456049 -1.456049 0.287129 0.251547 3.218880 0.951371
-0.928818 -0.928818 -2.718846 -2.718846 0.335171 0.320567 3.218880 0.952690
-0.986535 -0.986535 -2.374585 -2.374585 0.316067 0.296322 3.218593 0.951874
-0.985432 -0.985432 -2.287097 -2.287097 0.321248 0.301165 3.218880 0.952473
-1.016221 -1.016221 -1.381141 -1.381141 0.313420 0.280506 3.203659 0.953249
-1.061246 -1.061246 -1.163954 -1.163954 0.318764 0.297501 3.210500 0.954987
-0.963742 -0.963742 -1.600695 -1.600695 0.304689 0.241016 3.218880 0.947386
-0.987973 -0.987973 -2.168026 -2.168026 0.311065 0.288062 3.218880 0.950154
-0.952982 -0.952982 -1.407907 -1.407907 0.308315 0.247047 3.218880 0.943922
-0.975533 -0.975533 -1.514440 -1.514440 0.299732 0.240000 3.218880 0.950603
-1.012560 -1.012560 -0.881725 -0.881725 0.309065 0.245864 3.218880 0.954236
-0.966514 -0.966514 -1.915014 -1.915014 0.325086 0.297946 3.208625 0.950144
-0.941480 -0.941480 -2.127744 -2.127744 0.324033 0.281436 3.218880 0.942042
-0.928374 -0.928374 -2.813849 -2.813849 0.331849 0.295262 3.218880 0.944120
-0.979837 -0.979837 -1.909067 -1.909067 0.300399 0.240718 3.218880 0.950258
-0.935306 -0.935306 -1.497997 -1.497997 0.322958 0.257312 3.218880 0.943860
-0.906225 -0.906225 -1.191074 -1.191074 0.322568 0.254815 3.218880 0.948877
-0.941948 -0.941948 -0.920360 -0.920360 0.325625 0.253241 3.218880 0.946328
-0.933288 -0.933288 -2.226580 -2.226580 0.330435 0.316167 3.218880 0.945765
-0.990702 -0.990702 -1.715400 -1.715400 0.318064 0.308117 3.188814 0.945819
-1.013721 -1.013721 -1.071363 -1.071363 0.304989 0.240000 3.218880 0.949107
-1.038365 -1.038365 -2.054854 -2.054854 0.311745 0.307509 3.218859 0.953374
-0.962622 -0.962622 -1.961295 -1.961295 0.320951 0.300732 3.218880 0.950317
-0.960347 -0.960347 -1.142424 -1.142424 0.306540 0.241746 3.218880 0.952903
-1.011752 -1.011752 -0.753059 -0.753059 0.335776 0.298738 3.173975 0.946420
-1.069397 -1.069397 -0.824240 -0.824240 0.292962 0.240000 3.218880 0.955949
-0.941890 -0.941890 -1.561000 -1.561000 0.328315 0.283856 3.218880 0.949715
-0.984455 -0.984455 -1.510199 -1.510199 0.326621 0.292587 3.208194 0.951899
-1.034901 -1.034901 -1.389871 -1.389871 0.307071 0.287927 3.209229 0.949662
-1.029872 -1.029872 -2.200451 -2.200451 0.296911 0.255138 3.218880 0.938704
-0.934288 -0.934288 -3.043841 -3.043841 0.327504 0.290182 3.218880 0.948652
-0.932489 -0.932489 -3.674915 -3.674915 0.317151 0.308222 3.218749 0.943289
-0.954894 -0.954894 -2.769340 -2.769340 0.293338 0.240000 3.218880 0.943836
-0.959464 -0.959464 -1.668014 -1.668014 0.299450 0.240000 3.218880 0.942149
-0.971289 -0.971289 -1.093040 -1.093040 0.319920 0.284647 3.199735 0.949231
-0.957319 -0.957319 -2.091591 -2.091591 0.305390 0.249432 3.218880 0.945125
-0.963517 -0.963517 -1.645489 -1.645489 0.314550 0.254578 3.218880 0.950457
-0.930622 -0.930622 -2.381043 -2.381043 0.319718 0.280964 3.218880 0.944345
-0.998388 -0.998388 -1.674151 -1.674151 0.303118 0.241898 3.218880 0.945663
-0.903590 -0.903590 -2.289108 -2.289108 0.334668 0.304152 3.218880 0.945655
-0.940797 -0.940797 -1.450634 -1.450634 0.331464 0.279573 3.218880 0.942937
-0.953208 -0.953208 -1.668023 -1.668023 0.328800 0.304345 3.201364 0.952834
-0.997066 -0.997066 -1.781650 -1.781650 0.316921 0.297524 3.218880 0.953183
-1.054235 -1.054235 -0.989410 -0.989410 0.295287 0.240000 3.218880 0.948211
-0.965213 -0.965213 -2.411169 -2.411169 0.326352 0.315766 3.217102 0.952555
-0.956375 -0.956375 -2.163127 -2.163127 0.320047 0.270210 3.218813 0.944820
-0.925463 -0.925463 -1.676428 -1.676428 0.333378 0.275540 3.218880 0.949332
-0.944099 -0.944099 -2.093008 -2.093008 0.329491 0.285263 3.218656 0.943298
-1.010770 -1.010770 -1.066828 -1.066828 0.303060 0.240127 3.218880 0.942024
-1.017011 -1.017011 -1.284982 -1.284982 0.303564 0.241096 3.218880 0.940936
-1.023914 -1.023914 -0.973716 -0.973716 0.311001 0.246663 3.218880 0.947187
-0.992159 -0.992159 -1.514139 -1.514139 0.319635 0.284650 3.218880 0.944129
-0.995318 -0.995318 -1.197502 -1.197502 0.311399 0.275979 3.177070 0.944106
-0.944658 -0.944658 -1.369220 -1.369220 0.309319 0.241698 3.218880 0.950831
-1.033819 -1.033819 -1.481177 -1.481177 0.321214 0.308468 3.218880 0.951031
-1.008145 -1.008145 -1.479895 -1.479895 0.310138 0.261338 3.218673 0.940309
-1.115468 -1.115468 -1.116481 -1.116481 0.285418 0.240000 3.218880 0.949619
-1.092336 -1.092336 -0.740726 -0.740726 0.290313 0.240000 3.218880 0.957065
-0.969941 -0.969941 -2.453289 -2.453289 0.321761 0.298257 3.218880 0.949613
-0.921832 -0.921832 -1.646850 -1.646850 0.339412 0.305812 3.197890 0.942621
-0.955904 -0.955904 -1.483718 -1.483718 0.332801 0.292842 3.218880 0.943920
-0.935842 -0.935842 -2.578520 -2.578520 0.308397 0.264037 3.218880 0.951192
-1.010687 -1.010687 -1.231459 -1.231459 0.294993 0.240000 3.218880 0.948919
-0.919975 -0.919975 -1.238727 -1.238727 0.319845 0.252878 3.218880 0.955687
-0.956515 -0.956515 -1.962373 -1.962373 0.315994 0.261490 3.218880 0.942122
