-0.963455 -0.963455 -1.428518 -1.428518 0.330711 0.286452 3.196317 0.946034
-0.948924 -0.948924 -1.158884 -1.158884 0.305869 0.240000 3.218880 0.950255
-0.955054 -0.955054 -1.750955 -1.750955 0.326487 0.291001 3.218880 0.945216
-1.083331 -1.083331 -1.121358 -1.121358 0.309020 0.290661 3.183113 0.953973
-0.916347 -0.916347 -1.577521 -1.577521 0.315448 0.249677 3.218880 0.948185
-0.951797 -0.951797 -1.435908 -1.435908 0.331724 0.285462 3.218880 0.943551
-0.939335 -0.939335 -1.126878 -1.126878 0.324092 0.262718 3.218880 0.950048
-1.000188 -1.000188 -1.543906 -1.543906 0.305441 0.245649 3.218880 0.945365
-0.977768 -0.977768 -1.901021 -1.901021 0.302219 0.242399 3.218880 0.947810
-0.999182 -0.999182 -1.306803 -1.306803 0.302593 0.240000 3.218880 0.948258
-0.966408 -0.966408 -1.424317 -1.424317 0.303071 0.240000 3.218880 0.949678
-1.006143 -1.006143 -0.917336 -0.917336 0.318592 0.254540 3.218880 0.947899
-0.984003 -0.984003 -1.863590 -1.863590 0.320173 0.290225 3.216645 0.954552
-0.871284 -0.871284 -1.308413 -1.308413 0.333176 0.256065 3.218880 0.942314
-0.967577 -0.967577 -1.523945 -1.523945 0.312646 0.252359 3.218880 0.951006
-1.027525 -1.027525 -0.911305 -0.911305 0.299387 0.240000 3.218880 0.954195
-0.966759 -0.966759 -1.153413 -1.153413 0.312665 0.255218 3.218880 0.952146
-0.970038 -0.970038 -2.574727 -2.574727 0.317871 0.303335 3.218880 0.951377
-0.966685 -0.966685 -1.716965 -1.716965 0.326863 0.299442 3.213442 0.953549
-1.003108 -1.003108 -1.361485 -1.361485 0.306561 0.243744 3.218880 0.944028
-0.978006 -0.978006 -1.392046 -1.392046 0.322346 0.281563 3.196170 0.947604
-0.960321 -0.960321 -1.443018 -1.443018 0.312262 0.247357 3.218880 0.947550
-1.012301 -1.012301 -0.946191 -0.946191 0.311897 0.249131 3.218880 0.950412
-0.999254 -0.999254 -1.165309 -1.165309 0.304210 0.240656 3.218880 0.946165
-0.989348 -0.989348 -1.297552 -1.297552 0.317447 0.265142 3.218880 0.944483
-0.958287 -0.958287 -1.199661 -1.199661 0.318136 0.259829 3.218802 0.951386
-0.960697 -0.960697 -1.375779 -1.375779 0.318595 0.261593 3.218880 0.949991
-0.929084 -0.929084 -1.806135 -1.806135 0.314482 0.252990 3.218880 0.941693
-1.000913 -1.000913 -1.335468 -1.335468 0.300456 0.240000 3.218880 0.955910
-0.985040 -0.985040 -1.401938 -1.401938 0.329335 0.298229 3.218468 0.940662
-1.039631 -1.039631 -0.966635 -0.966635 0.296390 0.240000 3.218880 0.953106
-0.983815 -0.983815 -1.401329 -1.401329 0.324824 0.306420 3.214677 0.947772
-0.947566 -0.947566 -2.337010 -2.337010 0.314895 0.268575 3.213022 0.944590
-1.074850 -1.074850 -0.791593 -0.791593 0.317211 0.288992 3.204748 0.952507
-1.024045 -1.024045 -1.309165 -1.309165 0.322301 0.313001 3.218126 0.958761
-0.941278 -0.941278 -0.927004 -0.927004 0.335866 0.292419 3.159126 0.948836
-0.977750 -0.977750 -1.015208 -1.015208 0.327783 0.281110 3.211965 0.947274
-0.937977 -0.937977 -1.256014 -1.256014 0.327852 0.267059 3.218880 0.953704
-1.016335 -1.016335 -2.093059 -2.093059 0.311503 0.276375 3.218880 0.943154
-1.012679 -1.012679 -2.242351 -2.242351 0.305319 0.284828 3.218745 0.942540
-1.069589 -1.069589 -0.830915 -0.830915 0.292831 0.240000 3.218880 0.951828
-0.973451 -0.973451 -2.334825 -2.334825 0.312150 0.288352 3.218880 0.951325
-1.005907 -1.005907 -2.255999 -2.255999 0.316011 0.299745 3.205577 0.950067
-0.904664 -0.904664 -1.520851 -1.520851 0.336697 0.274660 3.218875 0.937123
-0.928707 -0.928707 -1.531144 -1.531144 0.335268 0.301873 3.205452 0.945866
-0.980385 -0.980385 -2.130316 -2.130316 0.317499 0.295621 3.209301 0.939254
-0.960736 -0.960736 -1.453231 -1.453231 0.309069 0.246498 3.218880 0.945901
-1.048170 -1.048170 -1.010357 -1.010357 0.304715 0.259207 3.218586 0.949307
-1.048804 -1.048804 -1.346882 -1.346882 0.309551 0.283240 3.218880 0.956741
-1.074313 -1.074313 -0.879674 -0.879674 0.298183 0.240000 3.218880 0.953953
-1.026020 -1.026020 -1.000985 -1.000985 0.293672 0.240000 3.218880 0.956521
-0.999832 -0.999832 -1.844788 -1.844788 0.293708 0.240000 3.218880 0.947060
-1.080564 -1.080564 -1.184598 -1.184598 0.292932 0.240000 3.218880 0.948603
-1.005939 -1.005939 -1.928984 -1.928984 0.323417 0.292863 3.218880 0.946658
-1.033350 -1.033350 -1.349323 -1.349323 0.309460 0.285917 3.218880 0.954103
-1.010370 -1.010370 -0.659801 -0.659801 0.322766 0.252208 3.218880 0.950120
-1.021283 -1.021283 -1.615250 -1.615250 0.318539 0.290101 3.218880 0.950249
-0.898091 -0.898091 -1.860784 -1.860784 0.337015 0.288034 3.218880 0.946098
-0.926806 -0.926806 -2.394416 -2.394416 0.331475 0.294273 3.218880 0.946283
-0.949957 -0.949957 -1.207546 -1.207546 0.315022 0.250326 3.218880 0.950743
-0.949851 -0.949851 -1.813112 -1.813112 0.308153 0.251767 3.218880 0.942511
-0.968064 -0.968064 -1.229388 -1.229388 0.315953 0.253445 3.218880 0.947022
-0.987199 -0.987199 -1.398597 -1.398597 0.308469 0.257897 3.218880 0.953044
-0.981596 -0.981596 -0.963814 -0.963814 0.319037 0.252081 3.218880 0.950450
-0.935235 -0.935235 -1.115506 -1.115506 0.319955 0.249597 3.218880 0.948569
-1.008299 -1.008299 -1.299308 -1.299308 0.301293 0.240091 3.218880 0.945564
-1.037843 -1.037843 -1.198723 -1.198723 0.311705 0.260137 3.218880 0.947492
-1.008558 -1.008558 -1.603600 -1.603600 0.300326 0.240151 3.218880 0.947517
-0.997452 -0.997452 -1.136626 -1.136626 0.309633 0.248831 3.218880 0.950641
-0.994638 -0.994638 -1.047898 -1.047898 0.308357 0.242122 3.218880 0.946075
-1.049864 -1.049864 -1.073505 -1.073505 0.295757 0.240002 3.218880 0.950165
-1.057131 -1.057131 -0.924580 -0.924580 0.318673 0.287340 3.210161 0.947007
-1.045851 -1.045851 -2.597508 -2.597508 0.300635 0.298369 3.218880 0.950759
-1.081557 -1.081557 -1.959903 -1.959903 0.299286 0.286946 3.218880 0.952593
-0.972549 -0.972549 -1.353131 -1.353131 0.326267 0.288060 3.218880 0.946700
-0.983806 -0.983806 -1.504458 -1.504458 0.323013 0.301589 3.218880 0.948805
-1.023970 -1.023970 -1.264444 -1.264444 0.317435 0.283787 3.213325 0.944587
-1.028449 -1.028449 -1.062531 -1.062531 0.299339 0.240000 3.218880 0.946786
-1.005729 -1.005729 -1.535890 -1.535890 0.317634 0.283871 3.218880 0.942468
-1.007040 -1.007040 -1.304110 -1.304110 0.318693 0.274413 3.218880 0.962976
-1.012625 -1.012625 -1.006315 -1.006315 0.308544 0.246935 3.218880 0.952127
-0.944805 -0.944805 -2.211492 -2.211492 0.326312 0.302256 3.218880 0.944172
-1.060184 -1.060184 -0.983820 -0.983820 0.298452 0.240000 3.218880 0.948494
-1.006310 -1.006310 -1.238583 -1.238583 0.305600 0.243336 3.218880 0.946716
-0.979396 -0.979396 -1.496346 -1.496346 0.312610 0.252265 3.218880 0.948996
-0.982939 -0.982939 -0.906638 -0.906638 0.305950 0.240826 3.218880 0.954082
-0.984960 -0.984960 -2.592091 -2.592091 0.313783 0.313543 3.218880 0.957212
-1.013270 -1.013270 -1.340507 -1.340507 0.321285 0.299914 3.194259 0.951160
-1.076521 -1.076521 -2.083975 -2.083975 0.304035 0.305363 3.218880 0.959411
-0.943174 -0.943174 -3.901360 -3.901360 0.314398 0.288416 3.218880 0.945537
-0.988768 -0.988768 -0.940728 -0.940728 0.316367 0.247888 3.218880 0.947792
-0.931311 -0.931311 -1.489047 -1.489047 0.334968 0.290313 3.218398 0.950703
-1.046823 -1.046823 -1.067586 -1.067586 0.319488 0.284588 3.218880 0.949585
-0.949168 -0.949168 -1.330191 -1.330191 0.328093 0.268319 3.218880 0.948590
-0.951153 -0.951153 -1.908671 -1.908671 0.325215 0.267111 3.218880 0.943317
-1.015923 -1.015923 -1.614183 -1.614183 0.315354 0.303549 3.218880 0.951031
-0.928223 -0.928223 -3.156391 -3.156391 0.324469 0.277842 3.218880 0.937985
-1.036647 -1.036647 -0.970073 -0.970073 0.300825 0.242291 3.218880 0.954472
-1.043158 -1.043158 -1.138844 -1.138844 0.315022 0.272290 3.218880 0.951725
-1.014904 -1.014904 -1.228099 -1.228099 0.313116 0.253445 3.218880 0.944114
-0.912922 -0.912922 -1.218682 -1.218682 0.327796 0.261563 3.218880 0.946525
-1.013372 -1.013372 -1.070361 -1.070361 0.309279 0.249885 3.218880 0.952176
-0.941390 -0.941390 -1.858996 -1.858996 0.327617 0.286484 3.218880 0.947986
-1.047625 -1.047625 -1.659244 -1.659244 0.315282 0.309837 3.217988 0.954436
-0.977016 -0.977016 -1.960133 -1.960133 0.322302 0.279578 3.218880 0.945515
-1.008131 -1.008131 -1.074525 -1.074525 0.320521 0.281076 3.218880 0.947462
-0.989759 -0.989759 -1.516699 -1.516699 0.302751 0.241576 3.218880 0.952502
-0.947686 -0.947686 -1.706413 -1.706413 0.313337 0.264701 3.218854 0.944567
-1.049537 -1.049537 -1.265281 -1.265281 0.310714 0.281425 3.218019 0.954624
-0.964669 -0.964669 -1.141481 -1.141481 0.339247 0.307889 3.213520 0.954233
-0.890456 -0.890456 -3.107219 -3.107219 0.332533 0.280805 3.218880 0.937101
-0.918379 -0.918379 -2.496470 -2.496470 0.325193 0.268201 3.218880 0.932016
-0.987505 -0.987505 -1.363033 -1.363033 0.318606 0.289811 3.210504 0.961144
-1.050571 -1.050571 -0.786188 -0.786188 0.303621 0.243640 3.218880 0.953310
-0.997700 -0.997700 -0.901934 -0.901934 0.302241 0.240000 3.218880 0.951960
-0.980226 -0.980226 -0.869889 -0.869889 0.316077 0.246135 3.218880 0.948271
-1.020395 -1.020395 -1.132004 -1.132004 0.313451 0.271137 3.201882 0.952136
-0.981197 -0.981197 -1.502155 -1.502155 0.317234 0.276568 3.218880 0.944952
-0.963890 -0.963890 -1.360863 -1.360863 0.319492 0.267953 3.218880 0.945031
-0.946526 -0.946526 -0.981737 -0.981737 0.327318 0.264743 3.218724 0.952738
-0.999863 -0.999863 -1.422522 -1.422522 0.318621 0.274210 3.218880 0.948469
-1.026366 -1.026366 -0.773177 -0.773177 0.307113 0.240024 3.218880 0.951412
-1.045421 -1.045421 -1.433235 -1.433235 0.291573 0.240000 3.218880 0.949513
-1.027804 -1.027804 -0.856863 -0.856863 0.325353 0.311857 3.137020 0.945387
-0.939642 -0.939642 -2.004557 -2.004557 0.320615 0.276238 3.218880 0.948528
-1.055842 -1.055842 -0.695423 -0.695423 0.310908 0.250018 3.218880 0.955327
-1.062173 -1.062173 -0.942023 -0.942023 0.318043 0.284483 3.218880 0.952920
-0.890455 -0.890455 -1.800250 -1.800250 0.334483 0.273527 3.218880 0.938971
-1.030375 -1.030375 -1.125048 -1.125048 0.307361 0.243971 3.218880 0.938409
-1.034870 -1.034870 -1.117560 -1.117560 0.294405 0.240000 3.218880 0.955017
-0.941497 -0.941497 -1.187002 -1.187002 0.310119 0.242202 3.218880 0.948966
-0.931996 -0.931996 -1.463485 -1.463485 0.318983 0.253168 3.218880 0.951413
