-0.943040 -0.399012 0.306456 0.318695 -1.049426 -0.936485 3.129808 0.962441
-1.010166 -0.253907 0.302429 0.312978 -1.063193 -0.986182 3.117085 0.960868
-1.023224 -0.079575 0.296850 0.299228 -1.018310 -1.028262 3.020559 0.964971
-1.042610 0.062685 0.294315 0.294047 -0.987659 -0.966813 3.042421 0.967763
-1.108586 0.103346 0.286808 0.301843 -1.042075 -0.944681 3.048239 0.970792
-0.950989 -0.658992 0.295442 0.309074 -1.124157 -1.024462 3.138646 0.966544
-0.823021 -0.793597 0.292613 0.313052 -1.158900 -1.024857 3.118259 0.965142
-0.998703 -0.417883 0.296648 0.303015 -1.119341 -1.065678 3.106821 0.965989
-0.999362 -0.236315 0.294902 0.279767 -1.040061 -1.083559 3.096570 0.963600
-0.988594 -0.200796 0.307550 0.313665 -1.031507 -0.969884 3.106595 0.967922
-0.990732 -0.270031 0.303587 0.316344 -1.058561 -0.978762 3.105378 0.965458
-0.902603 -0.795172 0.302513 0.308561 -1.024174 -0.991080 3.134547 0.965630
-0.988569 -0.411224 0.283864 0.291052 -1.073905 -1.000691 3.123506 0.969233
-0.931377 -0.548486 0.307177 0.316242 -1.096765 -1.036471 3.169781 0.964118
-0.986377 0.005416 0.316682 0.326421 -0.980077 -0.905106 3.040815 0.967783
-0.961726 -0.473987 0.292336 0.327566 -1.084473 -0.883997 3.142692 0.965935
-0.944097 -0.463055 0.291976 0.284280 -1.054852 -1.044519 3.133408 0.964391
-0.925087 -0.613332 0.288604 0.288292 -1.105679 -1.046937 3.147054 0.965271
-1.084298 -0.155087 0.292944 0.319264 -1.082858 -0.924894 3.109844 0.968752
-1.001839 -0.452472 0.300423 0.319316 -1.137598 -0.999971 3.093735 0.963289
-0.953986 -0.371229 0.309361 0.323152 -1.061853 -0.936148 3.109837 0.957470
-1.030373 -0.306108 0.298215 0.317817 -1.092329 -0.996708 3.103148 0.967684
-1.014628 -0.290033 0.291757 0.295931 -1.086009 -1.069780 3.095183 0.967739
-0.953576 -0.517703 0.298366 0.323943 -1.097689 -0.975565 3.079595 0.965439
-0.999641 -0.195343 0.297164 0.300484 -1.041037 -0.996656 3.111609 0.965475
-0.986446 -0.279877 0.297170 0.304193 -1.058445 -0.957122 3.113506 0.963377
-0.940840 -0.444040 0.293335 0.289088 -1.057128 -1.075087 3.112780 0.967187
-0.934879 -0.725087 0.293883 0.296326 -1.058573 -0.997398 3.119717 0.960977
-0.990471 -0.278803 0.298515 0.293556 -1.066489 -1.044434 3.093842 0.962902
-1.017443 -0.296412 0.303843 0.329275 -1.075125 -0.918332 3.085927 0.961692
-1.055951 -0.215034 0.278682 0.294599 -1.074693 -0.999206 3.108576 0.969567
-0.994981 -0.260962 0.297231 0.314975 -1.075360 -0.948585 3.097222 0.962895
-1.037227 0.032943 0.299312 0.301254 -1.027463 -1.040437 3.027488 0.965978
-0.855035 -0.702437 0.298671 0.292069 -0.998931 -1.071150 3.032224 0.962586
-1.001940 -0.396135 0.291628 0.308443 -1.125716 -1.025012 3.103439 0.966308
-0.892515 -0.587139 0.310689 0.302412 -1.083111 -1.090473 3.110045 0.965075
-0.987826 -0.136705 0.315389 0.333106 -0.997837 -0.893869 3.084528 0.963225
-0.920324 -0.537311 0.299293 0.312875 -1.079761 -0.960066 3.141574 0.960506
-0.921610 -0.560989 0.289254 0.301771 -1.123470 -1.021076 3.127177 0.967681
-0.856813 -1.097947 0.294999 0.316652 -1.088057 -0.916498 3.153030 0.964565
-1.066786 -0.044031 0.291777 0.299378 -1.052915 -1.017460 3.066534 0.968655
-1.024091 -0.138955 0.300217 0.291058 -1.023424 -1.093246 3.075840 0.970321
-1.035748 0.040354 0.298179 0.304980 -1.007739 -0.964309 3.065947 0.965290
-1.013640 -0.099562 0.304240 0.307784 -1.035794 -1.004724 3.077398 0.967043
-0.980631 -0.137778 0.307321 0.305091 -1.054678 -1.058289 3.066671 0.969012
-1.057750 0.242641 0.297771 0.295838 -0.977996 -0.978855 3.010240 0.966723
-1.205134 0.539204 0.300749 0.299042 -0.949406 -0.933596 3.038696 0.964675
-0.960194 -0.504390 0.281995 0.296149 -1.086852 -0.977260 3.159718 0.967341
-1.051685 0.035628 0.295949 0.306647 -1.016289 -0.959552 3.031473 0.967746
-1.074068 0.104563 0.298354 0.304812 -1.028052 -0.995267 3.042741 0.971316
-0.971703 -0.482371 0.293395 0.299649 -1.103829 -1.017531 3.143120 0.963201
-0.953592 -0.542402 0.300516 0.311617 -1.150698 -1.053659 3.124493 0.962885
-1.061979 0.015896 0.307606 0.308815 -1.038497 -1.047724 3.057293 0.968920
-0.921228 -0.569163 0.288420 0.272672 -1.075189 -1.081521 3.192218 0.961236
-0.963573 -0.678890 0.289269 0.308720 -1.157903 -1.015480 3.176378 0.965498
-0.984576 -0.414737 0.297639 0.310659 -1.102880 -1.006604 3.111814 0.961622
-0.996489 -0.064200 0.303121 0.300674 -0.996377 -0.996157 3.063584 0.966371
-0.995318 -0.302150 0.311758 0.316496 -1.038357 -1.003353 3.130803 0.969092
-0.969639 -0.102249 0.309130 0.304904 -0.986208 -1.025206 3.055439 0.968137
-1.035808 -0.120052 0.294142 0.295897 -1.046224 -0.998832 3.102675 0.964061
-0.979678 -0.341829 0.302068 0.319469 -1.080174 -0.954500 3.127850 0.968503
-1.015775 -0.254728 0.284071 0.284689 -1.091493 -1.076558 3.108046 0.967580
-1.043201 -0.110417 0.291982 0.307334 -1.056851 -0.957137 3.098263 0.966800
-0.997776 -0.173321 0.295607 0.301792 -1.070476 -1.014474 3.088234 0.964275
-0.984733 -0.411656 0.301734 0.299260 -1.090402 -1.050446 3.113745 0.960452
-1.074184 -0.132012 0.287836 0.286166 -1.074912 -1.039345 3.100477 0.967728
-1.000969 -0.327199 0.293786 0.311880 -1.089919 -0.977224 3.115816 0.967789
-0.983449 -0.353423 0.297030 0.309312 -1.073148 -0.964552 3.157277 0.965073
-0.997314 -0.478118 0.294135 0.314043 -1.115063 -0.979303 3.174146 0.966728
-0.908511 -0.773721 0.296881 0.326866 -1.095290 -0.912790 3.179596 0.964010
-0.833448 -0.998038 0.297970 0.323923 -1.090394 -0.916277 3.182632 0.963811
-0.922879 -0.212269 0.305731 0.309064 -1.033860 -0.974125 3.079984 0.970372
-1.123513 0.247483 0.297666 0.310292 -1.015378 -0.966430 3.018086 0.967533
-0.847446 -0.819356 0.291637 0.286564 -1.015110 -1.011629 3.029350 0.964479
-0.920449 -0.655605 0.299124 0.312220 -1.144441 -1.049293 3.123291 0.969793
-0.931982 -0.432967 0.293708 0.298642 -1.096946 -1.032812 3.110661 0.969966
-0.948950 -0.427093 0.311497 0.316987 -1.053874 -0.999392 3.130570 0.960621
-0.852730 -0.957937 0.305950 0.326201 -1.125810 -0.977934 3.115695 0.966280
-0.928791 -0.587748 0.297783 0.320333 -1.088544 -0.918208 3.168343 0.963191
-1.099507 -0.047392 0.294907 0.318869 -1.092215 -0.982507 3.071644 0.970087
-0.935828 -0.587019 0.296124 0.289324 -1.112639 -1.110901 3.134937 0.966096
-0.798593 -1.212335 0.298660 0.303462 -1.124227 -1.063660 3.134226 0.968378
-1.019088 -0.194894 0.301076 0.302725 -1.059233 -0.988846 3.112223 0.964467
-0.965278 -0.431802 0.300562 0.319057 -1.083436 -0.979426 3.119871 0.965588
-0.888082 -0.577711 0.306747 0.305698 -1.101506 -1.085454 3.118581 0.964223
-0.781343 -1.105191 0.307052 0.308657 -1.114935 -1.082257 3.110699 0.965078
-0.919560 -0.505345 0.299217 0.301885 -1.082710 -1.057346 3.102537 0.966470
-0.889978 -0.715818 0.300962 0.306141 -1.066717 -0.975027 3.124769 0.960029
-1.100787 0.228405 0.301870 0.308514 -0.997256 -0.983798 3.041796 0.969171
-0.916820 -0.479686 0.293836 0.301548 -1.096752 -0.996477 3.116525 0.964661
-0.872195 -0.814433 0.293622 0.288002 -1.049325 -1.009581 3.143735 0.963049
-1.013346 -0.078782 0.304465 0.319143 -1.017215 -0.923305 3.095199 0.965953
