-0.934269 -0.934269 -1.325572 -1.325572 0.303444 0.283978 -1.279934 -1.018405 3.155952 0.960259
-0.977587 -0.977587 -1.506935 -1.506935 0.310274 0.328811 -1.274768 -0.900080 3.161373 0.958131
-0.964592 -0.964592 -1.210971 -1.210971 0.312434 0.309368 -1.300310 -0.977411 3.164694 0.960350
-0.989193 -0.989193 -0.918425 -0.918425 0.297421 0.278813 -1.284227 -0.995555 3.158397 0.958593
-0.973178 -0.973178 -1.069344 -1.069344 0.312761 0.300232 -1.283467 -1.012141 3.138507 0.964189
-0.982933 -0.982933 -1.587732 -1.587732 0.303807 0.294135 -1.288523 -1.084576 3.140789 0.963840
-1.010334 -1.010334 -1.377225 -1.377225 0.294683 0.308344 -1.286665 -0.935052 3.162419 0.960489
-0.985177 -0.985177 -2.375722 -2.375722 0.297620 0.303207 -1.296482 -1.059884 3.146918 0.964990
-0.936056 -0.936056 -2.033796 -2.033796 0.310688 0.328104 -1.303192 -0.939284 3.156520 0.962495
-0.965938 -0.965938 -1.562210 -1.562210 0.296532 0.299419 -1.321924 -0.995660 3.146912 0.963464
-0.978419 -0.978419 -1.690729 -1.690729 0.301562 0.321937 -1.287431 -0.927233 3.167128 0.962188
-1.027831 -1.027831 -1.649525 -1.649525 0.293581 0.308669 -1.282694 -0.987864 3.169820 0.966520
-0.970183 -0.970183 -1.598197 -1.598197 0.304554 0.303582 -1.280771 -0.978537 3.154132 0.961280
-0.961566 -0.961566 -2.378763 -2.378763 0.300415 0.313655 -1.295668 -0.976966 3.172498 0.966128
-1.054160 -1.054160 -0.761171 -0.761171 0.301489 0.284262 -1.259049 -1.037858 3.133013 0.962508
-1.072387 -1.072387 -1.598186 -1.598186 0.285435 0.284642 -1.263929 -1.039271 3.144268 0.964177
-0.956506 -0.956506 -1.932221 -1.932221 0.303991 0.300924 -1.297597 -1.046223 3.155781 0.961040
-0.875300 -0.875300 -1.615561 -1.615561 0.312886 0.298985 -1.290753 -0.961984 3.160763 0.957955
-0.919493 -0.919493 -2.792061 -2.792061 0.309424 0.321861 -1.303184 -0.967705 3.161131 0.966008
-0.983033 -0.983033 -1.927834 -1.927834 0.285117 0.282003 -1.285435 -1.114616 3.158742 0.962669
-0.962209 -0.962209 -1.962455 -1.962455 0.308559 0.311688 -1.291599 -1.054950 3.161223 0.968125
-0.970784 -0.970784 -1.381529 -1.381529 0.303590 0.296116 -1.272038 -1.059440 3.128690 0.959875
-0.921774 -0.921774 -2.301959 -2.301959 0.301484 0.305217 -1.289432 -0.988053 3.151051 0.965237
