-1.051643 -1.051643 -1.057125 -1.057125 0.297680 0.304514 -1.300000 -1.048918 3.218880 0.962119
-0.981288 -0.981288 -0.929186 -0.929186 0.308208 0.279759 -1.258150 -1.055972 3.210085 0.961139
-0.990870 -0.990870 -1.097098 -1.097098 0.304002 0.285111 -1.278610 -1.085934 3.135125 0.961144
-0.968375 -0.968375 -0.894848 -0.894848 0.312019 0.288651 -1.294296 -1.077553 3.210257 0.958618
-1.015295 -1.015295 -0.885900 -0.885900 0.307192 0.302551 -1.290420 -0.985997 3.218480 0.955100
-0.958879 -0.958879 -1.241894 -1.241894 0.311194 0.296830 -1.299928 -1.083529 3.200971 0.956938
-1.013190 -1.013190 -1.267307 -1.267307 0.301421 0.298675 -1.299501 -1.073960 3.218880 0.957887
-0.941788 -0.941788 -1.240988 -1.240988 0.310047 0.303327 -1.291744 -0.961295 3.104495 0.964896
-0.981369 -0.981369 -1.118400 -1.118400 0.307189 0.306208 -1.256218 -0.928831 3.099115 0.962760
-0.973283 -0.973283 -1.179247 -1.179247 0.305728 0.301648 -1.300000 -0.984085 3.113297 0.959922
-1.010239 -1.010239 -1.039574 -1.039574 0.285904 0.271055 -1.282429 -1.024408 2.960004 0.963987
-1.015937 -1.015937 -1.168330 -1.168330 0.290476 0.283247 -1.300000 -1.026985 3.060591 0.962350
-1.063248 -1.063248 -0.825366 -0.825366 0.280820 0.264717 -1.258762 -1.027972 3.073131 0.964395
-1.000857 -1.000857 -1.082987 -1.082987 0.283403 0.268059 -1.295639 -1.050524 3.150764 0.964685
-1.021614 -1.021614 -1.193545 -1.193545 0.284801 0.282349 -1.296815 -1.040983 3.216244 0.964797
-0.959021 -0.959021 -1.139156 -1.139156 0.316975 0.304787 -1.275428 -1.003297 3.122364 0.964558
-1.019350 -1.019350 -0.748225 -0.748225 0.299643 0.293775 -1.299824 -1.005389 2.994776 0.967248
-0.972560 -0.972560 -1.234326 -1.234326 0.309982 0.305979 -1.300000 -1.014330 3.194352 0.957906
-0.958230 -0.958230 -0.947921 -0.947921 0.327936 0.316679 -1.299337 -0.981972 3.000558 0.962124
-1.024291 -1.024291 -0.907476 -0.907476 0.293706 0.264744 -1.242001 -1.093063 3.174149 0.964075
-1.024963 -1.024963 -1.236196 -1.236196 0.294788 0.300615 -1.295485 -0.996783 3.218739 0.956406
-0.979450 -0.979450 -0.811274 -0.811274 0.314176 0.302916 -1.278911 -0.964807 2.981182 0.963238
-0.945817 -0.945817 -1.086619 -1.086619 0.301513 0.262704 -1.215852 -1.117683 3.087207 0.965473
-1.017711 -1.017711 -0.798477 -0.798477 0.304625 0.294078 -1.280954 -0.996295 3.218880 0.955480
-1.028047 -1.028047 -0.832980 -0.832980 0.293874 0.296390 -1.300000 -0.942750 2.988110 0.963987
-0.943929 -0.943929 -0.984748 -0.984748 0.317340 0.312236 -1.300000 -0.937679 3.017108 0.963146
-0.990096 -0.990096 -1.099589 -1.099589 0.307133 0.284953 -1.230938 -1.029180 2.970234 0.961623
-0.969121 -0.969121 -0.943933 -0.943933 0.309377 0.294594 -1.282661 -1.006343 3.115472 0.969067
-0.981705 -0.981705 -1.007211 -1.007211 0.304374 0.282133 -1.251638 -1.034266 3.094752 0.955566
-0.984975 -0.984975 -1.067659 -1.067659 0.302929 0.288654 -1.300000 -1.099917 3.218880 0.956845
-0.961572 -0.961572 -1.062971 -1.062971 0.325215 0.319390 -1.272918 -0.971570 3.164486 0.963873
-1.019314 -1.019314 -1.038329 -1.038329 0.292054 0.279840 -1.263899 -1.012576 3.074916 0.963455
-1.019216 -1.019216 -1.181089 -1.181089 0.298455 0.299967 -1.300000 -1.025981 3.218880 0.961882
-1.010560 -1.010560 -1.248501 -1.248501 0.286366 0.278993 -1.279126 -1.003888 2.993340 0.965331
-0.928267 -0.928267 -0.993301 -0.993301 0.313048 0.281043 -1.262246 -1.037106 3.149699 0.948995
-0.916535 -0.916535 -1.147023 -1.147023 0.307219 0.284563 -1.289173 -1.014858 3.078835 0.963417
-0.931523 -0.931523 -0.995360 -0.995360 0.317299 0.307867 -1.300000 -0.950491 3.178631 0.957111
-0.978663 -0.978663 -1.083418 -1.083418 0.299843 0.293916 -1.299976 -0.986613 3.140922 0.962666
-0.948335 -0.948335 -1.217910 -1.217910 0.312086 0.312060 -1.296020 -0.955776 3.079146 0.963246
-0.978031 -0.978031 -1.125201 -1.125201 0.309201 0.304690 -1.299988 -1.017289 3.105448 0.964060
-0.988390 -0.988390 -1.191345 -1.191345 0.292233 0.269406 -1.238032 -1.027222 2.978532 0.964318
-0.921410 -0.921410 -1.240789 -1.240789 0.313603 0.303573 -1.300000 -0.983150 3.032217 0.965680
-1.008563 -1.008563 -0.926625 -0.926625 0.288958 0.262825 -1.212903 -1.035692 2.983380 0.963488
-0.953496 -0.953496 -0.739687 -0.739687 0.311688 0.280151 -1.274129 -1.048375 3.175096 0.962546
-1.054196 -1.054196 -0.763990 -0.763990 0.295326 0.281909 -1.280348 -1.031416 3.114784 0.962310
-1.025454 -1.025454 -1.135799 -1.135799 0.296677 0.286615 -1.260522 -1.026501 3.218880 0.952527
-0.941265 -0.941265 -1.244367 -1.244367 0.300048 0.291836 -1.296181 -1.002799 3.013823 0.967250
-0.999484 -0.999484 -1.020671 -1.020671 0.293187 0.266800 -1.246218 -1.066788 3.187613 0.967189
-0.995619 -0.995619 -1.199250 -1.199250 0.302047 0.276217 -1.270352 -1.125832 3.218841 0.959433
-0.984640 -0.984640 -1.022591 -1.022591 0.298965 0.271669 -1.201961 -1.053271 2.977098 0.964730
-0.875106 -0.875106 -1.159109 -1.159109 0.323004 0.319677 -1.300000 -0.870799 2.980907 0.958603
-0.980583 -0.980583 -1.148326 -1.148326 0.311767 0.297438 -1.274652 -1.021631 3.135449 0.957397
-1.006369 -1.006369 -0.984468 -0.984468 0.298704 0.294211 -1.290494 -0.992294 3.215575 0.963855
-0.979090 -0.979090 -1.118752 -1.118752 0.310850 0.295016 -1.281890 -1.042586 3.198243 0.954619
-1.012992 -1.012992 -0.859393 -0.859393 0.295469 0.290197 -1.297610 -0.972864 3.053592 0.962065
-0.990719 -0.990719 -0.814473 -0.814473 0.312188 0.307478 -1.300000 -1.024199 2.991636 0.962353
-0.947190 -0.947190 -1.212870 -1.212870 0.300662 0.287196 -1.276963 -0.988943 3.022871 0.961830
