-0.939911 -0.939911 -1.091446 -1.091446 0.307025 0.294464 -1.300000 -0.976518 3.218880 0.954242
-0.940594 -0.940594 -1.091924 -1.091924 0.306318 0.283880 -1.297592 -1.059018 3.218880 0.957777
-0.940694 -0.940694 -1.084898 -1.084898 0.305309 0.294583 -1.300000 -0.981600 3.176762 0.959743
-0.940672 -0.940672 -1.081972 -1.081972 0.299111 0.285363 -1.278930 -0.984879 3.059590 0.966514
-0.938529 -0.938529 -1.081126 -1.081126 0.306386 0.300071 -1.299234 -0.945238 3.013620 0.965231
-0.938530 -0.938530 -1.081055 -1.081055 0.305276 0.298653 -1.300000 -0.957561 3.025637 0.965511
-0.939394 -0.939394 -1.082296 -1.082296 0.304493 0.285992 -1.275067 -0.998916 3.096515 0.963019
-0.938909 -0.938909 -1.080893 -1.080893 0.308485 0.289301 -1.274503 -0.990450 3.185946 0.964378
-0.938909 -0.938909 -1.080893 -1.080893 0.302598 0.284841 -1.283020 -0.998349 3.115286 0.964247
-0.947553 -0.947553 -1.077473 -1.077473 0.298580 0.283065 -1.299087 -1.028074 3.081834 0.962184
-0.935742 -0.935742 -1.118921 -1.118921 0.307585 0.299545 -1.298956 -0.965775 3.047115 0.965614
-0.935742 -0.935742 -1.118921 -1.118921 0.310384 0.300217 -1.300000 -1.024274 3.218880 0.952287
-0.935715 -0.935715 -1.118680 -1.118680 0.301736 0.281092 -1.299943 -1.076015 3.218880 0.953560
-0.936295 -0.936295 -1.117367 -1.117367 0.307009 0.289644 -1.283929 -0.993188 3.016846 0.961320
-0.936636 -0.936636 -1.108983 -1.108983 0.311541 0.297751 -1.298935 -1.032461 3.218880 0.947460
-0.933797 -0.933797 -1.117433 -1.117433 0.318235 0.305576 -1.293813 -0.976501 2.999447 0.962488
-0.936514 -0.936514 -1.118883 -1.118883 0.325202 0.326382 -1.300000 -0.958092 3.218880 0.949918
-0.935774 -0.935774 -1.122597 -1.122597 0.317352 0.297236 -1.268512 -1.030354 3.218880 0.957514
-0.932654 -0.932654 -1.139981 -1.139981 0.296422 0.286445 -1.300000 -0.929417 3.192541 0.959344
-0.932819 -0.932819 -1.139895 -1.139895 0.299120 0.286822 -1.300000 -1.037005 3.218880 0.958540
-0.932819 -0.932819 -1.139895 -1.139895 0.289897 0.275337 -1.295217 -1.008215 3.036739 0.970929
-0.936822 -0.936822 -1.154479 -1.154479 0.304665 0.286264 -1.246888 -0.979975 3.029598 0.965963
-0.932966 -0.932966 -1.160365 -1.160365 0.316754 0.316117 -1.295725 -0.940510 3.119269 0.968425
-0.934314 -0.934314 -1.158323 -1.158323 0.316772 0.299916 -1.272615 -0.965621 3.210106 0.958178
-0.935434 -0.935434 -1.163741 -1.163741 0.308952 0.290776 -1.300000 -1.047831 3.218880 0.956476
-0.938020 -0.938020 -1.151246 -1.151246 0.315446 0.298210 -1.256312 -0.990130 3.125335 0.963515
-0.940177 -0.940177 -1.157351 -1.157351 0.305599 0.290398 -1.253828 -0.981179 3.076224 0.963349
-0.948237 -0.948237 -1.181781 -1.181781 0.297622 0.280861 -1.273893 -0.999685 3.035225 0.966266
-0.948669 -0.948669 -1.177078 -1.177078 0.296238 0.270250 -1.223838 -0.994153 3.037299 0.966441
-0.952097 -0.952097 -1.168926 -1.168926 0.303148 0.281479 -1.258869 -1.008218 3.081363 0.964571
-0.951953 -0.951953 -1.168753 -1.168753 0.299770 0.271615 -1.261693 -1.108171 3.218880 0.955831
-0.949548 -0.949548 -1.150671 -1.150671 0.295910 0.283787 -1.282422 -0.996685 2.940891 0.965560
-0.958581 -0.958581 -1.113765 -1.113765 0.295733 0.275321 -1.233924 -1.008495 3.218734 0.950058
-0.954340 -0.954340 -1.116524 -1.116524 0.300756 0.271073 -1.209189 -1.016415 3.030910 0.967418
-0.954850 -0.954850 -1.115981 -1.115981 0.297902 0.278468 -1.276581 -1.015053 3.055964 0.963170
-0.954285 -0.954285 -1.114418 -1.114418 0.302724 0.282290 -1.261379 -1.008706 3.204503 0.960437
-0.953730 -0.953730 -1.109953 -1.109953 0.304132 0.290006 -1.300000 -1.044082 3.218880 0.951324
-0.954355 -0.954355 -1.087861 -1.087861 0.311283 0.299625 -1.300000 -0.995103 3.124177 0.963223
-0.971570 -0.971570 -1.084864 -1.084864 0.315241 0.332107 -1.299948 -0.873134 3.215334 0.958125
-0.971341 -0.971341 -1.081155 -1.081155 0.304756 0.293628 -1.272903 -0.980092 3.106752 0.961116
-0.966765 -0.966765 -1.085877 -1.085877 0.300006 0.272054 -1.258945 -1.098098 3.218880 0.964225
-0.962189 -0.962189 -1.095829 -1.095829 0.295161 0.275619 -1.281452 -1.051541 3.216401 0.962276
-0.956212 -0.956212 -1.094224 -1.094224 0.305307 0.286259 -1.263546 -0.990203 3.104107 0.960668
-0.956212 -0.956212 -1.094224 -1.094224 0.305844 0.293063 -1.268726 -1.023478 3.119171 0.961842
-0.956212 -0.956212 -1.094224 -1.094224 0.309496 0.300123 -1.273358 -0.971767 3.197931 0.959977
-0.956230 -0.956230 -1.095100 -1.095100 0.302423 0.273892 -1.248433 -1.048566 3.205196 0.959796
-0.954774 -0.954774 -1.084371 -1.084371 0.303359 0.299295 -1.295685 -0.970132 3.152820 0.959949
-0.943981 -0.943981 -1.040130 -1.040130 0.318475 0.304263 -1.259894 -0.947116 3.000246 0.965195
-0.942978 -0.942978 -1.056264 -1.056264 0.300747 0.287335 -1.300000 -0.996302 3.218880 0.963490
-0.943441 -0.943441 -1.047759 -1.047759 0.295804 0.276640 -1.257992 -0.982610 3.082538 0.963713
-0.943552 -0.943552 -1.043256 -1.043256 0.298693 0.287662 -1.268753 -0.916790 3.012519 0.963166
-0.942666 -0.942666 -1.048047 -1.048047 0.294857 0.270579 -1.258370 -1.015870 3.218880 0.957489
-0.940323 -0.940323 -1.033501 -1.033501 0.295548 0.268639 -1.267581 -1.026128 3.218880 0.967595
-0.938802 -0.938802 -1.031333 -1.031333 0.299580 0.285880 -1.280272 -0.943835 3.192045 0.959546
-0.931806 -0.931806 -1.035971 -1.035971 0.307411 0.306150 -1.300000 -0.902135 3.084615 0.960166
-0.938215 -0.938215 -1.028925 -1.028925 0.312316 0.297539 -1.300000 -1.037210 3.218880 0.963190
-0.937552 -0.937552 -1.028356 -1.028356 0.305004 0.280155 -1.240817 -0.999482 3.040541 0.957810
