-1.009368 -1.009368 -1.129587 -1.129587 0.290839 0.278046 -1.288832 -1.056994 3.158081 0.965898
-1.016665 -1.016665 -1.215197 -1.215197 0.294439 0.287530 -1.269638 -1.041960 3.167124 0.960814
-1.017256 -1.017256 -1.100612 -1.100612 0.293101 0.286638 -1.279281 -1.023541 3.156989 0.963179
-1.011684 -1.011684 -1.293796 -1.293796 0.291588 0.287689 -1.299858 -1.027487 3.168022 0.960351
-1.034278 -1.034278 -1.370797 -1.370797 0.299794 0.304198 -1.288360 -1.029152 3.156669 0.964336
-1.001569 -1.001569 -1.143476 -1.143476 0.292678 0.284055 -1.299521 -1.039434 3.139593 0.970087
-1.017175 -1.017175 -1.441893 -1.441893 0.286505 0.279742 -1.268510 -1.041210 3.155302 0.965426
-0.990081 -0.990081 -1.023184 -1.023184 0.301678 0.278906 -1.258204 -1.069510 3.185880 0.965631
-1.038899 -1.038899 -1.378986 -1.378986 0.296496 0.298635 -1.293711 -1.039423 3.131505 0.963003
-1.004492 -1.004492 -0.989551 -0.989551 0.292014 0.270605 -1.257426 -1.027187 3.145038 0.962490
-1.050159 -1.050159 -1.532623 -1.532623 0.290111 0.292541 -1.281829 -1.045810 3.139930 0.958549
-1.013524 -1.013524 -0.914776 -0.914776 0.289475 0.271120 -1.254388 -1.002906 3.160471 0.961585
-1.049743 -1.049743 -1.590726 -1.590726 0.296084 0.298111 -1.299962 -1.096903 3.138641 0.962587
-1.009154 -1.009154 -1.374832 -1.374832 0.292034 0.291228 -1.293710 -1.021025 3.147363 0.963595
-1.007618 -1.007618 -1.493560 -1.493560 0.294770 0.312188 -1.300000 -0.948208 3.161052 0.963373
-1.012036 -1.012036 -1.452734 -1.452734 0.298799 0.301416 -1.284244 -1.017627 3.146211 0.961466
-1.027978 -1.027978 -1.211765 -1.211765 0.304432 0.311414 -1.300000 -0.991940 3.146699 0.967662
-1.047277 -1.047277 -1.318706 -1.318706 0.289611 0.284456 -1.291913 -1.100536 3.134783 0.961853
-1.030318 -1.030318 -1.236363 -1.236363 0.294497 0.285511 -1.266946 -1.048063 3.146331 0.963524
-1.013087 -1.013087 -0.914883 -0.914883 0.297980 0.286847 -1.299925 -1.036241 3.146468 0.966232
-1.038449 -1.038449 -1.449451 -1.449451 0.288644 0.279010 -1.272891 -1.088618 3.144471 0.964341
-1.005543 -1.005543 -1.125705 -1.125705 0.295442 0.289587 -1.300000 -1.016409 3.160052 0.963615
-0.998178 -0.998178 -0.772621 -0.772621 0.307685 0.307381 -1.300000 -0.943205 3.144337 0.960649
-1.022985 -1.022985 -1.232422 -1.232422 0.304627 0.321081 -1.286775 -0.935984 3.161931 0.962669
-0.977885 -0.977885 -1.231295 -1.231295 0.305163 0.300392 -1.288618 -1.008648 3.132060 0.964132
-1.011776 -1.011776 -1.354752 -1.354752 0.291821 0.280829 -1.261696 -1.038116 3.162784 0.962728
-1.020431 -1.020431 -1.143233 -1.143233 0.300122 0.304645 -1.284022 -0.978287 3.152606 0.961175
-1.012720 -1.012720 -1.125023 -1.125023 0.288432 0.267869 -1.239781 -1.045172 3.144105 0.963500
-0.999223 -0.999223 -1.405889 -1.405889 0.290551 0.274380 -1.269636 -1.078985 3.158396 0.964066
-1.022769 -1.022769 -1.274645 -1.274645 0.296506 0.305646 -1.300000 -0.989044 3.151334 0.960866
-1.036374 -1.036374 -1.275190 -1.275190 0.294646 0.295139 -1.287598 -1.025247 3.158446 0.964477
-1.018048 -1.018048 -1.110314 -1.110314 0.295560 0.284208 -1.293246 -1.069077 3.160072 0.967169
-1.028760 -1.028760 -1.114535 -1.114535 0.285599 0.266277 -1.267010 -1.064910 3.160492 0.959641
-1.006566 -1.006566 -1.544076 -1.544076 0.296183 0.306995 -1.296478 -0.987970 3.179483 0.965552
-1.048835 -1.048835 -1.050313 -1.050313 0.296093 0.277450 -1.232377 -1.063923 3.158571 0.965077
-1.018868 -1.018868 -1.328717 -1.328717 0.291010 0.279118 -1.268226 -1.051651 3.146582 0.960529
-1.003326 -1.003326 -1.223915 -1.223915 0.304364 0.304832 -1.276528 -1.019884 3.154945 0.958470
-1.027221 -1.027221 -1.078357 -1.078357 0.301279 0.309962 -1.289018 -0.957405 3.153137 0.964595
-1.034113 -1.034113 -1.038521 -1.038521 0.297795 0.303283 -1.299398 -0.986909 3.145257 0.955316
-0.994576 -0.994576 -1.148889 -1.148889 0.292437 0.263082 -1.216989 -1.074535 3.148470 0.961905
-1.044531 -1.044531 -1.362608 -1.362608 0.297159 0.299549 -1.273140 -1.026471 3.138766 0.964113
-1.030829 -1.030829 -1.086981 -1.086981 0.288154 0.272935 -1.242992 -1.042546 3.160358 0.966140
-0.987170 -0.987170 -1.108057 -1.108057 0.299486 0.288068 -1.271084 -1.004911 3.171475 0.962765
-1.039420 -1.039420 -1.131714 -1.131714 0.293523 0.297444 -1.299233 -0.989906 3.122206 0.965181
-1.044874 -1.044874 -1.513408 -1.513408 0.293380 0.284703 -1.284187 -1.109316 3.148154 0.964313
-1.043805 -1.043805 -1.229463 -1.229463 0.292026 0.280355 -1.270457 -1.088716 3.179209 0.964780
-1.015805 -1.015805 -1.082266 -1.082266 0.302380 0.301509 -1.275828 -1.004588 3.137086 0.963326
-1.028067 -1.028067 -1.203555 -1.203555 0.302893 0.307458 -1.270522 -0.983475 3.142854 0.964320
-1.036515 -1.036515 -1.459505 -1.459505 0.301612 0.320259 -1.300000 -0.970950 3.148879 0.971142
-1.039902 -1.039902 -0.827119 -0.827119 0.296366 0.294601 -1.300000 -0.982977 3.150156 0.961211
-0.999257 -0.999257 -0.863670 -0.863670 0.297095 0.282251 -1.267376 -0.993924 3.158257 0.964206
-0.998151 -0.998151 -1.198030 -1.198030 0.303277 0.305874 -1.299731 -0.993694 3.121979 0.968712
-1.038617 -1.038617 -0.943435 -0.943435 0.298865 0.309843 -1.291681 -0.924630 3.158685 0.958341
-1.026717 -1.026717 -1.224260 -1.224260 0.300330 0.307404 -1.299046 -0.989645 3.118794 0.963307
-1.041491 -1.041491 -1.082087 -1.082087 0.290765 0.285677 -1.296609 -1.067862 3.119068 0.961932
-1.032439 -1.032439 -1.258255 -1.258255 0.293216 0.292192 -1.263952 -1.004088 3.134204 0.958885
-1.043967 -1.043967 -1.390612 -1.390612 0.297191 0.303329 -1.300000 -1.052514 3.149335 0.967699
