-1.041629 -1.041629 -0.780894 -0.780894 0.295832 0.289824 -1.291071 -0.969355 3.127372 0.960555
-1.041629 -1.041629 -0.780894 -0.780894 0.299461 0.300214 -1.300000 -0.964401 3.117146 0.963417
-1.041629 -1.041629 -0.780894 -0.780894 0.294370 0.282416 -1.280505 -0.998629 3.124940 0.961178
-1.038771 -1.038771 -0.804575 -0.804575 0.288129 0.278698 -1.300000 -0.995218 3.109144 0.958394
-1.038822 -1.038822 -0.805757 -0.805757 0.293925 0.278252 -1.246385 -0.995111 3.132265 0.963768
-1.042910 -1.042910 -0.798975 -0.798975 0.296081 0.293741 -1.298790 -0.986843 3.109002 0.963847
-1.044590 -1.044590 -0.777133 -0.777133 0.297889 0.283758 -1.271115 -0.995741 3.130934 0.962288
-1.044905 -1.044905 -0.777290 -0.777290 0.292213 0.287032 -1.286735 -0.977414 3.107604 0.962350
-1.044905 -1.044905 -0.777290 -0.777290 0.289636 0.270985 -1.266449 -1.045404 3.127557 0.967729
-1.048428 -1.048428 -0.763927 -0.763927 0.293773 0.263791 -1.225906 -1.052217 3.148811 0.966421
-1.048933 -1.048933 -0.765039 -0.765039 0.297640 0.278811 -1.266953 -1.054637 3.117260 0.964373
-1.047834 -1.047834 -0.769502 -0.769502 0.293545 0.281880 -1.299378 -1.053509 3.104251 0.964962
-1.042395 -1.042395 -0.770938 -0.770938 0.295578 0.273297 -1.274452 -1.052354 3.134605 0.964050
-1.042395 -1.042395 -0.770938 -0.770938 0.297993 0.277293 -1.270840 -1.071773 3.120033 0.965304
-1.036835 -1.036835 -0.797626 -0.797626 0.292875 0.271511 -1.252223 -1.019683 3.154269 0.963793
-1.024035 -1.024035 -0.799250 -0.799250 0.301483 0.299231 -1.300000 -0.955840 3.126185 0.959775
-1.025401 -1.025401 -0.816669 -0.816669 0.296915 0.274905 -1.251489 -1.029222 3.146415 0.965689
-1.025661 -1.025661 -0.818065 -0.818065 0.302961 0.308465 -1.299951 -0.947250 3.139462 0.967234
-1.025547 -1.025547 -0.819361 -0.819361 0.296556 0.278160 -1.259353 -1.014760 3.133696 0.961892
-1.025356 -1.025356 -0.825872 -0.825872 0.289388 0.260129 -1.252112 -1.083129 3.121485 0.959842
-1.026100 -1.026100 -0.825205 -0.825205 0.295777 0.264682 -1.225427 -1.060416 3.147587 0.965761
-1.024882 -1.024882 -0.828682 -0.828682 0.295997 0.290837 -1.294847 -0.988400 3.130002 0.964735
-1.025133 -1.025133 -0.824440 -0.824440 0.292027 0.288362 -1.300000 -1.002757 3.128719 0.964967
-1.021978 -1.021978 -0.813742 -0.813742 0.295539 0.278292 -1.271503 -1.008063 3.142376 0.963239
-1.022305 -1.022305 -0.814482 -0.814482 0.304766 0.301910 -1.300000 -0.973186 3.128273 0.962868
-1.022551 -1.022551 -0.815639 -0.815639 0.298883 0.276956 -1.268955 -1.084154 3.126132 0.962692
-1.030882 -1.030882 -0.792149 -0.792149 0.303193 0.289256 -1.256763 -1.010576 3.138681 0.965355
-1.031071 -1.031071 -0.796424 -0.796424 0.306015 0.301584 -1.300000 -0.965827 3.133132 0.965626
-1.031071 -1.031071 -0.796424 -0.796424 0.304914 0.308026 -1.300000 -0.946372 3.134776 0.964422
-1.030652 -1.030652 -0.844712 -0.844712 0.294486 0.286919 -1.299993 -0.990921 3.126303 0.959425
-1.030527 -1.030527 -0.843307 -0.843307 0.302334 0.303314 -1.293939 -0.945884 3.131328 0.962373
-1.033732 -1.033732 -0.855331 -0.855331 0.298820 0.288343 -1.280232 -1.024500 3.124856 0.961589
-1.034400 -1.034400 -0.836706 -0.836706 0.293465 0.281297 -1.286548 -1.038049 3.116603 0.960895
-1.036216 -1.036216 -0.835515 -0.835515 0.288683 0.265854 -1.248442 -1.033343 3.151008 0.961855
-1.036238 -1.036238 -0.835943 -0.835943 0.301951 0.298037 -1.257872 -0.974548 3.108455 0.957669
-1.016490 -1.016490 -0.871767 -0.871767 0.295227 0.273166 -1.248885 -1.033421 3.136930 0.963595
-1.024498 -1.024498 -0.867745 -0.867745 0.291742 0.257549 -1.205561 -1.086618 3.151717 0.964799
-1.023388 -1.023388 -0.869401 -0.869401 0.293362 0.284028 -1.300000 -1.005740 3.110435 0.961617
-1.023388 -1.023388 -0.869401 -0.869401 0.296158 0.289084 -1.284317 -1.002169 3.123903 0.965409
-1.018825 -1.018825 -0.868586 -0.868586 0.300940 0.291719 -1.290397 -1.017124 3.125270 0.965638
-1.026104 -1.026104 -0.927856 -0.927856 0.297221 0.287924 -1.287729 -1.002812 3.123046 0.961631
-1.021284 -1.021284 -0.926105 -0.926105 0.303563 0.294224 -1.273884 -1.027706 3.121563 0.963848
-1.021470 -1.021470 -0.933796 -0.933796 0.293418 0.273105 -1.244079 -1.030077 3.126016 0.962316
-1.022093 -1.022093 -0.931845 -0.931845 0.295882 0.271905 -1.249501 -1.064632 3.123567 0.962797
-1.022893 -1.022893 -0.940967 -0.940967 0.293859 0.276469 -1.269011 -1.047235 3.122181 0.963131
-1.024062 -1.024062 -0.936127 -0.936127 0.296957 0.290084 -1.298512 -1.011722 3.120258 0.967957
-1.024062 -1.024062 -0.936127 -0.936127 0.294520 0.288542 -1.296322 -0.994220 3.130399 0.965120
-1.019826 -1.019826 -0.930906 -0.930906 0.293634 0.288150 -1.300000 -0.987635 3.124746 0.964720
-1.015023 -1.015023 -0.928485 -0.928485 0.280129 0.252902 -1.252264 -1.128494 3.133826 0.968670
-1.015544 -1.015544 -0.918988 -0.918988 0.292111 0.269379 -1.253295 -1.033560 3.140856 0.963862
-1.016101 -1.016101 -0.917469 -0.917469 0.297470 0.297082 -1.300000 -0.953460 3.119461 0.960415
-1.017187 -1.017187 -0.912237 -0.912237 0.296982 0.278657 -1.256671 -1.022602 3.123424 0.960309
-1.016583 -1.016583 -0.912663 -0.912663 0.297222 0.277519 -1.243844 -1.032877 3.124216 0.962233
-1.021972 -1.021972 -0.906774 -0.906774 0.297317 0.282466 -1.286049 -1.038286 3.138240 0.970051
-1.022888 -1.022888 -0.923581 -0.923581 0.300603 0.286586 -1.276490 -1.044784 3.121739 0.963512
-1.022965 -1.022965 -0.924148 -0.924148 0.297797 0.277147 -1.264889 -1.068488 3.129920 0.964479
-1.022223 -1.022223 -0.924245 -0.924245 0.293221 0.258405 -1.206018 -1.082824 3.163139 0.962595
-1.021986 -1.021986 -0.924308 -0.924308 0.298478 0.283309 -1.270336 -1.031886 3.132718 0.959410
