-0.971235 -1.232771 -1.852828 0.691079 0.308150 0.290359 -1.299920 -1.038712 3.157057 0.959934
-0.954069 -1.743731 -0.670948 -2.877662 0.301324 0.277602 -1.300000 -1.076238 3.218880 0.953621
-1.024343 -1.728906 0.371226 -0.670873 0.300661 0.272046 -1.300000 -1.089914 3.207270 0.946522
-1.030055 -0.209909 -4.551043 -1.337642 0.317989 0.324971 -1.075341 -0.947218 3.071794 0.964903
-1.028962 -0.736706 -1.359107 -4.971524 0.296758 0.283554 -1.210140 -1.097023 3.121975 0.966165
-1.060987 -0.459037 -3.653944 -4.239935 0.293830 0.309364 -1.141573 -0.952081 3.081207 0.969439
-1.027514 -1.592904 0.348802 -0.722515 0.288464 0.259635 -1.300000 -1.126193 3.155332 0.968271
-0.948353 -1.311186 -0.267732 -4.927227 0.304482 0.272192 -1.300000 -1.108736 3.181191 0.961800
-1.074955 -0.585553 -1.284533 -3.234302 0.308851 0.317749 -1.165987 -0.946189 3.130645 0.963414
-0.978010 -0.521373 -2.917276 0.106086 0.315536 0.294204 -1.148991 -1.032481 3.127205 0.964900
-0.949627 -1.133406 -1.506644 -3.623761 0.304306 0.286112 -1.290638 -1.066106 3.152683 0.955754
-1.048536 -0.901102 -2.492736 -0.552114 0.293852 0.306551 -1.265038 -0.985672 3.134154 0.964303
-0.971044 -1.224302 -0.711528 -3.492668 0.302007 0.287849 -1.300000 -1.027786 3.172961 0.960848
-1.043795 -0.737907 -1.117485 -4.392235 0.297975 0.292545 -1.219568 -1.010463 3.139184 0.964891
-0.976967 -0.679088 -3.471660 -4.100035 0.307978 0.296969 -1.191074 -1.018457 3.145558 0.963660
-0.900164 -1.753841 0.603175 -1.695971 0.305303 0.254416 -1.300000 -1.140308 3.215162 0.959033
-1.015089 -0.471509 -3.052353 -2.775525 0.296809 0.278098 -1.092675 -1.025184 3.146408 0.966719
-0.991901 -0.292586 -4.832215 0.529204 0.302599 0.298877 -1.098458 -0.978166 3.111469 0.965958
-0.993823 -0.943561 -4.282446 -4.551659 0.294008 0.308589 -1.286604 -0.967952 3.132286 0.964535
-1.013801 -0.723387 -3.966030 -0.151802 0.308911 0.329199 -1.236073 -0.920140 3.122324 0.968595
-1.008313 -0.918858 -3.634590 -1.671550 0.302528 0.313819 -1.267782 -0.991457 3.144676 0.962999
-0.993556 -0.907760 -4.921674 -2.137742 0.290369 0.276059 -1.223335 -1.063305 3.153492 0.961595
-0.947396 -1.152886 -3.180953 -1.697932 0.308515 0.299160 -1.300000 -1.067107 3.165983 0.962429
-0.977337 -1.623346 -0.838588 0.848069 0.305400 0.264617 -1.300000 -1.142551 3.192749 0.958636
-0.997620 -1.038127 -2.284186 0.439413 0.301536 0.281607 -1.267916 -1.056998 3.145469 0.960906
-1.017194 -0.456304 -3.712424 -2.458680 0.291186 0.289976 -1.163672 -1.022110 3.080800 0.969783
-1.026377 -0.443459 -3.566784 -3.520823 0.293726 0.294473 -1.164146 -1.015526 3.079114 0.964266
-0.984940 -1.202275 -1.175404 0.414973 0.304001 0.270953 -1.265619 -1.065879 3.168592 0.959817
-0.984908 -1.042748 -2.825832 -0.193238 0.291366 0.280130 -1.273070 -1.036493 3.169007 0.962980
-0.879260 -0.830784 -2.751939 -3.698703 0.327709 0.321143 -1.291696 -0.971118 3.164281 0.958063
-1.022790 -0.921992 0.533164 -3.872886 0.299743 0.288977 -1.287529 -0.988174 3.107430 0.966145
-0.991229 -0.701785 -4.157798 -4.655224 0.300546 0.299156 -1.204608 -0.994291 3.132860 0.963472
-0.955832 -0.825427 -1.691919 -3.561713 0.320523 0.328114 -1.271544 -0.899074 3.136843 0.953451
-0.967809 -0.413056 -3.961034 -3.476810 0.302498 0.289711 -1.117330 -1.001017 3.099103 0.961503
-1.033600 -1.305664 0.667040 -4.517603 0.295639 0.261257 -1.256065 -1.124042 3.174566 0.962133
-0.980385 -1.321592 0.382316 -2.601790 0.299451 0.270179 -1.299197 -1.052529 3.198575 0.966556
-0.939685 -1.233280 -3.979896 -0.645720 0.302851 0.273234 -1.295305 -1.126574 3.192218 0.961456
-0.966735 -0.742209 -3.753625 -4.692118 0.320154 0.311022 -1.215920 -1.036619 3.114488 0.958830
-1.052906 -0.617247 -1.852948 -2.572162 0.286387 0.289507 -1.209672 -1.000639 3.120724 0.968464
-0.987302 -1.486880 -0.485367 -1.056295 0.298135 0.269847 -1.300000 -1.088471 3.170479 0.956091
-1.039698 -1.312188 -2.953101 -3.805843 0.287927 0.321119 -1.300000 -0.900654 3.196306 0.962821
-0.992906 -1.351823 -1.169920 -2.821645 0.300001 0.300939 -1.299311 -0.996491 3.166227 0.954725
-0.999608 -1.064632 -4.290018 -4.155822 0.288984 0.284715 -1.285063 -1.060268 3.151519 0.967482
-0.989352 -1.126354 0.581598 -4.369533 0.295267 0.280241 -1.300000 -0.989738 3.174997 0.960594
-0.996115 -0.740177 -2.195730 -2.974286 0.290927 0.272408 -1.207259 -1.053793 3.134463 0.965388
-1.049106 -0.488569 -4.151142 0.340101 0.285779 0.286391 -1.139326 -0.991165 3.117864 0.965970
-1.015492 -1.559489 0.933362 -2.995030 0.295087 0.264384 -1.300000 -1.101782 3.218880 0.964297
-0.994364 -1.252435 -3.808044 -0.482326 0.286143 0.272113 -1.297753 -1.095654 3.185221 0.963366
-0.959916 -0.578771 -3.335810 -1.800838 0.307601 0.289702 -1.189143 -1.078591 3.100750 0.961519
-1.054059 -0.245185 -3.869480 -3.285954 0.296530 0.293905 -1.055683 -0.976422 3.087507 0.966004
-0.992699 -0.616995 -3.504230 -0.838046 0.315478 0.325096 -1.192141 -0.934262 3.139672 0.957670
-0.995255 -1.033263 -0.872721 -4.667154 0.309472 0.311371 -1.299578 -0.990474 3.140406 0.959769
-1.005150 -0.864406 -1.899229 -2.413779 0.290506 0.275531 -1.237144 -1.042639 3.143627 0.968079
-0.956797 -1.461516 -1.235118 0.335107 0.303097 0.277449 -1.300000 -1.033048 3.218475 0.958856
-1.016941 -1.898510 -0.123764 0.669431 0.284482 0.245436 -1.300000 -1.131564 3.215518 0.962250
-0.953571 -0.745126 -2.926610 -1.821509 0.305418 0.295563 -1.214840 -0.994079 3.142640 0.960533
-1.023625 -0.450401 -3.184093 -1.191809 0.302649 0.305613 -1.137080 -0.959728 3.094003 0.964328
