0.301583 0.305461 -0.970258 -0.956519 3.207402 0.969114
0.311480 0.300241 -0.969922 -1.014682 3.156355 0.961804
0.308254 0.296495 -0.965540 -0.997310 3.191722 0.968267
0.306968 0.314047 -1.008885 -0.980784 3.107973 0.970006
0.319208 0.310536 -0.966556 -1.010519 3.163258 0.967021
0.308221 0.319816 -0.985433 -0.934158 3.170589 0.968963
0.316713 0.298777 -0.932638 -1.018134 3.191372 0.965411
0.298143 0.296064 -1.063390 -1.072804 3.155831 0.970768
0.307094 0.300239 -0.974234 -1.015838 3.100424 0.968377
0.305348 0.311398 -0.959093 -0.927776 3.178282 0.968888
0.303859 0.294330 -0.955672 -1.004349 3.170523 0.966171
0.310442 0.304003 -0.965282 -0.996821 3.138776 0.953559
0.299835 0.289753 -1.004059 -1.137532 3.109705 0.969156
0.312381 0.317552 -1.050683 -1.033234 3.098393 0.975782
0.310584 0.309993 -1.009437 -1.002230 3.108713 0.962333
0.311586 0.315329 -1.006583 -1.065556 3.147640 0.983447
0.305992 0.291108 -0.934994 -1.016250 3.217923 0.965846
0.318988 0.331724 -1.021686 -1.016421 3.073787 0.966024
0.309611 0.286451 -0.967717 -1.057506 3.154361 0.967024
0.319990 0.311928 -0.984746 -1.048492 3.210241 0.966765
0.297792 0.286683 -0.979656 -1.017563 3.140503 0.968408
0.296150 0.292025 -0.984347 -0.999831 3.191137 0.966966
0.308801 0.308109 -0.970563 -0.980865 3.169847 0.963303
0.303776 0.328084 -0.969603 -0.840063 3.202573 0.969754
0.301114 0.300980 -0.971801 -0.976397 3.214054 0.972236
0.301751 0.320412 -1.005406 -0.943416 3.060600 0.974183
0.305609 0.316522 -1.004714 -0.963609 3.041026 0.965747
0.316246 0.303712 -0.960492 -0.998999 3.095889 0.961677
0.305719 0.296727 -0.971565 -1.005173 3.090702 0.961806
0.323372 0.327439 -0.965893 -0.980153 3.136676 0.968844
0.317428 0.314402 -1.011603 -1.021736 3.027834 0.962309
0.310143 0.297063 -1.007848 -1.045650 3.130525 0.961962
0.310050 0.301021 -0.983311 -1.048242 3.217651 0.976001
0.299488 0.299906 -1.011430 -0.966422 3.195171 0.968076
0.306830 0.312888 -0.988103 -0.991496 3.164514 0.971059
0.292220 0.292214 -0.983999 -0.987669 3.217781 0.971574
0.306146 0.309372 -1.007237 -1.003113 3.181584 0.971287
0.289933 0.295281 -1.014113 -0.997103 3.203411 0.974191
0.325274 0.322048 -0.974751 -1.004499 3.071248 0.965292
0.300270 0.291787 -0.966271 -1.031219 3.207484 0.969900
0.290459 0.289326 -0.985084 -0.954119 3.203282 0.966796
0.300254 0.300889 -0.966340 -0.939064 3.216574 0.961160
0.306465 0.293923 -0.993543 -1.061590 3.132419 0.972391
0.286513 0.282947 -0.978338 -0.993713 3.100838 0.965402
0.305816 0.294385 -0.974264 -1.038467 3.155468 0.958265
0.293009 0.292866 -0.976523 -1.005816 3.198741 0.965897
0.313713 0.310717 -0.984363 -1.046570 3.076790 0.964301
0.307379 0.303619 -0.952716 -0.959977 3.194149 0.953280
0.304039 0.298190 -0.956037 -1.024541 3.010045 0.961969
0.306038 0.312400 -0.956089 -0.890976 3.213326 0.967745
0.307676 0.321621 -0.963699 -0.888758 3.140584 0.962411
0.308431 0.308317 -0.996473 -1.024639 3.124026 0.968840
0.316429 0.320640 -1.003925 -0.982046 3.154145 0.968068
0.292763 0.303130 -1.020005 -0.964961 3.190236 0.968751
0.297095 0.299488 -0.971605 -0.942874 3.218880 0.967912
0.306317 0.293938 -0.986980 -1.036500 3.143573 0.965014
0.300972 0.287731 -0.956712 -1.001758 3.195538 0.963468
