-0.964845 -1.854108 0.242319 -1.784548 0.307483 0.275302 -1.300000 -1.089660 3.218880 0.949065
-0.982047 -1.359790 -0.749899 -1.068865 0.311884 0.317576 -1.300000 -0.953404 3.173439 0.957018
-1.016672 -0.997007 -3.219255 -2.984109 0.305264 0.309265 -1.289456 -1.066489 3.146074 0.961616
-0.996744 -0.807599 -3.209212 -2.589506 0.298149 0.304308 -1.268652 -0.996121 3.108665 0.966485
-1.014799 -1.335475 -0.756094 0.123231 0.297840 0.279387 -1.300000 -1.028885 3.192219 0.956147
-1.011637 -1.405123 0.423836 -1.544161 0.294550 0.263922 -1.300000 -1.112196 3.185157 0.964056
-1.029203 -0.732124 -2.840802 -1.431646 0.294153 0.289662 -1.210190 -1.016508 3.129793 0.965855
-0.972460 -0.812851 -2.519286 -1.045862 0.301185 0.277378 -1.243921 -1.096227 3.140820 0.964974
-1.025413 -1.648996 -2.362827 -0.181020 0.284267 0.260601 -1.300000 -1.174846 3.198101 0.959030
-0.993449 -1.778882 0.692350 -0.895574 0.308486 0.275339 -1.300000 -1.055576 3.217242 0.955322
-0.971681 -2.546453 0.892269 0.844320 0.305813 0.247518 -1.300000 -1.181886 3.218880 0.947893
-1.072560 -0.672786 -1.687209 -3.366151 0.297719 0.289100 -1.182689 -1.086218 3.110694 0.961553
-0.975970 -0.681032 -3.853913 -2.448963 0.296117 0.308571 -1.237905 -0.931368 3.152391 0.963413
-1.043510 -0.360275 -4.067067 -2.835706 0.296056 0.306224 -1.123755 -0.950049 3.103244 0.970475
-0.917489 -1.163419 -2.993501 -4.315156 0.304458 0.286615 -1.298050 -1.026682 3.195618 0.956747
-1.099567 -0.832925 -3.938889 -2.715530 0.288373 0.320657 -1.215100 -0.918027 3.141773 0.968838
-1.078819 0.043549 -4.889034 -3.367344 0.299962 0.306009 -0.974100 -0.976497 3.010989 0.973018
-1.000338 -0.992748 -2.027072 0.070701 0.316981 0.345168 -1.300000 -0.853235 3.171490 0.958319
-0.946489 -0.515975 -2.444671 -3.786189 0.317101 0.303687 -1.181702 -1.001922 3.130369 0.959500
-0.952048 -0.599541 -1.570081 -4.229671 0.333492 0.321076 -1.172436 -0.993925 3.103857 0.953374
-1.006988 -1.121463 -1.526890 -1.161959 0.306544 0.310057 -1.292345 -0.980966 3.144991 0.962397
-1.058641 -0.561915 -4.940721 -1.211622 0.292066 0.303181 -1.178914 -1.006525 3.083211 0.964956
-0.909763 -0.742955 -3.313220 -1.913829 0.321436 0.302165 -1.225413 -1.019778 3.136499 0.956932
-1.050653 -1.048272 -1.092153 -3.132521 0.295158 0.321946 -1.299331 -0.918012 3.154393 0.963633
-0.941990 -0.673755 -3.996421 -2.564923 0.307934 0.308319 -1.236998 -0.954062 3.130716 0.961296
-1.005329 -1.264025 -0.808367 -3.186483 0.294524 0.279650 -1.299915 -1.036699 3.186324 0.952157
-0.982194 -1.278779 -0.606400 -0.918584 0.304688 0.278750 -1.294532 -1.076131 3.174261 0.966963
-1.033094 -1.005385 -1.045080 -1.349306 0.305940 0.304692 -1.294959 -1.007893 3.116143 0.957201
-0.999888 -0.449515 -4.846563 -2.690553 0.303630 0.338358 -1.168299 -0.876500 3.050337 0.962956
-0.987417 -1.348779 -3.663472 -4.359789 0.297946 0.295178 -1.300000 -1.015841 3.173590 0.956545
-1.014093 -0.608084 -4.552804 -2.626650 0.293837 0.300089 -1.193078 -1.007869 3.088332 0.965701
-0.986661 -0.446168 -3.366099 -3.780509 0.304044 0.304914 -1.181235 -0.984609 3.085800 0.966249
-0.943436 -0.161537 -3.610527 -3.359323 0.322546 0.308499 -1.079180 -0.963414 3.100437 0.967424
-0.935417 -1.242086 -1.912122 -0.954780 0.313587 0.289910 -1.300000 -1.106455 3.187509 0.960551
-1.073250 -0.701871 -3.552980 0.672647 0.283961 0.294641 -1.199005 -0.982478 3.132407 0.963788
-1.007612 -0.805237 -2.290997 -3.099458 0.293960 0.301005 -1.246734 -0.961339 3.133031 0.963716
-0.935333 -0.934614 -2.637452 -1.553595 0.300850 0.289369 -1.279360 -1.017089 3.164438 0.964079
-0.999494 -1.173197 0.220293 -4.438884 0.301036 0.273716 -1.295484 -1.127012 3.173967 0.967066
-0.985757 -1.360569 -0.230821 -0.228229 0.306220 0.275574 -1.300000 -1.091870 3.162762 0.959200
-0.906081 -1.268609 -1.946858 -2.492113 0.315003 0.275905 -1.259526 -1.104088 3.202884 0.957224
-1.009991 -0.251805 -4.138887 0.338343 0.308963 0.291501 -1.062304 -1.058626 3.087234 0.963232
-0.991751 -0.725610 -3.089809 -0.513649 0.298629 0.308435 -1.263727 -0.944761 3.127738 0.960643
-1.079791 -0.373796 -3.088030 -3.592825 0.289227 0.272874 -1.070251 -1.078119 3.088062 0.964804
-1.051930 -0.177005 -4.268425 -4.889242 0.296356 0.295611 -1.047407 -0.976816 3.067800 0.966726
-0.930070 -1.440680 -1.217859 0.847583 0.321244 0.298301 -1.300000 -1.025240 3.180865 0.952940
-1.043181 -1.131300 0.244126 -3.420667 0.287604 0.282431 -1.300000 -1.022927 3.151116 0.959539
-0.905717 -0.916295 -1.955265 -3.999070 0.325175 0.311480 -1.279283 -1.000727 3.144998 0.960789
-1.011258 -0.818041 -3.283944 0.482629 0.292600 0.284028 -1.220027 -1.007573 3.148055 0.962370
-1.073145 -0.718824 -1.437199 -3.293839 0.288502 0.285571 -1.229873 -1.043701 3.113290 0.966151
-0.996492 -0.498319 -4.401193 -4.692366 0.283078 0.255260 -1.102973 -1.073369 3.170357 0.966597
-1.038594 -0.561156 -3.895312 -4.334905 0.306562 0.313687 -1.178816 -1.010126 3.112338 0.967007
-1.075840 -0.509082 -4.330272 -0.693060 0.295556 0.291602 -1.097535 -1.065107 3.106184 0.964611
-0.973416 -1.590730 0.567893 -4.078918 0.312088 0.289206 -1.300000 -1.085002 3.193009 0.951570
-0.946289 -1.880247 0.833874 -2.098483 0.314791 0.267056 -1.300000 -1.139269 3.218165 0.957639
-1.025853 -0.955293 -2.318142 -2.630474 0.285717 0.271496 -1.281338 -1.160106 3.125208 0.966237
-0.943137 -0.889084 -3.625732 -3.990774 0.322065 0.326514 -1.258111 -0.936898 3.147066 0.957211
-1.010767 -0.508030 -4.487022 -0.085958 0.303456 0.303113 -1.147909 -0.986069 3.096715 0.961599
-0.940861 -0.996462 -4.725966 -1.007056 0.305838 0.310729 -1.291642 -0.995606 3.109004 0.964861
