-1.029931 -1.029931 -1.106807 -1.106807 0.295919 0.294302 -1.289243 -1.019217 3.149014 0.961307
-1.025897 -1.025897 -1.114851 -1.114851 0.296623 0.286498 -1.298760 -1.071169 3.149851 0.966421
-1.026274 -1.026274 -1.116953 -1.116953 0.295519 0.282945 -1.299522 -1.082114 3.148786 0.965209
-1.026274 -1.026274 -1.116953 -1.116953 0.298689 0.286595 -1.268086 -1.047319 3.163246 0.962077
-1.022506 -1.022506 -1.090562 -1.090562 0.292859 0.274918 -1.242009 -1.042272 3.169719 0.959762
-1.016701 -1.016701 -1.109010 -1.109010 0.297742 0.282822 -1.277329 -1.066498 3.148938 0.962268
-1.020673 -1.020673 -1.116357 -1.116357 0.292796 0.291589 -1.300000 -0.997810 3.155491 0.959991
-1.026184 -1.026184 -1.077192 -1.077192 0.294776 0.287442 -1.273923 -1.030268 3.142578 0.958618
-1.022382 -1.022382 -1.113093 -1.113093 0.291854 0.282551 -1.286755 -1.029617 3.152279 0.959824
-1.022382 -1.022382 -1.113093 -1.113093 0.288040 0.274373 -1.299982 -1.069935 3.155990 0.961823
-1.022382 -1.022382 -1.113093 -1.113093 0.302452 0.315906 -1.299839 -0.962978 3.146849 0.964682
-1.022382 -1.022382 -1.113093 -1.113093 0.290957 0.272928 -1.272908 -1.082798 3.161207 0.964075
-1.027767 -1.027767 -1.144195 -1.144195 0.296633 0.282983 -1.268952 -1.069015 3.150560 0.959953
-1.029328 -1.029328 -1.146958 -1.146958 0.291733 0.285980 -1.300000 -1.070248 3.142615 0.960021
-1.014144 -1.014144 -1.179078 -1.179078 0.292820 0.270108 -1.258738 -1.068429 3.167318 0.957713
-1.012550 -1.012550 -1.144780 -1.144780 0.301699 0.303237 -1.291115 -0.985827 3.155623 0.963801
-1.010534 -1.010534 -1.134597 -1.134597 0.306694 0.304492 -1.300000 -1.013681 3.142081 0.961736
-1.010400 -1.010400 -1.130134 -1.130134 0.308505 0.314995 -1.300000 -0.954323 3.143391 0.961230
-1.004922 -1.004922 -1.088958 -1.088958 0.294157 0.278612 -1.295027 -1.054258 3.157849 0.964424
-1.006851 -1.006851 -1.142311 -1.142311 0.295119 0.285580 -1.300000 -1.046437 3.156060 0.966896
-1.006164 -1.006164 -1.144318 -1.144318 0.301114 0.299022 -1.299549 -1.016093 3.150648 0.963264
-1.007223 -1.007223 -1.138006 -1.138006 0.298244 0.285972 -1.275110 -1.046935 3.151767 0.961437
-1.013744 -1.013744 -1.136709 -1.136709 0.294251 0.289440 -1.299687 -0.997300 3.127981 0.956944
-1.015942 -1.015942 -1.115014 -1.115014 0.295454 0.290873 -1.292233 -1.006980 3.139592 0.965525
-1.015584 -1.015584 -1.115345 -1.115345 0.293338 0.280295 -1.257158 -1.021565 3.151176 0.963163
-1.030647 -1.030647 -1.037022 -1.037022 0.291595 0.293424 -1.300000 -1.039997 3.137438 0.968790
-1.032557 -1.032557 -1.039527 -1.039527 0.287124 0.261333 -1.238096 -1.078684 3.166049 0.962716
-1.030404 -1.030404 -1.022125 -1.022125 0.291063 0.283139 -1.289317 -1.023894 3.153293 0.962081
-1.039910 -1.039910 -1.043100 -1.043100 0.296759 0.311413 -1.300000 -0.951217 3.148146 0.965126
-1.040708 -1.040708 -1.059242 -1.059242 0.299004 0.291345 -1.275408 -1.003214 3.152901 0.957680
-1.038840 -1.038840 -1.059364 -1.059364 0.292443 0.265265 -1.241188 -1.130856 3.141436 0.965494
-1.034737 -1.034737 -1.070918 -1.070918 0.297057 0.300724 -1.298250 -1.010390 3.125314 0.960063
-1.034797 -1.034797 -1.072021 -1.072021 0.293512 0.287073 -1.299955 -1.052457 3.129737 0.965218
-1.045849 -1.045849 -1.029483 -1.029483 0.289782 0.262182 -1.225618 -1.106001 3.153924 0.964995
-1.045849 -1.045849 -1.029483 -1.029483 0.291936 0.270850 -1.254298 -1.107756 3.163395 0.968378
-1.045849 -1.045849 -1.029483 -1.029483 0.297921 0.295026 -1.283536 -1.019256 3.150418 0.963104
-1.046446 -1.046446 -1.041496 -1.041496 0.298506 0.302800 -1.299947 -0.972861 3.148980 0.961921
-1.045025 -1.045025 -1.046653 -1.046653 0.292239 0.281513 -1.283169 -1.067511 3.144271 0.964759
-1.046299 -1.046299 -1.050347 -1.050347 0.301648 0.304317 -1.281428 -0.995498 3.146035 0.964536
-1.046294 -1.046294 -1.049395 -1.049395 0.298444 0.290507 -1.275666 -1.038428 3.139081 0.961119
-1.047289 -1.047289 -1.048249 -1.048249 0.292026 0.283331 -1.290272 -1.031097 3.141206 0.963016
-1.047289 -1.047289 -1.048249 -1.048249 0.290533 0.278414 -1.279887 -1.091979 3.131007 0.964975
-1.047229 -1.047229 -1.048127 -1.048127 0.288646 0.262905 -1.224808 -1.138946 3.132434 0.963239
-1.049437 -1.049437 -1.059044 -1.059044 0.300458 0.304445 -1.278960 -1.016010 3.130470 0.963073
-1.052100 -1.052100 -1.029701 -1.029701 0.300875 0.300730 -1.299460 -1.024670 3.130790 0.962887
-1.056696 -1.056696 -1.028053 -1.028053 0.291273 0.291947 -1.292837 -1.025854 3.135257 0.963742
-1.056310 -1.056310 -1.033717 -1.033717 0.284267 0.260749 -1.242492 -1.098779 3.149251 0.962548
-1.057068 -1.057068 -1.032297 -1.032297 0.303112 0.313034 -1.299796 -0.975658 3.121239 0.964732
-1.047472 -1.047472 -1.023051 -1.023051 0.294708 0.268864 -1.224504 -1.138494 3.131694 0.963829
-1.047522 -1.047522 -1.022810 -1.022810 0.293449 0.269676 -1.238008 -1.070342 3.147946 0.960695
-1.039668 -1.039668 -1.021273 -1.021273 0.314405 0.334951 -1.292106 -0.925406 3.140434 0.964816
-1.032893 -1.032893 -1.064175 -1.064175 0.293038 0.281052 -1.288580 -1.065900 3.138848 0.964441
-1.032344 -1.032344 -1.060392 -1.060392 0.294430 0.280188 -1.278583 -1.084514 3.141728 0.965439
-1.015632 -1.015632 -1.081895 -1.081895 0.298119 0.298004 -1.300000 -1.005631 3.136810 0.959448
-1.014733 -1.014733 -1.074248 -1.074248 0.299760 0.303536 -1.300000 -0.981211 3.145559 0.960040
-1.014703 -1.014703 -1.077307 -1.077307 0.295387 0.271595 -1.238952 -1.127336 3.160472 0.966722
-1.014703 -1.014703 -1.077307 -1.077307 0.289576 0.260227 -1.232899 -1.110425 3.168808 0.965269
