-1.046528 -1.046528 -1.185998 -1.185998 0.282130 0.282259 -1.299856 -1.018810 3.133345 0.966358
-0.982864 -0.982864 -1.299727 -1.299727 0.293982 0.284082 -1.275847 -1.004631 3.143960 0.962474
-1.026330 -1.026330 -1.198052 -1.198052 0.300616 0.307874 -1.278606 -0.958589 3.143195 0.962027
-0.944806 -0.944806 -2.214318 -2.214318 0.308796 0.313527 -1.262734 -0.983463 3.129268 0.961452
-1.028106 -1.028106 -1.336527 -1.336527 0.296315 0.306345 -1.295465 -0.982886 3.147832 0.963003
-0.917324 -0.917324 -1.729619 -1.729619 0.306528 0.300298 -1.297044 -1.003054 3.154578 0.956568
-1.010786 -1.010786 -1.184223 -1.184223 0.309326 0.300945 -1.282142 -1.034618 3.161099 0.958778
-1.071002 -1.071002 -1.411168 -1.411168 0.287884 0.312331 -1.290398 -0.943672 3.150586 0.967202
-0.957336 -0.957336 -1.143030 -1.143030 0.305645 0.282425 -1.263806 -1.052896 3.162261 0.964249
-0.976831 -0.976831 -2.022585 -2.022585 0.289876 0.284100 -1.246416 -1.014019 3.158219 0.957993
-1.036753 -1.036753 -0.926441 -0.926441 0.303800 0.309552 -1.300000 -0.970023 3.145616 0.961954
-1.009278 -1.009278 -0.875368 -0.875368 0.287608 0.270004 -1.259913 -0.987481 3.143957 0.961124
-1.044749 -1.044749 -1.108722 -1.108722 0.300166 0.295041 -1.299581 -1.049792 3.146691 0.962726
-0.989442 -0.989442 -1.913886 -1.913886 0.300668 0.314730 -1.300000 -0.978011 3.178303 0.964152
-0.976775 -0.976775 -1.321117 -1.321117 0.304303 0.287466 -1.273524 -1.075390 3.155369 0.962106
-0.947626 -0.947626 -1.625309 -1.625309 0.301522 0.289650 -1.283817 -1.077834 3.148986 0.964557
-0.929601 -0.929601 -1.970563 -1.970563 0.295565 0.286766 -1.292728 -1.044899 3.135911 0.964490
-0.886938 -0.886938 -1.823883 -1.823883 0.330297 0.327775 -1.300000 -0.937651 3.173822 0.960739
-0.978769 -0.978769 -1.826790 -1.826790 0.297347 0.293840 -1.258171 -0.991376 3.147044 0.958374
-0.923268 -0.923268 -1.285853 -1.285853 0.321134 0.290319 -1.245136 -1.088260 3.150610 0.954382
-0.915442 -0.915442 -1.796886 -1.796886 0.306406 0.275120 -1.249362 -1.090421 3.179232 0.959769
-0.985522 -0.985522 -3.058606 -3.058606 0.296072 0.296859 -1.296047 -1.094316 3.144017 0.962359
-0.958316 -0.958316 -1.555411 -1.555411 0.297296 0.281854 -1.281465 -1.079171 3.162958 0.971139
-0.948784 -0.948784 -3.220676 -3.220676 0.298474 0.299527 -1.299007 -1.112555 3.176275 0.968696
-1.035885 -1.035885 -0.688089 -0.688089 0.305412 0.302911 -1.300000 -0.930871 3.165463 0.959106
-0.996257 -0.996257 -1.799536 -1.799536 0.304157 0.314817 -1.276647 -0.990198 3.133460 0.961471
-0.972885 -0.972885 -1.103182 -1.103182 0.307858 0.306351 -1.292666 -0.939043 3.155341 0.965680
-1.012244 -1.012244 -1.874581 -1.874581 0.301676 0.323863 -1.299641 -0.956358 3.137976 0.962625
-0.979878 -0.979878 -1.801238 -1.801238 0.301363 0.299222 -1.300000 -1.017710 3.158211 0.962676
-0.961250 -0.961250 -1.413231 -1.413231 0.306356 0.294524 -1.270416 -1.017902 3.153458 0.963845
-1.084139 -1.084139 -0.800306 -0.800306 0.285842 0.289162 -1.299798 -0.964983 3.142669 0.961722
-1.029980 -1.029980 -1.432552 -1.432552 0.289406 0.298037 -1.286821 -0.986589 3.162969 0.961825
-0.994870 -0.994870 -1.183256 -1.183256 0.292190 0.284505 -1.287728 -1.000777 3.160238 0.967760
-0.917219 -0.917219 -1.536424 -1.536424 0.302199 0.270237 -1.261698 -1.111031 3.200455 0.960790
-0.974582 -0.974582 -1.510837 -1.510837 0.291070 0.262579 -1.215427 -1.101480 3.190974 0.963951
-1.029952 -1.029952 -1.506832 -1.506832 0.293230 0.301137 -1.277240 -0.991525 3.140742 0.963793
-0.961035 -0.961035 -1.559136 -1.559136 0.310672 0.300949 -1.262602 -1.027086 3.152193 0.961705
-0.981444 -0.981444 -1.341789 -1.341789 0.299183 0.316200 -1.300000 -0.913429 3.135672 0.962926
-1.045539 -1.045539 -1.295263 -1.295263 0.288587 0.284186 -1.291775 -1.058537 3.158383 0.959717
-1.020082 -1.020082 -1.494906 -1.494906 0.278747 0.270253 -1.258774 -1.025093 3.156084 0.966392
-1.078622 -1.078622 -0.773416 -0.773416 0.295811 0.291417 -1.300000 -1.014830 3.135652 0.959765
-1.014616 -1.014616 -0.946871 -0.946871 0.287569 0.263137 -1.238110 -1.047437 3.140063 0.965286
-1.011598 -1.011598 -1.317759 -1.317759 0.299269 0.284570 -1.280251 -1.089180 3.157467 0.964177
-0.958137 -0.958137 -2.031846 -2.031846 0.302266 0.317352 -1.299120 -0.957881 3.142843 0.964941
-1.020131 -1.020131 -1.184146 -1.184146 0.302159 0.305984 -1.289831 -0.985830 3.134638 0.964093
-0.972162 -0.972162 -1.793687 -1.793687 0.304233 0.313962 -1.296063 -0.976691 3.117804 0.962544
-0.969403 -0.969403 -0.779730 -0.779730 0.318388 0.293646 -1.263366 -1.003666 3.153295 0.956942
-0.969593 -0.969593 -1.093598 -1.093598 0.303673 0.288469 -1.299361 -1.034429 3.137959 0.961058
-1.005488 -1.005488 -1.445849 -1.445849 0.310000 0.328656 -1.254956 -0.905090 3.173492 0.958673
-1.023661 -1.023661 -1.623173 -1.623173 0.295772 0.290972 -1.270482 -1.042994 3.151895 0.964053
-0.970379 -0.970379 -1.221436 -1.221436 0.304377 0.305461 -1.296249 -0.972420 3.176842 0.961677
-0.913818 -0.913818 -1.894549 -1.894549 0.321717 0.315280 -1.269761 -1.005117 3.131355 0.957826
-0.902790 -0.902790 -1.794276 -1.794276 0.336247 0.348767 -1.300000 -0.902290 3.160820 0.954365
-0.944020 -0.944020 -1.483361 -1.483361 0.301454 0.286961 -1.270065 -1.026617 3.167638 0.961199
-0.917449 -0.917449 -1.604649 -1.604649 0.313083 0.298022 -1.276756 -1.057667 3.158218 0.962946
-1.040488 -1.040488 -0.831593 -0.831593 0.307613 0.309078 -1.277782 -0.963439 3.111800 0.958858
-0.980538 -0.980538 -0.842533 -0.842533 0.308691 0.278017 -1.250776 -1.081144 3.118910 0.962175
-1.012008 -1.012008 -1.159350 -1.159350 0.294879 0.304282 -1.294208 -0.950215 3.125844 0.962072
