-1.014316 -1.014316 -0.984863 -0.984863 0.301095 0.291252 -1.273777 -0.984755 3.147179 0.962439
-1.014790 -1.014790 -0.981685 -0.981685 0.300620 0.296481 -1.299295 -1.026057 3.122308 0.965014
-1.014682 -1.014682 -0.982515 -0.982515 0.300449 0.291994 -1.284659 -1.031164 3.131690 0.964897
-1.014775 -1.014775 -0.982433 -0.982433 0.299068 0.294352 -1.300000 -0.992713 3.118155 0.962066
-1.021791 -1.021791 -0.991074 -0.991074 0.303665 0.301664 -1.281740 -0.993169 3.118769 0.961252
-1.023749 -1.023749 -0.986463 -0.986463 0.305421 0.312809 -1.300000 -0.961853 3.129498 0.965069
-1.024173 -1.024173 -0.986864 -0.986864 0.298225 0.279330 -1.266061 -1.062812 3.133096 0.960843
-1.024173 -1.024173 -0.986864 -0.986864 0.305383 0.312411 -1.300000 -0.934454 3.143202 0.959922
-1.016468 -1.016468 -1.002613 -1.002613 0.301570 0.303168 -1.300000 -0.962742 3.144317 0.965864
-1.010853 -1.010853 -1.002652 -1.002652 0.302577 0.295717 -1.284756 -1.009993 3.124760 0.960136
-0.976194 -0.976194 -1.374201 -1.374201 0.312258 0.315209 -1.300000 -0.991304 3.120281 0.960461
-0.971538 -0.971538 -1.359166 -1.359166 0.300412 0.297103 -1.300000 -1.003155 3.139728 0.961629
-0.968967 -0.968967 -1.341761 -1.341761 0.306601 0.288603 -1.266891 -1.063884 3.137745 0.963280
-0.968967 -0.968967 -1.341761 -1.341761 0.310852 0.299640 -1.281847 -1.038767 3.138087 0.966758
-0.972341 -0.972341 -1.348248 -1.348248 0.306361 0.306822 -1.276359 -1.002501 3.126389 0.958202
-0.975739 -0.975739 -1.333934 -1.333934 0.304125 0.295680 -1.296673 -1.033928 3.134670 0.964458
-0.973508 -0.973508 -1.332203 -1.332203 0.300453 0.279389 -1.245005 -1.053371 3.155503 0.961021
-0.974562 -0.974562 -1.334882 -1.334882 0.297102 0.279409 -1.261577 -1.050250 3.148458 0.961957
-0.988905 -0.988905 -1.324190 -1.324190 0.301747 0.274213 -1.211633 -1.066254 3.139382 0.959378
-0.984978 -0.984978 -1.336339 -1.336339 0.287524 0.276366 -1.286772 -1.028739 3.146422 0.961626
-0.985255 -0.985255 -1.332725 -1.332725 0.289436 0.276529 -1.259989 -1.022673 3.149705 0.966905
-0.990428 -0.990428 -1.352781 -1.352781 0.286450 0.289161 -1.300000 -0.982926 3.134057 0.963682
-0.990428 -0.990428 -1.352781 -1.352781 0.289015 0.279743 -1.256799 -1.008620 3.141985 0.964121
-0.985769 -0.985769 -1.361366 -1.361366 0.298794 0.298335 -1.300000 -0.980876 3.132621 0.967681
-0.985934 -0.985934 -1.361321 -1.361321 0.303337 0.329863 -1.300000 -0.873051 3.155252 0.964758
-0.985934 -0.985934 -1.361321 -1.361321 0.292978 0.271107 -1.237778 -1.072338 3.158653 0.966372
-0.986088 -0.986088 -1.361134 -1.361134 0.294523 0.273115 -1.223712 -1.046866 3.155869 0.962201
-0.986439 -0.986439 -1.360013 -1.360013 0.299101 0.297978 -1.288412 -0.999893 3.145841 0.966779
-0.985473 -0.985473 -1.351470 -1.351470 0.297523 0.298949 -1.299767 -0.971360 3.138379 0.957384
-0.984373 -0.984373 -1.338527 -1.338527 0.299000 0.307268 -1.300000 -0.936520 3.144074 0.957994
-0.989574 -0.989574 -1.329194 -1.329194 0.300084 0.288836 -1.273996 -1.043535 3.139538 0.961530
-0.989574 -0.989574 -1.329194 -1.329194 0.309775 0.323058 -1.282629 -0.919076 3.158636 0.958887
-0.989574 -0.989574 -1.329194 -1.329194 0.304882 0.299765 -1.287206 -1.041774 3.142575 0.964566
-0.990699 -0.990699 -1.349676 -1.349676 0.302826 0.298252 -1.299949 -1.041434 3.145545 0.962786
-1.000211 -1.000211 -1.362819 -1.362819 0.301734 0.301629 -1.296757 -1.038662 3.150130 0.967041
-0.985179 -0.985179 -1.336045 -1.336045 0.302562 0.295216 -1.270439 -1.049441 3.143007 0.961359
-0.982573 -0.982573 -1.357050 -1.357050 0.305849 0.279428 -1.259263 -1.149862 3.132028 0.960848
-0.966886 -0.966886 -1.521270 -1.521270 0.295603 0.287753 -1.279287 -1.028715 3.153848 0.965440
-0.993628 -0.993628 -1.230263 -1.230263 0.304363 0.315826 -1.300000 -0.927862 3.158457 0.958903
-1.017909 -1.017909 -1.230000 -1.230000 0.284075 0.284849 -1.291971 -0.983620 3.151634 0.966835
-1.013014 -1.013014 -1.341404 -1.341404 0.297350 0.284426 -1.260568 -1.075283 3.158022 0.963969
-0.997599 -0.997599 -1.609505 -1.609505 0.300679 0.313499 -1.282040 -0.979597 3.157141 0.959896
-0.955430 -0.955430 -1.898135 -1.898135 0.299308 0.288587 -1.281998 -1.048148 3.154254 0.964589
-0.970257 -0.970257 -1.469918 -1.469918 0.300064 0.287238 -1.267852 -1.038357 3.155333 0.961269
-0.896898 -0.896898 -2.244261 -2.244261 0.325810 0.341901 -1.300000 -0.923887 3.151384 0.961155
-0.981535 -0.981535 -1.161417 -1.161417 0.304336 0.302619 -1.300000 -0.977601 3.147878 0.959815
-0.918681 -0.918681 -1.189774 -1.189774 0.323979 0.311595 -1.299973 -1.002377 3.153359 0.957862
-1.057589 -1.057589 -0.882926 -0.882926 0.290358 0.277375 -1.277101 -1.046411 3.134458 0.964641
-1.040882 -1.040882 -0.805097 -0.805097 0.298763 0.312378 -1.300000 -0.904194 3.137578 0.960873
-1.023485 -1.023485 -1.490509 -1.490509 0.298009 0.316104 -1.269837 -0.956123 3.131904 0.959672
-1.014418 -1.014418 -1.190666 -1.190666 0.307565 0.317261 -1.269830 -0.968734 3.166983 0.963740
-0.949675 -0.949675 -1.423899 -1.423899 0.307101 0.305733 -1.297618 -0.970706 3.135709 0.964318
-0.962574 -0.962574 -1.331782 -1.331782 0.293314 0.263943 -1.219043 -1.065292 3.193097 0.966821
-1.044977 -1.044977 -0.963572 -0.963572 0.295137 0.287701 -1.262382 -1.041052 3.133290 0.961505
-0.979796 -0.979796 -1.676877 -1.676877 0.304315 0.309535 -1.287403 -0.998574 3.168513 0.962292
-1.013966 -1.013966 -1.177987 -1.177987 0.290957 0.294297 -1.299937 -0.969187 3.132974 0.964588
-0.960152 -0.960152 -1.210582 -1.210582 0.316775 0.313835 -1.292026 -0.973134 3.131123 0.962417
-1.044301 -1.044301 -1.126755 -1.126755 0.292285 0.284077 -1.300000 -1.055885 3.148714 0.966207
