-0.992556 -0.988757 -3.673346 0.968334 0.302146 0.302763 -1.299984 -1.039417 3.160649 0.963402
-1.067857 -1.052422 -3.227938 -0.562718 0.294019 0.307056 -1.300000 -1.053108 3.142653 0.963482
-1.025483 -0.237499 -4.921041 -2.997654 0.300477 0.296980 -1.097790 -1.037393 3.065727 0.969976
-1.011261 -1.012626 -1.612678 -2.650468 0.299555 0.308445 -1.271687 -0.955789 3.159614 0.960671
-1.016270 -0.717204 -3.731174 -3.303861 0.302039 0.306639 -1.218706 -1.033346 3.125023 0.961401
-0.942104 -1.121558 -3.872073 -4.727252 0.303753 0.287408 -1.297596 -1.095870 3.187576 0.959241
-0.982785 -0.278402 -4.862979 -4.190822 0.305482 0.309395 -1.101863 -0.917859 3.086957 0.962132
-0.993457 -0.456405 -1.732111 -3.418476 0.307993 0.310385 -1.164694 -0.928512 3.121977 0.965579
-1.033745 -1.297544 -0.279054 -2.663017 0.299198 0.313806 -1.300000 -0.933239 3.185345 0.959008
-0.966162 -0.586142 -3.216439 -2.735964 0.304522 0.278936 -1.153756 -1.059334 3.122448 0.959405
-0.926260 -0.918731 -4.835639 -2.990733 0.301050 0.281991 -1.282694 -1.093407 3.140404 0.957673
-1.043608 -1.759761 -0.032811 -0.342646 0.300620 0.274164 -1.300000 -1.102792 3.199088 0.967320
-0.928282 -1.007235 -2.539654 0.448951 0.313651 0.301331 -1.299328 -1.042388 3.146878 0.959576
-0.919878 -1.362112 -3.702749 -0.135194 0.304238 0.277787 -1.300000 -1.109263 3.218880 0.962114
-1.026436 -0.688545 -2.686521 -3.944066 0.288279 0.280844 -1.180965 -1.013918 3.130763 0.965798
-0.954605 -1.779379 -0.773985 -4.882207 0.297650 0.260814 -1.300000 -1.169843 3.218880 0.957033
-1.010264 -1.007113 -2.119544 -1.583803 0.307689 0.320521 -1.253089 -0.952281 3.132738 0.960155
-0.889595 -1.343568 -1.399137 -1.179124 0.316688 0.276309 -1.300000 -1.095997 3.217830 0.960674
-0.999280 -0.592244 -4.556363 -3.280536 0.302086 0.294253 -1.183809 -1.058865 3.112831 0.969740
-0.980560 -1.047231 -2.089872 -1.385409 0.297204 0.267506 -1.237093 -1.132475 3.173006 0.964658
-0.986893 -0.585662 -4.369135 -1.554505 0.305887 0.296886 -1.158429 -1.010877 3.118147 0.959835
-0.930833 -1.221164 -0.345778 -0.909288 0.317631 0.287958 -1.300000 -1.038958 3.175825 0.957492
-0.923611 -0.835061 -2.781337 -3.509393 0.315822 0.297795 -1.217056 -1.022011 3.157629 0.956416
-1.002619 -1.467948 -1.362782 0.341258 0.301450 0.273415 -1.299720 -1.127350 3.218880 0.961218
-1.035068 -0.490920 -4.681386 -0.004485 0.292978 0.288688 -1.119108 -1.008180 3.140388 0.967367
-0.969316 -0.791208 -2.747118 -1.607149 0.302060 0.285622 -1.211239 -1.026591 3.151036 0.958762
-0.970306 -1.382978 -2.568499 0.273118 0.305171 0.280724 -1.300000 -1.116395 3.210846 0.957373
-0.950394 -1.753154 -2.208273 -0.109270 0.299923 0.262912 -1.300000 -1.137664 3.218880 0.945342
-0.978491 -0.791701 -2.538704 -0.933404 0.296847 0.271151 -1.183641 -1.018346 3.135513 0.962107
-1.096575 -0.625491 -1.893123 0.381958 0.297739 0.288302 -1.158763 -1.023037 3.106835 0.963685
-1.012065 -0.578000 -3.587052 -0.820798 0.296944 0.281786 -1.155827 -1.040930 3.125568 0.959076
-0.967583 -0.604980 -2.777452 -3.755701 0.296790 0.279759 -1.176040 -1.021981 3.110986 0.965946
-1.056098 -0.041563 -4.155633 -4.984855 0.294046 0.294532 -1.056493 -1.041106 3.011815 0.969423
-0.949630 -0.549859 -1.956753 -3.722067 0.324855 0.301887 -1.149039 -1.053837 3.102775 0.959611
-1.032691 -0.729589 -2.361108 0.051027 0.293220 0.287287 -1.200064 -0.997382 3.130526 0.964227
-1.007145 -1.404911 0.708818 -2.221132 0.304138 0.266870 -1.276068 -1.106545 3.203710 0.961705
-0.999470 -0.805886 -4.070243 -4.983946 0.293494 0.294037 -1.232239 -0.998554 3.162326 0.968234
-1.020694 -0.632058 -4.803780 -2.514916 0.304119 0.335146 -1.178975 -0.883492 3.126358 0.965621
-1.035850 -0.141109 -3.597867 -4.720446 0.304252 0.304816 -1.037612 -0.956337 3.042404 0.967439
-0.930734 -0.221362 -4.853237 0.581125 0.328095 0.326742 -1.143177 -0.928980 3.071221 0.966956
-1.050932 -0.920653 -0.959519 -3.679980 0.301550 0.292787 -1.232171 -1.063971 3.118830 0.963783
-1.089068 -0.075852 -4.617699 0.015966 0.301033 0.303646 -1.009215 -0.984095 3.057730 0.968753
-0.996973 -1.284367 -3.502889 -0.397957 0.287560 0.271838 -1.300000 -1.117157 3.182151 0.963212
-1.002242 -0.973818 -3.688595 0.822625 0.311097 0.314337 -1.300000 -1.065810 3.146080 0.965210
-0.947765 -1.553990 -0.661317 -3.743690 0.304983 0.287718 -1.300000 -1.093887 3.199207 0.960063
-1.015593 -0.490434 -2.867344 0.836513 0.309807 0.306120 -1.166502 -0.953345 3.099415 0.964690
-0.966984 -0.608228 -4.411530 0.606595 0.317417 0.318690 -1.195852 -0.969366 3.140370 0.961502
-1.019299 -1.357230 0.369269 -1.262309 0.306768 0.279745 -1.300000 -1.049210 3.152960 0.959346
-0.930594 -1.187937 -1.227704 -2.164275 0.312534 0.296284 -1.300000 -1.023075 3.173700 0.959629
-0.991853 -0.460879 -4.402136 -1.585166 0.297918 0.284852 -1.158297 -1.064910 3.133486 0.967370
-1.012548 -0.749479 -1.843079 -4.886692 0.298447 0.297846 -1.231725 -0.990550 3.143050 0.959325
-0.949352 -1.485127 -0.540360 -2.505364 0.316190 0.288235 -1.285473 -1.081044 3.159346 0.950405
-0.971566 -1.617312 0.790910 -4.113225 0.301008 0.257251 -1.300000 -1.146525 3.211915 0.961059
-1.029594 -1.056119 -3.215322 0.749152 0.298881 0.308507 -1.295859 -0.997004 3.163260 0.960665
-1.019683 -0.301398 -2.159385 -3.080191 0.307075 0.292877 -1.089968 -1.021041 3.085228 0.962585
-1.092742 -0.177009 -4.872820 0.441916 0.292496 0.290311 -1.055521 -1.078499 3.032405 0.969934
-1.053753 -1.526598 -0.357704 0.801744 0.285963 0.250042 -1.294016 -1.092727 3.184255 0.963345
