0.293850 0.301536 -0.986752 -0.926988 3.157363 0.971003
0.306822 0.307477 -0.994656 -1.002153 3.123909 0.971400
0.309822 0.303944 -0.967763 -0.975421 3.133657 0.963387
0.312573 0.298464 -0.937444 -1.000846 3.166643 0.963362
0.298005 0.288092 -0.980061 -1.062218 3.170275 0.964152
0.304776 0.310022 -0.997108 -0.978672 3.197820 0.967841
0.308756 0.311632 -1.037564 -1.074336 3.095908 0.959657
0.303433 0.290257 -0.988166 -1.088145 3.054307 0.964167
0.322515 0.313064 -0.944148 -0.985500 3.068831 0.964196
0.312456 0.309537 -0.997522 -1.002682 3.131419 0.957846
0.320591 0.309114 -0.972471 -1.015075 3.113539 0.962239
0.298533 0.285846 -0.983492 -1.010719 3.217409 0.969300
0.308299 0.295281 -1.006612 -1.062759 3.121480 0.963322
0.302095 0.289620 -0.969253 -1.045479 3.151900 0.966620
0.301195 0.280337 -0.976625 -1.095300 3.200430 0.970814
0.313364 0.326366 -0.989324 -0.929626 3.214711 0.983877
0.303296 0.320250 -0.972759 -0.898861 3.141202 0.970859
0.297743 0.298701 -0.966286 -0.936104 3.166620 0.963279
0.306399 0.301864 -0.994712 -1.042589 3.082534 0.967190
0.305985 0.293353 -0.972366 -1.017656 3.202897 0.962051
0.304682 0.286292 -0.957953 -1.045606 3.202366 0.964162
0.301225 0.301416 -0.971162 -0.927861 3.159843 0.958048
0.311974 0.311620 -1.030038 -1.011383 3.135197 0.975133
0.295477 0.295532 -0.961142 -0.964454 3.171196 0.966311
0.315303 0.296341 -0.979254 -1.078095 3.185915 0.962016
0.308584 0.300568 -0.982016 -1.024549 3.177450 0.970642
0.305248 0.298812 -1.013002 -0.995542 3.075662 0.958616
0.304964 0.299189 -1.012732 -1.038880 3.143432 0.972077
0.334893 0.318443 -1.003231 -1.110405 3.061576 0.962798
0.315207 0.311567 -1.007965 -1.021817 3.062135 0.958771
0.299687 0.285490 -0.953776 -1.020249 3.152401 0.958269
0.303963 0.290751 -0.933675 -0.956711 3.202166 0.963702
0.305090 0.305894 -0.991645 -0.945796 3.157725 0.955017
0.317843 0.323001 -0.980857 -0.974316 3.138492 0.971656
0.313695 0.325448 -0.997967 -0.938471 3.122528 0.960948
0.293708 0.286697 -1.016949 -1.012516 3.165876 0.969674
0.298188 0.297892 -0.980251 -0.951064 3.122211 0.965777
0.309242 0.306812 -1.029519 -1.020404 3.150864 0.964050
0.313160 0.308669 -0.996085 -0.999653 3.134804 0.960942
0.306403 0.314626 -0.964798 -0.888554 3.167456 0.967025
0.304560 0.300977 -0.977294 -0.968872 3.183112 0.964862
0.298824 0.298194 -0.997964 -0.995848 3.155856 0.966723
0.301921 0.312019 -0.994668 -0.993467 3.144143 0.974646
0.299856 0.311095 -1.010091 -0.953978 3.091092 0.963083
0.312765 0.310280 -1.012969 -1.036341 3.127437 0.966536
0.303036 0.304934 -0.967201 -0.983120 3.170924 0.971169
0.308271 0.315426 -0.993125 -0.953300 3.151910 0.961135
0.331174 0.329774 -0.961463 -0.963692 3.050986 0.965028
0.313105 0.305822 -1.001614 -1.045917 3.081780 0.949315
0.300493 0.299401 -0.992793 -0.990735 3.151088 0.967609
0.310093 0.314479 -1.010220 -0.995682 3.123192 0.971709
0.309821 0.313277 -1.012718 -0.949961 3.139463 0.963331
0.310175 0.312464 -0.991725 -0.991048 3.166854 0.971087
0.312578 0.308960 -0.974445 -0.986652 3.162681 0.964256
0.288295 0.292511 -0.987342 -0.954587 3.185447 0.967205
0.307991 0.315576 -0.988825 -0.941472 3.163180 0.966276
0.312333 0.300335 -0.992102 -1.040896 3.107130 0.954834
