0.295857 0.297397 -1.001487 -1.008086 3.121781 0.965043
0.302962 0.306405 -1.006872 -0.980534 3.155919 0.969338
0.305237 0.300102 -1.012939 -1.052257 3.096027 0.963456
0.304470 0.308162 -0.955891 -0.946820 3.178140 0.967703
0.307327 0.318152 -0.981627 -0.942585 3.136243 0.965309
0.306729 0.327781 -0.965128 -0.847093 3.218880 0.968558
0.311713 0.302191 -0.962132 -1.025046 3.165980 0.964813
0.303197 0.308129 -0.999563 -1.001909 3.101218 0.968157
0.308603 0.313568 -0.958692 -0.935091 3.123813 0.964695
0.304916 0.301146 -1.049669 -1.041463 3.142365 0.967136
0.311155 0.302897 -0.978746 -1.009392 3.174242 0.966811
0.312240 0.311826 -0.980519 -0.990905 3.096345 0.963734
0.298165 0.298714 -0.992987 -0.987159 3.185702 0.971878
0.294177 0.290272 -1.010615 -1.072859 3.121348 0.958181
0.315262 0.329980 -0.977331 -0.883556 3.160470 0.965099
0.308798 0.334187 -0.958591 -0.833498 3.125884 0.965096
0.310212 0.313377 -1.010386 -0.986742 3.103663 0.970183
0.305263 0.305413 -0.995577 -0.962153 3.144810 0.962699
0.313314 0.309315 -0.998042 -1.022557 3.129957 0.960447
0.314706 0.304901 -0.982460 -1.018379 3.175449 0.966348
0.318420 0.327433 -0.993935 -0.936617 3.165905 0.963681
0.308700 0.290611 -0.974816 -1.080377 3.160759 0.966178
0.308034 0.301744 -1.006318 -1.061728 3.096087 0.969864
0.320914 0.323388 -0.967700 -0.965615 3.070551 0.959062
0.320629 0.322899 -0.988503 -0.959934 3.152990 0.961688
0.304212 0.313740 -1.016729 -0.942764 3.211190 0.969011
0.302277 0.299264 -1.017474 -0.979407 3.104547 0.970360
0.297252 0.301698 -1.014802 -0.991604 3.144369 0.962894
0.306906 0.306598 -1.015112 -1.033602 3.132525 0.969001
0.303276 0.309634 -0.963655 -0.906978 3.218880 0.963314
0.317355 0.313213 -0.988617 -0.995294 3.102148 0.966857
0.301299 0.304920 -0.987187 -0.982602 3.138185 0.965118
0.301638 0.307571 -0.988748 -0.959511 3.155047 0.968898
0.301448 0.313479 -0.962099 -0.882515 3.188769 0.959439
0.302793 0.305177 -0.982233 -1.003275 3.083002 0.964483
0.308809 0.312428 -0.985538 -0.969246 3.146578 0.965689
0.312716 0.310493 -0.989416 -0.993128 3.202786 0.967423
0.305868 0.314111 -1.014813 -0.942644 3.151311 0.962119
0.319783 0.322524 -0.990678 -0.966456 3.187455 0.964137
0.305169 0.310894 -0.971225 -0.973953 3.154293 0.961996
0.302298 0.298969 -1.027645 -1.045595 3.126039 0.970973
0.319744 0.347765 -0.963379 -0.829171 3.104234 0.964451
0.300775 0.292150 -0.990633 -1.041455 3.123479 0.961725
0.301964 0.307975 -1.012913 -0.979913 3.126395 0.972882
0.288525 0.301572 -0.981473 -0.875668 3.166727 0.971761
0.317319 0.304447 -0.979418 -1.056422 3.145103 0.964294
0.319612 0.306625 -0.952096 -1.010773 3.131122 0.969372
0.309782 0.311320 -0.959705 -0.948809 3.216822 0.957149
0.312154 0.305804 -0.980330 -1.045710 3.144863 0.962690
0.316621 0.306955 -0.962110 -0.990942 3.209040 0.971402
0.309410 0.328312 -1.001596 -0.955611 3.104857 0.969427
0.312627 0.326263 -0.966093 -0.898355 3.131222 0.963596
0.291961 0.285411 -0.971619 -0.985448 3.218880 0.968975
0.294911 0.294984 -0.977937 -0.973786 3.199636 0.967750
0.312451 0.322262 -0.984294 -0.961860 3.172013 0.973891
0.310141 0.318298 -0.979446 -0.933713 3.109130 0.963945
0.299156 0.295550 -1.049411 -1.117511 3.045565 0.964209
0.320636 0.326184 -0.998247 -1.001034 3.119952 0.972779
