-0.921426 -0.921426 -0.899487 -0.899487 0.291356 0.287503 -1.291158 -1.078117 3.145215 0.966937
-0.998477 -0.998477 -0.396033 -0.396033 0.296084 0.282039 -1.299836 -0.822297 3.113781 0.957450
-0.996909 -0.996909 -0.398825 -0.398825 0.297612 0.277476 -1.264893 -0.900293 3.096649 0.966397
-0.999799 -0.999799 -0.396898 -0.396898 0.297675 0.282546 -1.300000 -0.839871 3.111511 0.960791
-1.000093 -1.000093 -0.399171 -0.399171 0.289971 0.259786 -1.251889 -0.935172 3.106276 0.965056
-1.000093 -1.000093 -0.399171 -0.399171 0.293076 0.276489 -1.300000 -0.932860 3.074292 0.964426
-0.995256 -0.995256 -0.401205 -0.401205 0.299895 0.277948 -1.283533 -0.887235 3.103856 0.964495
-1.004361 -1.004361 -0.437488 -0.437488 0.299415 0.286155 -1.299927 -0.877865 3.095234 0.966220
-1.002623 -1.002623 -0.439280 -0.439280 0.297548 0.283909 -1.297892 -0.836303 3.128488 0.964157
-1.002623 -1.002623 -0.439280 -0.439280 0.291952 0.267810 -1.262082 -0.916148 3.104922 0.963089
-1.005466 -1.005466 -0.442489 -0.442489 0.301800 0.282908 -1.274645 -0.874827 3.107292 0.962507
-0.991652 -0.991652 -0.455508 -0.455508 0.303188 0.284354 -1.282846 -0.920599 3.087884 0.965600
-1.006195 -1.006195 -0.448815 -0.448815 0.304659 0.291519 -1.300000 -0.871614 3.105458 0.964381
-1.006195 -1.006195 -0.448815 -0.448815 0.304690 0.294416 -1.300000 -0.878882 3.099368 0.964742
-1.005745 -1.005745 -0.452846 -0.452846 0.299669 0.283774 -1.274644 -0.944106 3.088382 0.964654
-1.007599 -1.007599 -0.454272 -0.454272 0.298145 0.275714 -1.276321 -0.908306 3.106807 0.958069
-1.007506 -1.007506 -0.457288 -0.457288 0.301326 0.280748 -1.270127 -0.916700 3.102361 0.966535
-1.007824 -1.007824 -0.455717 -0.455717 0.298664 0.274611 -1.270405 -0.930099 3.106148 0.964976
-1.002779 -1.002779 -0.449508 -0.449508 0.309162 0.301236 -1.300000 -0.839982 3.110831 0.963448
-1.003274 -1.003274 -0.449571 -0.449571 0.296456 0.264860 -1.252650 -0.986947 3.116963 0.970614
-1.001130 -1.001130 -0.460625 -0.460625 0.300256 0.284085 -1.300000 -0.906298 3.115119 0.962153
-1.001996 -1.001996 -0.683869 -0.683869 0.292451 0.261599 -1.230144 -1.036258 3.102959 0.963142
-1.012405 -1.012405 -0.674377 -0.674377 0.296539 0.279626 -1.265668 -0.982026 3.093737 0.963328
-1.012125 -1.012125 -0.674502 -0.674502 0.292052 0.262411 -1.228963 -0.975504 3.117744 0.958222
-1.012125 -1.012125 -0.674502 -0.674502 0.293096 0.272779 -1.271660 -0.985396 3.120468 0.964606
-1.012076 -1.012076 -0.679041 -0.679041 0.296353 0.280290 -1.300000 -0.999576 3.102801 0.967335
-1.016918 -1.016918 -0.736412 -0.736412 0.291014 0.269773 -1.285535 -1.009764 3.106067 0.961786
-1.020365 -1.020365 -0.742781 -0.742781 0.292261 0.265704 -1.233114 -1.004213 3.121659 0.963764
-1.021434 -1.021434 -0.735657 -0.735657 0.298458 0.285764 -1.276468 -0.984505 3.107204 0.963600
-1.022882 -1.022882 -0.736806 -0.736806 0.283528 0.241617 -1.158619 -1.042033 3.156770 0.962572
-1.024379 -1.024379 -0.740899 -0.740899 0.292130 0.280281 -1.276193 -0.985496 3.108535 0.963967
-1.028829 -1.028829 -0.693253 -0.693253 0.293415 0.280182 -1.282653 -0.964075 3.115054 0.963511
-1.030719 -1.030719 -0.674936 -0.674936 0.297942 0.294750 -1.300000 -0.932761 3.115600 0.965146
-1.029901 -1.029901 -0.659334 -0.659334 0.294583 0.281372 -1.294631 -0.980187 3.111763 0.964680
-1.013796 -1.013796 -0.706258 -0.706258 0.294732 0.283518 -1.299324 -0.975705 3.119048 0.968247
-1.013796 -1.013796 -0.706258 -0.706258 0.293034 0.276263 -1.259968 -0.989261 3.123847 0.962618
-1.016249 -1.016249 -0.721532 -0.721532 0.292866 0.263681 -1.241393 -1.079510 3.125200 0.971929
-1.013458 -1.013458 -0.717864 -0.717864 0.297521 0.287059 -1.300000 -0.993508 3.107946 0.965959
-1.015955 -1.015955 -0.707822 -0.707822 0.298369 0.280420 -1.268507 -0.958837 3.137189 0.963430
-1.015435 -1.015435 -0.706067 -0.706067 0.299856 0.280787 -1.274283 -0.997819 3.122778 0.967310
-1.017025 -1.017025 -0.704659 -0.704659 0.302984 0.289451 -1.257464 -0.962798 3.131776 0.960641
-1.017394 -1.017394 -0.704787 -0.704787 0.300721 0.290207 -1.285505 -0.978029 3.138868 0.963460
-1.017394 -1.017394 -0.704787 -0.704787 0.296387 0.273711 -1.261005 -1.015382 3.150078 0.966930
-1.017394 -1.017394 -0.704787 -0.704787 0.303517 0.308553 -1.299902 -0.923137 3.127322 0.960169
-1.017591 -1.017591 -0.704676 -0.704676 0.304412 0.299732 -1.299563 -0.952299 3.131501 0.967795
-1.017591 -1.017591 -0.704676 -0.704676 0.303840 0.297203 -1.294844 -0.942990 3.126246 0.962627
-1.017700 -1.017700 -0.704163 -0.704163 0.298013 0.288712 -1.299700 -0.948841 3.129163 0.962014
-1.020165 -1.020165 -0.713181 -0.713181 0.299602 0.294713 -1.298024 -0.955355 3.124405 0.965365
-1.020485 -1.020485 -0.715850 -0.715850 0.305109 0.303637 -1.300000 -0.944975 3.121671 0.962888
-1.017914 -1.017914 -0.715951 -0.715951 0.297602 0.277107 -1.260363 -1.004799 3.130957 0.964279
-1.018171 -1.018171 -0.711907 -0.711907 0.296858 0.270545 -1.247388 -0.982249 3.139244 0.959351
-1.018171 -1.018171 -0.711907 -0.711907 0.291201 0.244148 -1.152953 -1.098162 3.151212 0.965294
-1.018730 -1.018730 -0.726247 -0.726247 0.301823 0.296687 -1.299998 -0.936413 3.124664 0.963988
-1.026257 -1.026257 -0.744188 -0.744188 0.293780 0.274690 -1.267866 -1.013690 3.131528 0.963260
-1.026311 -1.026311 -0.749684 -0.749684 0.308353 0.308045 -1.296278 -0.929053 3.117812 0.958351
-1.029964 -1.029964 -0.766477 -0.766477 0.295215 0.281802 -1.272581 -1.008197 3.127633 0.963915
-1.031232 -1.031232 -0.772623 -0.772623 0.295184 0.282437 -1.279519 -0.999975 3.129832 0.964976
-1.035888 -1.035888 -0.774351 -0.774351 0.304093 0.303615 -1.299957 -0.977117 3.119213 0.963010
