-1.024253 -0.452412 -3.750724 -4.609566 0.291212 0.300789 -1.145968 -0.979584 3.086847 0.968898
-0.787533 -2.115868 0.038412 -4.332571 0.330373 0.250711 -1.300000 -1.258058 3.218880 0.941557
-1.089544 -0.241697 -4.779509 -4.894692 0.294220 0.289219 -1.045321 -1.029243 3.046495 0.964271
-0.975891 -0.881011 -0.977899 -3.172343 0.306389 0.307316 -1.296651 -0.957901 3.155721 0.967790
-0.945505 -1.135852 -4.186969 -4.497983 0.296913 0.272205 -1.276398 -1.102448 3.171751 0.958864
-1.006621 -0.755839 -2.141885 -2.314662 0.310552 0.327227 -1.233806 -0.919123 3.137191 0.965378
-1.014326 -1.120932 -2.209718 -1.317256 0.298649 0.309329 -1.300000 -0.958239 3.160104 0.965170
-0.935529 -1.275311 -1.712034 -4.212317 0.306434 0.279386 -1.299867 -1.099314 3.186158 0.958536
-1.090760 -0.533722 -3.530348 -3.395031 0.292387 0.297974 -1.147308 -1.028949 3.100213 0.964731
-0.953285 -1.110156 -1.659946 -1.091306 0.311240 0.292023 -1.299989 -1.057387 3.200037 0.965023
-1.062155 -0.248614 -3.945181 -3.634089 0.296240 0.313058 -1.111463 -0.969970 3.062411 0.965783
-0.946063 -0.511910 -4.687389 -4.787999 0.308579 0.298062 -1.203346 -1.047482 3.101444 0.961310
-1.021828 -0.875585 -1.629171 -3.008165 0.290759 0.291037 -1.261594 -1.022008 3.127368 0.962535
-0.992737 -0.696869 -4.901632 -1.968344 0.296050 0.298533 -1.218841 -1.019841 3.131255 0.966941
-0.901283 -0.656950 -4.963912 -0.775429 0.320764 0.299708 -1.197153 -1.008008 3.188694 0.963453
-0.974718 -0.659497 -3.690506 -0.181315 0.306116 0.318001 -1.236676 -0.933746 3.134726 0.969272
-0.962815 -0.596421 -3.011532 -2.012175 0.323483 0.321227 -1.187195 -0.971568 3.135471 0.961385
-0.999639 -0.585848 -3.360359 -1.865891 0.296642 0.287306 -1.184901 -1.011957 3.105449 0.962681
-1.071598 -0.151464 -3.354056 -2.605076 0.293383 0.304024 -1.039432 -0.929281 3.054824 0.963074
-0.964083 -0.703545 -3.659336 -0.203459 0.303659 0.298199 -1.231554 -0.970860 3.147983 0.964937
-1.059232 -0.463425 -4.700399 -4.116601 0.290492 0.300806 -1.127810 -0.966420 3.093814 0.963925
-0.966897 -0.829409 -3.458933 -3.098251 0.295885 0.316278 -1.272042 -0.893153 3.108702 0.964665
-0.933772 -0.939668 -1.518158 -0.275503 0.313355 0.293058 -1.277112 -0.991426 3.142068 0.964066
-0.994869 -0.956949 -2.188569 -1.061974 0.307520 0.292886 -1.242682 -1.058143 3.161887 0.960675
-0.983267 -2.012276 -0.545807 -0.044001 0.286321 0.243431 -1.300000 -1.168043 3.218880 0.951365
-1.039583 -1.126799 -3.020271 -2.976422 0.282362 0.272351 -1.257611 -1.060558 3.160189 0.961702
-0.976431 -1.508079 -4.148437 0.160877 0.296216 0.274027 -1.300000 -1.119221 3.208749 0.954775
-1.010149 -0.961003 -3.234396 -1.413255 0.282488 0.268448 -1.254687 -1.082790 3.153518 0.964395
-1.058882 -0.576981 -1.301060 -3.209303 0.300674 0.296772 -1.161660 -0.991639 3.084406 0.967359
-1.073510 -0.617977 -4.262109 -3.697094 0.292432 0.296368 -1.152597 -1.034789 3.114790 0.964378
-0.991705 -1.153816 -1.687331 -0.780163 0.301515 0.280984 -1.296100 -1.109631 3.169425 0.957216
-0.991605 -0.920909 -4.408631 -2.558361 0.301690 0.334168 -1.287865 -0.882138 3.148459 0.967564
-0.982445 -1.130358 -1.023148 -1.019526 0.298059 0.276221 -1.283441 -1.045519 3.177964 0.963063
-0.966662 -0.783178 -1.745084 -4.217437 0.318136 0.320952 -1.252752 -0.961497 3.131984 0.960343
-0.976735 -1.109783 -1.915154 -1.252281 0.285496 0.272826 -1.300000 -1.061990 3.179525 0.965099
-0.973870 -0.719927 -4.576514 -2.410137 0.296523 0.294848 -1.224015 -1.006030 3.121433 0.960812
-0.956230 -0.955694 -3.709116 -3.885036 0.313701 0.309733 -1.292806 -1.037735 3.168682 0.964294
-1.013133 -0.953160 -4.054568 -0.171788 0.288528 0.305246 -1.276582 -0.955935 3.140396 0.959328
-0.924950 -0.656599 -4.505891 -4.764576 0.316307 0.304457 -1.210655 -1.016152 3.148416 0.958412
-1.024869 -0.647889 -3.101127 -4.806584 0.302531 0.325957 -1.222049 -0.902329 3.140698 0.965691
-0.987834 -1.186550 -0.957572 -2.697997 0.304258 0.307459 -1.300000 -0.960071 3.171842 0.955765
-0.961351 -0.448788 -2.462367 -4.366847 0.321178 0.320035 -1.141364 -0.929857 3.114720 0.963341
-0.991258 -0.765347 -4.634539 -1.608148 0.308427 0.288156 -1.183500 -1.079999 3.139059 0.959343
-1.011725 -0.613771 -2.984651 -0.846503 0.295633 0.308939 -1.216631 -0.909210 3.124098 0.967424
-1.037676 -0.875555 -1.611969 -0.485536 0.291588 0.311019 -1.279560 -0.896342 3.129540 0.960997
-0.931649 -0.965532 -0.206644 -3.792786 0.313540 0.296239 -1.276441 -0.978150 3.151275 0.961623
-1.020604 -1.065093 -0.896543 -4.182089 0.289817 0.272953 -1.284748 -1.095578 3.177284 0.964086
-1.011026 -0.774869 -4.121767 -4.514539 0.301459 0.319301 -1.223878 -0.935017 3.143493 0.963124
-0.993640 -0.920119 -3.288624 -1.891065 0.299666 0.302777 -1.237495 -0.986987 3.152430 0.962151
-0.997670 -0.598313 -2.498930 -0.318178 0.305155 0.284140 -1.171894 -1.044951 3.114688 0.961903
-0.920315 -0.493456 -3.685809 -4.019786 0.329656 0.307701 -1.117202 -1.003702 3.129508 0.959493
-1.036806 -1.368807 -1.499243 0.248922 0.287524 0.279496 -1.299864 -1.029834 3.187250 0.962030
-0.971894 -1.622660 0.891859 -4.632422 0.307792 0.277177 -1.300000 -1.101424 3.192405 0.964638
-1.003068 -1.702500 0.309807 -4.388227 0.302843 0.282178 -1.300000 -1.098621 3.218880 0.955486
-1.008237 -0.485235 -2.168613 -4.561235 0.299849 0.294541 -1.146943 -1.006218 3.087814 0.964760
-1.033873 -0.607432 -4.903685 -0.576588 0.288239 0.295543 -1.203440 -1.005505 3.109428 0.968990
-0.926445 -1.057749 -3.238573 -0.320993 0.307132 0.285443 -1.299981 -1.114030 3.164713 0.965511
