-1.013619 -0.549556 -2.651825 -3.602317 0.307432 0.309546 -1.173395 -0.974810 3.129010 0.962784
-0.967521 -0.373600 -4.022191 -2.475364 0.307610 0.302326 -1.130442 -0.960053 3.060801 0.958644
-0.971082 -1.103752 -4.537136 -4.278390 0.305346 0.300655 -1.300000 -1.055905 3.153040 0.962057
-1.026373 -0.784172 -3.620576 0.753987 0.289233 0.277900 -1.212429 -1.033463 3.150854 0.960388
-0.977618 -1.248300 -0.783469 -3.400431 0.304984 0.289356 -1.289917 -1.029758 3.208806 0.958408
-0.980167 -1.118499 -4.478051 0.284753 0.294247 0.281877 -1.295306 -1.079936 3.166723 0.967381
-1.046243 -0.506318 -3.990588 0.484872 0.295015 0.304876 -1.153889 -0.949174 3.129284 0.967096
-1.004277 -0.864424 -1.008241 -1.902125 0.309077 0.311898 -1.284529 -0.969211 3.153061 0.962079
-1.014653 -1.210245 0.075063 -3.600181 0.295276 0.268589 -1.282915 -1.128343 3.156347 0.965073
-0.976769 -1.662896 -1.438446 -0.423790 0.308032 0.287789 -1.300000 -1.141905 3.218880 0.961420
-1.025713 -0.782309 -0.715842 -4.539011 0.294329 0.259397 -1.159224 -1.116924 3.140471 0.964922
-0.952650 -1.062289 -0.215861 -1.573281 0.319179 0.303615 -1.300000 -0.955093 3.153437 0.952433
-1.043813 -0.523225 -4.738833 -1.690571 0.292960 0.283082 -1.129722 -1.067186 3.108569 0.965204
-0.978808 -1.200592 -1.332834 -1.191950 0.305344 0.290757 -1.300000 -1.034618 3.180360 0.959075
-0.980178 -0.652621 -4.726867 -0.579577 0.291073 0.294936 -1.197475 -0.953032 3.119832 0.964010
-0.964446 -0.995697 -0.832776 -2.420679 0.314378 0.305243 -1.300000 -0.998041 3.158375 0.959996
-1.006155 -0.250371 -4.017200 -0.965330 0.303302 0.284587 -1.065021 -1.018074 3.124847 0.966035
-0.932237 -1.060722 -1.683009 -3.705585 0.301108 0.272905 -1.287511 -1.098988 3.172351 0.958932
-0.978394 -0.458918 -3.814901 -2.918487 0.305556 0.290978 -1.121507 -0.987867 3.116112 0.958631
-1.020809 -0.527685 -3.018887 -4.334409 0.293281 0.268229 -1.115413 -1.063771 3.108402 0.962126
-0.875027 -1.260493 -3.064774 -3.448062 0.301640 0.256692 -1.285587 -1.168288 3.210892 0.960653
-0.937459 -1.060740 -3.239810 -3.830654 0.314039 0.299092 -1.299846 -1.061779 3.165010 0.956505
-0.928237 -1.050430 -4.687508 -0.737152 0.309665 0.308994 -1.300000 -0.984174 3.181867 0.961578
-0.969722 -0.961712 -2.088295 -4.611912 0.305606 0.287414 -1.273601 -1.080623 3.146673 0.962111
-0.992158 -0.619087 -4.398774 -2.653805 0.303713 0.298114 -1.198503 -1.024689 3.100082 0.960272
-0.961788 -0.581906 -2.629236 -4.564572 0.313186 0.302143 -1.197318 -1.011214 3.112037 0.961890
-1.007546 -1.085509 -2.631360 -1.111291 0.290130 0.268772 -1.270552 -1.106674 3.196039 0.958375
-0.969912 -1.607043 0.665186 -2.695593 0.298529 0.258940 -1.300000 -1.100733 3.218880 0.960818
-1.047398 -0.355931 -3.807643 0.397903 0.293411 0.283968 -1.113457 -1.025489 3.092971 0.966437
-0.902227 -1.076742 -1.400289 -4.339868 0.306898 0.294296 -1.300000 -0.965173 3.186871 0.955770
-0.994979 -0.825988 -1.666742 -4.906546 0.305775 0.313980 -1.216706 -0.946133 3.118678 0.959663
-1.053356 -0.718331 -2.895115 0.527612 0.305998 0.300650 -1.182117 -1.012525 3.123066 0.959842
-1.032599 -1.354658 0.559101 -4.405128 0.293071 0.285850 -1.300000 -0.984496 3.201888 0.962114
-0.986301 -0.785946 -4.948002 -4.076255 0.301697 0.298157 -1.232477 -1.033040 3.156392 0.966021
-1.015065 -0.793297 -4.110056 0.621435 0.301770 0.302358 -1.239436 -1.013829 3.152948 0.961749
-0.936628 -1.094807 -4.487855 -4.827929 0.306932 0.309081 -1.300000 -1.008547 3.169938 0.961278
-1.030900 -0.874866 -4.119224 -1.855371 0.289752 0.277338 -1.237227 -1.107279 3.151065 0.962715
-0.989568 -0.907009 -2.305420 -4.100500 0.291123 0.281040 -1.256586 -1.056515 3.123046 0.963749
-0.922065 -1.702322 -0.842752 -3.785214 0.311566 0.271052 -1.297377 -1.117428 3.209398 0.951155
-0.990391 -1.441119 0.101508 -1.963970 0.300375 0.282892 -1.300000 -0.992937 3.171535 0.954762
-0.973608 -0.678826 -1.410558 -4.460937 0.318687 0.317234 -1.214744 -0.907560 3.154717 0.957675
-1.037745 -0.920459 -0.608898 -2.027544 0.302955 0.295077 -1.256832 -1.040721 3.121247 0.961500
-0.951194 -0.890801 -3.000817 0.503048 0.301884 0.283318 -1.232859 -1.035447 3.149502 0.961786
-1.018938 -0.052239 -4.429873 -4.497711 0.305254 0.316265 -1.010933 -0.875241 3.052390 0.969120
-0.936381 -0.498426 -3.873761 -0.990892 0.317951 0.292127 -1.144212 -1.069884 3.116371 0.961877
-0.994486 -0.204535 -3.744051 -2.738487 0.307075 0.306406 -1.071935 -0.952426 3.045660 0.963772
-0.959176 -1.871524 0.793370 -0.529361 0.309592 0.259639 -1.299932 -1.115978 3.218880 0.956868
-0.980216 -0.659333 -1.189034 -1.527752 0.317606 0.313058 -1.225649 -0.949599 3.118791 0.962759
-0.990462 -0.726863 -4.431097 -0.725734 0.308055 0.313063 -1.219026 -0.987827 3.150708 0.965023
-0.954071 -0.846376 -4.879879 0.774352 0.312948 0.314283 -1.243890 -0.966782 3.138935 0.961631
-1.002840 -0.536667 -1.376573 -4.941839 0.311411 0.303489 -1.172348 -0.987237 3.122745 0.961826
-1.101847 -0.472470 -3.890677 -2.314839 0.284406 0.290990 -1.145635 -1.022507 3.096698 0.965600
-0.951252 -1.009748 -2.032590 -3.284894 0.301630 0.293638 -1.300000 -1.009779 3.170364 0.968180
-0.969162 -0.887395 -0.735017 -4.336726 0.317218 0.295509 -1.222571 -1.042812 3.132539 0.956329
-0.956226 -1.163002 -1.297054 -0.701131 0.308101 0.278055 -1.300000 -1.103394 3.187523 0.961503
-0.999566 -1.831024 0.901139 -2.106672 0.313970 0.285031 -1.300000 -1.115683 3.211071 0.955436
-0.971917 -1.458730 -2.710275 0.036541 0.292475 0.257284 -1.300000 -1.159091 3.218880 0.951257
