-0.884759 -0.987489 0.289033 0.292372 -1.104952 -0.993676 3.152263 0.961852
-1.048323 -0.083433 0.289536 0.296320 -1.048474 -1.009770 3.085529 0.968678
-1.154754 0.334461 0.300702 0.308208 -1.016565 -0.991355 3.029671 0.969586
-1.035235 -0.131387 0.291930 0.310145 -1.042578 -0.922848 3.099816 0.968335
-1.008832 -0.227063 0.293204 0.322381 -1.037719 -0.866941 3.110296 0.963224
-1.047996 -0.250374 0.284707 0.305977 -1.087195 -0.939929 3.120316 0.968992
-1.052928 -0.039428 0.293042 0.295362 -1.025740 -0.972525 3.084623 0.961489
-0.922822 -0.575055 0.298713 0.312384 -1.083647 -0.953547 3.146253 0.961180
-1.010804 -0.221092 0.303745 0.315658 -1.067710 -0.979001 3.117349 0.968284
-1.047100 -0.053195 0.306869 0.322101 -1.028216 -0.939924 3.072484 0.965980
-0.849210 -0.832054 0.296114 0.279613 -1.022409 -1.075857 3.065051 0.960997
-1.060716 -0.014898 0.288560 0.276392 -1.009050 -1.056753 3.088365 0.966257
-0.948070 -0.503866 0.296741 0.312956 -1.094018 -0.957783 3.148503 0.962889
-0.874081 -0.893550 0.288657 0.297621 -1.122574 -1.051942 3.139587 0.966722
-0.940639 -0.664115 0.287050 0.301289 -1.133250 -1.021923 3.174352 0.966250
-0.905639 -0.929638 0.283755 0.289529 -1.147478 -1.059362 3.178154 0.967056
-0.915870 -0.638598 0.291453 0.300937 -1.106900 -1.026547 3.114457 0.964359
-0.935985 -0.867983 0.288451 0.283887 -1.086202 -1.024905 3.144364 0.962704
-0.812616 -1.016495 0.294617 0.311637 -1.095979 -0.967528 3.117615 0.961428
-1.033584 -0.123597 0.295412 0.308671 -1.074227 -1.004909 3.066382 0.968769
-0.903680 -0.421047 0.311034 0.310872 -1.022704 -0.972403 3.127778 0.966090
-1.019477 -0.156473 0.291295 0.290227 -1.064575 -1.048015 3.071170 0.968316
-1.034478 -0.244772 0.295586 0.317513 -1.089790 -0.972558 3.082864 0.967081
-0.937305 -0.448799 0.301920 0.306184 -1.059450 -1.003866 3.119690 0.965564
-0.890694 -0.530255 0.304282 0.327725 -1.067397 -0.903993 3.144916 0.969906
-0.825597 -0.923317 0.301520 0.314676 -1.040964 -0.925361 3.158039 0.963628
-0.840781 -1.179702 0.301015 0.309690 -1.057299 -0.948645 3.156869 0.967564
-1.065967 0.036051 0.293701 0.301830 -1.041181 -0.976161 3.074656 0.967125
-0.957229 -0.429035 0.298427 0.286583 -1.078458 -1.087460 3.130365 0.959349
-0.998864 -0.174500 0.301295 0.327657 -1.039802 -0.925120 3.051229 0.965355
-0.999596 -0.076076 0.299030 0.291022 -1.034957 -1.056141 3.044254 0.962420
-0.956289 -0.578209 0.293124 0.306246 -1.099525 -0.999842 3.115214 0.962299
-0.828866 -1.221417 0.291148 0.309596 -1.131168 -0.993743 3.119664 0.967191
-0.974388 -0.090253 0.316488 0.312185 -0.986704 -1.019155 3.062470 0.965441
-0.949592 -0.371458 0.302956 0.309152 -1.079366 -0.997592 3.120677 0.966993
-0.996560 -0.365391 0.292230 0.300587 -1.097652 -0.993070 3.090631 0.961748
-0.939668 -0.442357 0.288972 0.263683 -1.032606 -1.117355 3.134849 0.963148
-0.998808 -0.408582 0.293851 0.291794 -1.094254 -1.064530 3.089787 0.960283
-0.872183 -0.545541 0.304060 0.292706 -1.033940 -1.045977 3.134649 0.964628
-0.962402 -0.456285 0.293480 0.307236 -1.092808 -0.986510 3.131127 0.966566
-1.012739 -0.036701 0.299110 0.294295 -1.008547 -1.016627 3.043444 0.962389
-1.162147 0.411040 0.307481 0.309304 -0.989274 -1.021481 2.995923 0.965766
-0.893926 -1.041130 0.305998 0.316625 -1.047468 -1.011052 2.969098 0.967426
-0.919511 -0.584318 0.288423 0.288997 -1.096656 -1.048076 3.164049 0.961949
-1.091391 0.142677 0.299223 0.299930 -1.017646 -1.015591 3.039237 0.967453
-0.909041 -0.756625 0.299607 0.300133 -1.028473 -1.031967 3.015139 0.963884
-0.998812 -0.054562 0.295045 0.279809 -0.972258 -1.033204 3.064558 0.965208
-0.936729 -0.438940 0.300741 0.306979 -1.071958 -0.998969 3.095136 0.963492
-0.941336 -0.484874 0.288288 0.293695 -1.121173 -1.041112 3.111576 0.960509
-1.134577 0.147733 0.285707 0.305604 -1.048776 -0.952178 3.079046 0.968211
-0.896086 -0.488818 0.301573 0.314083 -1.067076 -0.955201 3.152958 0.967488
-0.976379 -0.399131 0.286423 0.305945 -1.080550 -0.945274 3.178858 0.973158
-1.079159 0.317116 0.311968 0.331522 -0.932357 -0.831791 3.090187 0.964149
-1.094338 0.074970 0.295202 0.310119 -1.068793 -0.997374 3.060796 0.965926
-1.041773 0.147881 0.296013 0.291878 -0.968262 -0.986900 3.034319 0.965643
-1.093365 -0.176934 0.289433 0.312144 -1.132164 -1.020911 3.085577 0.969144
-0.841478 -0.816461 0.288804 0.300542 -1.102717 -1.041925 3.096338 0.965213
-0.979345 -0.497569 0.282972 0.292801 -1.101431 -0.992052 3.134761 0.964281
-1.039655 -0.274619 0.289328 0.287121 -1.085270 -1.104518 3.093522 0.967356
-1.008580 -0.238673 0.288694 0.280821 -1.071677 -1.077949 3.084322 0.961835
-0.910667 -0.521239 0.301131 0.318373 -1.080538 -0.931625 3.131373 0.966229
-0.814849 -1.196869 0.296598 0.296214 -1.063212 -1.062041 3.109684 0.962567
-1.007805 -0.064598 0.300844 0.308221 -1.008001 -0.967966 3.051780 0.967070
-0.985189 -0.354228 0.301659 0.314857 -1.076036 -1.003244 3.101466 0.965132
-0.965344 -0.512524 0.293093 0.301145 -1.124310 -1.036167 3.136075 0.961535
-0.969985 -0.318203 0.298199 0.308482 -1.075632 -0.995639 3.131016 0.972534
-1.010646 -0.142348 0.296096 0.293243 -1.032005 -1.068434 3.076102 0.967123
-1.006492 -0.015461 0.307879 0.330894 -0.982488 -0.854188 3.069152 0.969658
-1.227824 0.448724 0.295209 0.318142 -1.052747 -0.959952 3.058609 0.972195
-0.965554 -0.300245 0.297130 0.299903 -1.054923 -0.982306 3.130187 0.957952
-0.994896 -0.163953 0.301834 0.308253 -1.023707 -0.961720 3.076733 0.961477
-1.013033 -0.308907 0.291635 0.290190 -1.105062 -1.080461 3.115533 0.965635
-1.029409 0.038722 0.304486 0.309622 -0.996386 -0.976915 3.048778 0.963412
-1.093243 0.052281 0.293506 0.282840 -1.023194 -1.040023 3.092715 0.960229
-1.012369 -0.177582 0.291190 0.317763 -1.052598 -0.897708 3.098500 0.966675
-0.827056 -1.154974 0.285632 0.286568 -1.053226 -1.038536 3.094655 0.972132
-0.820117 -1.350512 0.290768 0.294970 -1.026853 -0.995332 3.096459 0.967836
-1.111160 0.199240 0.290859 0.287587 -1.021128 -1.053152 3.045909 0.966749
-0.963674 -0.472815 0.292906 0.313792 -1.105332 -0.972729 3.120479 0.968949
-1.063044 -0.032163 0.299332 0.303660 -1.040769 -1.035811 3.059735 0.967909
-0.913450 -1.049174 0.297638 0.299454 -1.061072 -1.057860 3.058743 0.971952
-1.079057 0.117482 0.293864 0.292551 -0.993958 -0.990466 3.045615 0.958472
-0.979641 -0.404619 0.288767 0.298834 -1.100968 -1.006432 3.148277 0.969186
-1.036644 -0.000376 0.300856 0.294817 -0.999347 -1.054680 3.060895 0.957398
-1.140190 0.410625 0.296765 0.295014 -1.006377 -1.041961 2.997354 0.967277
-0.958844 -0.319328 0.306175 0.302631 -1.040222 -1.050572 3.102164 0.967139
-1.066711 -0.056933 0.290814 0.311342 -1.066215 -0.957083 3.056691 0.966286
-0.777252 -1.019627 0.287411 0.293445 -1.055390 -1.026195 3.062105 0.967820
-0.907960 -0.738345 0.288459 0.297160 -1.050886 -1.000856 3.067358 0.967106
-1.068970 -0.044165 0.301687 0.310320 -1.055422 -0.981545 3.083419 0.963511
-0.933481 -0.540402 0.288652 0.282278 -1.094292 -1.069745 3.144353 0.964646
