-0.946747 -0.946747 -2.332830 -2.332830 0.298579 0.317579 -1.291197 -0.931654 3.173757 0.967642
-0.951436 -0.951436 -1.279260 -1.279260 0.312666 0.315045 -1.310946 -0.931663 3.156841 0.961089
-1.043061 -1.043061 -1.044896 -1.044896 0.290182 0.283075 -1.285003 -1.035587 3.151528 0.966458
-1.039497 -1.039497 -0.951388 -0.951388 0.291659 0.296152 -1.324505 -0.988385 3.162245 0.968934
-0.973554 -0.973554 -0.977467 -0.977467 0.309613 0.285360 -1.268231 -1.029293 3.184015 0.962201
-0.997489 -0.997489 -2.382672 -2.382672 0.301252 0.326087 -1.267240 -0.956549 3.153838 0.964761
-1.019036 -1.019036 -1.109079 -1.109079 0.304533 0.310182 -1.302631 -0.982911 3.156875 0.960827
-1.028626 -1.028626 -2.230579 -2.230579 0.285931 0.300686 -1.303151 -1.044143 3.149244 0.963568
-0.915867 -0.915867 -1.311717 -1.311717 0.312213 0.289822 -1.268474 -1.025434 3.141566 0.960723
-0.951796 -0.951796 -2.053964 -2.053964 0.300075 0.301562 -1.306907 -1.001166 3.168049 0.961705
-0.922044 -0.922044 -2.533359 -2.533359 0.315316 0.328772 -1.301448 -0.964124 3.194548 0.967943
-1.058918 -1.058918 -0.966100 -0.966100 0.287104 0.275821 -1.273685 -1.025786 3.133200 0.962381
-1.006707 -1.006707 -1.165801 -1.165801 0.292706 0.274509 -1.274501 -1.046797 3.181683 0.960851
-0.976382 -0.976382 -1.902644 -1.902644 0.312151 0.316844 -1.277417 -1.022138 3.170458 0.959495
-0.964842 -0.964842 -1.151629 -1.151629 0.301848 0.279017 -1.268420 -1.046378 3.141061 0.962700
-1.000007 -1.000007 -1.072920 -1.072920 0.304669 0.304711 -1.316141 -0.982951 3.155656 0.960994
-1.054422 -1.054422 -2.109095 -2.109095 0.290967 0.305742 -1.271696 -1.019350 3.138833 0.965206
-0.957414 -0.957414 -1.443501 -1.443501 0.294446 0.285656 -1.271454 -0.991228 3.147179 0.965097
-1.029408 -1.029408 -1.545695 -1.545695 0.293979 0.310665 -1.280196 -0.971656 3.170353 0.963026
-0.985125 -0.985125 -1.419775 -1.419775 0.294341 0.277269 -1.252381 -1.050980 3.149001 0.963031
-0.961720 -0.961720 -1.535759 -1.535759 0.302160 0.304333 -1.292704 -0.991944 3.145031 0.966022
-0.969607 -0.969607 -1.520236 -1.520236 0.299151 0.286662 -1.285702 -1.069404 3.149365 0.962756
-0.970341 -0.970341 -2.124493 -2.124493 0.288931 0.289978 -1.292520 -1.031536 3.164816 0.960446
-1.013503 -1.013503 -1.206036 -1.206036 0.302180 0.306313 -1.303224 -1.000262 3.134260 0.963380
-1.039010 -1.039010 -1.225546 -1.225546 0.294649 0.303018 -1.311519 -1.003008 3.114971 0.963123
-0.974954 -0.974954 -1.085083 -1.085083 0.316209 0.327641 -1.281389 -0.885293 3.167070 0.956423
-1.039010 -1.039010 -0.654611 -0.654611 0.296907 0.273534 -1.263167 -1.031066 3.151842 0.964365
-0.978605 -0.978605 -1.890628 -1.890628 0.297650 0.297587 -1.271348 -1.033949 3.164419 0.964441
-0.952070 -0.952070 -2.358985 -2.358985 0.308061 0.324302 -1.271323 -0.933110 3.154646 0.963626
-0.996290 -0.996290 -1.041602 -1.041602 0.291087 0.286642 -1.329428 -0.983854 3.157208 0.962510
-0.967523 -0.967523 -1.718931 -1.718931 0.298182 0.297273 -1.287406 -0.998537 3.148269 0.962230
-1.049128 -1.049128 -1.167180 -1.167180 0.288076 0.252388 -1.214472 -1.188973 3.157339 0.961132
-1.027763 -1.027763 -1.022494 -1.022494 0.298650 0.278884 -1.259623 -1.076483 3.159008 0.963034
-0.955690 -0.955690 -2.432589 -2.432589 0.293098 0.282033 -1.277145 -1.091988 3.173373 0.961236
-0.972718 -0.972718 -1.352996 -1.352996 0.309627 0.280538 -1.246396 -1.110841 3.143924 0.959167
-0.994925 -0.994925 -1.770883 -1.770883 0.309230 0.327450 -1.306740 -0.946600 3.169243 0.963655
-0.986448 -0.986448 -1.447420 -1.447420 0.311520 0.309607 -1.291981 -1.026339 3.149619 0.961919
-1.046986 -1.046986 -2.170337 -2.170337 0.288608 0.330259 -1.253389 -0.878351 3.162920 0.963056
-1.044749 -1.044749 -1.108722 -1.108722 0.301426 0.302575 -1.307406 -1.041865 3.142768 0.964623
-0.970736 -0.970736 -1.490993 -1.490993 0.312088 0.308816 -1.281546 -1.010400 3.163273 0.958172
-1.018959 -1.018959 -1.294453 -1.294453 0.288812 0.289126 -1.320811 -1.021693 3.150461 0.962223
-0.883299 -0.883299 -1.606674 -1.606674 0.329922 0.311855 -1.311906 -1.021811 3.144233 0.957843
-0.902979 -0.902979 -1.365970 -1.365970 0.309552 0.286691 -1.275643 -1.016029 3.178460 0.967650
-0.971703 -0.971703 -1.686933 -1.686933 0.297332 0.295604 -1.310363 -1.041198 3.163593 0.962960
-0.961054 -0.961054 -1.483526 -1.483526 0.297132 0.280624 -1.264987 -1.050294 3.166213 0.963290
-0.952534 -0.952534 -1.310205 -1.310205 0.310082 0.305145 -1.300332 -0.980970 3.165378 0.961589
-0.975570 -0.975570 -3.418197 -3.418197 0.295693 0.295280 -1.300098 -1.122102 3.145799 0.964221
-0.977863 -0.977863 -1.548896 -1.548896 0.301871 0.276318 -1.225955 -1.077246 3.152455 0.963109
-0.963216 -0.963216 -1.426570 -1.426570 0.307288 0.302252 -1.275514 -0.997981 3.150772 0.963469
-1.063107 -1.063107 -0.775401 -0.775401 0.285275 0.278759 -1.305073 -1.013377 3.149831 0.963878
-0.886630 -0.886630 -2.024935 -2.024935 0.316002 0.296216 -1.257255 -1.026486 3.158766 0.957272
-1.000802 -1.000802 -1.376203 -1.376203 0.294651 0.291609 -1.271698 -1.008555 3.152723 0.959431
-0.978744 -0.978744 -0.886627 -0.886627 0.321019 0.307759 -1.308980 -1.014153 3.132310 0.956474
-0.981098 -0.981098 -1.122981 -1.122981 0.314093 0.322243 -1.313251 -0.934652 3.151071 0.959405
-1.017521 -1.017521 -1.587899 -1.587899 0.280625 0.263909 -1.227686 -1.070285 3.150669 0.965336
-0.958154 -0.958154 -1.078526 -1.078526 0.320710 0.336885 -1.338238 -0.866118 3.165209 0.959564
-1.010287 -1.010287 -1.519115 -1.519115 0.287627 0.251640 -1.205260 -1.163026 3.176642 0.961224
-1.001929 -1.001929 -1.232539 -1.232539 0.304159 0.296751 -1.287570 -1.029904 3.155433 0.962372
-0.997135 -0.997135 -1.911843 -1.911843 0.295382 0.307576 -1.282179 -0.993488 3.148786 0.961163
-0.992297 -0.992297 -1.073546 -1.073546 0.315151 0.314354 -1.311249 -0.983590 3.145963 0.957132
-0.929366 -0.929366 -1.722305 -1.722305 0.324385 0.322820 -1.282233 -1.005833 3.144816 0.959889
-0.942639 -0.942639 -1.967565 -1.967565 0.308412 0.318617 -1.295292 -0.956404 3.176338 0.962651
-0.970724 -0.970724 -0.892824 -0.892824 0.306420 0.279694 -1.296307 -1.045225 3.136315 0.959851
-0.943025 -0.943025 -1.434114 -1.434114 0.315689 0.319194 -1.287773 -0.975309 3.155030 0.959423
-0.974566 -0.974566 -1.192802 -1.192802 0.298434 0.283076 -1.260029 -1.009696 3.148989 0.963705
-0.986175 -0.986175 -1.194657 -1.194657 0.292705 0.276029 -1.255297 -1.018736 3.173253 0.962215
-1.076095 -1.076095 -1.419007 -1.419007 0.277264 0.293047 -1.261036 -0.982890 3.167710 0.968317
-1.043713 -1.043713 -1.131962 -1.131962 0.292972 0.281339 -1.271893 -1.063642 3.153051 0.965020
-0.963832 -0.963832 -1.261186 -1.261186 0.307115 0.307580 -1.271961 -0.971375 3.143314 0.963869
-0.903771 -0.903771 -1.603366 -1.603366 0.314712 0.298680 -1.294238 -1.045599 3.147779 0.964408
-1.009335 -1.009335 -1.718000 -1.718000 0.291762 0.290945 -1.297133 -1.080586 3.147583 0.964736
-0.959153 -0.959153 -2.703243 -2.703243 0.292162 0.277721 -1.273029 -1.130643 3.186330 0.962943
-1.049263 -1.049263 -0.635675 -0.635675 0.294570 0.277255 -1.283868 -1.016864 3.130553 0.966701
-0.988333 -0.988333 -0.899464 -0.899464 0.301023 0.273486 -1.277741 -1.087065 3.144030 0.959139
-0.937041 -0.937041 -1.127189 -1.127189 0.317370 0.301534 -1.264084 -0.988586 3.160700 0.959499
-0.932468 -0.932468 -2.145112 -2.145112 0.307008 0.300801 -1.275624 -1.015093 3.165808 0.955601
-1.045139 -1.045139 -2.253600 -2.253600 0.289693 0.302364 -1.291386 -1.076747 3.162860 0.964833
-0.946070 -0.946070 -1.239153 -1.239153 0.324507 0.319941 -1.295121 -0.974871 3.134171 0.958683
-1.050313 -1.050313 -0.743513 -0.743513 0.298943 0.299298 -1.300425 -0.957003 3.160742 0.965405
-0.936750 -0.936750 -1.134727 -1.134727 0.315622 0.298884 -1.278183 -1.002414 3.156995 0.962292
-0.973158 -0.973158 -1.480992 -1.480992 0.311406 0.313026 -1.281372 -0.997889 3.150749 0.960491
-1.035778 -1.035778 -0.928351 -0.928351 0.288485 0.254590 -1.212290 -1.103696 3.163777 0.966281
-0.919547 -0.919547 -1.624696 -1.624696 0.325434 0.327075 -1.295755 -0.973439 3.164464 0.957696
-1.057498 -1.057498 -1.160065 -1.160065 0.288428 0.287123 -1.297673 -1.034091 3.127328 0.962262
-1.016685 -1.016685 -1.045341 -1.045341 0.307618 0.320637 -1.323023 -0.950796 3.119465 0.967220
-1.073521 -1.073521 -1.039073 -1.039073 0.305278 0.333371 -1.302413 -0.896000 3.176909 0.961303
-0.948233 -0.948233 -1.860780 -1.860780 0.303672 0.311965 -1.317191 -0.982711 3.144698 0.963830
-0.890907 -0.890907 -2.077371 -2.077371 0.315545 0.323855 -1.318183 -0.931082 3.154453 0.964175
-1.004369 -1.004369 -0.769286 -0.769286 0.313439 0.312464 -1.313518 -0.959744 3.151638 0.962869
-0.939887 -0.939887 -1.336777 -1.336777 0.317088 0.305309 -1.283063 -1.016501 3.154422 0.960811
-1.029025 -1.029025 -1.256983 -1.256983 0.304786 0.309155 -1.311332 -1.027339 3.142639 0.962541
-0.996071 -0.996071 -1.019412 -1.019412 0.300980 0.296705 -1.306297 -0.986737 3.144053 0.964380
-1.049559 -1.049559 -1.261446 -1.261446 0.285942 0.280808 -1.285045 -1.048888 3.150791 0.966749
-1.007714 -1.007714 -1.224908 -1.224908 0.294207 0.280863 -1.271392 -1.040485 3.153362 0.962964
-0.982025 -0.982025 -3.186953 -3.186953 0.293218 0.295654 -1.281390 -1.084008 3.151503 0.963268
-1.059756 -1.059756 -1.382360 -1.382360 0.283730 0.297805 -1.330725 -1.022002 3.134795 0.966649
-0.962740 -0.962740 -1.256745 -1.256745 0.313161 0.320044 -1.317227 -0.955747 3.145601 0.966346
-1.010646 -1.010646 -0.906356 -0.906356 0.312333 0.312292 -1.289691 -0.955016 3.141067 0.963138
-0.971074 -0.971074 -1.325169 -1.325169 0.299334 0.282169 -1.246839 -1.002816 3.147864 0.961669
-1.018592 -1.018592 -1.054964 -1.054964 0.309221 0.317644 -1.295664 -0.957328 3.137733 0.961250
-0.981817 -0.981817 -2.878048 -2.878048 0.302988 0.323203 -1.277886 -1.005424 3.176906 0.963486
-0.949048 -0.949048 -1.254377 -1.254377 0.303794 0.294058 -1.282986 -0.982089 3.167638 0.960705
-1.003247 -1.003247 -0.758765 -0.758765 0.307275 0.299212 -1.285202 -0.985858 3.127523 0.960217
-1.008388 -1.008388 -1.404536 -1.404536 0.294182 0.299003 -1.287331 -0.985752 3.153392 0.960200
-0.947552 -0.947552 -1.629247 -1.629247 0.303088 0.312117 -1.330885 -0.952424 3.147629 0.959251
-1.025508 -1.025508 -1.490407 -1.490407 0.288819 0.267301 -1.250445 -1.120440 3.165066 0.959634
-0.957214 -0.957214 -2.038673 -2.038673 0.306319 0.302772 -1.270063 -1.064056 3.116725 0.959276
-1.055298 -1.055298 -1.136473 -1.136473 0.277129 0.291006 -1.322842 -0.953138 3.193967 0.962996
-0.957530 -0.957530 -1.852881 -1.852881 0.300232 0.287841 -1.264157 -1.049600 3.151406 0.959943
-0.940126 -0.940126 -1.928770 -1.928770 0.306993 0.300610 -1.252194 -1.025269 3.156108 0.960845
-0.996620 -0.996620 -1.772458 -1.772458 0.302610 0.317594 -1.286032 -0.964344 3.167631 0.965437
-0.990688 -0.990688 -1.717006 -1.717006 0.297361 0.300852 -1.304496 -1.023463 3.139876 0.964842
-0.994794 -0.994794 -1.051038 -1.051038 0.304985 0.293029 -1.279816 -1.004171 3.145504 0.959876
-0.956794 -0.956794 -2.506530 -2.506530 0.291773 0.263466 -1.243994 -1.186096 3.167875 0.962113
-0.940251 -0.940251 -1.446291 -1.446291 0.307553 0.307690 -1.294072 -0.953545 3.162074 0.964657
-1.046971 -1.046971 -1.543196 -1.543196 0.291877 0.305835 -1.272572 -0.984027 3.157107 0.962082
-1.018200 -1.018200 -1.456413 -1.456413 0.292073 0.295994 -1.282597 -1.017344 3.148913 0.965298
-1.053658 -1.053658 -1.897408 -1.897408 0.295044 0.318056 -1.259028 -0.983556 3.138118 0.958792
-0.973084 -0.973084 -1.845687 -1.845687 0.300067 0.284833 -1.259156 -1.102501 3.175800 0.964126
-0.999396 -0.999396 -1.500834 -1.500834 0.295355 0.286557 -1.259957 -1.031910 3.182809 0.967220
-0.995177 -0.995177 -1.107922 -1.107922 0.309422 0.299023 -1.257639 -1.015764 3.133142 0.960181
-0.935083 -0.935083 -1.579874 -1.579874 0.307673 0.292105 -1.277959 -1.067794 3.149648 0.964106
-0.943024 -0.943024 -1.581996 -1.581996 0.316486 0.322146 -1.324814 -0.983183 3.177449 0.964634
-0.997026 -0.997026 -1.149521 -1.149521 0.290449 0.265664 -1.242495 -1.074472 3.151615 0.964989
-0.978419 -0.978419 -3.149764 -3.149764 0.308972 0.311543 -1.259874 -1.046710 3.149370 0.958733
-0.949218 -0.949218 -2.111990 -2.111990 0.303165 0.293303 -1.282037 -1.075025 3.161501 0.959724
-1.002492 -1.002492 -1.090508 -1.090508 0.307661 0.311762 -1.327240 -0.979436 3.149560 0.958710
-0.953313 -0.953313 -1.229154 -1.229154 0.314385 0.301874 -1.278778 -1.040269 3.145056 0.965323
-0.933994 -0.933994 -1.878106 -1.878106 0.309886 0.294952 -1.271259 -1.056084 3.150843 0.961629
-1.074352 -1.074352 -1.477499 -1.477499 0.287348 0.310901 -1.308701 -0.977575 3.165132 0.964776
-0.824320 -0.824320 -2.797748 -2.797748 0.324293 0.319380 -1.325160 -0.979067 3.169147 0.956786
-0.947241 -0.947241 -1.766840 -1.766840 0.304630 0.289255 -1.275300 -1.083308 3.158777 0.961524
-1.058193 -1.058193 -1.148152 -1.148152 0.290435 0.296065 -1.278299 -0.992275 3.162180 0.966512
-0.983737 -0.983737 -1.541426 -1.541426 0.296890 0.300044 -1.289536 -0.984490 3.163597 0.961885
-0.978168 -0.978168 -1.180703 -1.180703 0.302674 0.300362 -1.305015 -0.990705 3.120076 0.963114
-1.062958 -1.062958 -1.635490 -1.635490 0.291143 0.306437 -1.298652 -1.051967 3.120861 0.962241
-1.020685 -1.020685 -0.709378 -0.709378 0.311654 0.282531 -1.219119 -1.036332 3.151927 0.963088
-0.981428 -0.981428 -1.372025 -1.372025 0.306559 0.311835 -1.289090 -0.974134 3.148163 0.964415
-1.000517 -1.000517 -1.368737 -1.368737 0.297342 0.304670 -1.300518 -0.994019 3.155624 0.966036
-0.962042 -0.962042 -1.079871 -1.079871 0.309761 0.297286 -1.294792 -1.010636 3.163241 0.961176
-1.049242 -1.049242 -0.934104 -0.934104 0.295604 0.307221 -1.305551 -0.962247 3.153415 0.964565
-1.049355 -1.049355 -0.963222 -0.963222 0.295090 0.304789 -1.322181 -0.978873 3.149488 0.966418
-0.998268 -0.998268 -1.918054 -1.918054 0.295168 0.288462 -1.295259 -1.095588 3.141477 0.962824
-0.956156 -0.956156 -2.686005 -2.686005 0.298346 0.315918 -1.273256 -0.956932 3.157443 0.969222
-0.974578 -0.974578 -1.146029 -1.146029 0.311858 0.324932 -1.318883 -0.912664 3.155744 0.959852
-1.065472 -1.065472 -1.526729 -1.526729 0.284321 0.318157 -1.261646 -0.895985 3.175977 0.972782
-0.962863 -0.962863 -1.624642 -1.624642 0.286358 0.265507 -1.225402 -1.021174 3.173082 0.963690
-1.017845 -1.017845 -1.456552 -1.456552 0.289008 0.292032 -1.301788 -1.039284 3.142626 0.962262
-0.990769 -0.990769 -1.256159 -1.256159 0.292232 0.262554 -1.228302 -1.117358 3.160206 0.962575
-0.989914 -0.989914 -0.780642 -0.780642 0.306455 0.304528 -1.339300 -0.938405 3.143309 0.958058
-0.946490 -0.946490 -1.466866 -1.466866 0.310789 0.325370 -1.322182 -0.922446 3.146186 0.962477
-0.993379 -0.993379 -1.421002 -1.421002 0.295218 0.279026 -1.271662 -1.056895 3.154751 0.960487
-0.929828 -0.929828 -2.491118 -2.491118 0.317915 0.327947 -1.245969 -0.938286 3.169774 0.962020
-0.947350 -0.947350 -1.690090 -1.690090 0.310201 0.324652 -1.290036 -0.924077 3.158880 0.965166
-0.932168 -0.932168 -1.914399 -1.914399 0.300416 0.287626 -1.274046 -1.042637 3.172799 0.961639
-1.055182 -1.055182 -1.190736 -1.190736 0.299631 0.301014 -1.325324 -1.089949 3.138071 0.961327
-0.949090 -0.949090 -1.188246 -1.188246 0.304911 0.306656 -1.311539 -0.949637 3.158420 0.966698
-1.046091 -1.046091 -1.124727 -1.124727 0.294195 0.303079 -1.315332 -0.994902 3.131211 0.962593
-1.053316 -1.053316 -1.274308 -1.274308 0.286389 0.274198 -1.247728 -1.046368 3.164921 0.963310
-0.915382 -0.915382 -1.618550 -1.618550 0.316750 0.304528 -1.285178 -1.031484 3.148798 0.960158
-1.018790 -1.018790 -1.463772 -1.463772 0.289750 0.293327 -1.299677 -1.048645 3.152985 0.966701
-0.963599 -0.963599 -1.624313 -1.624313 0.306156 0.318749 -1.292544 -0.928438 3.158318 0.960986
-0.984821 -0.984821 -1.367365 -1.367365 0.293564 0.294651 -1.300155 -0.993950 3.130807 0.964486
-0.943930 -0.943930 -1.149804 -1.149804 0.311841 0.300198 -1.293377 -0.979821 3.152792 0.964957
-1.038372 -1.038372 -0.951450 -0.951450 0.301940 0.290009 -1.276765 -1.038939 3.144461 0.964098
-0.946298 -0.946298 -1.892192 -1.892192 0.306969 0.273818 -1.188421 -1.109790 3.177523 0.963766
-0.942379 -0.942379 -1.352859 -1.352859 0.305570 0.298795 -1.325148 -1.023308 3.155816 0.967273
-1.003979 -1.003979 -1.040166 -1.040166 0.301813 0.300954 -1.296855 -0.986804 3.156311 0.962000
-1.013110 -1.013110 -1.148171 -1.148171 0.316984 0.319804 -1.276198 -0.974891 3.137911 0.962713
-0.976988 -0.976988 -1.070539 -1.070539 0.308189 0.277149 -1.259673 -1.123095 3.142898 0.965762
-0.993075 -0.993075 -1.938176 -1.938176 0.300873 0.317145 -1.324621 -0.988039 3.155481 0.959545
-1.048836 -1.048836 -1.389361 -1.389361 0.288352 0.288368 -1.281316 -1.038074 3.152281 0.962310
-1.064216 -1.064216 -0.941421 -0.941421 0.280323 0.255130 -1.224566 -1.086408 3.189016 0.969442
-0.968662 -0.968662 -2.181096 -2.181096 0.285422 0.295152 -1.291410 -0.982657 3.133593 0.964663
-1.003926 -1.003926 -2.179706 -2.179706 0.294821 0.290382 -1.247453 -1.085874 3.145742 0.960980
-0.943802 -0.943802 -1.460243 -1.460243 0.306562 0.295830 -1.286092 -1.025082 3.152197 0.963698
-0.892808 -0.892808 -2.366667 -2.366667 0.318967 0.328651 -1.304721 -0.938082 3.172097 0.958422
-0.973950 -0.973950 -2.944722 -2.944722 0.293314 0.298512 -1.260080 -1.039551 3.167767 0.959923
-0.975156 -0.975156 -2.006173 -2.006173 0.303021 0.311357 -1.282292 -0.995762 3.139532 0.961945
-0.942176 -0.942176 -1.372562 -1.372562 0.311418 0.296642 -1.279526 -1.036255 3.158999 0.963567
-0.886891 -0.886891 -2.045053 -2.045053 0.311517 0.290172 -1.250044 -1.009673 3.176471 0.957673
-1.051117 -1.051117 -1.813333 -1.813333 0.284588 0.305368 -1.272030 -0.987460 3.151545 0.965852
-0.991112 -0.991112 -0.882130 -0.882130 0.303448 0.269452 -1.216350 -1.052560 3.156486 0.967838
-0.991504 -0.991504 -2.400185 -2.400185 0.301059 0.321039 -1.273438 -0.965492 3.171556 0.967764
-0.934269 -0.934269 -1.325572 -1.325572 0.303444 0.283978 -1.279934 -1.018405 3.155952 0.960259
-0.977587 -0.977587 -1.506935 -1.506935 0.310274 0.328811 -1.274768 -0.900080 3.161373 0.958131
-0.964592 -0.964592 -1.210971 -1.210971 0.312434 0.309368 -1.300310 -0.977411 3.164694 0.960350
-0.989193 -0.989193 -0.918425 -0.918425 0.297421 0.278813 -1.284227 -0.995555 3.158397 0.958593
-0.973178 -0.973178 -1.069344 -1.069344 0.312761 0.300232 -1.283467 -1.012141 3.138507 0.964189
-0.982933 -0.982933 -1.587732 -1.587732 0.303807 0.294135 -1.288523 -1.084576 3.140789 0.963840
-1.010334 -1.010334 -1.377225 -1.377225 0.294683 0.308344 -1.286665 -0.935052 3.162419 0.960489
-0.985177 -0.985177 -2.375722 -2.375722 0.297620 0.303207 -1.296482 -1.059884 3.146918 0.964990
-0.936056 -0.936056 -2.033796 -2.033796 0.310688 0.328104 -1.303192 -0.939284 3.156520 0.962495
-0.965938 -0.965938 -1.562210 -1.562210 0.296532 0.299419 -1.321924 -0.995660 3.146912 0.963464
-0.978419 -0.978419 -1.690729 -1.690729 0.301562 0.321937 -1.287431 -0.927233 3.167128 0.962188
-1.027831 -1.027831 -1.649525 -1.649525 0.293581 0.308669 -1.282694 -0.987864 3.169820 0.966520
-0.970183 -0.970183 -1.598197 -1.598197 0.304554 0.303582 -1.280771 -0.978537 3.154132 0.961280
-0.961566 -0.961566 -2.378763 -2.378763 0.300415 0.313655 -1.295668 -0.976966 3.172498 0.966128
-1.054160 -1.054160 -0.761171 -0.761171 0.301489 0.284262 -1.259049 -1.037858 3.133013 0.962508
-1.072387 -1.072387 -1.598186 -1.598186 0.285435 0.284642 -1.263929 -1.039271 3.144268 0.964177
-0.956506 -0.956506 -1.932221 -1.932221 0.303991 0.300924 -1.297597 -1.046223 3.155781 0.961040
-0.875300 -0.875300 -1.615561 -1.615561 0.312886 0.298985 -1.290753 -0.961984 3.160763 0.957955
-0.919493 -0.919493 -2.792061 -2.792061 0.309424 0.321861 -1.303184 -0.967705 3.161131 0.966008
-0.983033 -0.983033 -1.927834 -1.927834 0.285117 0.282003 -1.285435 -1.114616 3.158742 0.962669
-0.962209 -0.962209 -1.962455 -1.962455 0.308559 0.311688 -1.291599 -1.054950 3.161223 0.968125
-0.970784 -0.970784 -1.381529 -1.381529 0.303590 0.296116 -1.272038 -1.059440 3.128690 0.959875
-0.921774 -0.921774 -2.301959 -2.301959 0.301484 0.305217 -1.289432 -0.988053 3.151051 0.965237
-1.010692 -1.010692 -2.753243 -2.753243 0.289484 0.309123 -1.250661 -0.975201 3.176589 0.966096
-1.015787 -1.015787 -1.078040 -1.078040 0.286661 0.261600 -1.240529 -1.060150 3.164927 0.964335
-1.031362 -1.031362 -1.355696 -1.355696 0.289444 0.289044 -1.321236 -1.043137 3.118635 0.959743
-0.947144 -0.947144 -1.097157 -1.097157 0.312060 0.296748 -1.262903 -1.014215 3.139561 0.962037
-0.985126 -0.985126 -1.210878 -1.210878 0.310634 0.316032 -1.309756 -0.956559 3.150876 0.961606
-0.976514 -0.976514 -2.439999 -2.439999 0.290665 0.285168 -1.300122 -1.081761 3.172114 0.961266
-1.052104 -1.052104 -1.286785 -1.286785 0.295028 0.311694 -1.301264 -0.977567 3.130093 0.966863
-0.924122 -0.924122 -1.917391 -1.917391 0.323534 0.321575 -1.279819 -1.016175 3.119455 0.955568
-1.006073 -1.006073 -1.316523 -1.316523 0.312380 0.327580 -1.300309 -0.966689 3.134469 0.957928
-1.001395 -1.001395 -1.043050 -1.043050 0.296027 0.292097 -1.305761 -0.998055 3.168617 0.965210
-1.005039 -1.005039 -1.033719 -1.033719 0.306751 0.270853 -1.194516 -1.099934 3.152518 0.958470
-0.964065 -0.964065 -2.632869 -2.632869 0.293776 0.284368 -1.263629 -1.054696 3.158488 0.961281
-0.948205 -0.948205 -1.895797 -1.895797 0.311765 0.317468 -1.296637 -1.009500 3.149211 0.963252
-0.973398 -0.973398 -1.217758 -1.217758 0.302726 0.284187 -1.251517 -1.055015 3.154554 0.961795
-0.960646 -0.960646 -2.114087 -2.114087 0.308271 0.324674 -1.258507 -0.936525 3.159581 0.960340
-0.938863 -0.938863 -1.585428 -1.585428 0.311025 0.316626 -1.288609 -0.916681 3.126370 0.956855
-1.009678 -1.009678 -2.783126 -2.783126 0.287983 0.288865 -1.256289 -1.107120 3.141201 0.964997
-1.028630 -1.028630 -2.889654 -2.889654 0.296267 0.335888 -1.217042 -0.874763 3.151856 0.965899
-0.978029 -0.978029 -1.469280 -1.469280 0.296934 0.277021 -1.249967 -1.016360 3.171707 0.955058
-0.992927 -0.992927 -1.215536 -1.215536 0.309359 0.311652 -1.281439 -0.969935 3.132220 0.961262
-0.990470 -0.990470 -1.331639 -1.331639 0.297735 0.291238 -1.283199 -1.044430 3.113248 0.969186
-0.989158 -0.989158 -2.711664 -2.711664 0.289700 0.295043 -1.282853 -1.026007 3.163805 0.962811
-0.929131 -0.929131 -1.609678 -1.609678 0.313379 0.314768 -1.311817 -0.948272 3.162452 0.960413
-0.995911 -0.995911 -1.952138 -1.952138 0.299503 0.314655 -1.278830 -0.992037 3.148648 0.962813
-0.995009 -0.995009 -1.744960 -1.744960 0.305337 0.306301 -1.315964 -1.069124 3.142331 0.961899
-0.973590 -0.973590 -1.026005 -1.026005 0.313764 0.306029 -1.310445 -1.033103 3.129790 0.963946
-1.017240 -1.017240 -1.502906 -1.502906 0.294766 0.298154 -1.266691 -1.012963 3.135367 0.965279
-0.979196 -0.979196 -1.628375 -1.628375 0.292496 0.279791 -1.282113 -1.065277 3.160277 0.962365
-0.981415 -0.981415 -1.530830 -1.530830 0.315206 0.317660 -1.292884 -0.980283 3.167424 0.960610
-1.016699 -1.016699 -1.238326 -1.238326 0.310794 0.314847 -1.259675 -1.001376 3.124741 0.963532
-0.948575 -0.948575 -2.372999 -2.372999 0.311220 0.331196 -1.296539 -0.945064 3.159122 0.963257
-0.969935 -0.969935 -1.561796 -1.561796 0.310721 0.312796 -1.279811 -0.969814 3.183283 0.962446
-0.971512 -0.971512 -1.186138 -1.186138 0.313813 0.305070 -1.282261 -1.003826 3.150110 0.959594
-1.010391 -1.010391 -2.031347 -2.031347 0.283450 0.281603 -1.266537 -1.027129 3.176273 0.966616
-0.940115 -0.940115 -1.411602 -1.411602 0.316378 0.299913 -1.244989 -1.041688 3.131494 0.959011
-0.966788 -0.966788 -1.975764 -1.975764 0.301417 0.315630 -1.297189 -0.971064 3.172203 0.967482
-1.048086 -1.048086 -0.998968 -0.998968 0.288908 0.294358 -1.300020 -0.976270 3.147772 0.962025
-1.046744 -1.046744 -1.095065 -1.095065 0.283073 0.284875 -1.299902 -1.003384 3.176477 0.963615
-0.952536 -0.952536 -1.806298 -1.806298 0.307644 0.288809 -1.222195 -1.064547 3.174589 0.962529
-0.981013 -0.981013 -1.596733 -1.596733 0.303638 0.305210 -1.320154 -1.007006 3.165382 0.956066
-0.991371 -0.991371 -1.153770 -1.153770 0.294311 0.273749 -1.262681 -1.069657 3.139256 0.962312
-0.956025 -0.956025 -1.094981 -1.094981 0.316334 0.314149 -1.291812 -0.948548 3.121037 0.960246
-0.983910 -0.983910 -2.621698 -2.621698 0.298031 0.314621 -1.292131 -0.989879 3.163352 0.960693
-0.982013 -0.982013 -1.922626 -1.922626 0.299561 0.309140 -1.298476 -1.004542 3.153904 0.962671
-1.058193 -1.058193 -1.438457 -1.438457 0.285189 0.300077 -1.305390 -1.002697 3.134528 0.966977
-0.913006 -0.913006 -0.952490 -0.952490 0.314071 0.281838 -1.263646 -1.031298 3.146664 0.960144
-0.991144 -0.991144 -1.646162 -1.646162 0.297489 0.293062 -1.282084 -1.041506 3.166603 0.962379
-1.012031 -1.012031 -1.160288 -1.160288 0.298495 0.278247 -1.267634 -1.099425 3.140191 0.961173
-0.963109 -0.963109 -2.779922 -2.779922 0.303255 0.336439 -1.304134 -0.895318 3.168292 0.962324
-0.899435 -0.899435 -1.591711 -1.591711 0.318144 0.292172 -1.245733 -1.038167 3.187446 0.958990
-1.034190 -1.034190 -0.725374 -0.725374 0.303084 0.292204 -1.310845 -1.041467 3.147068 0.964572
-1.031856 -1.031856 -1.736243 -1.736243 0.284778 0.289103 -1.299875 -1.062534 3.155109 0.967234
-0.938683 -0.938683 -2.408587 -2.408587 0.293069 0.297024 -1.307710 -1.001105 3.151826 0.969307
-0.969574 -0.969574 -1.299244 -1.299244 0.298732 0.277379 -1.240567 -1.027844 3.131396 0.964607
-0.922954 -0.922954 -0.995109 -0.995109 0.305466 0.279271 -1.270540 -1.014650 3.149018 0.961186
-0.941480 -0.941480 -1.782354 -1.782354 0.312991 0.325898 -1.299041 -0.938467 3.136642 0.966148
-0.969057 -0.969057 -1.550072 -1.550072 0.311426 0.337562 -1.321739 -0.887856 3.166332 0.963390
-0.998952 -0.998952 -1.121594 -1.121594 0.295166 0.283984 -1.266034 -0.993694 3.148785 0.960542
-1.005640 -1.005640 -1.665845 -1.665845 0.303754 0.305584 -1.296700 -1.046541 3.162901 0.965582
-1.006475 -1.006475 -1.071901 -1.071901 0.306814 0.303315 -1.301500 -0.993814 3.153723 0.957582
-0.958225 -0.958225 -2.105607 -2.105607 0.309434 0.329725 -1.303664 -0.940836 3.155937 0.967858
-1.009978 -1.009978 -1.682565 -1.682565 0.291596 0.285522 -1.280533 -1.069689 3.168991 0.961775
-1.011833 -1.011833 -1.737038 -1.737038 0.301091 0.302876 -1.279461 -1.042722 3.167279 0.960333
-1.020059 -1.020059 -0.971202 -0.971202 0.301919 0.279138 -1.241121 -1.093357 3.169999 0.961840
-0.973826 -0.973826 -1.472427 -1.472427 0.305154 0.282156 -1.257718 -1.098365 3.165272 0.963375
-1.001179 -1.001179 -0.779521 -0.779521 0.312184 0.296566 -1.277854 -1.017376 3.149374 0.959226
-0.976323 -0.976323 -1.112740 -1.112740 0.299702 0.305368 -1.302941 -0.913780 3.117173 0.966091
-0.997584 -0.997584 -1.876144 -1.876144 0.295709 0.313030 -1.295400 -0.955461 3.180447 0.964350
-1.015043 -1.015043 -1.585318 -1.585318 0.292998 0.302670 -1.290800 -1.008851 3.149263 0.967675
-1.023249 -1.023249 -2.186081 -2.186081 0.286308 0.313097 -1.292849 -0.971524 3.176475 0.967705
-0.962382 -0.962382 -1.495899 -1.495899 0.296919 0.296268 -1.304768 -1.001353 3.131665 0.963403
-0.869525 -0.869525 -1.998614 -1.998614 0.311422 0.286415 -1.273088 -1.041218 3.187599 0.961272
-1.037091 -1.037091 -0.835132 -0.835132 0.293824 0.266472 -1.230204 -1.064080 3.181479 0.962369
-0.929727 -0.929727 -2.788395 -2.788395 0.305545 0.292274 -1.253219 -1.098605 3.163288 0.960812
-0.948734 -0.948734 -1.687950 -1.687950 0.305207 0.289679 -1.262149 -1.064573 3.143452 0.959574
-0.981644 -0.981644 -1.610645 -1.610645 0.299453 0.292440 -1.298236 -1.063514 3.148878 0.960663
-1.001057 -1.001057 -0.980732 -0.980732 0.310735 0.321024 -1.313268 -0.919699 3.124573 0.958088
-1.006896 -1.006896 -1.456258 -1.456258 0.299589 0.307726 -1.307379 -0.998462 3.151841 0.960700
-0.950131 -0.950131 -0.866975 -0.866975 0.311730 0.303755 -1.316149 -0.943062 3.150417 0.958322
-1.028576 -1.028576 -0.749828 -0.749828 0.305302 0.293062 -1.276474 -1.003368 3.116150 0.958158
-0.988022 -0.988022 -1.176460 -1.176460 0.305824 0.299372 -1.268831 -1.023652 3.129790 0.963205
-0.918243 -0.918243 -1.668090 -1.668090 0.304643 0.284412 -1.300469 -1.073337 3.164098 0.960143
-0.937307 -0.937307 -1.478763 -1.478763 0.303004 0.278464 -1.258792 -1.063951 3.174783 0.964724
-0.896760 -0.896760 -2.491262 -2.491262 0.327478 0.324084 -1.298463 -1.045972 3.155988 0.962764
-0.988264 -0.988264 -1.464238 -1.464238 0.296744 0.294567 -1.297581 -1.017977 3.150270 0.965424
-0.962690 -0.962690 -1.007991 -1.007991 0.306805 0.297251 -1.287909 -0.961348 3.166902 0.958417
-0.939178 -0.939178 -1.887759 -1.887759 0.310151 0.307826 -1.264059 -0.972665 3.143503 0.958463
-0.951880 -0.951880 -1.451829 -1.451829 0.311032 0.329686 -1.292854 -0.869926 3.154186 0.959606
-0.934235 -0.934235 -1.324307 -1.324307 0.306913 0.289146 -1.290339 -1.068552 3.146997 0.969421
-0.908020 -0.908020 -2.208935 -2.208935 0.315354 0.307182 -1.303994 -1.044473 3.162497 0.958533
-1.009408 -1.009408 -0.998358 -0.998358 0.302297 0.305998 -1.302566 -0.987131 3.135241 0.967403
-0.950183 -0.950183 -1.655401 -1.655401 0.304862 0.302802 -1.318318 -1.065516 3.127700 0.963687
-0.918185 -0.918185 -1.354132 -1.354132 0.310091 0.313054 -1.318273 -0.913645 3.153949 0.957214
-0.868432 -0.868432 -1.733952 -1.733952 0.331263 0.333015 -1.340836 -0.938576 3.147899 0.959391
-0.975768 -0.975768 -1.198418 -1.198418 0.301073 0.284631 -1.280367 -1.058176 3.155986 0.966354
-0.913291 -0.913291 -3.576627 -3.576627 0.303591 0.316090 -1.276579 -0.948621 3.199053 0.963348
-1.019750 -1.019750 -1.256241 -1.256241 0.290539 0.287676 -1.296300 -1.028241 3.115994 0.963815
-1.042955 -1.042955 -0.907507 -0.907507 0.284104 0.250722 -1.217688 -1.113102 3.159960 0.967893
-0.967018 -0.967018 -2.043785 -2.043785 0.292468 0.275023 -1.249122 -1.093781 3.137570 0.958960
-0.984007 -0.984007 -2.131388 -2.131388 0.288801 0.291838 -1.299993 -1.050563 3.131501 0.961484
-0.972436 -0.972436 -1.236640 -1.236640 0.303162 0.287973 -1.260460 -1.021833 3.126082 0.962958
-0.932970 -0.932970 -1.031266 -1.031266 0.310823 0.279387 -1.241669 -1.037479 3.158049 0.963471
-0.936304 -0.936304 -2.098785 -2.098785 0.313115 0.301649 -1.272948 -1.053828 3.169350 0.958541
-0.907160 -0.907160 -1.140902 -1.140902 0.321827 0.299886 -1.281442 -1.013905 3.134273 0.961713
-1.009796 -1.009796 -0.936783 -0.936783 0.305961 0.321449 -1.303498 -0.888127 3.154281 0.964468
-0.985628 -0.985628 -2.481290 -2.481290 0.291682 0.298565 -1.282401 -1.029172 3.147065 0.962190
-1.027949 -1.027949 -1.181339 -1.181339 0.290971 0.276500 -1.269484 -1.055092 3.167732 0.965090
-0.980462 -0.980462 -1.520376 -1.520376 0.305209 0.306357 -1.300517 -1.013162 3.162067 0.962069
-0.895311 -0.895311 -1.896903 -1.896903 0.317536 0.289062 -1.238722 -1.080696 3.167116 0.959199
-0.935061 -0.935061 -2.096827 -2.096827 0.302314 0.288748 -1.285686 -1.105904 3.130876 0.959907
-0.952129 -0.952129 -1.311967 -1.311967 0.309039 0.288566 -1.265638 -1.048730 3.178622 0.964058
-0.997979 -0.997979 -1.784003 -1.784003 0.298506 0.321861 -1.281277 -0.927666 3.142478 0.962328
-1.009046 -1.009046 -1.355991 -1.355991 0.286173 0.258671 -1.222925 -1.111216 3.146635 0.965793
-1.082684 -1.082684 -0.923345 -0.923345 0.295906 0.306116 -1.290619 -0.989238 3.129036 0.962650
-0.927431 -0.927431 -2.797807 -2.797807 0.307593 0.303800 -1.275276 -1.045507 3.179107 0.959430
-1.011475 -1.011475 -2.759284 -2.759284 0.286234 0.287490 -1.261914 -1.074076 3.145416 0.964057
-1.028737 -1.028737 -1.023640 -1.023640 0.289493 0.289293 -1.304314 -0.995899 3.141846 0.963784
-0.947793 -0.947793 -0.916948 -0.916948 0.317812 0.287288 -1.237334 -1.042345 3.130836 0.963177
-1.011752 -1.011752 -1.489223 -1.489223 0.298554 0.288304 -1.258632 -1.078968 3.142687 0.960560
-0.968831 -0.968831 -1.665323 -1.665323 0.295131 0.297799 -1.291831 -0.977251 3.163039 0.963331
-0.977473 -0.977473 -1.317687 -1.317687 0.310143 0.289205 -1.281243 -1.128842 3.164435 0.960288
-1.003434 -1.003434 -3.524907 -3.524907 0.289842 0.302144 -1.294005 -1.062700 3.145444 0.967886
-0.946936 -0.946936 -1.155451 -1.155451 0.319939 0.308753 -1.292732 -1.001366 3.129341 0.954643
-1.008984 -1.008984 -0.886387 -0.886387 0.298377 0.276506 -1.274455 -1.057723 3.133308 0.965696
-1.014334 -1.014334 -1.112268 -1.112268 0.301243 0.318739 -1.310571 -0.921269 3.170145 0.963507
-0.969948 -0.969948 -1.637342 -1.637342 0.297426 0.297517 -1.287547 -1.003729 3.158491 0.964380
-0.961122 -0.961122 -1.467552 -1.467552 0.308705 0.309983 -1.307139 -0.981481 3.149819 0.959374
-0.972940 -0.972940 -3.622589 -3.622589 0.288758 0.295646 -1.273701 -1.036480 3.166778 0.963839
-0.971265 -0.971265 -1.438140 -1.438140 0.302003 0.295023 -1.271835 -1.020579 3.162696 0.961695
-1.035734 -1.035734 -2.041706 -2.041706 0.285973 0.284405 -1.268944 -1.071102 3.156711 0.963395
-0.942580 -0.942580 -1.447051 -1.447051 0.314839 0.307111 -1.295754 -0.978908 3.181662 0.957320
-0.898736 -0.898736 -1.545182 -1.545182 0.312065 0.291714 -1.271743 -1.035312 3.179524 0.962016
-1.108011 -1.108011 -0.932583 -0.932583 0.281432 0.295544 -1.313146 -0.977015 3.124526 0.965125
-0.993930 -0.993930 -1.743685 -1.743685 0.290266 0.287222 -1.282368 -1.048042 3.152795 0.963298
-0.950658 -0.950658 -1.418969 -1.418969 0.314821 0.291270 -1.212205 -1.036365 3.175453 0.957388
-0.963237 -0.963237 -2.013807 -2.013807 0.296486 0.306089 -1.280506 -0.967758 3.192928 0.959529
-0.973907 -0.973907 -1.707338 -1.707338 0.296933 0.286047 -1.244112 -1.034479 3.156554 0.964090
-1.077109 -1.077109 -1.256064 -1.256064 0.285982 0.299332 -1.300985 -0.996387 3.146448 0.962919
-1.046156 -1.046156 -1.261063 -1.261063 0.285701 0.286936 -1.292689 -1.026439 3.166731 0.963687
-0.951579 -0.951579 -1.021114 -1.021114 0.312302 0.306002 -1.308639 -0.950318 3.147723 0.958624
-0.968025 -0.968025 -1.209234 -1.209234 0.307055 0.283857 -1.234567 -1.066921 3.143198 0.957685
-1.033862 -1.033862 -1.120036 -1.120036 0.291237 0.295193 -1.312612 -1.015525 3.149240 0.967411
-1.025567 -1.025567 -1.284146 -1.284146 0.289229 0.279454 -1.251754 -0.999343 3.162295 0.959829
-0.968439 -0.968439 -1.366486 -1.366486 0.316418 0.315891 -1.318295 -1.008426 3.158375 0.960121
-0.969701 -0.969701 -1.770489 -1.770489 0.302361 0.300438 -1.282147 -1.032338 3.143250 0.966053
-1.038814 -1.038814 -1.144351 -1.144351 0.288893 0.291278 -1.294178 -0.991932 3.136564 0.958742
-0.953602 -0.953602 -1.238972 -1.238972 0.313070 0.333595 -1.365165 -0.917185 3.116183 0.961733
-0.969141 -0.969141 -1.450536 -1.450536 0.302004 0.292149 -1.269066 -0.980808 3.153092 0.959312
-0.971988 -0.971988 -1.599057 -1.599057 0.308840 0.306558 -1.253934 -0.993663 3.139745 0.957991
-0.999526 -0.999526 -1.076831 -1.076831 0.316275 0.322493 -1.316827 -0.976032 3.126373 0.961789
-0.956992 -0.956992 -1.120844 -1.120844 0.309682 0.291514 -1.256653 -1.017289 3.143893 0.959879
-1.041436 -1.041436 -1.252397 -1.252397 0.278011 0.262520 -1.275969 -1.123387 3.149857 0.967654
-0.972797 -0.972797 -1.107765 -1.107765 0.312720 0.300828 -1.269428 -1.001627 3.141128 0.961454
-1.026974 -1.026974 -2.048669 -2.048669 0.287572 0.296424 -1.283922 -1.035797 3.156710 0.966762
-0.961723 -0.961723 -1.813104 -1.813104 0.303767 0.307959 -1.290628 -0.991175 3.173458 0.962413
-1.017824 -1.017824 -0.956044 -0.956044 0.294881 0.280132 -1.283690 -1.048459 3.157191 0.970585
-0.973260 -0.973260 -1.293720 -1.293720 0.304494 0.277264 -1.233402 -1.063641 3.153659 0.959770
-0.956564 -0.956564 -1.381239 -1.381239 0.308517 0.289663 -1.263093 -1.045852 3.144180 0.962985
-0.968669 -0.968669 -1.100035 -1.100035 0.321296 0.325069 -1.307175 -0.927121 3.147507 0.962301
-0.953209 -0.953209 -4.107191 -4.107191 0.304851 0.334574 -1.284472 -0.951559 3.195947 0.962721
-0.910257 -0.910257 -3.349996 -3.349996 0.312130 0.341650 -1.287284 -0.872192 3.192691 0.962201
-1.003165 -1.003165 -1.556580 -1.556580 0.295630 0.305876 -1.319946 -1.033193 3.139251 0.967492
-0.957096 -0.957096 -1.323184 -1.323184 0.311765 0.303288 -1.276127 -1.026721 3.141953 0.966117
-0.921710 -0.921710 -1.523775 -1.523775 0.315283 0.297933 -1.253033 -1.006066 3.182118 0.960074
-1.070709 -1.070709 -2.834001 -2.834001 0.279860 0.300305 -1.245673 -0.990553 3.155964 0.967513
-1.074720 -1.074720 -1.002698 -1.002698 0.285463 0.277178 -1.280106 -1.037689 3.153145 0.958802
-1.009647 -1.009647 -2.130795 -2.130795 0.285485 0.295569 -1.283389 -1.032093 3.143926 0.965641
-0.996926 -0.996926 -1.553063 -1.553063 0.302752 0.326735 -1.313093 -0.914985 3.156419 0.960183
-0.965699 -0.965699 -1.949489 -1.949489 0.299909 0.305729 -1.287000 -1.001589 3.161197 0.964669
-0.936099 -0.936099 -1.646060 -1.646060 0.318418 0.302564 -1.295386 -1.071684 3.165414 0.963807
-1.009525 -1.009525 -1.286123 -1.286123 0.292371 0.282951 -1.266282 -1.025595 3.160776 0.963015
-0.984049 -0.984049 -1.409701 -1.409701 0.297606 0.292409 -1.270515 -1.017207 3.155208 0.961367
-0.995346 -0.995346 -1.209815 -1.209815 0.301550 0.289676 -1.291459 -1.054275 3.142866 0.962959
-0.958414 -0.958414 -1.584939 -1.584939 0.319270 0.318535 -1.300785 -1.013629 3.175752 0.964016
-1.027014 -1.027014 -1.229782 -1.229782 0.302419 0.306229 -1.319085 -1.039572 3.146464 0.961399
-1.033718 -1.033718 -1.302539 -1.302539 0.286061 0.276534 -1.272016 -1.059574 3.142065 0.968770
-0.966625 -0.966625 -1.282269 -1.282269 0.301530 0.297027 -1.295157 -0.973662 3.144555 0.961110
-1.102509 -1.102509 -0.836411 -0.836411 0.280474 0.282179 -1.293748 -0.995191 3.147505 0.959477
-1.003997 -1.003997 -1.518276 -1.518276 0.291641 0.299911 -1.295215 -0.978790 3.148467 0.963746
-0.943075 -0.943075 -1.534676 -1.534676 0.311588 0.321329 -1.309914 -0.929353 3.159288 0.959736
-1.064608 -1.064608 -1.980608 -1.980608 0.282818 0.299712 -1.280756 -1.034916 3.154821 0.966057
-1.000699 -1.000699 -1.070484 -1.070484 0.308898 0.298914 -1.298382 -1.048170 3.145766 0.960273
-1.033477 -1.033477 -1.174120 -1.174120 0.294843 0.279576 -1.261785 -1.084213 3.137846 0.963566
-0.935186 -0.935186 -1.178395 -1.178395 0.308111 0.278217 -1.248518 -1.066789 3.145918 0.960081
-1.035927 -1.035927 -0.791108 -0.791108 0.288281 0.273675 -1.252229 -1.006580 3.149325 0.964168
-0.970802 -0.970802 -1.099483 -1.099483 0.297715 0.285968 -1.294677 -1.008740 3.144970 0.964404
-0.928883 -0.928883 -2.141646 -2.141646 0.319444 0.326965 -1.286617 -0.976486 3.164558 0.961534
-0.995102 -0.995102 -1.218470 -1.218470 0.309045 0.318158 -1.308782 -0.957621 3.159294 0.965005
-0.920225 -0.920225 -1.898228 -1.898228 0.315332 0.298978 -1.252309 -1.079068 3.147378 0.963419
-0.964604 -0.964604 -1.247612 -1.247612 0.306153 0.304953 -1.288390 -0.972017 3.147486 0.962211
-1.044145 -1.044145 -0.828725 -0.828725 0.292392 0.258936 -1.234970 -1.131449 3.160210 0.963812
-0.952231 -0.952231 -1.151917 -1.151917 0.308762 0.293560 -1.274071 -1.013177 3.143811 0.956195
-0.998457 -0.998457 -2.537003 -2.537003 0.296304 0.307416 -1.258887 -1.003966 3.149233 0.963886
-1.046538 -1.046538 -0.937174 -0.937174 0.292420 0.312996 -1.338518 -0.921468 3.133955 0.966176
-0.976366 -0.976366 -1.213849 -1.213849 0.306073 0.302948 -1.292966 -0.985281 3.133731 0.963933
-0.926890 -0.926890 -1.505052 -1.505052 0.313168 0.289974 -1.248055 -1.059620 3.167490 0.960876
-0.971392 -0.971392 -1.869645 -1.869645 0.294404 0.308090 -1.330169 -0.963921 3.162403 0.960043
-0.946688 -0.946688 -2.639259 -2.639259 0.301308 0.315451 -1.262826 -0.978150 3.156058 0.961371
-1.019232 -1.019232 -0.749602 -0.749602 0.305533 0.294411 -1.277094 -0.978691 3.153194 0.958358
-1.032050 -1.032050 -1.616220 -1.616220 0.294166 0.299961 -1.280199 -1.031234 3.163660 0.961486
-0.976514 -0.976514 -1.426811 -1.426811 0.297858 0.290576 -1.276117 -0.997285 3.164616 0.959673
-0.930253 -0.930253 -2.097391 -2.097391 0.300011 0.301150 -1.253161 -0.979210 3.194895 0.961483
-0.933455 -0.933455 -3.048478 -3.048478 0.298891 0.327398 -1.334195 -0.907340 3.168697 0.959228
-1.024283 -1.024283 -1.706968 -1.706968 0.283818 0.304200 -1.267263 -0.932013 3.139629 0.963345
-1.012621 -1.012621 -1.688489 -1.688489 0.303792 0.312778 -1.295885 -1.006767 3.152409 0.960004
-0.982517 -0.982517 -1.761566 -1.761566 0.302427 0.315290 -1.280357 -0.956318 3.157996 0.962774
-0.943719 -0.943719 -1.916366 -1.916366 0.309931 0.305553 -1.302014 -1.071634 3.158089 0.966189
-0.985742 -0.985742 -3.195803 -3.195803 0.289203 0.287715 -1.281196 -1.119887 3.173668 0.967825
-0.968371 -0.968371 -1.560903 -1.560903 0.302021 0.316010 -1.327815 -0.943704 3.152339 0.960691
-1.081093 -1.081093 -1.016408 -1.016408 0.281282 0.291380 -1.334064 -1.021127 3.132983 0.966460
-1.065160 -1.065160 -1.164000 -1.164000 0.278531 0.269463 -1.246671 -1.035290 3.152625 0.964373
-0.959503 -0.959503 -4.295195 -4.295195 0.306555 0.330141 -1.284028 -0.961703 3.151128 0.959682
-0.931410 -0.931410 -1.854811 -1.854811 0.306522 0.288413 -1.262062 -1.058999 3.156523 0.962466
-0.990465 -0.990465 -1.085784 -1.085784 0.290206 0.284013 -1.312557 -1.004456 3.154970 0.965413
-0.984066 -0.984066 -1.560117 -1.560117 0.314448 0.328924 -1.298826 -0.953977 3.135644 0.962682
-1.049803 -1.049803 -1.224908 -1.224908 0.283896 0.270216 -1.270470 -1.062682 3.137674 0.961025
-0.955903 -0.955903 -1.213024 -1.213024 0.305566 0.295162 -1.279713 -1.005029 3.158262 0.960535
-0.987382 -0.987382 -1.111797 -1.111797 0.310381 0.321269 -1.312823 -0.910739 3.135795 0.958813
-0.957591 -0.957591 -1.030776 -1.030776 0.319815 0.315620 -1.297693 -0.966939 3.144122 0.961921
-0.945231 -0.945231 -2.827885 -2.827885 0.305731 0.290269 -1.281114 -1.128530 3.156089 0.961074
-1.015828 -1.015828 -1.000154 -1.000154 0.302247 0.283717 -1.277594 -1.108017 3.141605 0.958188
-0.946285 -0.946285 -3.915080 -3.915080 0.310253 0.336378 -1.289570 -0.939549 3.168502 0.965310
-1.061381 -1.061381 -1.521912 -1.521912 0.297141 0.334024 -1.260964 -0.869555 3.151588 0.963748
-0.936093 -0.936093 -1.307595 -1.307595 0.312399 0.296495 -1.273684 -1.020064 3.169203 0.960592
-0.989259 -0.989259 -0.968563 -0.968563 0.305246 0.301297 -1.306570 -0.963816 3.140275 0.965117
-0.981528 -0.981528 -2.682400 -2.682400 0.299743 0.317831 -1.303127 -1.007409 3.156428 0.968923
-0.959249 -0.959249 -1.349596 -1.349596 0.291429 0.273423 -1.266435 -1.040890 3.146061 0.962832
-0.994763 -0.994763 -1.066907 -1.066907 0.297801 0.269479 -1.216918 -1.063565 3.150424 0.961907
-1.014724 -1.014724 -0.953839 -0.953839 0.295525 0.281536 -1.271640 -1.022555 3.163160 0.963952
-0.942859 -0.942859 -2.332134 -2.332134 0.310643 0.333735 -1.319481 -0.924052 3.162736 0.956877
-0.986308 -0.986308 -1.295431 -1.295431 0.289661 0.275643 -1.274952 -1.036317 3.177668 0.963396
-0.905387 -0.905387 -1.466340 -1.466340 0.316181 0.289705 -1.248651 -1.053154 3.169703 0.964212
-0.901817 -0.901817 -1.785644 -1.785644 0.313274 0.298587 -1.279186 -1.036400 3.158036 0.964083
-0.988919 -0.988919 -1.662465 -1.662465 0.290004 0.272263 -1.246438 -1.070719 3.151912 0.962940
-0.880068 -0.880068 -2.267705 -2.267705 0.311665 0.293914 -1.260178 -1.052251 3.178268 0.957640
-0.998765 -0.998765 -1.077452 -1.077452 0.305312 0.305843 -1.310493 -0.983296 3.133240 0.961575
-0.995985 -0.995985 -1.444035 -1.444035 0.290691 0.285642 -1.292852 -1.048756 3.132659 0.964565
-0.957420 -0.957420 -1.565561 -1.565561 0.304088 0.292470 -1.303004 -1.052344 3.148384 0.962211
-0.968238 -0.968238 -1.915465 -1.915465 0.308043 0.313005 -1.274058 -0.991167 3.140855 0.963591
-0.987850 -0.987850 -1.126698 -1.126698 0.304392 0.294350 -1.268995 -0.986484 3.150248 0.959047
-1.052546 -1.052546 -1.385246 -1.385246 0.284506 0.266040 -1.234908 -1.112198 3.178877 0.963612
-0.945741 -0.945741 -1.637896 -1.637896 0.308863 0.307335 -1.264390 -0.975422 3.127114 0.962507
-1.003039 -1.003039 -1.043330 -1.043330 0.315381 0.323485 -1.299688 -0.917025 3.134704 0.964844
-1.015350 -1.015350 -1.487784 -1.487784 0.292681 0.283332 -1.263636 -1.078369 3.136510 0.963836
-1.046010 -1.046010 -1.523165 -1.523165 0.296675 0.322815 -1.311876 -0.958441 3.146238 0.966742
-1.028293 -1.028293 -1.142420 -1.142420 0.305381 0.310261 -1.303638 -1.009673 3.158466 0.967746
-1.010999 -1.010999 -1.597163 -1.597163 0.306379 0.324450 -1.277686 -0.947128 3.134808 0.962706
-0.898481 -0.898481 -2.121194 -2.121194 0.308973 0.297815 -1.281491 -1.010459 3.180579 0.959908
-0.952607 -0.952607 -1.254663 -1.254663 0.310715 0.307509 -1.277711 -0.959555 3.150532 0.963918
-0.985408 -0.985408 -2.633125 -2.633125 0.291888 0.296500 -1.265747 -1.041607 3.160733 0.961769
-0.956834 -0.956834 -2.257164 -2.257164 0.309185 0.317662 -1.302868 -1.024757 3.144420 0.962085
-0.964220 -0.964220 -0.903012 -0.903012 0.324812 0.332887 -1.307272 -0.884028 3.147671 0.960136
-0.974147 -0.974147 -1.494888 -1.494888 0.302199 0.301601 -1.281571 -1.008664 3.132306 0.958115
-0.933898 -0.933898 -1.345163 -1.345163 0.315067 0.290488 -1.266377 -1.064891 3.145058 0.963601
-0.936765 -0.936765 -2.151386 -2.151386 0.313518 0.318803 -1.289549 -1.012630 3.160016 0.962534
-0.918851 -0.918851 -1.521671 -1.521671 0.321883 0.325666 -1.298118 -0.949249 3.154488 0.960596
-0.973194 -0.973194 -2.079754 -2.079754 0.293068 0.311955 -1.310564 -0.963544 3.120602 0.962463
-1.034112 -1.034112 -1.676343 -1.676343 0.292956 0.295466 -1.244233 -1.017670 3.165058 0.963766
-1.008111 -1.008111 -2.006331 -2.006331 0.295034 0.304298 -1.281315 -1.019310 3.154750 0.966080
-1.019515 -1.019515 -1.015256 -1.015256 0.299879 0.262057 -1.191298 -1.113761 3.176815 0.960140
-0.962113 -0.962113 -1.004006 -1.004006 0.318596 0.307728 -1.275117 -0.960514 3.157200 0.958824
-1.072370 -1.072370 -1.491388 -1.491388 0.284427 0.309960 -1.284903 -0.950169 3.161347 0.963388
-1.020297 -1.020297 -1.549500 -1.549500 0.297317 0.303604 -1.288805 -1.004916 3.136138 0.961449
-0.998527 -0.998527 -1.085709 -1.085709 0.309382 0.293793 -1.262472 -1.050865 3.157466 0.968204
-0.912164 -0.912164 -0.987036 -0.987036 0.320639 0.287779 -1.263604 -1.020624 3.145532 0.959955
-1.063648 -1.063648 -0.617387 -0.617387 0.295605 0.274112 -1.269404 -1.055587 3.147065 0.964077
-0.957435 -0.957435 -1.089303 -1.089303 0.296344 0.291178 -1.320760 -1.004961 3.120659 0.962429
-0.981321 -0.981321 -2.245670 -2.245670 0.304865 0.315024 -1.275176 -0.992423 3.148140 0.961479
-1.025675 -1.025675 -2.648159 -2.648159 0.290702 0.309054 -1.279544 -1.017940 3.144916 0.970089
-0.990670 -0.990670 -1.459681 -1.459681 0.302420 0.301120 -1.322249 -1.054783 3.145298 0.965901
-1.051555 -1.051555 -0.817971 -0.817971 0.293301 0.281767 -1.296676 -1.001194 3.144018 0.963484
-0.986066 -0.986066 -2.311281 -2.311281 0.290507 0.274934 -1.244582 -1.096147 3.169871 0.963515
-0.926926 -0.926926 -2.020591 -2.020591 0.319332 0.338382 -1.330110 -0.920148 3.147672 0.961839
-0.933579 -0.933579 -2.280915 -2.280915 0.310977 0.310092 -1.298162 -1.030361 3.161822 0.968104
-0.920503 -0.920503 -1.125507 -1.125507 0.320445 0.306065 -1.344398 -1.024586 3.132001 0.963290
-0.933597 -0.933597 -1.348317 -1.348317 0.312281 0.304258 -1.279627 -0.973367 3.185880 0.961799
-0.961409 -0.961409 -1.658638 -1.658638 0.289657 0.272022 -1.257991 -1.038777 3.173049 0.960645
-1.070032 -1.070032 -1.242203 -1.242203 0.285697 0.295412 -1.283370 -1.010957 3.130643 0.960006
-0.985177 -0.985177 -1.663494 -1.663494 0.294990 0.289026 -1.286758 -1.052313 3.145461 0.958976
-0.963565 -0.963565 -1.447711 -1.447711 0.309976 0.319563 -1.312636 -0.954944 3.160725 0.960447
-1.001408 -1.001408 -1.799226 -1.799226 0.294029 0.305551 -1.304113 -1.008553 3.152205 0.959207
-1.021610 -1.021610 -0.754535 -0.754535 0.295689 0.282173 -1.294854 -0.967537 3.159325 0.957005
-0.995746 -0.995746 -1.215322 -1.215322 0.300900 0.287498 -1.275703 -1.066728 3.145316 0.964304
-1.010563 -1.010563 -0.678398 -0.678398 0.318790 0.301639 -1.256820 -1.010785 3.111135 0.962544
-1.022555 -1.022555 -2.008021 -2.008021 0.296825 0.320086 -1.288902 -0.939359 3.154883 0.964430
-1.058469 -1.058469 -1.235005 -1.235005 0.285355 0.281744 -1.281405 -1.009006 3.161857 0.963435
-0.973188 -0.973188 -1.905513 -1.905513 0.299493 0.290963 -1.273788 -1.062667 3.160260 0.960051
-1.021981 -1.021981 -0.988086 -0.988086 0.306965 0.324813 -1.316378 -0.900055 3.160117 0.962352
-1.015147 -1.015147 -1.275351 -1.275351 0.293470 0.268194 -1.251193 -1.105160 3.162674 0.961592
-1.098056 -1.098056 -1.742004 -1.742004 0.276847 0.299569 -1.247179 -0.955796 3.162322 0.971865
-0.994531 -0.994531 -1.150304 -1.150304 0.308203 0.303563 -1.295115 -1.022214 3.141500 0.954983
-1.034039 -1.034039 -0.919478 -0.919478 0.303264 0.304251 -1.290846 -0.963731 3.156370 0.961627
-0.939819 -0.939819 -1.415727 -1.415727 0.305532 0.280304 -1.244191 -1.053257 3.184155 0.962114
-1.075542 -1.075542 -0.765093 -0.765093 0.295209 0.282760 -1.266997 -1.016924 3.148853 0.960366
