-0.954486 -0.740996 -3.340726 -1.623030 0.298823 0.313031 -1.274820 -0.894193 3.129414 0.962930
-0.982782 -0.319803 -3.024390 -0.307957 0.312389 0.305330 -1.129467 -0.982770 3.060255 0.961052
-1.000637 -0.412622 -4.307177 -2.448541 0.298669 0.287721 -1.126465 -1.057584 3.106848 0.963184
-0.990006 -0.281076 -2.814980 -3.780489 0.300061 0.270157 -1.031966 -1.061245 3.085756 0.968003
-1.005746 -1.742655 0.735015 -3.618081 0.292606 0.258991 -1.300000 -1.153362 3.218880 0.954364
-0.978509 -1.186432 -3.584305 -0.112529 0.305471 0.313689 -1.300000 -0.990808 3.162702 0.962229
-0.973057 -0.879877 -2.201474 -4.116365 0.317737 0.331641 -1.283934 -0.953859 3.133965 0.959648
-0.975783 -0.805881 -2.790037 0.867101 0.305123 0.297321 -1.251519 -1.006961 3.118336 0.958328
-1.006690 -1.230325 -0.223908 -3.988717 0.290541 0.275634 -1.300000 -1.041625 3.154309 0.960841
-0.970956 -1.679293 0.758795 -4.693266 0.293198 0.253923 -1.300000 -1.164843 3.197990 0.966316
-0.923679 -0.613404 -2.427635 -0.317096 0.321841 0.295847 -1.163541 -1.002166 3.121783 0.958213
-0.940474 -1.333085 -1.338808 -1.642639 0.301566 0.275187 -1.300000 -1.089100 3.193440 0.958846
-0.973778 -0.493006 -2.928653 -4.181718 0.322954 0.325712 -1.188619 -0.923934 3.099684 0.961102
-0.990801 -0.704959 -3.041000 -3.673951 0.309196 0.318307 -1.231357 -0.981742 3.095220 0.957143
-0.899825 -1.400227 -1.514438 -4.218924 0.310711 0.272521 -1.300000 -1.120556 3.218880 0.958243
-0.987573 -1.635476 0.561301 -1.872006 0.297651 0.251855 -1.299967 -1.156199 3.207097 0.956911
-0.961190 -1.151110 -2.492510 -3.438117 0.295139 0.281751 -1.299942 -1.075490 3.183364 0.966595
-0.994209 -1.516672 -1.351867 0.797476 0.299573 0.267922 -1.300000 -1.107260 3.209044 0.957260
-0.991158 -0.905708 -0.512938 -1.880867 0.297016 0.283661 -1.287113 -1.016968 3.153805 0.967799
-0.955338 -0.620059 -3.879930 -1.229730 0.307236 0.280774 -1.165792 -1.069153 3.163257 0.959041
-0.999558 -1.294948 -0.571998 -1.275133 0.298172 0.295436 -1.300000 -0.947870 3.197994 0.957567
-1.023862 -0.463881 -4.261810 -3.389699 0.298341 0.282584 -1.105857 -1.082124 3.103208 0.963730
-1.010327 -0.261932 -4.994411 -4.725443 0.313377 0.322729 -1.100840 -0.964707 3.060470 0.965011
-0.945594 -1.198385 -2.248510 -4.153742 0.309922 0.310788 -1.300000 -0.991337 3.184334 0.958368
-1.091467 -0.635457 -3.691224 -0.488410 0.281933 0.288037 -1.156740 -1.043575 3.123724 0.966858
-1.045068 -0.276461 -3.302022 -2.671051 0.298163 0.300329 -1.077210 -0.964190 3.080224 0.964762
-0.982890 -0.563568 -4.531968 -1.753712 0.297585 0.282594 -1.148402 -1.057238 3.117417 0.968324
-1.013439 -0.482341 -4.000188 0.493532 0.299382 0.310642 -1.160714 -0.925454 3.096628 0.964539
-0.995608 -1.403468 -0.694739 -1.074001 0.277800 0.258739 -1.300000 -1.018421 3.176454 0.959657
-0.988562 -0.738314 -4.650811 -1.411415 0.298458 0.301684 -1.235374 -0.990261 3.140913 0.962461
-0.957225 -1.579190 -0.603340 -0.538965 0.296523 0.253883 -1.300000 -1.182850 3.182231 0.963204
-1.029078 -0.606512 -4.873837 -0.682518 0.288099 0.283925 -1.159802 -1.014758 3.115139 0.964574
-0.998451 -0.888273 -4.363303 -2.236078 0.297605 0.299903 -1.238008 -1.005830 3.159708 0.956373
-1.024389 -0.773395 -3.347626 -3.817528 0.280461 0.263432 -1.182903 -1.072019 3.141591 0.968715
-1.043348 -1.341661 0.726666 -4.866494 0.291286 0.283399 -1.300000 -1.013194 3.168848 0.959952
-0.969168 -0.663584 -4.054626 -0.585166 0.302918 0.285968 -1.143953 -1.035728 3.140174 0.962613
-1.030766 -0.318438 -2.803544 -2.291794 0.301067 0.276671 -1.051975 -1.029809 3.107838 0.962664
-1.030700 -0.404677 -4.554227 -2.571794 0.289291 0.280996 -1.115322 -1.016732 3.108943 0.968853
-0.984952 -0.908493 -3.014634 0.375391 0.308402 0.305632 -1.267969 -1.019517 3.143390 0.966474
-1.013462 -0.878596 -2.570283 0.905172 0.289157 0.255493 -1.155609 -1.078274 3.162186 0.964843
-0.979475 -0.541270 -3.438108 -2.867373 0.306605 0.297888 -1.152881 -0.978610 3.121617 0.964655
-0.922222 -0.861516 -2.962032 -0.588768 0.311372 0.288494 -1.232032 -1.013873 3.160770 0.956624
-0.901648 -1.700975 -1.462876 -0.652739 0.305467 0.262718 -1.299763 -1.222363 3.218880 0.958153
-0.975765 -1.288113 -2.577246 -0.457979 0.303871 0.300223 -1.300000 -1.001833 3.170974 0.959489
-0.959061 -0.961000 -1.916535 -1.125389 0.318988 0.331922 -1.300000 -0.917030 3.140868 0.961098
-1.026382 -1.348773 0.108094 -3.567405 0.300264 0.279801 -1.300000 -1.096267 3.165063 0.958410
-0.994297 -0.130395 -3.354274 -1.067004 0.317040 0.294484 -0.995692 -1.011674 3.062128 0.967980
-0.974758 -0.283959 -4.420359 0.896737 0.315088 0.309217 -1.101084 -0.967557 3.093336 0.964984
-0.933562 -0.736099 -3.459196 -2.111401 0.320743 0.336040 -1.226557 -0.871249 3.146953 0.955384
-0.991364 -0.727327 -3.016999 -2.662368 0.303856 0.316866 -1.244346 -0.940590 3.134698 0.966098
-0.993842 -1.623917 0.348424 -2.989347 0.286382 0.255535 -1.299932 -1.154112 3.187357 0.957503
-0.999249 -0.536978 -4.287126 -3.213564 0.318238 0.325038 -1.183062 -0.985600 3.096994 0.959863
-0.952148 -1.397117 -4.368519 -1.131686 0.301185 0.282667 -1.300000 -1.133862 3.175503 0.959367
-0.890071 -1.781997 -0.847878 0.125249 0.307227 0.247633 -1.299908 -1.210390 3.218073 0.957465
-0.988762 -1.469201 -0.704554 -0.450770 0.298618 0.279951 -1.300000 -1.037497 3.178994 0.962464
-1.005228 -0.229393 -4.229745 -3.991747 0.302726 0.301480 -1.073730 -0.967943 3.092711 0.965533
-0.967113 -0.953215 -3.041502 -2.611361 0.306204 0.326193 -1.284455 -0.911407 3.148134 0.961738
-0.963276 -1.241549 -1.298991 -2.363660 0.296008 0.262694 -1.300000 -1.164323 3.198874 0.961062
