0.301036 0.310101 -0.992900 -0.925427 3.203360 0.970280
0.307793 0.295509 -0.980303 -1.091142 3.117420 0.961891
0.310080 0.295368 -1.009525 -1.049644 3.195955 0.967018
0.309274 0.294008 -0.998147 -1.034999 3.071756 0.959455
0.311458 0.311064 -0.960138 -0.976601 3.167887 0.969309
0.301490 0.292281 -0.995548 -1.003883 3.167499 0.970193
0.302922 0.294273 -1.032004 -1.019093 3.135940 0.968652
0.315917 0.322496 -0.973089 -0.914008 3.142210 0.954044
0.319712 0.303639 -0.974560 -1.060098 3.116880 0.963748
0.301979 0.306652 -0.980313 -0.948861 3.218880 0.968727
0.294938 0.286366 -0.992972 -1.040902 3.203385 0.968417
0.300102 0.293214 -0.986419 -1.029334 3.171325 0.970555
0.308451 0.303273 -0.968691 -0.991116 3.136634 0.964170
0.317940 0.318883 -0.959404 -0.938882 3.139124 0.959765
0.311763 0.299980 -0.993052 -1.075863 3.071686 0.951902
0.305869 0.288739 -0.938695 -1.002631 3.162602 0.966580
0.284815 0.283986 -1.006713 -1.038206 3.158792 0.967672
0.318491 0.298453 -0.967654 -1.029156 3.113360 0.960123
0.312029 0.297941 -0.952951 -1.015379 3.208219 0.961851
0.311830 0.317373 -0.987827 -0.950276 3.110806 0.966880
0.312124 0.318913 -0.972988 -0.946160 3.087469 0.970774
0.308457 0.304187 -0.999413 -1.027912 3.083862 0.964076
0.297843 0.288817 -0.990948 -1.028281 3.172421 0.974666
0.300748 0.299476 -0.953752 -1.008358 3.191608 0.966006
0.284986 0.314812 -1.023723 -0.828172 3.218880 0.979176
0.297897 0.319783 -0.975232 -0.862335 3.174731 0.971583
0.310032 0.318735 -0.974754 -0.924955 3.193749 0.972415
0.315192 0.313073 -0.967800 -0.986013 3.087639 0.964199
0.304046 0.311799 -1.003486 -0.991378 3.142693 0.963777
0.322597 0.330578 -0.986363 -0.946979 3.093169 0.960677
0.309942 0.290222 -0.970190 -1.085265 3.153031 0.963841
0.328785 0.324702 -1.023203 -1.073429 3.046005 0.973347
0.300934 0.295581 -0.965336 -1.001253 3.160356 0.968847
0.308237 0.305554 -0.987363 -1.021359 3.123104 0.965853
0.303022 0.309507 -0.992888 -0.973688 3.191679 0.975908
0.293672 0.303818 -0.965923 -0.911498 3.218880 0.971441
0.302516 0.306667 -0.971983 -0.961562 3.186386 0.970149
0.307174 0.303717 -0.997864 -1.066239 3.062986 0.970258
0.307813 0.304237 -0.992353 -1.014242 3.080936 0.969221
0.300571 0.308740 -0.988069 -0.907243 3.110489 0.962376
0.299258 0.287379 -0.955535 -1.032553 3.103530 0.963818
0.297647 0.292712 -1.002372 -1.038368 3.190042 0.970052
0.301010 0.305496 -0.995908 -0.990221 3.154790 0.968200
0.302189 0.298401 -0.974125 -1.011511 3.117110 0.971017
0.319942 0.319126 -0.993576 -0.968106 3.135481 0.962658
0.311293 0.301753 -0.983247 -1.022133 3.114897 0.960660
0.310180 0.313534 -0.964104 -0.953698 3.180028 0.961072
0.312747 0.315364 -1.008165 -0.974905 3.138592 0.967336
0.304183 0.305807 -0.948570 -0.942300 3.163271 0.966412
0.304395 0.298013 -0.982166 -1.032033 3.150798 0.964875
0.296782 0.285224 -1.037690 -1.146461 3.056748 0.965024
0.297251 0.286356 -0.954825 -1.027987 3.194705 0.964395
0.312037 0.314877 -0.982104 -0.977266 3.117101 0.967198
0.308286 0.319960 -0.994862 -0.937202 3.070600 0.961601
0.306767 0.309162 -1.024759 -0.958332 3.095423 0.967183
0.309284 0.304700 -0.967426 -0.961730 3.153952 0.962622
0.317157 0.320323 -0.988385 -0.949094 3.169845 0.965558
