-1.017777 -1.017777 -1.257995 -1.257995 0.291214 0.280315 -1.271207 -1.033987 3.059461 0.964996
-1.011469 -1.011469 -0.809018 -0.809018 0.304150 0.287339 -1.291945 -1.026997 3.165441 0.962075
-1.043362 -1.043362 -0.785800 -0.785800 0.286021 0.276978 -1.297731 -0.997702 3.155292 0.965374
-0.974341 -0.974341 -0.877591 -0.877591 0.303313 0.284996 -1.272225 -0.972787 3.204377 0.964722
-0.942510 -0.942510 -1.032085 -1.032085 0.313629 0.289824 -1.234161 -0.965756 3.060267 0.957817
-1.068917 -1.068917 -1.098925 -1.098925 0.282443 0.270563 -1.293796 -1.081882 3.071963 0.964526
-0.917382 -0.917382 -0.978816 -0.978816 0.316190 0.298872 -1.296225 -0.987257 3.083203 0.956771
-0.968374 -0.968374 -1.146694 -1.146694 0.308205 0.293221 -1.300000 -1.079497 3.218880 0.946746
-0.958664 -0.958664 -1.215423 -1.215423 0.300758 0.285159 -1.240681 -0.981755 3.073443 0.963616
-0.981281 -0.981281 -1.060317 -1.060317 0.305577 0.292074 -1.256469 -0.989312 3.009508 0.963963
-0.981345 -0.981345 -1.204821 -1.204821 0.300384 0.300152 -1.298085 -0.969796 3.050910 0.964462
-0.965263 -0.965263 -1.045815 -1.045815 0.301551 0.272441 -1.210212 -1.041103 3.019631 0.966234
-0.992636 -0.992636 -1.221913 -1.221913 0.298299 0.279204 -1.260236 -1.041141 3.083290 0.959599
-1.008743 -1.008743 -1.043543 -1.043543 0.294415 0.265855 -1.224672 -1.064028 3.057049 0.967825
-1.019571 -1.019571 -0.986497 -0.986497 0.301649 0.290218 -1.273141 -1.038282 3.176116 0.959676
-1.038116 -1.038116 -1.089605 -1.089605 0.279497 0.275608 -1.299989 -1.035867 3.039563 0.967008
-0.957414 -0.957414 -1.049991 -1.049991 0.312530 0.299185 -1.299971 -0.978884 2.988361 0.961007
-0.944875 -0.944875 -1.194713 -1.194713 0.321428 0.314233 -1.300000 -1.038874 3.218880 0.941907
-0.972647 -0.972647 -0.853840 -0.853840 0.313188 0.294298 -1.296739 -1.041897 3.097859 0.965169
-0.972780 -0.972780 -1.131255 -1.131255 0.297321 0.283210 -1.287507 -1.016816 3.198046 0.963686
-1.051424 -1.051424 -0.994899 -0.994899 0.287175 0.288323 -1.300000 -1.014662 3.137501 0.964539
-1.068884 -1.068884 -1.066590 -1.066590 0.293046 0.312256 -1.300000 -1.005069 3.218880 0.962667
-1.018550 -1.018550 -1.180649 -1.180649 0.300271 0.289712 -1.245095 -1.027570 2.969538 0.962425
-0.963212 -0.963212 -1.002059 -1.002059 0.303812 0.281759 -1.236529 -1.008419 3.139003 0.960367
-1.060691 -1.060691 -0.874761 -0.874761 0.279278 0.273016 -1.283311 -1.006654 3.201429 0.960570
-1.033456 -1.033456 -1.165892 -1.165892 0.294347 0.311153 -1.299966 -0.926780 3.007742 0.956382
-0.995650 -0.995650 -1.154418 -1.154418 0.293980 0.272607 -1.243401 -1.068985 2.973937 0.965093
-0.982538 -0.982538 -0.976128 -0.976128 0.300038 0.295284 -1.299337 -0.949336 3.083639 0.961259
-0.954232 -0.954232 -1.026719 -1.026719 0.309072 0.278173 -1.238884 -1.079044 3.092017 0.965509
-1.011292 -1.011292 -0.876732 -0.876732 0.298353 0.281908 -1.295012 -1.036299 3.181379 0.966641
-1.031372 -1.031372 -1.123764 -1.123764 0.280738 0.280490 -1.299394 -0.969922 3.095588 0.964596
-1.005671 -1.005671 -0.859150 -0.859150 0.304027 0.293310 -1.264610 -1.017703 2.953020 0.964360
-1.023682 -1.023682 -0.896940 -0.896940 0.308812 0.303442 -1.275056 -0.983129 3.052344 0.961437
-0.996965 -0.996965 -1.235086 -1.235086 0.292960 0.289202 -1.292914 -0.987899 3.173023 0.965623
-1.037208 -1.037208 -0.911641 -0.911641 0.300438 0.295537 -1.293970 -1.008776 3.218880 0.955254
-1.017948 -1.017948 -1.281828 -1.281828 0.302351 0.311031 -1.299796 -0.980349 3.084841 0.962323
-1.025329 -1.025329 -1.153079 -1.153079 0.294022 0.289652 -1.273952 -0.993778 3.043092 0.962958
-0.925846 -0.925846 -1.234705 -1.234705 0.313333 0.295437 -1.267647 -1.007918 3.108694 0.965173
-1.024304 -1.024304 -0.801350 -0.801350 0.292598 0.276990 -1.260641 -0.995279 3.006462 0.966436
-0.967902 -0.967902 -1.126944 -1.126944 0.304692 0.293051 -1.286363 -0.996525 3.097586 0.967912
-0.981613 -0.981613 -0.902920 -0.902920 0.305659 0.307047 -1.300000 -0.907629 3.119456 0.964425
-1.048121 -1.048121 -1.057558 -1.057558 0.298313 0.317286 -1.300000 -0.958998 3.218880 0.959837
-0.979224 -0.979224 -1.035330 -1.035330 0.301049 0.288593 -1.300000 -1.049710 3.218880 0.952713
-0.990976 -0.990976 -1.024458 -1.024458 0.296892 0.266541 -1.229667 -1.101754 3.110974 0.967394
-1.039237 -1.039237 -1.162833 -1.162833 0.280387 0.278411 -1.258694 -0.992757 2.999146 0.966263
-0.992735 -0.992735 -1.002416 -1.002416 0.306037 0.299325 -1.300000 -1.085738 3.218880 0.950164
-0.958152 -0.958152 -0.910506 -0.910506 0.307954 0.300857 -1.296915 -0.943723 3.174022 0.959890
-0.957409 -0.957409 -0.894642 -0.894642 0.300047 0.262798 -1.196458 -1.022764 3.033144 0.966118
-1.061553 -1.061553 -1.002982 -1.002982 0.287811 0.278880 -1.288649 -1.048463 3.033690 0.964928
-0.928972 -0.928972 -1.091198 -1.091198 0.317392 0.286531 -1.261440 -1.087484 3.140975 0.960589
-1.067929 -1.067929 -1.281610 -1.281610 0.279793 0.282166 -1.280315 -1.061170 3.218880 0.957390
-0.975532 -0.975532 -0.870253 -0.870253 0.310968 0.294539 -1.247264 -0.954925 3.099241 0.961030
-1.005782 -1.005782 -1.268203 -1.268203 0.293934 0.282536 -1.280951 -1.066103 2.982348 0.965734
-0.983240 -0.983240 -1.104082 -1.104082 0.309852 0.314150 -1.299945 -0.969641 3.201015 0.959012
-0.955432 -0.955432 -1.029316 -1.029316 0.307390 0.297354 -1.293769 -0.968724 3.118655 0.965276
-0.977561 -0.977561 -1.224140 -1.224140 0.317523 0.325912 -1.300000 -0.952264 3.072037 0.961062
-0.994053 -0.994053 -1.206126 -1.206126 0.295677 0.299963 -1.300000 -0.994687 3.218880 0.951177
