-1.030574 -1.030574 -0.937748 -0.937748 0.288841 0.270052 -1.259493 -1.028565 3.165314 0.961208
-1.015155 -1.015155 -0.957739 -0.957739 0.307267 0.318532 -1.298702 -0.920968 3.139697 0.964192
-0.999254 -0.999254 -1.430750 -1.430750 0.297032 0.285694 -1.276778 -1.068485 3.153283 0.968080
-1.030140 -1.030140 -1.179471 -1.179471 0.289135 0.282519 -1.286785 -1.022042 3.150866 0.960890
-1.025389 -1.025389 -1.044854 -1.044854 0.296354 0.286807 -1.264121 -1.020437 3.161510 0.963134
-1.040402 -1.040402 -1.166383 -1.166383 0.299199 0.290610 -1.267172 -1.045890 3.146026 0.959303
-0.998408 -0.998408 -1.218006 -1.218006 0.296097 0.296856 -1.282881 -0.988673 3.157516 0.962710
-1.005893 -1.005893 -1.080177 -1.080177 0.302159 0.293983 -1.300000 -1.018744 3.152606 0.960141
-1.051433 -1.051433 -1.240241 -1.240241 0.296874 0.314908 -1.287581 -0.953103 3.125769 0.961239
-1.040511 -1.040511 -1.236309 -1.236309 0.300021 0.312285 -1.300000 -0.993628 3.129566 0.962220
-1.001734 -1.001734 -1.327994 -1.327994 0.304787 0.328846 -1.280925 -0.864922 3.154776 0.962699
-1.018621 -1.018621 -1.259707 -1.259707 0.301896 0.306368 -1.299915 -0.994210 3.114368 0.961528
-1.030428 -1.030428 -1.164675 -1.164675 0.293959 0.301154 -1.300000 -0.993909 3.149528 0.967517
-1.044068 -1.044068 -1.165722 -1.165722 0.291947 0.287736 -1.300000 -1.073113 3.132860 0.962263
-1.013915 -1.013915 -1.257490 -1.257490 0.302813 0.306420 -1.300000 -1.006400 3.139499 0.963971
-1.013022 -1.013022 -1.072493 -1.072493 0.296265 0.292422 -1.287499 -1.007825 3.146415 0.962644
-1.054931 -1.054931 -1.036687 -1.036687 0.294180 0.285240 -1.277239 -1.058883 3.156064 0.963417
-1.006869 -1.006869 -1.365378 -1.365378 0.296209 0.308283 -1.300000 -0.953440 3.145604 0.961016
-1.012935 -1.012935 -1.122654 -1.122654 0.297472 0.297777 -1.287255 -0.989398 3.148869 0.965836
-1.043682 -1.043682 -1.091451 -1.091451 0.295915 0.299496 -1.300000 -1.034513 3.147439 0.965079
-1.063419 -1.063419 -1.209568 -1.209568 0.290610 0.289785 -1.286725 -1.035863 3.122523 0.958989
-1.027336 -1.027336 -1.228880 -1.228880 0.291599 0.274505 -1.274727 -1.091013 3.159307 0.963482
-1.009599 -1.009599 -1.168953 -1.168953 0.301795 0.289501 -1.272977 -1.040419 3.160826 0.961506
-0.993342 -0.993342 -1.298824 -1.298824 0.292739 0.276930 -1.252673 -1.039797 3.174577 0.967198
-1.020949 -1.020949 -1.509983 -1.509983 0.297080 0.296764 -1.297297 -1.058918 3.142260 0.966361
-1.024815 -1.024815 -1.073916 -1.073916 0.301106 0.302059 -1.300000 -1.007732 3.154624 0.962623
-1.023953 -1.023953 -1.034884 -1.034884 0.293279 0.278638 -1.262720 -1.029610 3.167149 0.959398
-1.030406 -1.030406 -0.934303 -0.934303 0.294283 0.288862 -1.286357 -0.999728 3.146474 0.966417
-1.034569 -1.034569 -1.324529 -1.324529 0.291457 0.290296 -1.299882 -1.068024 3.155462 0.965153
-1.008311 -1.008311 -1.146940 -1.146940 0.287268 0.273754 -1.266201 -1.018336 3.160635 0.965143
-1.016478 -1.016478 -1.132969 -1.132969 0.293256 0.284212 -1.296248 -1.051812 3.139830 0.962770
-1.033386 -1.033386 -1.523898 -1.523898 0.304053 0.308196 -1.285911 -1.042100 3.135651 0.961765
-1.022632 -1.022632 -0.966993 -0.966993 0.296374 0.292068 -1.299793 -0.985320 3.138170 0.961921
-1.046051 -1.046051 -0.999875 -0.999875 0.299574 0.287672 -1.267224 -1.040408 3.159418 0.965692
-1.033174 -1.033174 -1.461785 -1.461785 0.294807 0.294024 -1.270304 -1.018819 3.157254 0.963295
-1.023768 -1.023768 -1.679020 -1.679020 0.297043 0.306777 -1.297611 -1.026908 3.143368 0.961233
-1.030268 -1.030268 -1.176221 -1.176221 0.290203 0.285556 -1.281737 -1.026623 3.142147 0.963928
-1.020145 -1.020145 -1.285521 -1.285521 0.291333 0.278643 -1.260082 -1.065006 3.174642 0.965472
-0.998777 -0.998777 -1.373852 -1.373852 0.289094 0.264599 -1.240684 -1.100634 3.167128 0.969101
-1.026245 -1.026245 -1.140302 -1.140302 0.299685 0.299170 -1.300000 -1.028446 3.115093 0.959587
-1.018632 -1.018632 -1.358749 -1.358749 0.295171 0.289201 -1.290020 -1.067232 3.130885 0.964253
-1.004725 -1.004725 -1.249373 -1.249373 0.297294 0.284168 -1.255360 -1.079674 3.134825 0.967436
-1.012136 -1.012136 -1.035824 -1.035824 0.294389 0.280268 -1.276905 -1.034004 3.128492 0.957005
-1.025378 -1.025378 -1.251204 -1.251204 0.299022 0.319961 -1.293548 -0.903792 3.174280 0.962742
-1.014492 -1.014492 -1.276906 -1.276906 0.299506 0.307259 -1.299654 -0.976759 3.149653 0.962553
-1.073341 -1.073341 -1.389058 -1.389058 0.299130 0.317032 -1.294714 -0.988978 3.150050 0.960524
-1.053497 -1.053497 -0.924812 -0.924812 0.288648 0.250080 -1.208576 -1.163753 3.179728 0.962691
-1.013812 -1.013812 -1.255038 -1.255038 0.291683 0.291425 -1.292393 -1.013610 3.159962 0.966357
-1.016458 -1.016458 -1.404799 -1.404799 0.300685 0.327744 -1.300000 -0.895196 3.143131 0.965721
-1.002317 -1.002317 -1.269672 -1.269672 0.296291 0.290113 -1.275818 -1.021053 3.142998 0.964593
-1.023803 -1.023803 -1.206241 -1.206241 0.295256 0.277590 -1.261785 -1.096860 3.156647 0.965847
-1.015667 -1.015667 -1.117542 -1.117542 0.296085 0.281840 -1.263078 -1.044056 3.155003 0.967007
-1.013627 -1.013627 -1.027242 -1.027242 0.296919 0.308350 -1.299967 -0.932245 3.166797 0.964801
-1.025231 -1.025231 -1.012488 -1.012488 0.293090 0.289355 -1.300000 -0.990860 3.144539 0.964403
-1.031198 -1.031198 -1.030996 -1.030996 0.297726 0.290532 -1.296710 -1.012640 3.159306 0.960374
-1.028403 -1.028403 -1.402120 -1.402120 0.308035 0.325647 -1.281394 -0.979254 3.139700 0.964028
-1.021368 -1.021368 -1.291703 -1.291703 0.294631 0.285669 -1.288796 -1.069969 3.181508 0.964691
