-1.003165 -1.003165 -1.556580 -1.556580 0.295630 0.305876 -1.319946 -1.033193 3.139251 0.967492
-0.957096 -0.957096 -1.323184 -1.323184 0.311765 0.303288 -1.276127 -1.026721 3.141953 0.966117
-0.921710 -0.921710 -1.523775 -1.523775 0.315283 0.297933 -1.253033 -1.006066 3.182118 0.960074
-1.070709 -1.070709 -2.834001 -2.834001 0.279860 0.300305 -1.245673 -0.990553 3.155964 0.967513
-1.074720 -1.074720 -1.002698 -1.002698 0.285463 0.277178 -1.280106 -1.037689 3.153145 0.958802
-1.009647 -1.009647 -2.130795 -2.130795 0.285485 0.295569 -1.283389 -1.032093 3.143926 0.965641
-0.996926 -0.996926 -1.553063 -1.553063 0.302752 0.326735 -1.313093 -0.914985 3.156419 0.960183
-0.965699 -0.965699 -1.949489 -1.949489 0.299909 0.305729 -1.287000 -1.001589 3.161197 0.964669
-0.936099 -0.936099 -1.646060 -1.646060 0.318418 0.302564 -1.295386 -1.071684 3.165414 0.963807
-1.009525 -1.009525 -1.286123 -1.286123 0.292371 0.282951 -1.266282 -1.025595 3.160776 0.963015
-0.984049 -0.984049 -1.409701 -1.409701 0.297606 0.292409 -1.270515 -1.017207 3.155208 0.961367
-0.995346 -0.995346 -1.209815 -1.209815 0.301550 0.289676 -1.291459 -1.054275 3.142866 0.962959
-0.958414 -0.958414 -1.584939 -1.584939 0.319270 0.318535 -1.300785 -1.013629 3.175752 0.964016
-1.027014 -1.027014 -1.229782 -1.229782 0.302419 0.306229 -1.319085 -1.039572 3.146464 0.961399
-1.033718 -1.033718 -1.302539 -1.302539 0.286061 0.276534 -1.272016 -1.059574 3.142065 0.968770
-0.966625 -0.966625 -1.282269 -1.282269 0.301530 0.297027 -1.295157 -0.973662 3.144555 0.961110
-1.102509 -1.102509 -0.836411 -0.836411 0.280474 0.282179 -1.293748 -0.995191 3.147505 0.959477
-1.003997 -1.003997 -1.518276 -1.518276 0.291641 0.299911 -1.295215 -0.978790 3.148467 0.963746
-0.943075 -0.943075 -1.534676 -1.534676 0.311588 0.321329 -1.309914 -0.929353 3.159288 0.959736
-1.064608 -1.064608 -1.980608 -1.980608 0.282818 0.299712 -1.280756 -1.034916 3.154821 0.966057
-1.000699 -1.000699 -1.070484 -1.070484 0.308898 0.298914 -1.298382 -1.048170 3.145766 0.960273
-1.033477 -1.033477 -1.174120 -1.174120 0.294843 0.279576 -1.261785 -1.084213 3.137846 0.963566
-0.935186 -0.935186 -1.178395 -1.178395 0.308111 0.278217 -1.248518 -1.066789 3.145918 0.960081
