-0.889490 -0.564519 -2.699142 -3.428800 0.329540 0.314082 -1.186719 -0.947858 3.099053 0.958728
-0.993625 -0.583403 -4.085315 -2.636062 0.298913 0.293152 -1.182940 -0.997011 3.127048 0.960183
-0.934077 -1.083908 -2.359108 -1.876509 0.309307 0.303966 -1.300000 -0.971665 3.148417 0.960505
-1.046947 -0.765972 -2.746983 0.464827 0.294915 0.304787 -1.242243 -0.995026 3.128524 0.965825
-0.958615 -1.444933 -1.797706 -0.530143 0.314317 0.294272 -1.300000 -1.093294 3.217889 0.959044
-0.976176 -0.724883 -1.300161 -2.980266 0.303164 0.284276 -1.210628 -1.002415 3.141483 0.964169
-0.983669 -0.768419 -2.752482 -3.700601 0.303040 0.293504 -1.224211 -1.043080 3.115990 0.963386
-1.036629 -0.568731 -3.050743 -3.250509 0.294553 0.290480 -1.157122 -1.008699 3.132359 0.964657
-1.046445 -0.896135 -1.402451 -3.684339 0.289365 0.265225 -1.220427 -1.105525 3.148094 0.966496
-1.021178 -1.051323 -0.897473 -4.308242 0.288339 0.273676 -1.274197 -1.075360 3.133887 0.961824
-0.966936 -0.576100 -3.379910 -4.908365 0.308855 0.301040 -1.175499 -1.008856 3.126633 0.964988
-1.036128 -0.358578 -2.996899 -0.853452 0.317869 0.300966 -1.096303 -1.082196 3.060995 0.958485
-1.063050 -1.252809 -0.232905 -1.355156 0.292056 0.275987 -1.300000 -1.081284 3.168658 0.961127
-1.002974 -0.625554 -3.889511 -2.302912 0.302251 0.303860 -1.164191 -0.988497 3.118644 0.960236
-0.977191 -0.816720 -2.746991 0.361947 0.317615 0.315357 -1.225813 -0.949777 3.166266 0.960598
-0.993227 -0.883334 -2.143498 -2.742064 0.300480 0.273300 -1.212491 -1.059358 3.151200 0.961210
-1.026774 -0.774927 -2.659126 -1.683817 0.280878 0.284308 -1.235928 -0.951170 3.152092 0.967318
-1.060277 -0.105898 -4.819178 -1.227422 0.290322 0.301338 -1.034329 -0.919415 3.029585 0.966581
-0.985760 -1.096756 -0.228482 -4.827462 0.304976 0.302041 -1.289629 -0.989272 3.145958 0.962688
-1.023997 -0.355944 -2.357352 -0.752039 0.306894 0.304292 -1.144345 -0.977523 3.084362 0.971905
-0.999298 -0.827653 -1.273529 -4.698429 0.307318 0.301576 -1.234287 -0.999696 3.152035 0.961573
-0.906845 -0.669335 -2.628777 -3.210938 0.317262 0.289726 -1.181238 -1.056342 3.142244 0.965233
-0.978092 -0.735734 -3.088420 -1.671343 0.295805 0.293757 -1.235317 -0.981205 3.140736 0.963720
-0.994913 -0.544861 -2.546291 -3.210445 0.300756 0.310003 -1.190670 -0.940975 3.096399 0.967572
-1.039620 -0.574589 -2.451226 -1.499633 0.287424 0.279516 -1.151608 -1.022025 3.102939 0.968436
-0.917424 -0.693183 -4.544853 -3.333433 0.304867 0.290496 -1.228694 -1.044339 3.137882 0.965930
-0.956310 -0.816650 -4.201703 -4.052988 0.292664 0.281418 -1.254533 -1.051507 3.150254 0.968785
-0.986490 -1.550071 0.217981 -2.377183 0.299944 0.259975 -1.293359 -1.134678 3.205738 0.964921
-0.991556 -1.212419 -1.024473 -1.224052 0.306713 0.303051 -1.300000 -1.008875 3.171421 0.961338
-1.016723 -0.944704 -3.183868 0.194815 0.291660 0.298560 -1.287016 -1.025407 3.114645 0.959486
-0.975873 -1.628894 0.488202 -2.801759 0.295727 0.246743 -1.258665 -1.131933 3.213038 0.959716
-0.979479 -0.614265 -2.755244 -3.667042 0.313134 0.313782 -1.205352 -0.972312 3.109904 0.960737
-0.944642 -1.872109 0.908312 -3.329113 0.297181 0.246349 -1.300000 -1.151204 3.218880 0.954860
-1.029965 -0.650389 -2.203002 -4.080948 0.303632 0.305831 -1.205834 -1.022642 3.100956 0.962314
-0.962890 -0.999993 -3.780207 -4.410774 0.315035 0.323708 -1.300000 -0.995403 3.137320 0.963828
-1.036745 -0.303757 -4.698689 -2.677595 0.297944 0.293185 -1.097921 -1.038856 3.075440 0.965130
-1.070785 -0.558755 -1.664154 -1.034601 0.293028 0.293706 -1.169385 -0.979096 3.066751 0.963291
-1.026951 -1.100810 -1.942681 -4.616190 0.293645 0.281502 -1.255018 -1.070330 3.171047 0.959721
-0.951002 -0.714357 -4.804893 -0.472981 0.312347 0.305936 -1.221572 -1.010925 3.142291 0.957667
-1.015105 -0.543770 -3.289550 -0.840049 0.292589 0.289612 -1.169564 -0.969800 3.119784 0.963054
-0.995910 -0.489410 -3.305596 -2.928522 0.322532 0.323551 -1.172659 -0.986225 3.122369 0.962581
-0.977494 -0.990671 -1.647368 -4.053425 0.290542 0.281873 -1.280461 -1.040873 3.127008 0.970017
-0.974647 -0.881095 -2.016934 -0.866381 0.303303 0.290381 -1.258763 -1.038067 3.140310 0.963369
-0.969062 -0.920478 -2.072697 -0.882151 0.300739 0.276602 -1.254524 -1.066507 3.149966 0.962125
-0.964057 -0.935452 -2.048532 -0.893853 0.306658 0.311331 -1.300000 -0.946660 3.134990 0.960454
-0.962271 -0.925405 -2.072215 -0.927521 0.313050 0.299064 -1.255035 -1.030916 3.143811 0.961656
-0.986924 -0.968572 -2.128316 -0.900922 0.314622 0.309766 -1.278011 -1.013368 3.129544 0.955586
-1.072767 -0.944870 -2.197102 -1.186869 0.284869 0.295416 -1.260566 -1.006361 3.129540 0.964380
-1.082841 -0.995193 -2.233909 -1.169630 0.287994 0.316196 -1.296378 -0.971042 3.110254 0.964149
-1.082747 -0.969739 -2.204822 -1.132018 0.280521 0.298180 -1.261510 -0.986782 3.128992 0.966577
-1.095017 -0.939244 -2.243077 -1.074138 0.281084 0.314825 -1.266504 -0.904963 3.140889 0.968402
-1.096484 -0.956031 -2.287325 -1.072317 0.291897 0.319239 -1.246239 -0.950376 3.115569 0.962314
-1.075779 -0.937122 -2.374916 -1.046158 0.280464 0.307759 -1.237904 -0.903017 3.134759 0.967330
-1.078406 -0.954729 -2.364873 -1.061187 0.278984 0.285218 -1.239250 -1.013949 3.118452 0.966742
-0.990730 -0.985779 -2.308941 -1.059229 0.295528 0.287089 -1.293374 -1.079293 3.117590 0.967255
-1.002409 -0.999757 -2.302378 -1.093276 0.297375 0.280949 -1.270293 -1.090909 3.136289 0.966868
-1.002552 -0.986155 -2.373880 -1.109635 0.285559 0.256278 -1.191062 -1.077694 3.162325 0.963188
