-1.022257 -0.794888 -3.608634 -1.522294 0.289323 0.277106 -1.206885 -1.078530 3.133373 0.964204
-0.990960 -0.831858 -3.960598 -2.909160 0.303105 0.290677 -1.197474 -1.067393 3.143679 0.960395
-1.051842 -0.509854 -4.930761 -1.668423 0.287662 0.303283 -1.134715 -0.945282 3.085861 0.966704
-0.983882 -0.617543 -2.376679 -3.607858 0.313631 0.309384 -1.203875 -0.973501 3.097456 0.960098
-0.969232 -1.130549 -0.409228 -2.620555 0.308729 0.296649 -1.300000 -1.022000 3.152901 0.958786
-0.966255 -1.557625 0.628073 -2.017294 0.301681 0.264370 -1.300000 -1.065751 3.209068 0.955267
-0.993079 -1.422101 -0.543850 -1.637919 0.311919 0.299177 -1.300000 -1.056565 3.169562 0.961524
-1.012972 -0.765297 -2.532654 -4.603706 0.293922 0.300723 -1.250044 -0.998788 3.127466 0.966903
-1.015235 -1.374277 -0.085577 -1.060935 0.299786 0.279771 -1.300000 -1.028393 3.188084 0.958445
-0.988399 -0.489166 -4.096615 -1.243253 0.296404 0.287888 -1.146673 -0.969348 3.128471 0.964475
-0.905416 -1.886635 -2.081667 -0.741314 0.302365 0.250325 -1.300000 -1.241945 3.218880 0.952991
-1.078900 -0.643034 -4.665808 -2.275967 0.294981 0.304902 -1.197657 -1.036869 3.121735 0.966684
-0.877806 -0.910017 -3.484520 0.815027 0.319916 0.291395 -1.268798 -1.051381 3.170874 0.959535
-0.912478 -1.036469 -1.975230 -2.738209 0.310093 0.287627 -1.285694 -1.039417 3.166670 0.957902
-1.019783 -1.273746 -1.133678 -0.079739 0.291199 0.262622 -1.233122 -1.068028 3.190107 0.958253
-1.020428 -0.553169 -3.311353 -3.947452 0.299052 0.295636 -1.155700 -1.040172 3.090569 0.961128
-1.066942 0.007848 -4.968352 -2.819943 0.297020 0.303144 -1.031615 -1.040298 2.996226 0.969763
-0.980609 -0.334801 -4.159526 -3.953561 0.301494 0.298480 -1.134547 -0.963595 3.090968 0.962978
-0.934308 -1.350498 0.038437 -2.192187 0.311193 0.272590 -1.290594 -1.100546 3.192476 0.959467
-0.945951 -0.593379 -4.304439 -1.935926 0.321963 0.312878 -1.180892 -0.996585 3.134144 0.962200
-1.055809 -1.278490 0.944946 -4.986978 0.291066 0.274202 -1.300000 -1.076877 3.165920 0.962617
-1.005977 -0.821525 -3.358447 -0.076216 0.300150 0.282766 -1.210052 -1.074306 3.149116 0.963309
-0.990683 -1.109159 -1.331441 -4.275640 0.302551 0.302901 -1.290999 -0.993628 3.173814 0.961519
-0.928914 -1.020144 -3.877675 0.773502 0.296735 0.269676 -1.247157 -1.077779 3.175100 0.958661
-0.880060 -2.737378 0.193756 0.797747 0.309996 0.240000 -1.300000 -1.258631 3.218880 0.950630
-0.996422 -0.729876 -3.596978 -3.907897 0.296614 0.278341 -1.216479 -1.133458 3.140114 0.971671
-0.945414 -1.923230 -0.212249 -4.282640 0.298633 0.253413 -1.300000 -1.242006 3.218880 0.958717
-0.917074 -0.696615 -3.719542 -2.806175 0.323723 0.304525 -1.194760 -1.011125 3.150435 0.959325
-0.937170 -0.756738 -4.163511 -1.113211 0.310472 0.313785 -1.256172 -0.931615 3.117571 0.957143
-0.979103 -1.476698 -0.639840 -0.435605 0.313056 0.290498 -1.300000 -1.088610 3.180258 0.958298
-0.988732 -1.156268 -0.691544 -4.031716 0.289674 0.270687 -1.296816 -1.087843 3.160585 0.964397
-0.955697 -1.893678 -0.152549 0.552327 0.300307 0.252803 -1.300000 -1.112738 3.217432 0.964039
-0.991011 -0.264479 -4.052012 -2.028698 0.322199 0.325649 -1.078748 -0.925263 3.101181 0.964603
-0.991773 -0.949999 -2.486789 -1.559162 0.301218 0.301814 -1.277935 -1.002259 3.156678 0.959593
-0.957898 -1.696293 -0.048789 -1.110279 0.310336 0.276191 -1.300000 -1.120061 3.209628 0.954254
-1.051098 -0.933517 -3.616386 -4.000347 0.301128 0.314100 -1.251387 -1.006059 3.127772 0.967252
-1.041318 -1.219764 0.771760 -4.924969 0.291441 0.263932 -1.250330 -1.060344 3.177193 0.957028
-0.974618 -1.193924 -1.644907 -2.129354 0.288020 0.274358 -1.300000 -1.037481 3.190746 0.960395
-1.044666 -0.900455 -0.355037 -3.483269 0.296988 0.287396 -1.277434 -1.026646 3.139510 0.960353
-1.005400 -1.078638 -0.540159 -1.710233 0.303884 0.294172 -1.300000 -1.037630 3.145541 0.965911
-1.000425 -0.650969 -4.358037 -1.827441 0.301938 0.288281 -1.181551 -1.087932 3.116697 0.967470
-1.031369 -1.164765 -3.093822 0.841619 0.287706 0.262447 -1.235228 -1.101349 3.181274 0.958499
-1.018239 -0.242888 -4.310355 -4.817440 0.305278 0.307475 -1.068508 -0.949300 3.076734 0.964459
-0.990532 -0.837935 -1.932297 0.717944 0.312152 0.276292 -1.190314 -1.085083 3.158337 0.963760
-0.950452 -0.984306 -2.735770 -3.333346 0.305050 0.269253 -1.233598 -1.140378 3.177289 0.958342
-1.006005 -1.002496 -1.854960 0.677532 0.302721 0.285520 -1.293398 -1.046142 3.142363 0.956938
-0.980521 -0.540993 -2.980411 -3.926314 0.310667 0.305915 -1.170864 -0.984980 3.109107 0.964752
-0.937549 -1.449325 -1.891970 -1.993261 0.301080 0.271097 -1.300000 -1.093598 3.208815 0.959460
-1.034354 -0.418474 -3.111419 -1.640503 0.296295 0.278459 -1.103061 -1.040956 3.136475 0.966022
-0.982083 -0.559653 -3.975261 -2.369459 0.305622 0.316193 -1.192102 -0.927016 3.121043 0.963307
-1.042780 -0.808449 -3.264334 -4.162211 0.287868 0.321993 -1.247326 -0.881110 3.096379 0.965141
-0.947362 -1.783996 -0.085624 -1.366161 0.307833 0.265048 -1.300000 -1.145210 3.218880 0.959877
-0.971121 -0.272295 -4.287013 -4.790415 0.307362 0.313441 -1.083923 -0.866827 3.097164 0.960108
-0.970491 -1.680501 -0.047742 -3.200518 0.299080 0.268645 -1.300000 -1.096554 3.218880 0.955541
-0.944064 -1.583456 -0.910549 0.973497 0.305780 0.262121 -1.300000 -1.089989 3.205763 0.962018
-1.020104 -1.228891 -0.572542 -4.681917 0.306416 0.295448 -1.300000 -1.078220 3.169015 0.961339
-0.893378 -1.295080 -1.418872 0.560074 0.315392 0.281748 -1.300000 -1.001049 3.198901 0.962365
-1.008973 -0.396770 -4.143783 -1.540157 0.308038 0.298519 -1.140583 -1.063042 3.109422 0.970903
