0.319509 0.342155 -0.951571 -0.829823 3.173080 0.957265
0.312616 0.310244 -0.956009 -0.979570 3.124215 0.962096
0.313865 0.295720 -0.994734 -1.081014 3.070938 0.969251
0.305254 0.311299 -0.991054 -0.959788 3.208008 0.971604
0.308880 0.298510 -0.984325 -0.978910 3.164694 0.957925
0.318006 0.319498 -0.945766 -0.941491 3.169617 0.961447
0.312290 0.309430 -0.976501 -0.946846 3.216932 0.961395
0.311148 0.304616 -0.960867 -0.988883 3.126285 0.961445
0.318348 0.324983 -1.003644 -0.966082 3.103266 0.968216
0.317164 0.326156 -1.002641 -0.921127 3.193256 0.960210
0.321294 0.321255 -1.023083 -1.003441 2.992651 0.967022
0.316725 0.314468 -0.965799 -0.993201 3.142024 0.969008
0.298299 0.298427 -0.981415 -0.969577 3.161077 0.960967
0.300505 0.307098 -0.994847 -0.966031 3.184789 0.973979
0.295762 0.303690 -1.005881 -0.991497 3.113438 0.972563
0.306628 0.304513 -1.000932 -1.004130 3.113522 0.954259
0.285184 0.286327 -1.005845 -1.011529 3.074625 0.969606
0.319024 0.309570 -0.994952 -1.010456 3.010758 0.962399
0.316128 0.329566 -0.975349 -0.918532 3.153915 0.963826
0.314034 0.300402 -0.981975 -1.028675 3.162087 0.955576
0.304652 0.300579 -1.024391 -1.038574 3.146685 0.966306
0.291835 0.281685 -0.976227 -1.012259 3.218639 0.963837
0.303448 0.298765 -0.975667 -0.979522 3.177307 0.960710
0.298158 0.291207 -0.983265 -1.022057 3.091115 0.967629
0.307588 0.306478 -1.000482 -0.992388 3.201674 0.971321
0.299558 0.311963 -0.982104 -0.917165 3.176880 0.967069
0.313803 0.317165 -0.976493 -0.941189 3.126224 0.959266
0.308729 0.300000 -0.981859 -0.992400 3.203959 0.962913
0.306392 0.302263 -1.054685 -1.050644 3.138384 0.968476
0.307127 0.310571 -0.984903 -0.979176 3.168505 0.967281
0.317379 0.314887 -1.020059 -1.039777 3.087980 0.962529
0.309576 0.301895 -1.028294 -1.012923 3.149006 0.967980
0.301552 0.303233 -1.007178 -1.000303 3.125993 0.963651
0.305183 0.302244 -0.980659 -1.005651 3.196111 0.968594
0.306838 0.309580 -0.985181 -0.967954 3.147126 0.964680
0.315823 0.310382 -0.981260 -0.997118 3.193009 0.954818
0.308029 0.295596 -0.963050 -1.024308 3.082920 0.966973
0.301672 0.284988 -0.969074 -1.040403 3.152574 0.962909
0.307971 0.307615 -0.955184 -0.973121 3.218629 0.967378
0.316368 0.325581 -0.978615 -0.953664 3.171540 0.962626
0.315126 0.321292 -0.999306 -0.958524 3.117421 0.965518
0.300153 0.289400 -0.951686 -0.999168 3.172250 0.959157
0.307079 0.319359 -0.992061 -0.935976 3.163650 0.968811
0.298547 0.292907 -0.960690 -0.990737 3.209740 0.971040
0.297826 0.298729 -0.998185 -1.032798 3.157330 0.972020
0.308020 0.307741 -1.006841 -0.995546 3.172558 0.966643
0.307013 0.320749 -0.995587 -0.960209 3.120247 0.972750
0.305141 0.302629 -0.978088 -0.984841 3.094155 0.965409
0.301858 0.314180 -0.992540 -0.915603 3.192931 0.964947
0.310410 0.311941 -1.007430 -1.043439 3.127738 0.973230
0.307848 0.310221 -0.973181 -0.963086 3.192562 0.969606
0.301459 0.283502 -0.960064 -1.029418 3.188269 0.967612
0.305083 0.306013 -0.973357 -0.961858 3.159441 0.962253
0.287854 0.305930 -1.005033 -0.863892 3.138763 0.965941
0.304119 0.302561 -1.006738 -1.034174 3.148975 0.970006
0.314437 0.310852 -1.017783 -1.003122 3.076126 0.967908
0.306454 0.312145 -0.943650 -0.918866 3.211983 0.971453
