-1.034293 -1.034293 -0.965706 -0.965706 0.295630 0.316879 -1.300000 -0.884516 3.218880 0.957912
-1.030749 -1.030749 -0.977275 -0.977275 0.289422 0.291130 -1.300000 -0.968572 2.986295 0.965638
-1.033698 -1.033698 -0.982839 -0.982839 0.284820 0.266082 -1.269324 -1.062986 3.168318 0.964834
-1.034328 -1.034328 -0.981717 -0.981717 0.285796 0.270029 -1.246397 -1.014721 3.070167 0.964344
-1.034328 -1.034328 -0.981717 -0.981717 0.288679 0.274809 -1.256087 -1.028034 3.118957 0.966693
-1.037358 -1.037358 -0.987838 -0.987838 0.301109 0.327586 -1.291555 -0.852504 3.183027 0.961253
-1.039412 -1.039412 -0.994029 -0.994029 0.286279 0.283994 -1.295333 -1.008262 3.205139 0.966951
-1.039601 -1.039601 -0.991873 -0.991873 0.288827 0.285348 -1.296905 -0.997560 3.211921 0.962785
-1.039601 -1.039601 -0.991873 -0.991873 0.285491 0.276918 -1.292321 -1.019314 3.183708 0.960429
-1.022283 -1.022283 -1.038295 -1.038295 0.291305 0.284449 -1.300000 -1.058252 3.218880 0.957360
-1.023122 -1.023122 -1.039316 -1.039316 0.285997 0.263449 -1.235934 -1.042801 3.008746 0.964382
-1.022354 -1.022354 -1.040157 -1.040157 0.294203 0.288715 -1.279549 -1.011862 3.196016 0.969984
-1.008677 -1.008677 -1.059429 -1.059429 0.293437 0.276832 -1.247810 -0.995452 3.039426 0.965340
-1.008156 -1.008156 -1.058848 -1.058848 0.290346 0.281115 -1.293140 -1.025836 2.995108 0.964238
-1.013760 -1.013760 -1.052541 -1.052541 0.289986 0.270961 -1.233456 -1.025706 3.027587 0.967066
-1.014090 -1.014090 -1.054661 -1.054661 0.287290 0.267045 -1.229473 -1.067339 3.023545 0.961452
-1.013684 -1.013684 -1.120660 -1.120660 0.293178 0.288215 -1.280297 -1.026140 3.191733 0.964942
-1.013524 -1.013524 -1.122033 -1.122033 0.287899 0.281367 -1.299892 -0.997334 3.063274 0.960414
-1.016272 -1.016272 -1.118259 -1.118259 0.294449 0.301734 -1.299697 -0.974855 3.218880 0.963262
-1.018179 -1.018179 -1.112912 -1.112912 0.283241 0.265594 -1.271710 -1.071809 3.112058 0.968337
-1.019710 -1.019710 -1.128007 -1.128007 0.284220 0.261747 -1.241640 -1.057631 3.172747 0.964162
-1.022655 -1.022655 -1.121706 -1.121706 0.297990 0.301728 -1.272867 -0.957933 3.218880 0.959992
-1.022655 -1.022655 -1.121706 -1.121706 0.290869 0.289893 -1.298776 -1.033537 3.062259 0.966198
-1.020772 -1.020772 -1.091629 -1.091629 0.293577 0.297369 -1.288398 -0.964150 3.115312 0.961279
-1.018260 -1.018260 -1.117542 -1.117542 0.302666 0.309963 -1.300000 -0.981632 3.218880 0.959952
-1.014416 -1.014416 -1.125735 -1.125735 0.294802 0.286811 -1.300000 -1.059011 3.059836 0.967932
-1.015593 -1.015593 -1.120296 -1.120296 0.293087 0.278776 -1.276565 -1.072634 3.208142 0.967861
-1.024478 -1.024478 -1.133272 -1.133272 0.284963 0.279798 -1.298061 -1.011970 3.175455 0.957501
-1.008515 -1.008515 -1.097498 -1.097498 0.311758 0.310032 -1.300000 -1.034610 3.218880 0.951800
-1.008616 -1.008616 -1.104325 -1.104325 0.298861 0.295834 -1.300000 -1.070845 3.218880 0.956399
-0.998742 -0.998742 -1.099695 -1.099695 0.298458 0.286992 -1.276527 -1.027496 3.144316 0.966008
-0.997222 -0.997222 -1.089901 -1.089901 0.307240 0.312154 -1.291926 -0.937255 3.183831 0.963366
-0.997313 -0.997313 -1.090181 -1.090181 0.303921 0.301882 -1.296295 -0.987949 3.207331 0.958288
-0.998523 -0.998523 -1.083706 -1.083706 0.296480 0.292034 -1.300000 -0.990829 3.216250 0.965157
-0.995692 -0.995692 -1.089929 -1.089929 0.297293 0.287889 -1.274399 -1.007671 3.213858 0.960669
-0.995092 -0.995092 -1.089413 -1.089413 0.305172 0.323683 -1.299547 -0.859753 3.125549 0.961873
-0.995092 -0.995092 -1.089413 -1.089413 0.295748 0.277182 -1.249354 -1.020670 3.195850 0.964898
-0.987076 -0.987076 -1.105957 -1.105957 0.291338 0.273667 -1.254949 -1.012823 2.947591 0.965104
-0.985978 -0.985978 -1.107721 -1.107721 0.291529 0.264811 -1.226210 -1.056702 3.193143 0.964915
-0.989646 -0.989646 -1.138705 -1.138705 0.295722 0.294896 -1.291263 -0.956559 3.078835 0.965288
-0.989385 -0.989385 -1.138870 -1.138870 0.305796 0.326458 -1.300000 -0.877562 3.208032 0.964139
-0.993069 -0.993069 -1.149519 -1.149519 0.292559 0.281244 -1.300000 -1.117077 3.218880 0.956340
-0.992690 -0.992690 -1.144454 -1.144454 0.297910 0.294813 -1.300000 -0.979680 3.213651 0.955147
-0.996013 -0.996013 -1.148111 -1.148111 0.305757 0.308091 -1.297143 -0.948697 3.159015 0.963498
-0.994804 -0.994804 -1.157236 -1.157236 0.302910 0.295240 -1.295839 -1.043819 3.166317 0.964303
-0.996018 -0.996018 -1.153422 -1.153422 0.312102 0.327645 -1.300000 -0.903313 3.164127 0.959052
-0.993425 -0.993425 -1.140846 -1.140846 0.306534 0.305131 -1.297711 -1.016360 3.184627 0.965893
-0.993390 -0.993390 -1.140461 -1.140461 0.297010 0.282181 -1.278238 -1.033947 3.103790 0.960794
-0.984731 -0.984731 -1.169076 -1.169076 0.298064 0.296578 -1.300000 -1.041019 3.218880 0.949118
-0.983550 -0.983550 -1.165489 -1.165489 0.294365 0.282246 -1.291417 -1.031723 3.104125 0.965280
-0.989111 -0.989111 -1.178724 -1.178724 0.302709 0.311027 -1.299873 -0.989602 3.218880 0.960636
-0.987316 -0.987316 -1.180052 -1.180052 0.307689 0.315042 -1.298939 -0.978406 3.218880 0.961421
-0.987316 -0.987316 -1.180052 -1.180052 0.296542 0.287050 -1.299392 -0.992747 3.036437 0.959577
-0.982725 -0.982725 -1.205304 -1.205304 0.302026 0.284095 -1.254444 -1.023151 3.005482 0.964068
-0.980396 -0.980396 -1.197767 -1.197767 0.297061 0.280161 -1.299753 -1.100098 3.218880 0.952378
-0.980396 -0.980396 -1.197767 -1.197767 0.297705 0.277144 -1.299961 -1.150267 3.218880 0.960713
-0.980638 -0.980638 -1.198528 -1.198528 0.306378 0.305679 -1.296510 -1.019003 3.218880 0.957961
