-1.035927 -1.035927 -0.791108 -0.791108 0.288281 0.273675 -1.252229 -1.006580 3.149325 0.964168
-0.970802 -0.970802 -1.099483 -1.099483 0.297715 0.285968 -1.294677 -1.008740 3.144970 0.964404
-0.928883 -0.928883 -2.141646 -2.141646 0.319444 0.326965 -1.286617 -0.976486 3.164558 0.961534
-0.995102 -0.995102 -1.218470 -1.218470 0.309045 0.318158 -1.308782 -0.957621 3.159294 0.965005
-0.920225 -0.920225 -1.898228 -1.898228 0.315332 0.298978 -1.252309 -1.079068 3.147378 0.963419
-0.964604 -0.964604 -1.247612 -1.247612 0.306153 0.304953 -1.288390 -0.972017 3.147486 0.962211
-1.044145 -1.044145 -0.828725 -0.828725 0.292392 0.258936 -1.234970 -1.131449 3.160210 0.963812
-0.952231 -0.952231 -1.151917 -1.151917 0.308762 0.293560 -1.274071 -1.013177 3.143811 0.956195
-0.998457 -0.998457 -2.537003 -2.537003 0.296304 0.307416 -1.258887 -1.003966 3.149233 0.963886
-1.046538 -1.046538 -0.937174 -0.937174 0.292420 0.312996 -1.338518 -0.921468 3.133955 0.966176
-0.976366 -0.976366 -1.213849 -1.213849 0.306073 0.302948 -1.292966 -0.985281 3.133731 0.963933
-0.926890 -0.926890 -1.505052 -1.505052 0.313168 0.289974 -1.248055 -1.059620 3.167490 0.960876
-0.971392 -0.971392 -1.869645 -1.869645 0.294404 0.308090 -1.330169 -0.963921 3.162403 0.960043
-0.946688 -0.946688 -2.639259 -2.639259 0.301308 0.315451 -1.262826 -0.978150 3.156058 0.961371
-1.019232 -1.019232 -0.749602 -0.749602 0.305533 0.294411 -1.277094 -0.978691 3.153194 0.958358
-1.032050 -1.032050 -1.616220 -1.616220 0.294166 0.299961 -1.280199 -1.031234 3.163660 0.961486
-0.976514 -0.976514 -1.426811 -1.426811 0.297858 0.290576 -1.276117 -0.997285 3.164616 0.959673
-0.930253 -0.930253 -2.097391 -2.097391 0.300011 0.301150 -1.253161 -0.979210 3.194895 0.961483
-0.933455 -0.933455 -3.048478 -3.048478 0.298891 0.327398 -1.334195 -0.907340 3.168697 0.959228
-1.024283 -1.024283 -1.706968 -1.706968 0.283818 0.304200 -1.267263 -0.932013 3.139629 0.963345
-1.012621 -1.012621 -1.688489 -1.688489 0.303792 0.312778 -1.295885 -1.006767 3.152409 0.960004
-0.982517 -0.982517 -1.761566 -1.761566 0.302427 0.315290 -1.280357 -0.956318 3.157996 0.962774
