-1.055314 -1.055314 -1.103872 -1.103872 0.286046 0.287965 -1.273075 -1.010149 3.218880 0.961900
-0.993312 -0.993312 -0.977425 -0.977425 0.295542 0.273292 -1.201276 -1.041924 2.983400 0.965615
-0.965284 -0.965284 -1.262835 -1.262835 0.312576 0.305288 -1.299894 -1.021218 3.218550 0.959966
-1.008822 -1.008822 -0.839316 -0.839316 0.304681 0.285930 -1.265349 -1.027130 3.071457 0.962284
-1.051375 -1.051375 -1.141769 -1.141769 0.286166 0.270580 -1.249248 -1.071395 3.077030 0.965854
-1.032629 -1.032629 -0.911152 -0.911152 0.292134 0.282000 -1.300000 -1.037816 3.170402 0.962659
-1.039290 -1.039290 -1.060693 -1.060693 0.292219 0.294703 -1.299906 -1.036366 3.218880 0.957231
-0.951317 -0.951317 -1.132882 -1.132882 0.309289 0.298543 -1.262161 -0.981477 2.978414 0.963851
-0.948500 -0.948500 -1.089528 -1.089528 0.307953 0.275079 -1.236653 -1.077023 3.201051 0.957673
-1.002572 -1.002572 -1.060478 -1.060478 0.293135 0.290291 -1.300000 -1.006077 3.218880 0.960251
-1.062093 -1.062093 -1.061524 -1.061524 0.291268 0.293627 -1.299693 -1.019690 3.064490 0.965326
-0.959940 -0.959940 -1.081764 -1.081764 0.309350 0.297699 -1.275671 -0.993711 3.107367 0.959982
-1.009060 -1.009060 -1.020076 -1.020076 0.295821 0.295244 -1.299990 -0.986977 3.201448 0.956679
-0.965138 -0.965138 -1.113312 -1.113312 0.307653 0.295953 -1.276776 -0.995435 3.148459 0.964908
-1.005209 -1.005209 -1.067788 -1.067788 0.290466 0.270925 -1.246768 -1.052728 2.951129 0.965919
-1.009255 -1.009255 -1.200555 -1.200555 0.290627 0.281425 -1.300000 -1.042070 3.090506 0.967572
-0.997232 -0.997232 -1.027367 -1.027367 0.308457 0.313279 -1.299813 -0.950744 3.218880 0.952462
-1.005992 -1.005992 -0.898865 -0.898865 0.300215 0.289800 -1.280907 -0.990476 3.118141 0.962297
-0.979411 -0.979411 -0.970364 -0.970364 0.310345 0.305908 -1.293660 -0.964562 3.099663 0.959723
-1.053491 -1.053491 -0.847540 -0.847540 0.284134 0.272987 -1.290043 -1.014699 2.947867 0.965651
-1.076548 -1.076548 -0.730292 -0.730292 0.281199 0.268685 -1.273612 -1.005501 3.111616 0.964951
-1.022172 -1.022172 -0.926559 -0.926559 0.304993 0.301111 -1.300000 -1.024959 3.218880 0.948077
-1.035794 -1.035794 -1.231626 -1.231626 0.280122 0.259037 -1.271599 -1.166049 3.218880 0.964238
-0.965510 -0.965510 -0.944370 -0.944370 0.307387 0.286931 -1.300000 -1.068378 3.218880 0.951651
-0.985306 -0.985306 -1.230502 -1.230502 0.304107 0.292185 -1.295388 -1.051423 3.061736 0.963226
-0.975525 -0.975525 -1.038518 -1.038518 0.310307 0.303613 -1.299971 -1.021141 3.218880 0.957509
-0.995259 -0.995259 -1.094981 -1.094981 0.312423 0.322046 -1.299717 -0.976168 3.218880 0.964764
-0.974799 -0.974799 -0.987020 -0.987020 0.298465 0.285048 -1.269650 -0.972825 2.981465 0.965790
-1.026740 -1.026740 -1.205016 -1.205016 0.291191 0.273713 -1.267468 -1.087040 3.041302 0.968168
-0.910207 -0.910207 -1.238206 -1.238206 0.294762 0.267573 -1.244150 -0.990547 3.139430 0.962992
-0.971708 -0.971708 -1.279753 -1.279753 0.303999 0.294881 -1.277461 -1.015625 2.975681 0.962137
-1.089229 -1.089229 -0.865936 -0.865936 0.287051 0.290049 -1.281206 -1.031932 3.218880 0.946902
-1.015294 -1.015294 -1.260626 -1.260626 0.289874 0.276720 -1.278792 -1.105143 3.217758 0.962638
-1.053169 -1.053169 -0.952348 -0.952348 0.282995 0.271812 -1.249773 -1.009690 2.998383 0.966459
-0.942647 -0.942647 -1.035589 -1.035589 0.312411 0.291934 -1.267373 -1.005255 3.043602 0.962926
-1.014776 -1.014776 -1.165376 -1.165376 0.299549 0.308078 -1.300000 -0.996879 3.097433 0.958863
-0.915155 -0.915155 -1.250079 -1.250079 0.311582 0.283235 -1.247742 -1.036236 2.977681 0.964999
-1.053510 -1.053510 -0.872708 -0.872708 0.298681 0.291332 -1.293649 -1.032933 3.085708 0.960486
-0.985414 -0.985414 -0.942702 -0.942702 0.310095 0.307262 -1.300000 -0.947191 3.075481 0.963837
-0.994364 -0.994364 -0.977548 -0.977548 0.299828 0.294424 -1.300000 -0.977711 3.180676 0.962900
-1.033830 -1.033830 -1.194508 -1.194508 0.288190 0.288263 -1.281929 -1.000471 3.088534 0.966538
-1.045457 -1.045457 -0.987005 -0.987005 0.285423 0.283782 -1.300000 -0.991737 3.190564 0.959874
-0.968243 -0.968243 -0.786766 -0.786766 0.300132 0.283934 -1.286916 -0.958676 3.036737 0.966623
-1.012044 -1.012044 -1.015338 -1.015338 0.302788 0.291682 -1.300000 -1.085655 3.218880 0.946045
-0.989407 -0.989407 -1.131390 -1.131390 0.293726 0.287392 -1.294616 -0.998082 3.167659 0.962727
-0.994176 -0.994176 -0.949460 -0.949460 0.296232 0.279125 -1.271463 -1.018655 2.975732 0.967858
-1.022017 -1.022017 -0.787948 -0.787948 0.293097 0.269236 -1.233842 -1.048841 3.042938 0.961813
-1.014084 -1.014084 -1.181789 -1.181789 0.306821 0.305002 -1.299851 -1.050794 3.218880 0.956375
-0.979543 -0.979543 -0.783454 -0.783454 0.304966 0.290288 -1.270841 -0.986000 2.962958 0.966238
-0.983369 -0.983369 -1.174206 -1.174206 0.298530 0.288639 -1.300000 -1.060080 3.218778 0.946236
-0.969742 -0.969742 -1.284031 -1.284031 0.297279 0.294070 -1.299924 -0.985788 3.218880 0.959668
-0.977870 -0.977870 -1.252915 -1.252915 0.310088 0.300147 -1.300000 -1.078817 3.218880 0.955142
-1.029170 -1.029170 -0.995641 -0.995641 0.306157 0.315345 -1.281383 -0.967081 3.218676 0.957717
-0.960396 -0.960396 -1.276287 -1.276287 0.309134 0.305550 -1.300000 -0.969006 2.948287 0.966145
-1.042633 -1.042633 -0.761638 -0.761638 0.298684 0.291515 -1.299866 -1.033030 3.218880 0.954921
-1.033384 -1.033384 -0.837285 -0.837285 0.290731 0.273755 -1.259720 -1.055481 3.167290 0.969267
-0.999093 -0.999093 -1.233052 -1.233052 0.287534 0.279919 -1.294911 -1.049213 2.956402 0.968134
