-1.095714 -1.218935 -3.392421 -1.416727 0.286653 0.318416 -1.269691 -0.956111 3.181446 0.962309
-0.970885 -0.630684 -2.350263 -3.058187 0.306496 0.292025 -1.189736 -1.024257 3.105988 0.963201
-0.971076 -1.536811 -0.250618 0.205923 0.302340 0.263456 -1.300000 -1.072095 3.211561 0.966333
-0.908689 -0.841481 -2.456255 -3.229765 0.332863 0.311503 -1.248175 -1.041003 3.149122 0.957302
-0.973817 -1.096705 -2.267789 0.791159 0.292967 0.266569 -1.253114 -1.046660 3.187843 0.961961
-0.999430 -0.875232 -1.469658 -3.778713 0.309201 0.306787 -1.252343 -1.012672 3.153149 0.964799
-0.973860 -0.967401 -1.669139 -2.128728 0.308035 0.304403 -1.292081 -1.024908 3.155405 0.962413
-1.014428 -1.251544 -2.729609 0.347344 0.291108 0.279604 -1.300000 -1.099909 3.169032 0.964086
-0.989216 -0.844008 -1.573555 -1.977144 0.295297 0.285805 -1.252080 -1.016520 3.129007 0.961173
-1.001596 -0.615346 -2.316759 -2.395606 0.289303 0.273283 -1.162099 -1.017418 3.124861 0.969311
-1.032215 -0.687197 -4.952332 -3.448134 0.289588 0.304476 -1.237234 -1.006070 3.118676 0.969770
-0.954124 -1.345051 0.222560 -4.975534 0.302613 0.262978 -1.285646 -1.119513 3.208700 0.963396
-1.025361 -0.519471 -2.655825 -0.906121 0.306055 0.309822 -1.171545 -0.952931 3.093868 0.957046
-0.984162 -0.907210 -3.198217 -0.743488 0.306275 0.303871 -1.286495 -1.056796 3.173178 0.965489
-0.939411 -0.836659 -4.229191 0.129498 0.321179 0.334499 -1.290776 -0.927550 3.148154 0.960719
-0.993241 -0.394353 -2.516922 -3.335132 0.304558 0.299190 -1.126098 -0.939704 3.105293 0.965671
-0.958281 -1.042428 -1.499428 -1.228681 0.313965 0.314202 -1.300000 -0.963232 3.153044 0.954233
-1.063574 -1.368132 0.851375 -3.201607 0.289730 0.288111 -1.300000 -0.970734 3.167474 0.962030
-0.999276 -0.720130 -3.037650 -0.622768 0.284675 0.254338 -1.128740 -1.028434 3.164204 0.959108
-0.960711 -1.556654 0.504396 -0.868087 0.303947 0.271887 -1.300000 -1.002123 3.198868 0.959219
-0.979073 -1.311686 -3.837067 0.854094 0.301609 0.314722 -1.300000 -0.962261 3.194673 0.959042
-1.004124 -1.279988 -0.932745 -2.572778 0.295021 0.264708 -1.276551 -1.139809 3.175993 0.963780
-1.003537 -0.905553 -0.881948 -4.746183 0.291915 0.274389 -1.235778 -1.077291 3.155829 0.968787
-1.001639 -0.813642 -2.703446 -1.528808 0.289649 0.305871 -1.277137 -0.941422 3.123225 0.968834
-1.018077 -0.895343 -1.613504 -2.327266 0.291841 0.276472 -1.242007 -1.065869 3.158397 0.967469
-0.968928 -1.298668 -4.062267 -4.551790 0.290147 0.274560 -1.299918 -1.040428 3.207115 0.959928
-1.036354 -1.560204 0.945852 -4.071140 0.282870 0.256875 -1.300000 -1.159605 3.214089 0.967967
-1.043368 -1.122950 -1.132670 -0.486607 0.287259 0.275736 -1.285123 -1.035961 3.157263 0.961893
-1.031891 -0.854032 -2.769660 -0.533647 0.294908 0.302501 -1.245968 -0.988386 3.115213 0.961497
-0.988637 -0.848774 -3.981101 0.942453 0.305519 0.310945 -1.247193 -0.996813 3.140524 0.965280
-1.008589 -0.886495 -4.605578 0.522502 0.287026 0.262526 -1.207130 -1.140365 3.146622 0.966141
-0.958101 -1.819570 -1.489089 0.953280 0.308928 0.280060 -1.299971 -1.105434 3.218880 0.954548
-1.036872 -0.849424 -3.193452 0.205865 0.283276 0.261694 -1.175127 -1.075392 3.178926 0.960389
-0.994866 -0.638473 -3.742596 -4.085732 0.288172 0.275958 -1.169894 -1.042647 3.129478 0.967261
-0.939759 -0.970312 -3.558809 0.213961 0.305742 0.307159 -1.298291 -0.961780 3.182830 0.959063
-0.984344 -0.810633 -3.487349 -0.950367 0.299791 0.297538 -1.226961 -0.989250 3.148419 0.960837
-1.051913 -0.729027 -2.166427 -1.592942 0.289114 0.295645 -1.214554 -0.984138 3.137042 0.967230
-0.996733 -0.522600 -3.958826 -3.900546 0.311256 0.311768 -1.177803 -1.012989 3.095335 0.968402
-1.076350 -0.747860 -4.646223 -1.966249 0.283130 0.316035 -1.197497 -0.888610 3.143923 0.965530
-0.948156 -0.499011 -3.771588 -2.814569 0.316863 0.311027 -1.172632 -0.969563 3.102017 0.961527
-0.993334 -0.222766 -4.114465 -2.277248 0.312041 0.303823 -1.077798 -0.998447 3.084692 0.963390
-0.980219 -1.200595 -0.231371 -4.875589 0.306054 0.291356 -1.299821 -1.055690 3.178165 0.961044
-0.972929 -1.337158 -0.916690 -1.529248 0.300844 0.288962 -1.300000 -1.027356 3.192150 0.965839
-1.007299 -0.924687 -0.447009 -3.519178 0.303539 0.279623 -1.241902 -1.080159 3.154526 0.965782
-0.976168 -0.861994 -3.260165 -0.020920 0.310299 0.302953 -1.255868 -1.033360 3.179884 0.966534
-0.923913 -1.987409 -0.708200 -0.243396 0.307405 0.258109 -1.300000 -1.168250 3.218880 0.950624
-1.025304 -0.993386 -3.055334 0.050607 0.297659 0.290842 -1.299646 -1.091183 3.127001 0.958489
-1.105933 -1.209305 0.298972 -4.670085 0.284318 0.306781 -1.300000 -0.967232 3.117815 0.967092
-1.018946 -0.688903 -1.998485 -2.806120 0.293782 0.270989 -1.177336 -1.064369 3.132890 0.959735
-1.013124 -2.127145 0.214682 -0.794946 0.295843 0.248591 -1.300000 -1.205513 3.218880 0.951167
-1.003074 -1.010779 -2.643826 -0.429853 0.292483 0.296823 -1.277026 -0.969186 3.154201 0.958826
-0.960459 -0.826228 -3.055293 -3.768208 0.299758 0.296695 -1.260036 -1.005542 3.140201 0.966909
-0.941183 -0.281988 -4.294662 -2.916502 0.325706 0.314098 -1.086447 -0.992696 3.086502 0.960515
-0.934740 -1.842771 0.038422 0.023882 0.301486 0.251075 -1.299611 -1.080478 3.218880 0.948043
-1.011322 -0.848329 -2.122407 -1.809591 0.305267 0.321370 -1.283089 -0.962071 3.128366 0.963549
-0.985917 -2.182843 0.456371 0.015284 0.311574 0.282687 -1.300000 -1.034671 3.216140 0.943283
-1.098725 -1.526222 0.545543 -1.049623 0.296797 0.289688 -1.300000 -0.998219 3.172402 0.959802
-0.951135 -0.354920 -3.468548 -4.856332 0.311490 0.304995 -1.121227 -0.940529 3.138626 0.967540
