-1.007534 -1.007534 -1.359430 -1.359430 0.299873 0.279806 -1.261726 -1.091296 3.170420 0.963327
-1.007534 -1.007534 -1.359430 -1.359430 0.308806 0.320318 -1.299872 -0.976451 3.136997 0.959354
-1.007183 -1.007183 -1.353492 -1.353492 0.303219 0.303058 -1.269159 -1.028202 3.144273 0.962442
-1.007183 -1.007183 -1.353492 -1.353492 0.300743 0.302292 -1.300000 -1.022255 3.142907 0.966222
-1.008770 -1.008770 -1.358761 -1.358761 0.293378 0.280151 -1.282047 -1.120598 3.142336 0.967802
-1.009565 -1.009565 -1.360429 -1.360429 0.295223 0.298046 -1.300000 -1.010333 3.152457 0.966090
-1.009565 -1.009565 -1.360429 -1.360429 0.295430 0.284388 -1.253819 -1.063721 3.161906 0.967029
-1.023744 -1.023744 -1.328263 -1.328263 0.291415 0.277093 -1.267872 -1.105279 3.128002 0.958249
-1.021235 -1.021235 -1.337108 -1.337108 0.298650 0.308716 -1.297340 -0.992151 3.151645 0.964197
-1.021235 -1.021235 -1.337108 -1.337108 0.293419 0.294232 -1.300000 -1.010392 3.160061 0.963004
-1.023861 -1.023861 -1.345418 -1.345418 0.296435 0.299846 -1.300000 -1.069304 3.145530 0.967277
-1.023861 -1.023861 -1.345418 -1.345418 0.300369 0.333276 -1.296780 -0.856545 3.167407 0.958923
-1.031336 -1.031336 -1.359881 -1.359881 0.297056 0.317679 -1.298721 -0.937100 3.155468 0.962013
-1.027012 -1.027012 -1.364463 -1.364463 0.294283 0.285587 -1.271819 -1.049981 3.167855 0.962243
-1.047305 -1.047305 -1.286301 -1.286301 0.296888 0.285999 -1.274606 -1.108017 3.139272 0.960808
-1.019129 -1.019129 -0.901455 -0.901455 0.298084 0.292158 -1.293864 -0.983782 3.140305 0.959717
-1.012442 -1.012442 -1.247080 -1.247080 0.293335 0.283940 -1.269910 -1.040583 3.180360 0.961296
-1.017626 -1.017626 -1.160668 -1.160668 0.293578 0.289350 -1.299994 -1.002752 3.152286 0.957929
-1.013620 -1.013620 -1.145096 -1.145096 0.290853 0.275378 -1.265049 -1.077334 3.144363 0.965606
-0.981946 -0.981946 -1.204673 -1.204673 0.296316 0.287512 -1.283301 -1.027874 3.142371 0.962343
-1.022295 -1.022295 -1.167510 -1.167510 0.288384 0.259122 -1.226051 -1.128278 3.170246 0.965362
-1.029220 -1.029220 -1.363042 -1.363042 0.302558 0.319041 -1.300000 -0.965610 3.141947 0.963545
-1.014812 -1.014812 -1.163761 -1.163761 0.295200 0.273418 -1.258937 -1.071443 3.150857 0.965581
-1.024938 -1.024938 -1.092097 -1.092097 0.296723 0.280940 -1.260686 -1.056585 3.142205 0.960826
-1.011727 -1.011727 -1.157397 -1.157397 0.294611 0.282716 -1.276153 -1.050469 3.142897 0.965593
-1.025473 -1.025473 -1.548452 -1.548452 0.298606 0.315204 -1.292759 -0.968526 3.166965 0.962576
-0.997022 -0.997022 -1.170035 -1.170035 0.301475 0.296366 -1.281965 -1.019537 3.133249 0.967810
-1.035792 -1.035792 -1.046090 -1.046090 0.294857 0.285199 -1.272315 -1.036320 3.161017 0.963596
-1.025941 -1.025941 -1.113534 -1.113534 0.297475 0.292221 -1.277797 -1.024711 3.139562 0.962284
-1.027439 -1.027439 -1.409827 -1.409827 0.305198 0.319551 -1.300000 -0.986547 3.151137 0.964523
-1.002822 -1.002822 -1.266522 -1.266522 0.291757 0.282500 -1.295736 -0.990697 3.131175 0.965540
-1.000696 -1.000696 -1.023641 -1.023641 0.298947 0.280029 -1.246337 -1.075714 3.142354 0.968474
-1.025997 -1.025997 -0.855859 -0.855859 0.292946 0.268905 -1.235090 -1.035059 3.150737 0.965594
-1.031472 -1.031472 -1.137821 -1.137821 0.292884 0.275768 -1.254981 -1.072676 3.159378 0.962878
-1.043860 -1.043860 -1.370927 -1.370927 0.293162 0.288764 -1.277900 -1.065926 3.158809 0.962947
-1.003328 -1.003328 -1.222105 -1.222105 0.292672 0.269202 -1.260471 -1.108552 3.156929 0.961391
-1.015649 -1.015649 -1.168742 -1.168742 0.288174 0.263614 -1.237184 -1.107478 3.158884 0.964952
-1.004752 -1.004752 -1.045130 -1.045130 0.294389 0.272614 -1.274552 -1.085691 3.162215 0.965954
-1.043175 -1.043175 -1.145526 -1.145526 0.296522 0.300685 -1.300000 -1.011724 3.143824 0.959382
-1.034338 -1.034338 -1.490638 -1.490638 0.297764 0.299892 -1.278501 -1.030834 3.125673 0.961777
-1.037069 -1.037069 -1.352452 -1.352452 0.293194 0.296200 -1.272367 -1.011235 3.131613 0.960707
-1.003663 -1.003663 -1.215112 -1.215112 0.297062 0.287669 -1.245608 -1.040121 3.135065 0.963884
-1.027748 -1.027748 -0.960701 -0.960701 0.295417 0.299906 -1.300000 -0.930797 3.151242 0.960856
-1.043347 -1.043347 -0.965303 -0.965303 0.288073 0.275673 -1.261174 -1.017700 3.145498 0.964844
-0.986105 -0.986105 -0.977885 -0.977885 0.299905 0.271763 -1.191541 -1.021932 3.143220 0.950554
-0.995973 -0.995973 -1.120988 -1.120988 0.289415 0.268056 -1.256751 -1.060482 3.158005 0.963408
-1.016624 -1.016624 -1.388918 -1.388918 0.297578 0.305957 -1.271162 -0.996698 3.151755 0.963047
-1.039363 -1.039363 -1.552016 -1.552016 0.289931 0.301298 -1.294348 -1.015530 3.144306 0.962283
-0.997166 -0.997166 -0.871731 -0.871731 0.293131 0.283258 -1.289257 -0.985708 3.115138 0.959885
-1.046422 -1.046422 -0.875904 -0.875904 0.290175 0.273330 -1.274606 -1.055086 3.134152 0.964939
-1.019302 -1.019302 -0.916001 -0.916001 0.292466 0.259515 -1.231673 -1.089572 3.175272 0.965076
-1.017054 -1.017054 -1.337045 -1.337045 0.295806 0.285405 -1.257650 -1.053305 3.168925 0.962444
-1.024811 -1.024811 -0.811435 -0.811435 0.294534 0.292472 -1.300000 -0.957777 3.147718 0.967353
-1.009743 -1.009743 -0.986044 -0.986044 0.304005 0.296874 -1.270634 -0.954164 3.142080 0.960236
-1.026739 -1.026739 -1.310429 -1.310429 0.304548 0.319592 -1.292841 -0.957768 3.145064 0.961252
-1.045378 -1.045378 -1.429353 -1.429353 0.292996 0.292169 -1.279270 -1.067608 3.142233 0.967731
-1.029996 -1.029996 -1.296851 -1.296851 0.297359 0.284349 -1.248611 -1.098706 3.148886 0.960224
