-1.053727 -0.995887 -0.446640 -2.129713 0.300911 0.303448 -1.260244 -0.981290 3.107047 0.959508
-0.984481 -1.242153 0.681337 -2.537980 0.305035 0.263839 -1.253992 -1.079466 3.175128 0.964529
-1.014239 -0.390242 -3.547875 -3.077717 0.287635 0.272700 -1.086784 -1.012742 3.096509 0.963218
-0.976743 -1.600733 -2.921000 -4.636660 0.298162 0.297201 -1.300000 -1.021825 3.217041 0.960451
-1.029596 -0.503175 -2.227896 -1.871352 0.298398 0.294569 -1.146309 -0.996650 3.092206 0.967042
-0.993170 -1.243836 0.706183 -3.883516 0.318373 0.308826 -1.299954 -0.995752 3.184183 0.956586
-1.023232 -0.929064 -2.287558 -3.822228 0.291442 0.301611 -1.244833 -0.963526 3.145917 0.962659
-0.970819 -0.559151 -4.938091 -1.500893 0.306994 0.283387 -1.130020 -1.077569 3.136397 0.963304
-1.112769 -0.525389 -1.698646 -3.718351 0.299668 0.301171 -1.124330 -0.981898 3.094929 0.963810
-0.926687 -0.991504 -2.065199 -0.766029 0.308283 0.302333 -1.300000 -0.964777 3.168587 0.959497
-1.014394 -0.402434 -4.138507 -2.891249 0.309890 0.301177 -1.088876 -1.028196 3.117415 0.963930
-0.955584 -1.745268 0.784830 -3.580990 0.295136 0.248011 -1.282459 -1.130254 3.216045 0.955133
-1.048886 -0.465540 -3.934915 -3.276982 0.289969 0.289325 -1.121604 -1.015227 3.094044 0.963162
-1.002036 -2.456642 0.269506 -1.641567 0.287977 0.240199 -1.299973 -1.212808 3.218880 0.946240
-0.991665 -1.313643 -0.186191 -4.091892 0.297430 0.276062 -1.290165 -1.055630 3.202352 0.960369
-1.017175 -1.426434 -1.071449 -1.007680 0.292099 0.269058 -1.297250 -1.101434 3.190317 0.962859
-1.004654 -0.637257 -1.200443 -4.360046 0.306500 0.304580 -1.208610 -0.972203 3.085739 0.959586
-1.032983 -1.244237 -1.293323 0.871687 0.297656 0.285573 -1.299875 -1.018109 3.168505 0.955779
-1.036528 -1.507741 -1.417342 -1.528545 0.302770 0.333705 -1.300000 -0.901398 3.189552 0.961998
-0.982852 -0.788769 -3.419917 -4.130351 0.305994 0.307963 -1.241045 -1.011728 3.137386 0.964515
-1.028991 -0.541779 -0.878151 -4.621437 0.310651 0.296884 -1.163990 -0.990972 3.096703 0.960479
-0.993139 -0.619650 -3.782540 -0.389638 0.307309 0.297781 -1.183040 -1.005367 3.159387 0.963450
-0.948810 -1.189447 -1.784953 -0.236439 0.314209 0.294593 -1.300000 -1.070681 3.182945 0.965899
-1.008561 -0.853420 -2.735396 -2.119242 0.292120 0.283047 -1.217449 -1.041385 3.132529 0.963948
-0.955117 -1.482728 0.050723 -2.137354 0.293767 0.262102 -1.300000 -1.084000 3.202507 0.964514
-0.986579 -1.939729 0.088552 0.756881 0.312476 0.276324 -1.300000 -1.056398 3.204453 0.950636
-0.943970 -1.058525 -1.009683 -2.584930 0.312486 0.278499 -1.253759 -1.088250 3.160605 0.957672
-0.976657 -1.065389 -4.923310 -3.451171 0.295241 0.303838 -1.300000 -1.013202 3.184471 0.964594
-0.965554 -1.872379 -0.301646 -3.095130 0.290405 0.255132 -1.300000 -1.138959 3.218880 0.945702
-1.001223 -0.257595 -4.581691 -2.328791 0.294519 0.276458 -1.047268 -1.045073 3.088466 0.966712
-1.018236 -1.400017 -0.489981 -4.951425 0.292864 0.271181 -1.300000 -1.110445 3.203431 0.961946
-0.984926 -1.015836 -3.033705 -4.244743 0.295432 0.297451 -1.300000 -1.007459 3.150411 0.962601
-0.920597 -2.029841 0.380061 -3.099139 0.316780 0.276345 -1.300000 -1.113222 3.218880 0.950812
-0.959861 -1.306073 -0.782020 -4.299217 0.303582 0.283641 -1.300000 -1.048716 3.214670 0.962603
-0.926911 -0.704969 -2.694852 -2.579771 0.319293 0.321452 -1.239591 -0.926628 3.142036 0.962338
-1.056033 -1.079205 0.315514 -4.824097 0.298468 0.294866 -1.299861 -1.030258 3.130362 0.966262
-0.923997 -1.198789 -3.294998 0.424732 0.311624 0.294399 -1.300000 -1.071230 3.156120 0.958874
-1.057224 -1.307822 -0.421400 0.124758 0.284529 0.265665 -1.300000 -1.043500 3.203504 0.964855
-1.003242 -0.876543 -3.421214 -0.600451 0.290186 0.283412 -1.233502 -1.030247 3.152632 0.962932
-1.012097 -0.903824 -2.334328 -0.062031 0.315122 0.303303 -1.254948 -1.092451 3.115860 0.961395
-1.000991 -0.248321 -4.623639 -2.767050 0.295657 0.292754 -1.086797 -1.007953 3.078051 0.969868
-1.045158 -0.552089 -2.693412 -2.602494 0.296350 0.299063 -1.203111 -1.051351 3.076196 0.963868
-0.978996 -0.597733 -3.270274 -0.663707 0.319199 0.309966 -1.156254 -0.996388 3.090849 0.957888
-1.032527 -1.154523 -0.551656 -0.739803 0.282154 0.269291 -1.289790 -0.968953 3.195798 0.961039
-1.047377 -0.951464 -4.359158 0.940720 0.282929 0.272588 -1.213093 -1.066853 3.175333 0.967159
-0.955790 -0.727512 -4.733969 -0.552387 0.297214 0.267286 -1.186884 -1.122514 3.148942 0.967778
-0.964493 -1.181574 -3.316614 -2.690976 0.284281 0.242488 -1.203846 -1.194535 3.217637 0.963666
-1.024921 -0.578971 -3.770135 -2.064983 0.289014 0.298765 -1.203363 -0.981200 3.122187 0.970033
-1.016872 -0.638990 -2.794881 -2.989384 0.296707 0.301995 -1.214365 -1.009671 3.137847 0.965131
-1.015430 -0.210318 -4.210703 -4.898491 0.303044 0.302583 -1.051730 -0.970063 3.034877 0.963820
-0.961951 -0.984995 -4.687499 -1.312855 0.306174 0.312181 -1.300000 -1.002208 3.166515 0.964809
-1.068096 -1.284777 0.294041 -1.924538 0.297179 0.283246 -1.300000 -1.085943 3.149380 0.958840
-0.988878 -0.846265 -3.353670 -0.224435 0.308757 0.303003 -1.223477 -1.010600 3.133363 0.962042
-0.994522 -0.654111 -3.534921 -2.790472 0.290327 0.266599 -1.177880 -1.090891 3.139623 0.966478
-0.999639 -0.421112 -4.222147 -4.599323 0.298723 0.296027 -1.143108 -0.998981 3.095559 0.965096
-0.979301 -1.284552 0.742932 -1.876196 0.294208 0.258643 -1.285589 -1.003880 3.177233 0.959790
-1.040405 -1.041537 -0.405807 -3.294038 0.308384 0.328817 -1.290593 -0.900540 3.155250 0.961743
