-0.989992 -0.989992 -1.544975 -1.544975 0.304734 0.314412 -1.298390 -0.985694 3.136052 0.961242
-1.021577 -1.021577 -0.930758 -0.930758 0.318053 0.317300 -1.300000 -0.988373 3.145361 0.957977
-0.969776 -0.969776 -1.360334 -1.360334 0.280124 0.283219 -1.299912 -0.965677 3.126210 0.962067
-0.971589 -0.971589 -1.357736 -1.357736 0.278823 0.258261 -1.230977 -1.012579 3.145282 0.962490
-0.970318 -0.970318 -1.304239 -1.304239 0.293019 0.275660 -1.235763 -1.016321 3.130367 0.958906
-0.965425 -0.965425 -1.319158 -1.319158 0.307822 0.309448 -1.293995 -0.970600 3.110694 0.963079
-0.961304 -0.961304 -1.321878 -1.321878 0.301373 0.285794 -1.277981 -1.046390 3.116103 0.963782
-0.987073 -0.987073 -1.280516 -1.280516 0.292374 0.294460 -1.299815 -0.980774 3.114883 0.964441
-0.991064 -0.991064 -1.305985 -1.305985 0.293369 0.292067 -1.299680 -1.017147 3.106979 0.965911
-0.978603 -0.978603 -1.304709 -1.304709 0.304029 0.281753 -1.247657 -1.070268 3.119424 0.964133
-0.989429 -0.989429 -1.317238 -1.317238 0.291963 0.267418 -1.236489 -1.064429 3.127592 0.962493
-0.989429 -0.989429 -1.317238 -1.317238 0.295789 0.290906 -1.299499 -1.031667 3.117509 0.966735
-0.991966 -0.991966 -1.304734 -1.304734 0.301108 0.277180 -1.241892 -1.033514 3.121119 0.958614
-0.999406 -0.999406 -1.329738 -1.329738 0.288606 0.273217 -1.272149 -1.056693 3.114599 0.962437
-0.999048 -0.999048 -1.331991 -1.331991 0.295809 0.294516 -1.282019 -1.007045 3.104051 0.962461
-1.010787 -1.010787 -1.326650 -1.326650 0.298951 0.316436 -1.287408 -0.920233 3.120953 0.959212
-1.013386 -1.013386 -1.330426 -1.330426 0.285608 0.272498 -1.271304 -1.062119 3.134037 0.967877
-1.013386 -1.013386 -1.330426 -1.330426 0.284179 0.275183 -1.293341 -1.039726 3.115116 0.962701
-1.013386 -1.013386 -1.330426 -1.330426 0.286583 0.267188 -1.223009 -1.055659 3.132310 0.964052
-1.013386 -1.013386 -1.330426 -1.330426 0.288755 0.286190 -1.286161 -1.022299 3.123742 0.965634
-1.013386 -1.013386 -1.330426 -1.330426 0.297337 0.316328 -1.269030 -0.900786 3.124195 0.960721
-1.013304 -1.013304 -1.330988 -1.330988 0.287739 0.283475 -1.299095 -1.068232 3.114085 0.964061
-1.016247 -1.016247 -1.322952 -1.322952 0.288212 0.268338 -1.239950 -1.073472 3.148648 0.961494
-1.017348 -1.017348 -1.301872 -1.301872 0.294491 0.285465 -1.270188 -1.075111 3.119852 0.961657
-1.021502 -1.021502 -1.353210 -1.353210 0.299740 0.311113 -1.298374 -0.996481 3.116163 0.964266
-1.004288 -1.004288 -1.310612 -1.310612 0.304619 0.296157 -1.293238 -1.068437 3.109015 0.962407
-1.005189 -1.005189 -1.302287 -1.302287 0.298401 0.275591 -1.249795 -1.096151 3.128815 0.962078
-1.005810 -1.005810 -1.302002 -1.302002 0.307909 0.320639 -1.300000 -0.965239 3.115356 0.962018
-1.007214 -1.007214 -1.300795 -1.300795 0.304286 0.303510 -1.297455 -1.031185 3.119213 0.964562
-1.007757 -1.007757 -1.306461 -1.306461 0.307935 0.314710 -1.300000 -1.004163 3.118920 0.962924
-1.006932 -1.006932 -1.306367 -1.306367 0.302515 0.295495 -1.300000 -1.071795 3.110707 0.962362
-1.006932 -1.006932 -1.306367 -1.306367 0.307644 0.300611 -1.253947 -1.042891 3.133710 0.962697
-1.007041 -1.007041 -1.302454 -1.302454 0.307046 0.298110 -1.278335 -1.041591 3.127740 0.964584
-1.007041 -1.007041 -1.302454 -1.302454 0.297893 0.269713 -1.241925 -1.131604 3.133482 0.962472
-1.008511 -1.008511 -1.305750 -1.305750 0.299622 0.271991 -1.255601 -1.143413 3.123645 0.962128
-1.019456 -1.019456 -1.308968 -1.308968 0.298248 0.286799 -1.293115 -1.088429 3.120063 0.962812
-1.020701 -1.020701 -1.307911 -1.307911 0.300580 0.297519 -1.299441 -1.063482 3.112473 0.963175
-1.021123 -1.021123 -1.306176 -1.306176 0.308489 0.316059 -1.286349 -0.967464 3.119930 0.961113
-1.021123 -1.021123 -1.306176 -1.306176 0.309706 0.323664 -1.289446 -0.971070 3.126375 0.964157
-1.020214 -1.020214 -1.308213 -1.308213 0.302825 0.292611 -1.286400 -1.064400 3.120934 0.958037
-1.020214 -1.020214 -1.308213 -1.308213 0.309299 0.303735 -1.252809 -1.031560 3.120696 0.956746
-1.020214 -1.020214 -1.308213 -1.308213 0.305142 0.298552 -1.290263 -1.070626 3.110335 0.960798
-1.020036 -1.020036 -1.304394 -1.304394 0.308548 0.310326 -1.284084 -1.009474 3.112337 0.958162
-1.031155 -1.031155 -1.281037 -1.281037 0.298216 0.281239 -1.268883 -1.100165 3.128104 0.964192
-1.029905 -1.029905 -1.275501 -1.275501 0.300246 0.295744 -1.294292 -1.073745 3.113490 0.963531
-1.033330 -1.033330 -1.272323 -1.272323 0.304977 0.306325 -1.289909 -1.030666 3.117238 0.964475
-1.064244 -1.064244 -1.185741 -1.185741 0.289282 0.281540 -1.275581 -1.054013 3.128571 0.966637
-1.066644 -1.066644 -1.186301 -1.186301 0.288134 0.273736 -1.267621 -1.077398 3.126022 0.963493
-1.066644 -1.066644 -1.186301 -1.186301 0.288812 0.278857 -1.274411 -1.090572 3.118697 0.967766
-1.066849 -1.066849 -1.195649 -1.195649 0.290275 0.295286 -1.287839 -1.008856 3.123452 0.964637
-1.063773 -1.063773 -1.196063 -1.196063 0.285717 0.276077 -1.282262 -1.094078 3.119584 0.965305
-1.054496 -1.054496 -1.144187 -1.144187 0.290983 0.293625 -1.284668 -1.002377 3.117734 0.961015
-1.049185 -1.049185 -1.156617 -1.156617 0.297026 0.307416 -1.299921 -1.010168 3.109462 0.965607
-1.047326 -1.047326 -1.148958 -1.148958 0.301491 0.331705 -1.298923 -0.886058 3.109279 0.964501
-1.050775 -1.050775 -1.153679 -1.153679 0.283786 0.273465 -1.298036 -1.102822 3.103239 0.964318
-1.052112 -1.052112 -1.151681 -1.151681 0.282575 0.248261 -1.182868 -1.102070 3.164166 0.968707
-1.051069 -1.051069 -1.144751 -1.144751 0.286519 0.289555 -1.299106 -1.010378 3.110517 0.962166
