-1.019766 -0.161074 0.296724 0.320659 -1.070910 -0.916947 3.084028 0.966514
-1.045027 -0.318450 0.287944 0.291797 -1.102163 -1.046923 3.092917 0.965168
-1.031038 -0.265163 0.284931 0.292591 -1.092741 -1.062086 3.056149 0.970987
-1.042038 -0.042125 0.301022 0.305937 -1.023879 -0.992971 3.098503 0.968232
-1.107226 0.183751 0.289425 0.312494 -1.036462 -0.921091 3.019000 0.970087
-0.854910 -0.938594 0.287455 0.290397 -1.001537 -0.964362 3.050200 0.969723
-0.958080 -0.539774 0.304709 0.319152 -1.120291 -1.012146 3.128101 0.967956
-0.982391 -0.409254 0.294722 0.315685 -1.076240 -0.943071 3.134380 0.963437
-0.998302 -0.308199 0.299169 0.300275 -1.050878 -1.020658 3.117290 0.961068
-0.934411 -0.476289 0.300725 0.303093 -1.069807 -1.023411 3.152789 0.968040
-0.898015 -0.854603 0.303727 0.317535 -1.067882 -0.990520 3.120865 0.958633
-1.041883 -0.380777 0.283669 0.289816 -1.140870 -1.052942 3.115434 0.966864
-0.848630 -0.801245 0.290252 0.322309 -1.123351 -0.952782 3.106851 0.966893
-1.039673 -0.002554 0.309058 0.316369 -1.027706 -1.004193 3.027668 0.968118
-1.071020 -0.020180 0.296506 0.319928 -1.059984 -0.936878 3.022288 0.966442
-1.063571 -0.048763 0.298864 0.314757 -1.083627 -1.031841 2.981482 0.962929
-0.921382 -0.429128 0.302419 0.322313 -1.055675 -0.921003 3.145145 0.967728
-0.990822 -0.045606 0.309479 0.307935 -0.991059 -1.010953 3.078407 0.968030
-0.948408 -0.343055 0.291621 0.298757 -1.053346 -0.979203 3.118314 0.968919
-0.884025 -0.510017 0.308414 0.316765 -1.039711 -0.964508 3.129998 0.963953
-1.034045 -0.026919 0.290906 0.291323 -1.012651 -0.994131 3.065163 0.971576
-1.068389 -0.106823 0.295618 0.302579 -1.078738 -1.049253 3.038580 0.966254
-0.743339 -1.404826 0.301371 0.316023 -1.055676 -0.968256 3.052966 0.966249
-0.905310 -0.770034 0.300621 0.329642 -1.060809 -0.887596 3.065384 0.962988
-1.043497 -0.099912 0.293723 0.320945 -1.077037 -0.964229 3.045965 0.968855
-1.054759 0.030351 0.298512 0.295426 -1.004461 -1.065504 3.092444 0.965590
-1.005453 -0.336497 0.289667 0.287147 -1.082693 -1.065170 3.134253 0.967577
-1.056508 -0.081147 0.295196 0.310236 -1.058861 -0.962189 3.107769 0.969223
-1.081632 0.150226 0.287742 0.278296 -0.990874 -1.032402 3.087569 0.970967
-1.027776 -0.166145 0.289210 0.288967 -1.032580 -1.000054 3.082661 0.969387
-1.214443 0.388162 0.292880 0.298860 -1.064317 -1.025688 3.017803 0.967865
-0.957273 -0.392747 0.292809 0.293934 -1.085561 -1.033827 3.101358 0.962926
-0.928491 -0.539308 0.296136 0.287261 -1.094914 -1.099818 3.100410 0.963136
-0.938194 -0.552274 0.283895 0.294559 -1.082495 -0.989387 3.149491 0.966186
-0.855350 -0.925796 0.281051 0.286926 -1.105753 -1.061684 3.137635 0.971728
-0.979965 -0.143862 0.298380 0.302135 -1.049387 -0.985569 3.080208 0.964633
-0.852281 -0.859984 0.302023 0.307484 -1.008549 -0.979548 3.090196 0.965496
-1.153536 0.302945 0.291261 0.294468 -1.030836 -1.002566 3.043804 0.972144
-0.831105 -0.781895 0.290068 0.302253 -1.068401 -0.984942 3.014092 0.968299
-1.053475 -0.108520 0.287506 0.295204 -1.046072 -0.996994 3.098651 0.966991
-0.974038 -0.595372 0.292055 0.314120 -1.139092 -0.990238 3.146750 0.963122
-0.916956 -0.560909 0.315512 0.331686 -1.109994 -0.966547 3.082757 0.958779
-1.003179 -0.022338 0.313772 0.320413 -1.014372 -0.997583 3.049873 0.968065
-0.890777 -0.596537 0.289707 0.289808 -1.080525 -1.022826 3.158291 0.964526
-1.021465 -0.406398 0.297985 0.303969 -1.084029 -1.020797 3.140474 0.967815
-1.078215 -0.098924 0.298001 0.319676 -1.086937 -0.981890 3.105669 0.971407
-0.986221 -0.534764 0.298997 0.316841 -1.127145 -1.012266 3.109796 0.957864
-1.123966 -0.142213 0.289363 0.317736 -1.146772 -0.995293 3.094911 0.973748
-1.131462 0.197024 0.292789 0.312649 -1.050742 -0.945336 3.000044 0.966850
-0.905494 -0.684222 0.303556 0.316365 -1.110670 -1.019076 3.116188 0.961564
-0.879117 -0.884529 0.291768 0.277716 -1.113675 -1.100815 3.139217 0.960923
-0.956443 -0.423162 0.295265 0.301789 -1.073107 -1.051876 3.118419 0.967475
-1.013937 -0.116599 0.291346 0.297009 -1.042923 -0.993990 3.055782 0.965236
-0.849379 -0.860311 0.297461 0.320306 -1.035862 -0.907371 3.070044 0.967987
-1.063709 -0.002696 0.288659 0.284149 -1.051637 -1.024217 3.085119 0.966898
-1.010644 -0.118735 0.300961 0.303913 -1.045789 -1.084510 3.058669 0.961360
-0.889149 -0.855692 0.299883 0.306326 -1.065710 -1.053602 3.085358 0.971719
-1.033959 0.106985 0.306746 0.308065 -0.997522 -1.009406 3.054303 0.969644
-1.067363 -0.135859 0.291519 0.295401 -1.066202 -1.038451 3.100597 0.964598
-1.096000 0.081610 0.304303 0.317249 -1.047009 -0.967179 3.050473 0.965747
-1.028132 -0.463068 0.298695 0.329759 -1.112724 -0.922015 3.145135 0.967317
-0.778557 -0.920850 0.300280 0.336727 -1.099079 -0.890322 3.144097 0.964891
-1.020548 0.035306 0.304319 0.303832 -1.024565 -1.041708 3.058820 0.972903
-1.065493 0.165379 0.308760 0.314623 -0.983785 -0.962958 3.003003 0.967363
-1.020594 -0.216702 0.290077 0.277453 -1.047312 -1.121482 3.130041 0.971098
-0.994606 -0.495793 0.287345 0.292251 -1.120361 -1.064068 3.151009 0.962456
-1.022817 -0.222780 0.298306 0.302344 -1.084183 -1.035134 3.085879 0.966031
-0.956141 -0.382986 0.294929 0.303639 -1.081678 -0.988320 3.087995 0.961857
-0.903433 -0.473367 0.314605 0.324454 -1.031142 -0.947045 3.125658 0.962694
-1.038193 -0.170077 0.294758 0.307340 -1.067265 -0.976340 3.096072 0.964028
-1.145783 0.076751 0.292809 0.309978 -1.076625 -1.004548 3.020520 0.972626
-1.124867 -0.030666 0.283403 0.297249 -1.083928 -1.033019 3.057563 0.971636
-1.110444 -0.165658 0.290718 0.308265 -1.130687 -1.062044 3.081129 0.968181
-1.015743 -0.087029 0.300418 0.307380 -1.019854 -0.975206 3.059948 0.964378
-1.010932 -0.182832 0.308571 0.333771 -1.051495 -0.890788 3.046447 0.966440
-0.974456 -0.117403 0.303659 0.300595 -0.987708 -0.984638 3.064874 0.965002
-0.849355 -0.867913 0.303811 0.303523 -0.990080 -0.966026 3.071535 0.965849
-1.168640 0.287213 0.299469 0.301518 -1.043009 -1.043999 3.039859 0.969277
-1.015171 -0.269023 0.292829 0.292232 -1.066901 -1.030425 3.103735 0.962792
-1.004342 -0.174003 0.298957 0.316968 -1.045105 -0.966108 3.059479 0.966547
-0.927275 -0.569979 0.290867 0.287004 -1.059186 -1.022971 3.133836 0.959298
-1.026086 -0.197423 0.291823 0.302812 -1.078335 -1.026534 3.074968 0.966458
-1.172720 0.484771 0.297514 0.288159 -0.965700 -1.032000 3.012150 0.970182
-1.075309 0.000291 0.286758 0.294868 -1.053917 -1.042699 3.044283 0.967980
-0.792164 -0.928301 0.287046 0.308619 -1.075024 -0.967417 3.054161 0.968751
-1.099928 0.017750 0.287571 0.288176 -1.059432 -1.060575 3.110877 0.971798
-0.889343 -0.764153 0.288377 0.286916 -1.052100 -1.042328 3.106603 0.966573
-1.060606 -0.201076 0.287236 0.297006 -1.074236 -0.993277 3.124075 0.964866
-0.961204 -0.218702 0.311007 0.293666 -0.992528 -1.073799 3.079997 0.962433
-0.939611 -0.224390 0.307082 0.313618 -1.026879 -0.972956 3.089385 0.958327
-1.009372 -0.279435 0.295169 0.307235 -1.132467 -1.107274 3.050086 0.970021
