0.301838 0.296157 -0.976944 -0.991904 3.218880 0.966766
0.308498 0.302761 -0.980024 -0.988508 3.138636 0.967509
0.300204 0.295235 -0.965717 -0.953578 3.192672 0.967021
0.311409 0.315327 -0.947524 -0.924186 3.218880 0.966055
0.304332 0.314567 -0.984886 -0.921181 3.150192 0.970067
0.304861 0.320040 -0.976387 -0.894921 3.148239 0.965023
0.312502 0.318662 -1.008698 -0.995446 3.121332 0.966539
0.319334 0.313227 -0.981023 -1.020055 3.127872 0.961193
0.321019 0.319808 -0.964674 -0.977209 3.084051 0.961541
0.315898 0.315840 -0.994315 -1.018941 3.071443 0.963444
0.303533 0.281031 -0.985356 -1.071194 3.193466 0.973829
0.307443 0.297040 -0.979077 -1.003305 3.160137 0.952404
0.308387 0.309419 -0.969649 -0.944469 3.172085 0.960583
0.313092 0.310024 -1.014790 -1.012004 3.120195 0.967300
0.312242 0.301326 -0.982482 -1.034096 3.170326 0.967848
0.305645 0.301772 -0.966319 -0.983694 3.155333 0.965661
0.301153 0.292094 -0.952845 -1.029187 3.211801 0.966811
0.306195 0.317853 -1.001609 -0.969766 3.080640 0.963691
0.285826 0.284772 -0.997157 -0.990038 3.217947 0.969154
0.302061 0.308843 -1.021320 -1.001473 3.185945 0.967975
0.300818 0.285910 -0.968123 -1.010307 3.156218 0.973226
0.294908 0.288247 -0.998975 -1.038454 3.163545 0.968287
0.300954 0.312596 -1.007637 -0.908534 3.182562 0.971350
0.311155 0.303800 -0.997430 -1.008195 3.094807 0.957076
0.312293 0.302822 -0.995127 -1.013771 3.162032 0.969718
0.306541 0.309988 -0.963766 -0.935716 3.178498 0.962385
0.304834 0.286181 -0.985124 -1.086961 3.089405 0.961024
0.313218 0.312248 -0.969576 -0.947679 3.172131 0.963164
0.300536 0.291445 -1.005142 -0.987997 3.215693 0.970804
0.308990 0.302142 -0.980608 -1.005508 3.175896 0.956881
0.303193 0.315641 -1.001169 -0.978444 3.110442 0.963396
0.320574 0.316900 -1.017508 -1.007936 3.134600 0.963319
0.306317 0.298872 -0.952718 -0.972845 3.211998 0.960560
0.309855 0.297906 -0.934662 -0.996075 3.218880 0.959331
0.308177 0.306978 -0.962003 -0.962512 3.163883 0.970920
0.312966 0.311604 -0.964473 -0.963917 3.180124 0.960440
0.315342 0.316828 -0.967224 -0.959162 3.186997 0.966466
0.306096 0.299941 -0.972052 -1.000548 3.214487 0.969243
0.320761 0.321543 -0.996490 -0.988719 3.093705 0.959855
0.286335 0.303222 -0.982384 -0.897321 3.194300 0.970094
0.301182 0.290194 -0.967163 -1.049430 3.134791 0.965838
0.295581 0.298913 -0.983760 -0.940464 3.137621 0.967319
0.309226 0.312003 -0.993939 -0.951928 3.159729 0.965488
0.321217 0.327221 -0.984990 -0.937689 3.178589 0.962427
0.316683 0.319986 -0.987894 -0.922000 3.165328 0.962250
0.301629 0.304378 -1.037570 -1.033705 3.133756 0.972217
0.287836 0.297583 -0.993749 -0.932788 3.171722 0.968767
0.304127 0.305652 -0.978576 -0.977191 3.145295 0.959429
0.297413 0.287185 -0.980814 -1.027831 3.163577 0.966460
0.308874 0.297400 -1.013505 -1.029515 3.159274 0.959932
0.302530 0.295331 -0.975034 -1.106677 3.162168 0.969185
0.304874 0.295963 -0.985992 -0.984250 3.139728 0.952131
0.302665 0.315234 -0.965893 -0.902692 3.207440 0.962627
0.311725 0.308155 -0.988410 -0.985206 3.043345 0.965814
0.318933 0.316518 -1.017428 -1.032765 3.047817 0.961104
0.305948 0.339243 -0.975169 -0.782608 3.190317 0.969756
0.303933 0.292665 -0.952616 -1.023272 3.154959 0.957854
