0.307144 0.294290 -0.977543 -1.028529 3.148582 0.962876
0.310525 0.311265 -0.995695 -1.020849 3.114545 0.961817
0.306654 0.300560 -0.952427 -0.968573 3.218880 0.963210
0.298069 0.304632 -0.978054 -0.883462 3.201408 0.965240
0.312176 0.303855 -0.996244 -1.047217 3.152167 0.968887
0.326444 0.316880 -0.992219 -1.036956 3.098636 0.970370
0.299290 0.292864 -0.968884 -1.024022 3.181807 0.962097
0.324643 0.325433 -0.985997 -1.010898 3.131712 0.967647
0.299395 0.286958 -0.979665 -0.995007 3.210250 0.955173
0.318928 0.327871 -0.992965 -0.922547 3.197758 0.972510
0.308242 0.288074 -0.986019 -1.083439 3.145402 0.966271
0.301990 0.309625 -1.003676 -1.003070 2.975829 0.968732
0.304899 0.300770 -0.984869 -1.034901 3.154616 0.973660
0.306665 0.305298 -0.979371 -0.984126 3.218880 0.975410
0.316354 0.318812 -1.001818 -0.971780 3.152347 0.967540
0.308400 0.314463 -0.965974 -0.932559 3.218880 0.971388
0.311922 0.300000 -0.987052 -1.035999 3.136007 0.957722
0.313233 0.293799 -0.959529 -1.052664 3.182872 0.966517
0.315737 0.300078 -0.983876 -1.084440 3.071827 0.965754
0.308588 0.280677 -0.964798 -1.089036 3.088515 0.959297
0.304486 0.314091 -1.025685 -0.911994 3.192567 0.968282
0.308698 0.306449 -1.012146 -1.083503 3.123372 0.972320
0.287511 0.294514 -0.982487 -0.939298 3.217299 0.967873
0.318517 0.300970 -0.993912 -1.091813 3.122877 0.964114
0.321107 0.315207 -1.012195 -0.994423 3.072305 0.961796
0.304774 0.308179 -0.986049 -0.948479 3.183578 0.959925
0.313112 0.312444 -0.948023 -0.951820 3.208919 0.962336
0.309770 0.303831 -0.935081 -0.922156 3.214586 0.957905
0.288766 0.312593 -0.990370 -0.857391 3.214364 0.971272
0.312382 0.300912 -0.976653 -1.028639 3.090197 0.965503
0.292992 0.291790 -1.024780 -1.069531 3.057563 0.969979
0.302983 0.290159 -0.960075 -1.013269 3.099184 0.968584
0.301289 0.303844 -0.973008 -0.969205 3.119906 0.963324
0.303075 0.303840 -0.996318 -0.987306 3.147407 0.965981
0.299135 0.287670 -0.993843 -1.031628 3.152112 0.960694
0.307386 0.286457 -0.959575 -1.075243 3.132263 0.959302
0.289098 0.300744 -1.016867 -0.974206 3.161070 0.970855
0.303775 0.305918 -0.948011 -0.926630 3.218880 0.962450
0.317404 0.321855 -0.978155 -0.964728 3.159923 0.972021
0.306151 0.302751 -0.986426 -0.994332 3.174754 0.957364
0.289714 0.283481 -0.994263 -1.049999 3.189198 0.969873
0.299435 0.294258 -0.967251 -0.947745 3.178155 0.964233
0.301255 0.294298 -0.971999 -0.994218 3.132042 0.967643
0.308474 0.308664 -0.983906 -0.986881 3.154551 0.979215
0.296924 0.303013 -0.979873 -0.960053 3.178000 0.966142
0.307200 0.299834 -0.972099 -1.003884 3.171450 0.969282
0.300333 0.298919 -0.983358 -0.948391 3.209202 0.970821
0.306449 0.315109 -0.983392 -0.929623 3.141210 0.967982
0.303389 0.302997 -1.021431 -0.996984 3.078899 0.959941
0.295694 0.292939 -0.986732 -0.998777 3.127456 0.968399
0.309969 0.307344 -0.961150 -0.968101 3.134596 0.972804
0.315815 0.318098 -1.008649 -0.958356 3.147333 0.962741
0.304636 0.303148 -0.977095 -0.980949 3.134156 0.963782
0.312046 0.314583 -0.981683 -0.980316 3.115135 0.969246
0.324589 0.324330 -0.970802 -0.998972 3.182251 0.966487
0.296965 0.299950 -0.975299 -0.954235 3.161028 0.969386
0.299757 0.288697 -0.986707 -1.032254 3.162976 0.965017
