-1.022300 -0.825256 -2.935690 0.728368 0.291382 0.294401 -1.247906 -0.965858 3.151291 0.968831
-0.970815 -0.757319 -3.707712 -2.056969 0.320050 0.315246 -1.219964 -1.020361 3.139654 0.962872
-1.005666 -1.381264 0.802138 -3.578822 0.309291 0.290682 -1.300000 -1.024761 3.201127 0.953621
-1.012112 -1.031503 -1.117716 -4.979191 0.299636 0.325194 -1.282037 -0.874874 3.149235 0.960468
-0.980767 -0.763873 -1.307267 -2.112808 0.312718 0.307052 -1.218438 -0.960441 3.121748 0.965104
-1.068917 -0.744036 -4.294034 -1.387162 0.286490 0.299931 -1.198189 -0.985913 3.136769 0.965067
-1.015186 -1.373022 0.127963 -4.148062 0.296781 0.280109 -1.300000 -1.074104 3.167507 0.963773
-0.967764 -1.943682 -1.458056 -0.066535 0.303471 0.257893 -1.300000 -1.196622 3.218880 0.955877
-0.954234 -1.226846 -1.778036 -1.144753 0.313514 0.310161 -1.300000 -1.011992 3.182777 0.957099
-0.932834 -1.231778 -1.825643 -1.157845 0.310603 0.283367 -1.300000 -1.059253 3.211673 0.960793
-0.997048 -1.121847 -1.701091 -1.119600 0.310223 0.315006 -1.299978 -0.982742 3.181094 0.959897
-1.003490 -1.126102 -1.703897 -1.116642 0.298330 0.297487 -1.300000 -1.012676 3.176198 0.964657
-1.002691 -1.163832 -1.755769 -1.149814 0.295932 0.288227 -1.300000 -1.104035 3.153771 0.964643
-1.003741 -1.201755 -1.751236 -1.134199 0.287690 0.267034 -1.268159 -1.104611 3.183220 0.961224
-0.994304 -1.163051 -1.744016 -1.152688 0.294651 0.277265 -1.300000 -1.105656 3.180534 0.966760
-1.001559 -1.171582 -1.741927 -1.158386 0.280962 0.257229 -1.263069 -1.105172 3.195174 0.967667
-0.942050 -1.047184 -1.756282 -1.065257 0.300162 0.282775 -1.300000 -1.028419 3.165844 0.959508
-0.951887 -0.956113 -1.671556 -1.100469 0.311864 0.304791 -1.269770 -0.965538 3.139600 0.960204
-0.958425 -0.968386 -1.700698 -1.077898 0.297693 0.293430 -1.299700 -0.966192 3.160392 0.964866
-0.942642 -0.939648 -1.693847 -1.044508 0.310640 0.280949 -1.258164 -1.054192 3.165068 0.959785
-0.922299 -0.999408 -1.602630 -1.064893 0.315884 0.301296 -1.288919 -0.985684 3.161930 0.957841
-0.895504 -0.894962 -1.563503 -1.065717 0.323738 0.309695 -1.300000 -0.946561 3.161593 0.957535
-0.902365 -0.900682 -1.485260 -1.005634 0.323731 0.303835 -1.276246 -0.989006 3.160900 0.957262
-0.917465 -0.869544 -1.574716 -1.028365 0.328618 0.313682 -1.288897 -0.985861 3.154618 0.959896
-0.947182 -0.881357 -1.559954 -1.178931 0.310037 0.301450 -1.300000 -0.987343 3.162680 0.963848
-0.955099 -0.887388 -1.525814 -1.169014 0.309309 0.299759 -1.287746 -0.984127 3.156843 0.959889
-0.954241 -0.847255 -1.409117 -1.103259 0.313200 0.306829 -1.285414 -0.960495 3.146260 0.960188
-0.950128 -0.830589 -1.440538 -1.071413 0.314244 0.297566 -1.268851 -1.005499 3.148188 0.958617
-0.944863 -0.893681 -1.433087 -1.025757 0.310221 0.281084 -1.255915 -1.054360 3.163768 0.962124
-0.945307 -0.907111 -1.393553 -1.015780 0.317636 0.300784 -1.259249 -1.014161 3.142811 0.962045
-1.002064 -0.958401 -1.401678 -0.993508 0.295463 0.282339 -1.269355 -1.038367 3.154189 0.964135
-0.974495 -0.791482 -1.400269 -1.020660 0.308257 0.296746 -1.224076 -0.967070 3.149318 0.963569
-1.029088 -0.723598 -1.678002 -0.920045 0.297827 0.291419 -1.183961 -0.988171 3.129826 0.966553
-1.010997 -1.084318 -1.838924 -0.990280 0.288038 0.286513 -1.300000 -1.021779 3.152239 0.964174
-1.037369 -1.067253 -1.816692 -0.964235 0.274443 0.265415 -1.298366 -1.076646 3.173246 0.970671
-1.030314 -1.031838 -1.810598 -1.015529 0.285382 0.275760 -1.283697 -1.084601 3.142653 0.964642
-1.042497 -1.024921 -1.955881 -1.035247 0.303778 0.315459 -1.287195 -0.983603 3.150031 0.961984
-1.033408 -1.063425 -1.942481 -0.930053 0.296222 0.312959 -1.300000 -0.966169 3.157809 0.965525
-1.017596 -1.029676 -1.939335 -0.945779 0.290897 0.285912 -1.278502 -1.025425 3.164345 0.958452
-1.023282 -1.125566 -1.829948 -0.991350 0.297375 0.299217 -1.299955 -1.010615 3.151905 0.961732
-0.945868 -1.779704 0.421865 -1.717232 0.313198 0.275004 -1.300000 -1.084815 3.198923 0.957628
-0.935601 -1.499495 -1.148367 -2.203479 0.309914 0.272464 -1.300000 -1.138886 3.210012 0.954564
-0.981467 -1.693936 0.814127 -0.620326 0.301093 0.259998 -1.300000 -1.060646 3.218389 0.957946
-0.858327 -0.911478 -4.560529 -1.513919 0.330984 0.313732 -1.267519 -1.009860 3.153093 0.957591
-0.901998 -0.980299 -3.214605 -2.300504 0.314275 0.287582 -1.226804 -1.030560 3.199405 0.959158
-0.924309 -1.351947 -0.803345 -2.766620 0.311023 0.282037 -1.300000 -1.068829 3.198876 0.955138
-0.988434 -1.005524 -2.954793 -1.746175 0.302203 0.309296 -1.299898 -1.014260 3.131911 0.961598
-0.922006 -0.864074 -1.772941 -0.700044 0.308900 0.281656 -1.242369 -0.991676 3.174865 0.954282
-1.049748 -0.616398 -1.350290 -4.264317 0.302874 0.314823 -1.182551 -0.934650 3.102839 0.962434
-1.026660 -0.758923 -1.907759 -2.892282 0.303850 0.294425 -1.229052 -1.085201 3.146470 0.964834
-1.025249 -0.512197 -3.127714 -3.781029 0.283777 0.283577 -1.175045 -0.991911 3.089255 0.964584
-1.046983 -1.214549 -0.803692 -2.794770 0.298947 0.327980 -1.300000 -0.900505 3.182376 0.963690
-1.015264 -0.740050 -4.060247 -4.067609 0.288295 0.286688 -1.219355 -1.035280 3.129259 0.965270
-0.971262 -0.524620 -4.616284 -1.530424 0.313713 0.317202 -1.158356 -0.934748 3.127785 0.963170
-1.034461 -0.650546 -2.783840 0.535630 0.302463 0.303247 -1.192489 -1.003830 3.102981 0.962346
-0.997326 -1.065670 -3.974423 -3.777171 0.300245 0.327158 -1.296295 -0.914663 3.142804 0.960128
-0.977500 -1.019833 -2.520819 -3.237699 0.299151 0.310677 -1.294471 -0.955551 3.156012 0.959735
