-1.004676 -0.945104 -1.529345 -0.431290 0.296248 0.258276 -1.189087 -1.108887 3.172796 0.963296
-0.969888 -1.438021 -0.113463 -3.225183 0.304750 0.276779 -1.299966 -1.088697 3.191747 0.963880
-0.973301 -0.641893 -3.645288 -4.111315 0.293243 0.287784 -1.209049 -0.983140 3.120239 0.963953
-0.971691 -1.770505 -0.220848 -1.171464 0.298885 0.269476 -1.300000 -1.126948 3.218678 0.955468
-0.962270 -1.081794 -2.945190 -0.074734 0.301742 0.291305 -1.298111 -1.037155 3.179125 0.961146
-0.939465 -1.397849 -2.128838 0.440054 0.303168 0.261532 -1.294381 -1.186407 3.207238 0.968717
-0.953741 -0.659438 -2.447870 -0.047649 0.327041 0.315708 -1.199899 -0.962228 3.117925 0.960844
-1.044169 -0.554723 -3.669312 -2.338521 0.290135 0.302912 -1.168433 -0.985773 3.099594 0.968613
-0.926058 -1.223734 -4.630765 -2.646712 0.304015 0.296674 -1.298904 -1.013536 3.202517 0.954118
-1.059617 -1.653056 0.290567 -2.020937 0.291448 0.269207 -1.300000 -1.101788 3.198796 0.966983
-0.942843 -1.833667 -0.119538 -0.485997 0.309472 0.268152 -1.300000 -1.088058 3.218880 0.956194
-0.982401 -1.292649 -1.023394 -1.142284 0.306069 0.293039 -1.300000 -1.029490 3.194988 0.957091
-0.944903 -1.231384 -1.473635 -3.255606 0.299378 0.274967 -1.297345 -1.078428 3.208667 0.958557
-1.020143 -0.757800 -2.853724 -3.288015 0.300296 0.293776 -1.204560 -1.011586 3.129032 0.958591
-1.020596 -1.121064 -4.519663 -3.074089 0.295555 0.311783 -1.300000 -1.003296 3.153431 0.966278
-1.032330 -1.222916 -3.391313 -0.296313 0.295767 0.302114 -1.300000 -1.070822 3.166054 0.967017
-0.948552 -0.652669 -3.114711 -3.020389 0.308026 0.304060 -1.206800 -0.970660 3.103389 0.964626
-1.057991 -0.292077 -4.810207 0.215555 0.293130 0.301253 -1.095096 -0.955128 3.087737 0.963167
-0.961365 -2.386551 0.749449 0.272891 0.293377 0.240000 -1.300000 -1.163433 3.218880 0.953788
-0.826173 -1.766846 -0.702042 -0.474078 0.329775 0.271475 -1.300000 -1.141599 3.218880 0.946004
-1.018722 -1.121082 -2.318622 0.123307 0.285012 0.276861 -1.274802 -1.027953 3.177481 0.957372
-0.973127 -0.768948 -4.515968 -2.792446 0.296563 0.272672 -1.198365 -1.084707 3.160727 0.964094
-0.969988 -1.426791 0.241002 -4.106319 0.309920 0.282485 -1.299968 -1.074466 3.199031 0.959089
-0.906273 -0.680536 -3.623685 -1.395369 0.319036 0.299184 -1.217138 -1.051513 3.134532 0.959909
-1.005554 -1.077589 -0.834663 -3.408910 0.316316 0.323229 -1.300000 -0.950709 3.175246 0.960945
-0.937137 -1.522133 -0.646913 -4.035748 0.314366 0.286859 -1.300000 -1.068745 3.218880 0.952704
-1.088519 -0.584777 -3.004163 -3.971356 0.282270 0.300884 -1.155632 -0.954974 3.119042 0.969908
-0.990984 -1.072680 -1.960330 -3.927820 0.301722 0.312535 -1.300000 -0.981418 3.156613 0.966281
-1.013850 -0.666852 -4.568944 -2.130703 0.286404 0.271072 -1.179687 -1.062981 3.137182 0.964097
-0.995085 -0.757198 -1.368026 -4.826856 0.313389 0.308792 -1.202478 -0.988195 3.138184 0.960251
-0.992066 -0.934295 -4.768919 -3.479304 0.311985 0.331697 -1.268741 -0.943819 3.123316 0.963617
-0.977591 -0.687598 -3.430556 -2.329851 0.305013 0.309764 -1.232905 -0.977576 3.134606 0.966036
-0.891114 -1.798828 -0.127323 -3.610376 0.314632 0.266529 -1.300000 -1.150140 3.218880 0.949429
-0.998182 -0.812204 -3.650889 -4.998355 0.285586 0.270441 -1.218517 -1.065969 3.125952 0.962854
-0.977000 -0.959093 -3.374772 -1.236531 0.304817 0.317138 -1.280859 -0.957904 3.162295 0.967656
-0.929647 -1.436301 0.481209 -3.717205 0.305320 0.260129 -1.279543 -1.133669 3.217774 0.960908
-0.983039 -0.920768 -3.987641 -1.364708 0.297888 0.295241 -1.270575 -1.026757 3.141570 0.963444
-0.985949 -0.613629 -2.476981 -2.916014 0.302592 0.285760 -1.184603 -1.020069 3.117229 0.960483
-1.003026 -0.920806 -2.357027 -4.857675 0.291143 0.292366 -1.266083 -1.005066 3.135572 0.962915
-0.928307 -1.476659 0.315484 -3.672666 0.301431 0.264321 -1.300000 -1.054195 3.218880 0.953204
-0.995337 -1.548804 0.695024 -3.528456 0.297996 0.261745 -1.292340 -1.080334 3.206659 0.958079
-1.012454 -0.754933 -2.466554 -2.982689 0.299199 0.292594 -1.214737 -1.031986 3.118105 0.964075
-0.989569 -1.099220 -1.657870 -2.406828 0.310331 0.323787 -1.300000 -0.952848 3.171456 0.959568
-1.017046 -2.073722 0.396194 -0.697610 0.303684 0.278539 -1.300000 -1.067071 3.201444 0.950088
-1.086838 -1.023119 -1.173801 -1.308629 0.291502 0.301097 -1.282469 -1.017126 3.109426 0.964560
-1.013691 -0.243255 -4.945805 -3.373804 0.303614 0.319203 -1.094570 -0.924917 3.079730 0.962006
-0.992515 -0.366916 -2.549528 -0.817432 0.312510 0.303214 -1.114267 -0.946714 3.106122 0.964361
-1.044087 -1.012664 -1.592905 -1.693650 0.299297 0.317394 -1.296372 -0.950053 3.150235 0.956779
-0.968794 -0.490050 -2.297907 -1.485645 0.316827 0.301298 -1.155693 -0.988531 3.127754 0.961244
-1.021311 -0.970444 -0.786798 -2.916487 0.288022 0.265469 -1.231298 -1.111700 3.139560 0.962649
-1.023105 -0.658685 -3.175902 -3.877739 0.303904 0.294668 -1.158354 -1.025396 3.136067 0.961352
-1.006552 -0.621372 -2.952416 -4.113300 0.309451 0.300220 -1.205260 -1.063582 3.102655 0.964109
-0.974684 -2.419479 0.751967 -0.966191 0.294779 0.240000 -1.300000 -1.223852 3.218880 0.957005
-1.003197 -0.636761 -4.865468 -1.392174 0.310308 0.308844 -1.192869 -1.052746 3.131100 0.966032
-0.968595 -0.473016 -3.687949 -2.674196 0.312746 0.305058 -1.149447 -0.980469 3.108648 0.962950
-0.889198 -1.091480 -3.664242 -4.734608 0.322125 0.307142 -1.300000 -1.036309 3.178660 0.959962
-1.005397 -1.034854 -2.461243 -3.374302 0.300838 0.299859 -1.300000 -1.047041 3.161276 0.959819
