-0.959474 -0.312085 0.299441 0.285368 -1.003684 -1.050566 3.120849 0.966236
-1.017840 -0.164178 0.303815 0.320933 -1.065887 -0.968859 3.091151 0.967982
-1.100899 0.002086 0.298730 0.317451 -1.057269 -0.955402 3.095501 0.966312
-0.932160 -0.725538 0.306284 0.340745 -1.029404 -0.861367 3.116755 0.969215
-1.100620 0.169176 0.301009 0.301604 -1.014305 -1.041931 3.028188 0.968360
-1.151118 0.389278 0.299657 0.300170 -0.996216 -1.004741 3.001150 0.970573
-0.952748 -0.521899 0.306588 0.314678 -1.097923 -1.039712 3.140228 0.965173
-0.905390 -0.605085 0.287713 0.289541 -1.095188 -1.015303 3.161025 0.963167
-0.906221 -0.508622 0.298903 0.311479 -1.086967 -0.972223 3.119520 0.964258
-1.014049 -0.269261 0.298704 0.320443 -1.054507 -0.987272 3.081172 0.965369
-1.047809 -0.226111 0.283079 0.304352 -1.104796 -0.982480 3.071040 0.971299
-1.052606 -0.276033 0.286300 0.294567 -1.114071 -1.045326 3.070208 0.969762
-0.977788 -0.281068 0.290694 0.292302 -1.063165 -1.059644 3.079369 0.967080
-1.075500 0.170325 0.315301 0.311394 -1.000656 -1.029403 3.091802 0.970670
-0.884445 -0.773738 0.318191 0.329178 -1.006254 -0.980984 3.046875 0.959381
-0.859431 -0.944305 0.314666 0.312068 -0.988879 -1.052006 3.041989 0.955936
-1.124273 0.334772 0.302114 0.305446 -1.002930 -1.010480 2.994111 0.964282
-0.966935 -0.281453 0.297771 0.301597 -1.030739 -1.020030 3.113117 0.970004
-0.926610 -0.379060 0.303038 0.302954 -1.039017 -1.008584 3.123026 0.966414
-0.983427 -0.161586 0.306378 0.311191 -1.030223 -0.974286 3.077728 0.967852
-1.190879 0.201880 0.296138 0.320625 -1.058482 -0.950821 3.070300 0.971591
-0.985680 -0.242468 0.293025 0.307324 -1.033514 -0.935913 3.070850 0.965408
-1.002215 -0.444835 0.293781 0.314113 -1.130296 -0.988029 3.115881 0.966657
-1.065937 -0.059815 0.293956 0.301606 -1.055251 -0.980515 3.102086 0.968771
-1.050608 -0.042346 0.312136 0.329239 -1.047732 -0.937445 3.086005 0.967576
-1.001318 -0.315022 0.301283 0.309856 -1.093024 -1.008444 3.067652 0.962759
-0.996633 -0.194813 0.296358 0.299259 -1.044623 -0.993021 3.096697 0.968783
-0.875239 -0.492873 0.323763 0.341421 -1.061992 -0.935583 3.121910 0.965350
-0.978111 -0.290091 0.306950 0.325659 -1.047196 -0.934744 3.088839 0.964600
-0.966871 -0.181825 0.296411 0.298602 -1.031738 -0.999313 3.083467 0.970134
-0.933698 -0.298340 0.310257 0.312674 -1.035185 -0.995114 3.089978 0.964268
-0.792562 -1.127291 0.312161 0.311784 -0.999804 -0.978187 3.106853 0.961969
-0.928392 -0.556114 0.295279 0.291060 -1.098540 -1.105836 3.127063 0.967925
-0.918575 -0.613483 0.300264 0.303145 -1.097415 -1.060984 3.150526 0.970386
-1.102488 0.054020 0.297673 0.309409 -1.065239 -1.024001 3.039963 0.966782
-0.892772 -0.755796 0.303601 0.324355 -1.040621 -0.932251 3.066531 0.967379
-0.994259 -0.422966 0.295903 0.298432 -1.083330 -1.029957 3.130739 0.962315
-0.973828 -0.316724 0.294213 0.289882 -1.049902 -1.039329 3.074249 0.966078
-1.130503 0.202123 0.287912 0.300621 -1.038626 -0.986032 3.012986 0.966966
-1.048460 -0.212380 0.292175 0.298784 -1.084216 -1.025986 3.116622 0.966683
-0.853293 -0.823591 0.292545 0.306085 -1.082577 -0.988132 3.112603 0.963734
-0.945991 -0.638130 0.299450 0.335403 -1.137321 -0.920770 3.133714 0.969778
-1.006608 -0.308472 0.290276 0.303732 -1.075195 -0.966308 3.104514 0.963101
-1.082170 0.002928 0.283077 0.287043 -1.062282 -1.046588 3.091982 0.969992
-1.101938 0.224677 0.292490 0.294808 -1.034466 -1.042294 3.010158 0.967148
-1.035168 -0.347609 0.288486 0.309354 -1.110870 -0.975619 3.127865 0.963315
-0.989361 -0.397650 0.294450 0.300763 -1.104979 -1.071703 3.104001 0.968269
-0.928581 -0.685284 0.284116 0.303395 -1.144846 -0.997035 3.146697 0.966716
-1.052814 0.057035 0.296536 0.293241 -0.991796 -1.057060 3.049736 0.965215
-0.911287 -0.578289 0.289457 0.305655 -1.109947 -0.966842 3.144956 0.966432
-0.932234 -0.647638 0.282069 0.290431 -1.106845 -1.005180 3.148591 0.965026
-0.983718 -0.480446 0.285813 0.312380 -1.116921 -0.936791 3.150694 0.968185
-0.908219 -0.564388 0.312069 0.329527 -1.074495 -0.943013 3.116805 0.962334
-0.898766 -0.605728 0.303623 0.301456 -1.053395 -1.004999 3.164441 0.963167
-0.933899 -0.241119 0.304908 0.310028 -1.012801 -0.957052 3.085698 0.965730
-0.876562 -0.757724 0.311213 0.321749 -0.987953 -0.907641 3.104933 0.967779
-0.821893 -1.007656 0.302990 0.291082 -0.981521 -1.011856 3.105095 0.966725
-0.812087 -1.082962 0.309428 0.315025 -0.986419 -0.934867 3.104800 0.968700
-1.016174 -0.262473 0.292126 0.302503 -1.092875 -1.014568 3.087610 0.966018
-1.048761 -0.144502 0.292972 0.317633 -1.068385 -0.913374 3.107768 0.967707
-0.946365 -0.569548 0.292074 0.317201 -1.108743 -0.935878 3.148472 0.967869
-1.106397 0.249915 0.308873 0.304555 -0.980726 -1.021325 3.024248 0.964929
-1.021934 -0.075677 0.294456 0.298985 -1.031779 -1.016091 3.064520 0.967970
-0.943054 -0.430165 0.290325 0.294976 -1.081075 -1.059067 3.097213 0.970659
-1.062543 0.136908 0.291006 0.297252 -0.990400 -0.936334 3.032496 0.963374
-1.003106 -0.253487 0.289071 0.303227 -1.057585 -0.975706 3.122049 0.965873
-1.007415 -0.127175 0.302555 0.299338 -1.003083 -0.983726 3.080620 0.962300
-0.949005 -0.409213 0.295520 0.292853 -1.050483 -1.042367 3.098064 0.968283
-1.019030 -0.147739 0.297123 0.306332 -1.048504 -0.981564 3.092659 0.964736
-0.981874 -0.468876 0.285211 0.295675 -1.095947 -1.059030 3.109049 0.972692
-0.985957 -0.410915 0.283658 0.293065 -1.108186 -1.047695 3.087085 0.968866
-0.984289 -0.356217 0.294282 0.292950 -1.075010 -1.031970 3.117882 0.964395
-0.999618 -0.239271 0.301824 0.307060 -1.081694 -1.030046 3.072272 0.960579
-1.001778 -0.376210 0.284007 0.308744 -1.085508 -0.927779 3.110182 0.971487
-0.975858 -0.586753 0.288244 0.307859 -1.169227 -1.070477 3.127262 0.973810
-1.009417 -0.183466 0.297929 0.316883 -1.071725 -0.942891 3.094191 0.967801
-0.926924 -0.509142 0.300941 0.306062 -1.102779 -1.039745 3.132829 0.967220
-1.105956 0.110789 0.303588 0.323301 -1.045464 -0.967905 3.035300 0.965770
-0.925028 -0.749372 0.303185 0.323826 -1.057970 -0.953030 3.047025 0.969677
-0.934008 -0.573388 0.300837 0.314835 -1.095435 -0.984049 3.125669 0.967708
-0.905514 -0.590726 0.296080 0.319109 -1.123628 -1.000813 3.102488 0.964155
-1.026671 -0.055336 0.299625 0.305528 -1.021485 -0.972253 3.070742 0.963399
-0.936390 -0.437041 0.308029 0.319903 -1.079984 -1.006132 3.105459 0.972802
-0.955782 -0.299262 0.303843 0.316192 -1.036440 -0.967460 3.075025 0.963407
-1.011656 -0.116323 0.315450 0.318997 -1.000533 -0.975544 3.071087 0.962779
-0.940479 -0.329690 0.306099 0.301622 -1.031285 -0.996362 3.107568 0.964413
-0.969301 -0.351188 0.301603 0.319635 -1.097311 -1.041632 3.059779 0.964643
-1.070412 0.029476 0.301511 0.293328 -1.037204 -1.072916 3.051342 0.964601
-0.935779 -0.624272 0.292019 0.301449 -1.122295 -1.045483 3.118830 0.965534
-0.961807 -0.336469 0.302647 0.295042 -1.078199 -1.052778 3.115448 0.965249
-0.918650 -0.400682 0.300682 0.292205 -1.062529 -1.090831 3.100742 0.968851
