-1.009891 -1.009891 -0.725818 -0.725818 0.306642 0.291116 -1.258095 -0.996874 3.132438 0.964809
-1.006265 -1.006265 -0.693658 -0.693658 0.308476 0.278682 -1.221706 -1.036710 3.130364 0.961131
-1.005930 -1.005930 -0.696480 -0.696480 0.311602 0.293838 -1.280009 -1.022552 3.108131 0.960617
-1.008569 -1.008569 -0.689555 -0.689555 0.311557 0.303102 -1.292919 -0.955454 3.127079 0.962136
-1.008080 -1.008080 -0.692399 -0.692399 0.305197 0.289285 -1.300000 -0.984333 3.136601 0.964630
-1.008292 -1.008292 -0.691534 -0.691534 0.301987 0.282044 -1.287558 -1.053890 3.117070 0.961900
-1.016675 -1.016675 -0.707146 -0.707146 0.304429 0.282600 -1.280789 -1.068211 3.101315 0.960602
-1.014493 -1.014493 -0.704896 -0.704896 0.306193 0.291684 -1.265651 -0.966544 3.139143 0.962153
-1.014339 -1.014339 -0.705142 -0.705142 0.299660 0.269236 -1.247523 -1.073747 3.117246 0.965486
-1.014335 -1.014335 -0.705183 -0.705183 0.302217 0.283528 -1.286394 -1.000502 3.121345 0.963729
-1.014335 -1.014335 -0.705183 -0.705183 0.308078 0.302791 -1.293500 -0.950702 3.109514 0.960427
-1.006728 -1.006728 -0.682804 -0.682804 0.302301 0.283923 -1.287813 -0.976819 3.116203 0.959345
-1.003207 -1.003207 -0.678485 -0.678485 0.302957 0.277660 -1.254809 -0.977012 3.151213 0.965715
-1.007316 -1.007316 -0.671812 -0.671812 0.296930 0.264709 -1.241786 -1.000724 3.146325 0.961761
-0.975466 -0.975466 -0.769650 -0.769650 0.302739 0.273776 -1.242295 -1.019825 3.143599 0.969400
-0.978854 -0.978854 -0.779466 -0.779466 0.306513 0.284758 -1.255264 -1.002838 3.129950 0.966399
-0.974734 -0.974734 -0.823900 -0.823900 0.310773 0.315283 -1.300000 -0.898183 3.123087 0.959853
-0.958389 -0.958389 -0.824833 -0.824833 0.303828 0.277390 -1.243172 -1.004792 3.130258 0.959804
-0.960559 -0.960559 -0.823430 -0.823430 0.304924 0.282417 -1.272363 -1.017121 3.117989 0.960509
-0.957657 -0.957657 -0.799241 -0.799241 0.304613 0.281993 -1.289585 -0.993310 3.138837 0.963197
-0.963128 -0.963128 -0.795799 -0.795799 0.311581 0.294989 -1.274453 -0.981363 3.127854 0.959327
-0.953790 -0.953790 -0.825477 -0.825477 0.309186 0.297701 -1.299633 -0.979717 3.125088 0.960846
-0.958981 -0.958981 -0.823502 -0.823502 0.305162 0.278009 -1.244532 -1.008358 3.129645 0.958977
-0.958989 -0.958989 -0.848979 -0.848979 0.321241 0.323790 -1.300000 -0.875443 3.147207 0.963089
-0.965228 -0.965228 -0.844489 -0.844489 0.310308 0.281666 -1.238826 -1.021264 3.129160 0.956882
-0.964277 -0.964277 -0.848383 -0.848383 0.318882 0.305349 -1.288638 -0.974398 3.154668 0.964110
-0.953345 -0.953345 -0.871229 -0.871229 0.310413 0.271340 -1.232171 -1.104110 3.164378 0.959628
-0.936417 -0.936417 -0.889594 -0.889594 0.323824 0.301939 -1.274662 -0.990768 3.168794 0.961025
-0.937057 -0.937057 -0.889606 -0.889606 0.322492 0.306591 -1.299507 -0.946209 3.173893 0.956337
-0.971948 -0.971948 -0.844886 -0.844886 0.318423 0.307747 -1.297758 -0.980719 3.128750 0.957020
-1.001270 -1.001270 -0.819558 -0.819558 0.306941 0.290424 -1.278528 -1.020012 3.138796 0.963288
-1.016265 -1.016265 -0.792438 -0.792438 0.299143 0.283603 -1.279016 -1.033630 3.135268 0.966410
-1.016242 -1.016242 -0.790973 -0.790973 0.299766 0.286887 -1.270662 -0.979668 3.139953 0.958440
-1.018092 -1.018092 -0.782301 -0.782301 0.293671 0.267768 -1.245040 -1.007066 3.169788 0.966207
-1.018377 -1.018377 -0.745665 -0.745665 0.296913 0.287012 -1.298639 -0.959031 3.158141 0.965306
-1.018649 -1.018649 -0.743749 -0.743749 0.290618 0.270715 -1.285455 -1.054706 3.145088 0.968778
-1.018649 -1.018649 -0.743749 -0.743749 0.286144 0.248447 -1.199113 -1.079655 3.168640 0.963759
-1.018602 -1.018602 -0.743637 -0.743637 0.290888 0.275394 -1.286389 -0.995765 3.150638 0.962528
-1.020198 -1.020198 -0.737851 -0.737851 0.301473 0.285782 -1.292368 -1.022404 3.138940 0.966549
-1.018028 -1.018028 -0.738943 -0.738943 0.296555 0.263595 -1.228315 -1.046611 3.171988 0.965954
-1.018039 -1.018039 -0.741305 -0.741305 0.304253 0.283531 -1.265212 -1.013631 3.149887 0.963537
-1.018039 -1.018039 -0.741305 -0.741305 0.305615 0.284255 -1.254113 -1.020247 3.147333 0.961234
-1.017758 -1.017758 -0.740206 -0.740206 0.298281 0.269943 -1.250299 -1.043462 3.164184 0.962932
-1.019907 -1.019907 -0.736720 -0.736720 0.307592 0.287710 -1.300000 -1.044587 3.139990 0.964729
-1.013747 -1.013747 -0.737960 -0.737960 0.315827 0.296377 -1.277326 -1.029708 3.121562 0.958875
-1.014100 -1.014100 -0.752280 -0.752280 0.302700 0.275719 -1.261758 -1.038489 3.146264 0.959724
-1.024383 -1.024383 -0.803671 -0.803671 0.293844 0.279025 -1.281073 -1.003008 3.156303 0.963515
-1.017140 -1.017140 -0.810516 -0.810516 0.301066 0.283761 -1.273536 -1.024535 3.136539 0.961801
-1.018516 -1.018516 -0.795302 -0.795302 0.293722 0.271419 -1.267523 -1.083681 3.132165 0.969094
-1.024612 -1.024612 -0.805036 -0.805036 0.294141 0.281506 -1.272970 -0.998647 3.151695 0.961824
-1.024046 -1.024046 -0.802686 -0.802686 0.298945 0.282274 -1.277019 -1.007353 3.155065 0.961915
-1.017288 -1.017288 -0.812644 -0.812644 0.310059 0.297640 -1.280448 -1.021685 3.132453 0.962107
-1.012492 -1.012492 -0.813952 -0.813952 0.299197 0.266967 -1.223825 -1.076576 3.156573 0.962495
-1.029799 -1.029799 -0.828130 -0.828130 0.299885 0.282867 -1.275495 -1.061370 3.139513 0.962859
-1.029799 -1.029799 -0.828130 -0.828130 0.302895 0.288551 -1.284825 -1.035600 3.143111 0.966178
-1.029799 -1.029799 -0.828130 -0.828130 0.310033 0.315375 -1.300000 -0.951180 3.140529 0.965038
-1.032082 -1.032082 -0.819087 -0.819087 0.298154 0.276163 -1.250946 -1.022768 3.157314 0.959454
