-1.008161 -1.008161 -1.202226 -1.202226 0.295170 0.284520 -1.300000 -1.092492 3.134707 0.961584
-1.011625 -1.011625 -1.286710 -1.286710 0.287535 0.273161 -1.263860 -1.052022 3.169420 0.963939
-1.011792 -1.011792 -1.109330 -1.109330 0.291984 0.282909 -1.290820 -1.031950 3.158162 0.964477
-1.014219 -1.014219 -0.934926 -0.934926 0.302151 0.309487 -1.300000 -0.935215 3.141335 0.966552
-1.017160 -1.017160 -1.177381 -1.177381 0.289413 0.275950 -1.263063 -1.013765 3.192962 0.963034
-1.027798 -1.027798 -0.949775 -0.949775 0.302905 0.317777 -1.300000 -0.907316 3.138528 0.963003
-1.005364 -1.005364 -1.145042 -1.145042 0.302751 0.318411 -1.298639 -0.926963 3.152907 0.964246
-0.987239 -0.987239 -1.159397 -1.159397 0.291839 0.278146 -1.258790 -1.015288 3.147931 0.965762
-0.981034 -0.981034 -1.125449 -1.125449 0.296630 0.275659 -1.243313 -1.036965 3.157353 0.959240
-1.012875 -1.012875 -1.280524 -1.280524 0.293014 0.289316 -1.298961 -1.052001 3.145941 0.965022
-0.995163 -0.995163 -1.291685 -1.291685 0.291047 0.285971 -1.298774 -1.030462 3.145216 0.959488
-1.037580 -1.037580 -0.983943 -0.983943 0.297964 0.293055 -1.287506 -1.011058 3.149615 0.964397
-1.050886 -1.050886 -1.080342 -1.080342 0.288064 0.271871 -1.256927 -1.068197 3.161389 0.965881
-1.018112 -1.018112 -1.357102 -1.357102 0.291793 0.273647 -1.264276 -1.090579 3.155156 0.959485
-1.036809 -1.036809 -1.299075 -1.299075 0.296480 0.296793 -1.284782 -1.028735 3.150751 0.963133
-1.038258 -1.038258 -1.409331 -1.409331 0.297405 0.294641 -1.276611 -1.073463 3.151034 0.961596
-1.013935 -1.013935 -1.076038 -1.076038 0.299769 0.306032 -1.300000 -0.970540 3.144973 0.961586
-1.000806 -1.000806 -1.103158 -1.103158 0.301593 0.289465 -1.252176 -1.018961 3.156716 0.962570
-1.032957 -1.032957 -1.574815 -1.574815 0.282962 0.281969 -1.300000 -1.096779 3.143474 0.967665
-1.016715 -1.016715 -1.246643 -1.246643 0.301508 0.312973 -1.294961 -0.947293 3.167270 0.958344
-1.004602 -1.004602 -1.256477 -1.256477 0.294832 0.298619 -1.300000 -0.992930 3.169776 0.959161
-1.013093 -1.013093 -0.990525 -0.990525 0.300800 0.286769 -1.269838 -1.058014 3.146498 0.964136
-1.006379 -1.006379 -1.034711 -1.034711 0.293186 0.284946 -1.299348 -1.017494 3.143790 0.964740
-1.028816 -1.028816 -1.152920 -1.152920 0.296642 0.285155 -1.252574 -1.043492 3.147514 0.959479
-1.040811 -1.040811 -1.083656 -1.083656 0.306635 0.312902 -1.264818 -0.974326 3.156860 0.959136
-1.033767 -1.033767 -1.454027 -1.454027 0.297044 0.304909 -1.294632 -1.011495 3.152671 0.960908
-1.028922 -1.028922 -0.861513 -0.861513 0.297080 0.285680 -1.280233 -1.023278 3.142064 0.965381
-1.019305 -1.019305 -1.082337 -1.082337 0.299680 0.296364 -1.300000 -1.014524 3.157905 0.966355
-1.038488 -1.038488 -1.168971 -1.168971 0.299876 0.306127 -1.300000 -0.989539 3.160397 0.959833
-1.031169 -1.031169 -1.616179 -1.616179 0.293545 0.286134 -1.277229 -1.101728 3.157793 0.963192
-1.001765 -1.001765 -1.063755 -1.063755 0.299863 0.297503 -1.300000 -0.975916 3.144996 0.959489
-1.022191 -1.022191 -0.846167 -0.846167 0.290956 0.257802 -1.220748 -1.093365 3.171936 0.964685
-1.038051 -1.038051 -1.077828 -1.077828 0.289111 0.283397 -1.299785 -1.031511 3.138922 0.961889
-0.996829 -0.996829 -1.071374 -1.071374 0.294160 0.273200 -1.252781 -1.064319 3.157017 0.967859
-1.037110 -1.037110 -1.097066 -1.097066 0.293975 0.292906 -1.299772 -1.038686 3.152155 0.964883
-1.012156 -1.012156 -1.156360 -1.156360 0.294156 0.277993 -1.270474 -1.101306 3.150241 0.966923
-1.023749 -1.023749 -1.363108 -1.363108 0.308354 0.336984 -1.266921 -0.903922 3.145479 0.964204
-1.016975 -1.016975 -1.222685 -1.222685 0.307612 0.317640 -1.288288 -0.968516 3.130555 0.964380
-1.033648 -1.033648 -1.445995 -1.445995 0.303410 0.318135 -1.280995 -0.931500 3.159705 0.962043
-1.006666 -1.006666 -1.435735 -1.435735 0.294757 0.283534 -1.272008 -1.083332 3.173767 0.965379
-1.012498 -1.012498 -1.270095 -1.270095 0.289197 0.290105 -1.292683 -1.008499 3.142516 0.966923
-1.012593 -1.012593 -1.249104 -1.249104 0.299864 0.295422 -1.286454 -1.051591 3.146947 0.963645
-1.026902 -1.026902 -1.122942 -1.122942 0.299654 0.290854 -1.284421 -1.037244 3.143411 0.961654
-1.016802 -1.016802 -1.095727 -1.095727 0.297522 0.283374 -1.274482 -1.054161 3.155176 0.962757
-1.031156 -1.031156 -1.295851 -1.295851 0.300240 0.303444 -1.268524 -1.003038 3.166985 0.964166
-1.017486 -1.017486 -1.324072 -1.324072 0.291349 0.290003 -1.278102 -1.001739 3.161342 0.963443
-1.014064 -1.014064 -1.358135 -1.358135 0.299460 0.312948 -1.299941 -0.977438 3.159253 0.965124
-1.042657 -1.042657 -1.435800 -1.435800 0.286581 0.271494 -1.253087 -1.091195 3.144061 0.963181
-1.008686 -1.008686 -1.262133 -1.262133 0.299359 0.290439 -1.246670 -0.999690 3.160561 0.962104
-0.998165 -0.998165 -1.134299 -1.134299 0.294402 0.300474 -1.300000 -0.952593 3.135615 0.966884
-1.028442 -1.028442 -1.549568 -1.549568 0.302919 0.322862 -1.276193 -0.960324 3.160611 0.961737
-1.034299 -1.034299 -0.873835 -0.873835 0.298821 0.306150 -1.299930 -0.930979 3.156729 0.960637
-1.005433 -1.005433 -0.980893 -0.980893 0.287839 0.257792 -1.225814 -1.063117 3.155252 0.965250
-1.030041 -1.030041 -1.460500 -1.460500 0.295956 0.307663 -1.297805 -1.007110 3.137464 0.966399
-1.035232 -1.035232 -1.103507 -1.103507 0.295148 0.309628 -1.300000 -0.933789 3.138264 0.960175
-1.016241 -1.016241 -1.275482 -1.275482 0.294825 0.277895 -1.275465 -1.096283 3.168687 0.962329
-1.019712 -1.019712 -1.087256 -1.087256 0.303484 0.303572 -1.298032 -0.975864 3.166359 0.963258
