-0.996273 -1.518912 -1.685720 0.737591 0.294445 0.271830 -1.299973 -1.102547 3.186849 0.961356
-1.037297 -0.445605 -4.934214 -2.981606 0.289315 0.280121 -1.110541 -1.029468 3.103756 0.963435
-1.014101 -0.469029 -4.093589 -4.447145 0.297997 0.309181 -1.151376 -0.951803 3.120266 0.965930
-1.053370 -0.294287 -3.327417 -3.300519 0.286736 0.286477 -1.090085 -0.990486 3.058536 0.964018
-1.047552 -0.437613 -4.419616 -1.459990 0.291369 0.278479 -1.082110 -1.030303 3.107515 0.960921
-0.989046 -1.070079 -3.450883 0.442706 0.294856 0.285370 -1.297437 -1.039910 3.165613 0.963886
-0.985331 -0.498908 -4.763187 0.506776 0.316865 0.323548 -1.156747 -0.926429 3.132083 0.961453
-1.006835 -1.382909 -0.681953 -3.873786 0.310503 0.299914 -1.300000 -1.048177 3.191322 0.958432
-0.962393 -1.254245 -4.972924 -3.557055 0.313813 0.306360 -1.300000 -1.042218 3.186293 0.954965
-0.973107 -1.338773 -1.322566 0.604184 0.286889 0.256629 -1.299852 -1.072509 3.195745 0.965388
-0.978892 -0.995644 -4.323987 -2.217087 0.305694 0.302227 -1.282763 -1.071827 3.177196 0.962595
-0.965017 -1.350909 -1.793654 0.178425 0.296260 0.270313 -1.290303 -1.086437 3.178114 0.959738
-0.985608 -1.146270 -4.372032 -2.277076 0.304440 0.328961 -1.300000 -0.922399 3.175306 0.961343
-1.059008 -1.508858 0.807651 -1.613660 0.290127 0.253324 -1.300000 -1.175793 3.187775 0.960954
-1.007122 -1.087340 -0.019984 -2.666751 0.298256 0.282974 -1.300000 -1.028239 3.154145 0.964203
-0.959234 -0.671844 -4.254939 -0.997219 0.311628 0.313259 -1.217975 -0.962817 3.141843 0.963563
-1.078089 -0.522628 -4.842308 -2.357565 0.286089 0.305664 -1.157109 -0.984693 3.108759 0.969803
-1.032217 -0.706379 -3.549095 -3.927154 0.291648 0.275793 -1.181911 -1.109807 3.105236 0.959022
-0.972556 -1.483654 0.309990 -3.301585 0.295010 0.258304 -1.294839 -1.069206 3.216537 0.958115
-0.967038 -0.713711 -4.867328 -0.789514 0.309369 0.293344 -1.188551 -1.074599 3.121249 0.963517
-0.981272 -1.465163 -1.033829 0.252624 0.303444 0.283370 -1.300000 -1.007887 3.171559 0.953487
-1.009456 -1.219915 -2.428293 -0.593176 0.301808 0.320980 -1.300000 -0.938690 3.175032 0.962934
-0.921611 -1.277549 -1.421079 -2.909765 0.306846 0.270549 -1.300000 -1.162827 3.192156 0.967866
-0.948348 -1.543213 0.548453 -3.512734 0.301081 0.258340 -1.300000 -1.123548 3.205253 0.961952
-0.951869 -0.817291 -1.932010 -3.925462 0.317472 0.294729 -1.229449 -1.050788 3.144202 0.959074
-0.968940 -0.719634 -4.296959 -1.288093 0.305577 0.313316 -1.222476 -0.942012 3.158811 0.964685
-1.065118 -0.581978 -3.093210 -3.746979 0.290833 0.289476 -1.147647 -1.034336 3.098251 0.962043
-1.007490 -0.750857 -1.540161 -3.324096 0.295699 0.284930 -1.210278 -1.045716 3.159028 0.967276
-1.010787 -1.294009 -0.576657 -2.585442 0.305370 0.295455 -1.291397 -1.064554 3.151533 0.962619
-0.955023 -0.902772 -3.083502 -3.191989 0.314803 0.312359 -1.283703 -1.032157 3.161074 0.964279
-0.973808 -1.094489 -3.554177 -1.308724 0.286409 0.258374 -1.261793 -1.207195 3.139767 0.956125
-1.007805 -1.909689 0.529366 0.643248 0.304797 0.254038 -1.300000 -1.124294 3.174246 0.959405
-1.091972 -0.264165 -3.768148 -1.628273 0.289000 0.285530 -1.071670 -1.033340 3.057469 0.966509
-0.981758 -1.105525 -1.761433 -1.209201 0.300313 0.291217 -1.300000 -1.038410 3.166927 0.958468
-0.985929 -0.182231 -4.576116 -4.388890 0.319972 0.305832 -1.049771 -1.014199 3.088308 0.961920
-0.926818 -0.875753 -2.053297 -1.196639 0.317311 0.304351 -1.287258 -1.001311 3.148060 0.959452
-1.023913 -1.359593 -0.053596 -3.068201 0.301606 0.283983 -1.300000 -1.063192 3.180678 0.964833
-0.967910 -0.887957 -1.808770 -3.010102 0.298519 0.286250 -1.247339 -1.013957 3.163462 0.963717
-1.035002 -0.875773 -4.778891 -0.704096 0.289464 0.293752 -1.269243 -1.052182 3.134003 0.963034
-0.961064 -0.736256 -4.129001 -2.092147 0.296073 0.297149 -1.245565 -0.975633 3.130887 0.962761
-0.951377 -1.188495 -0.779944 -3.229673 0.298878 0.274023 -1.300000 -1.061045 3.195224 0.954921
-0.994124 -1.028443 -1.083194 -4.208741 0.295361 0.296013 -1.289101 -0.991246 3.156842 0.962258
-0.995701 -0.584724 -4.693743 0.601387 0.313922 0.306425 -1.147747 -1.034623 3.124613 0.964537
-0.967953 -1.229628 -2.354595 -1.347776 0.312727 0.304018 -1.300000 -1.038605 3.161867 0.959444
-0.924470 -1.033680 -3.669364 -0.389329 0.310021 0.293029 -1.300000 -1.044090 3.188283 0.962846
-0.978328 -1.148603 -2.740049 -1.458705 0.300786 0.293065 -1.300000 -1.054364 3.168516 0.963951
-0.963821 -1.032714 -4.358935 0.237840 0.303887 0.316311 -1.300000 -0.961614 3.156087 0.964344
-0.988992 -0.797284 -1.374064 -3.366116 0.308887 0.310194 -1.263249 -0.985708 3.137712 0.960879
-0.989820 -0.336376 -4.774255 -0.324116 0.294953 0.300604 -1.114496 -0.922070 3.092796 0.965838
-0.929834 -1.101808 -3.822464 -0.107624 0.312134 0.320720 -1.299947 -0.948531 3.166646 0.960014
-0.930198 -1.644580 0.452269 -2.238904 0.313994 0.256947 -1.269999 -1.190863 3.218880 0.965222
-0.946319 -1.164217 -4.107697 -3.405859 0.303230 0.295444 -1.300000 -1.052849 3.188634 0.959104
-0.970651 -1.189222 -0.199415 -4.346250 0.299078 0.281740 -1.293126 -1.017207 3.151059 0.960300
-1.019877 -0.784732 -4.235014 -4.908035 0.300365 0.304642 -1.218227 -1.029692 3.110179 0.963399
-1.045823 -0.783140 -2.170698 -3.053211 0.295086 0.292745 -1.235131 -1.028649 3.098644 0.962137
-0.982455 -0.630959 -2.192928 -4.381900 0.306951 0.299721 -1.190615 -0.994827 3.115972 0.960254
-1.014670 -0.778167 -2.032459 -1.739100 0.300112 0.292333 -1.247912 -1.064798 3.116363 0.958930
