-0.993775 -0.993775 -1.542072 -1.542072 0.290378 0.275426 -1.261228 -1.077491 3.159166 0.967917
-1.025117 -1.025117 -1.100143 -1.100143 0.296351 0.293596 -1.297602 -1.017068 3.140031 0.966523
-1.007571 -1.007571 -1.115128 -1.115128 0.303730 0.318678 -1.298754 -0.902214 3.146236 0.960588
-1.045182 -1.045182 -1.096413 -1.096413 0.283379 0.264247 -1.262282 -1.078436 3.129915 0.964815
-1.030790 -1.030790 -1.297674 -1.297674 0.291171 0.289897 -1.280744 -1.043052 3.163167 0.960950
-1.017790 -1.017790 -1.357861 -1.357861 0.296507 0.320591 -1.296197 -0.892573 3.164900 0.962804
-1.050452 -1.050452 -1.482918 -1.482918 0.298114 0.296604 -1.272333 -1.064312 3.129194 0.958786
-0.994711 -0.994711 -1.016355 -1.016355 0.297737 0.289922 -1.269080 -0.969864 3.133366 0.961742
-1.039064 -1.039064 -1.202319 -1.202319 0.291503 0.267132 -1.237838 -1.119528 3.148854 0.960714
-0.997536 -0.997536 -1.407126 -1.407126 0.302030 0.308642 -1.286420 -0.991295 3.122582 0.962340
-0.995369 -0.995369 -1.446271 -1.446271 0.303879 0.332419 -1.288946 -0.863135 3.156283 0.961048
-1.006657 -1.006657 -1.352813 -1.352813 0.297190 0.303894 -1.299851 -0.989954 3.138389 0.966577
-1.024343 -1.024343 -1.509542 -1.509542 0.300154 0.327744 -1.273236 -0.894432 3.151865 0.960901
-1.013869 -1.013869 -1.092452 -1.092452 0.297541 0.272658 -1.216805 -1.040979 3.175692 0.963561
-1.034361 -1.034361 -1.244679 -1.244679 0.300684 0.308517 -1.300000 -1.008921 3.148195 0.962489
-1.025970 -1.025970 -1.438823 -1.438823 0.295604 0.298016 -1.300000 -1.043717 3.152227 0.964821
-1.026467 -1.026467 -1.186537 -1.186537 0.295888 0.304279 -1.300000 -0.968127 3.135675 0.959828
-0.998799 -0.998799 -0.938018 -0.938018 0.302390 0.305647 -1.300000 -0.957746 3.128128 0.959089
-1.037243 -1.037243 -1.123110 -1.123110 0.290071 0.282718 -1.270516 -1.011703 3.150715 0.958982
-1.038875 -1.038875 -0.913895 -0.913895 0.306149 0.313635 -1.294298 -0.967681 3.153508 0.959254
-0.982552 -0.982552 -1.371291 -1.371291 0.298130 0.277720 -1.262882 -1.101067 3.159733 0.964340
-1.012102 -1.012102 -0.997976 -0.997976 0.297002 0.285823 -1.282013 -1.001415 3.158781 0.959726
-0.977969 -0.977969 -1.496953 -1.496953 0.293360 0.273001 -1.267463 -1.114169 3.164232 0.966395
-1.010385 -1.010385 -1.405220 -1.405220 0.290977 0.283055 -1.289451 -1.057781 3.124159 0.962964
-1.037251 -1.037251 -1.118791 -1.118791 0.298896 0.283932 -1.277849 -1.097394 3.153011 0.964290
-1.029577 -1.029577 -1.379727 -1.379727 0.292991 0.293712 -1.299994 -1.050749 3.133332 0.961221
-1.068225 -1.068225 -1.305743 -1.305743 0.300992 0.305371 -1.300000 -1.062053 3.147555 0.962974
-1.024125 -1.024125 -1.345465 -1.345465 0.298019 0.310875 -1.290229 -0.953660 3.165625 0.963504
-1.013861 -1.013861 -1.061396 -1.061396 0.305429 0.313452 -1.300000 -0.953743 3.128105 0.963702
-1.022294 -1.022294 -1.109298 -1.109298 0.303443 0.312781 -1.300000 -0.948086 3.164827 0.960881
-1.024598 -1.024598 -1.236515 -1.236515 0.302818 0.318773 -1.287826 -0.911715 3.159231 0.958356
-0.974672 -0.974672 -1.333269 -1.333269 0.298914 0.295267 -1.298355 -1.008707 3.182908 0.962529
-1.040229 -1.040229 -0.929274 -0.929274 0.299663 0.297024 -1.296012 -1.000929 3.162475 0.963075
-1.028049 -1.028049 -1.285441 -1.285441 0.301073 0.316891 -1.300000 -0.960048 3.136954 0.968850
-1.010571 -1.010571 -1.240379 -1.240379 0.301851 0.327987 -1.275273 -0.896279 3.184512 0.961906
-1.018829 -1.018829 -0.917886 -0.917886 0.298866 0.290942 -1.296590 -1.021180 3.139849 0.965174
-1.007488 -1.007488 -1.531653 -1.531653 0.296169 0.306128 -1.300000 -0.999279 3.144870 0.965247
-1.011781 -1.011781 -1.425211 -1.425211 0.298468 0.313744 -1.299658 -0.975062 3.146265 0.966253
-1.006979 -1.006979 -1.182120 -1.182120 0.286220 0.267983 -1.271059 -1.075845 3.152251 0.969438
-1.021307 -1.021307 -0.827961 -0.827961 0.310155 0.294964 -1.283572 -1.034305 3.142618 0.960732
-1.016298 -1.016298 -1.153136 -1.153136 0.297293 0.289342 -1.277784 -1.017109 3.157261 0.962208
-1.019474 -1.019474 -1.019458 -1.019458 0.295640 0.292195 -1.287173 -0.983016 3.173474 0.965151
-1.023232 -1.023232 -1.441285 -1.441285 0.294974 0.288833 -1.276441 -1.032404 3.156664 0.958687
-1.043976 -1.043976 -1.036072 -1.036072 0.301541 0.307750 -1.286076 -0.966071 3.144438 0.962291
-1.036151 -1.036151 -0.908376 -0.908376 0.294642 0.279536 -1.277614 -1.042077 3.159478 0.964096
-1.031307 -1.031307 -1.241672 -1.241672 0.298471 0.293702 -1.295042 -1.065071 3.141629 0.958806
-1.013737 -1.013737 -1.607088 -1.607088 0.291593 0.281752 -1.268942 -1.082078 3.172997 0.965173
-1.007585 -1.007585 -1.228600 -1.228600 0.296565 0.311792 -1.297217 -0.923735 3.144247 0.960705
-1.052118 -1.052118 -1.367896 -1.367896 0.300328 0.314627 -1.297959 -0.995182 3.147542 0.963414
-1.043173 -1.043173 -1.142504 -1.142504 0.292506 0.282525 -1.259766 -1.058705 3.149808 0.965380
-1.011797 -1.011797 -1.040308 -1.040308 0.294299 0.266923 -1.243573 -1.093119 3.149595 0.959389
-1.075390 -1.075390 -0.940934 -0.940934 0.298106 0.323776 -1.300000 -0.912332 3.123186 0.962043
-1.018342 -1.018342 -1.097507 -1.097507 0.297583 0.290062 -1.291934 -1.061780 3.131805 0.964198
-1.010792 -1.010792 -1.029580 -1.029580 0.294014 0.283319 -1.276021 -1.026445 3.139950 0.961360
-1.013417 -1.013417 -1.125384 -1.125384 0.290354 0.266135 -1.243591 -1.120488 3.148999 0.962175
-1.012321 -1.012321 -1.104370 -1.104370 0.293309 0.278749 -1.263678 -1.019289 3.146691 0.961184
-1.028107 -1.028107 -1.254100 -1.254100 0.299191 0.283841 -1.255822 -1.073608 3.158591 0.965426
