-0.936398 -1.354579 -1.002369 -2.391390 0.315178 0.290901 -1.300000 -1.061495 3.177841 0.959448
-1.009874 -1.309688 -1.939542 -1.067381 0.300298 0.291715 -1.300000 -1.040139 3.179065 0.958992
-0.999983 -1.020187 -0.766076 -2.390873 0.294625 0.281795 -1.291246 -1.011313 3.157367 0.960285
-1.076744 -0.896297 -3.208059 -4.745597 0.284499 0.313394 -1.260803 -0.968674 3.109922 0.969764
-1.006021 -0.865120 -4.436848 0.212046 0.297046 0.274684 -1.218991 -1.121622 3.158188 0.965483
-1.016133 -1.011025 -1.946032 -4.099229 0.307936 0.315983 -1.286829 -0.994002 3.146087 0.961691
-0.993239 -1.621227 0.199831 -3.788281 0.308734 0.300283 -1.300000 -1.020738 3.214726 0.961364
-0.955556 -0.823678 -1.511211 -4.445231 0.304982 0.293830 -1.256453 -0.991909 3.146948 0.958380
-1.100651 -0.616937 -3.503324 -3.235570 0.283817 0.309991 -1.180153 -0.913037 3.118168 0.965331
-1.002265 -0.546428 -2.002672 -1.120064 0.311989 0.298544 -1.173736 -1.008950 3.103177 0.967110
-0.972912 -0.978969 -1.959031 -4.463325 0.296508 0.273474 -1.258697 -1.087337 3.158596 0.964716
-0.996865 -1.314953 -1.351598 0.442733 0.298088 0.269509 -1.289451 -1.113011 3.163716 0.962291
-1.024015 -0.534064 -4.205845 0.536762 0.301231 0.292857 -1.154343 -1.029511 3.114280 0.967430
-1.070575 -0.499853 -2.643774 -2.961404 0.293782 0.302264 -1.152146 -0.974633 3.087322 0.962376
-1.063990 -0.488777 -1.305599 -2.866643 0.296719 0.288508 -1.135278 -1.012580 3.103762 0.967615
-0.937546 -0.845057 -4.992431 -4.866022 0.314507 0.323308 -1.252089 -0.941015 3.125330 0.960095
-0.928457 -0.946004 -4.032404 -0.298330 0.296029 0.277252 -1.276857 -1.048758 3.169777 0.961211
-0.946401 -0.963257 -2.565976 -2.290787 0.312641 0.306883 -1.294430 -1.061136 3.136058 0.961841
-0.940181 -1.165741 0.857792 -4.889925 0.312363 0.282807 -1.300000 -1.005610 3.175035 0.956542
-1.010366 -1.084607 0.113879 -4.510861 0.310305 0.306246 -1.268132 -0.998452 3.136053 0.960249
-1.049360 -0.683891 -3.345649 0.437758 0.292359 0.314340 -1.224348 -0.920266 3.106144 0.964961
-0.959982 -0.615831 -4.361349 -0.002920 0.307820 0.301036 -1.177050 -0.998369 3.124969 0.962425
-0.925300 -1.898143 0.245899 -1.397076 0.302015 0.258059 -1.300000 -1.122751 3.218880 0.949626
-0.999433 -0.972072 -1.480793 -3.099641 0.302646 0.302044 -1.297613 -1.015892 3.143620 0.968573
-0.979094 -1.095789 -3.126595 -2.797456 0.306016 0.328542 -1.300000 -0.889238 3.193976 0.962454
-0.988794 -0.368343 -4.985978 -0.610559 0.311070 0.294395 -1.088715 -1.020351 3.091463 0.959719
-0.895741 -0.501934 -3.073127 -4.032457 0.322760 0.303805 -1.188994 -1.015949 3.109468 0.965928
-0.963432 -0.948961 -1.620786 -4.060135 0.312499 0.292741 -1.278399 -1.089475 3.157849 0.961827
-1.038647 -1.300906 -1.062481 0.293891 0.300376 0.293380 -1.300000 -1.055483 3.176722 0.957617
-0.971763 -0.739482 -3.565740 -4.772118 0.298463 0.291309 -1.219988 -0.997252 3.146577 0.966925
-1.030222 -0.688756 -2.589138 0.940834 0.296919 0.289197 -1.222480 -1.052444 3.107414 0.965832
-0.863791 -1.079611 -4.026737 -2.205582 0.321716 0.285094 -1.282953 -1.103630 3.181161 0.956953
-1.052827 -0.789614 -0.203985 -4.818700 0.304390 0.282479 -1.217169 -1.067512 3.119493 0.956510
-1.003726 -1.455896 -0.561054 -3.300824 0.303240 0.286363 -1.300000 -1.066853 3.189037 0.952345
-0.956401 -0.986847 -1.547241 -1.328439 0.300350 0.285660 -1.282212 -1.007818 3.186091 0.962297
-0.919869 -0.977206 -1.641845 -0.671044 0.306534 0.285171 -1.275070 -1.006904 3.173869 0.964595
-0.908338 -2.143383 0.334207 -0.186745 0.319923 0.268015 -1.300000 -1.127976 3.217123 0.950416
-0.938443 -0.663663 -1.841404 -4.249985 0.317433 0.313552 -1.228665 -0.948232 3.116751 0.963529
-1.026989 -1.227256 -1.160967 -4.464982 0.301578 0.278457 -1.299870 -1.153523 3.176622 0.961619
-0.989677 -0.357359 -3.122828 -2.776713 0.311858 0.296833 -1.077862 -0.965422 3.101406 0.960044
-1.047024 -0.978018 -1.472849 -0.631555 0.281727 0.266670 -1.235792 -1.025701 3.161459 0.965336
-0.933629 -2.115946 -2.250225 -4.486921 0.303190 0.269447 -1.300000 -1.165250 3.218795 0.952975
-1.000540 -1.055562 0.080612 -2.057409 0.308839 0.286153 -1.270346 -1.043592 3.142504 0.958325
-1.075328 -0.827521 -4.003720 0.868267 0.291866 0.317012 -1.247461 -0.949470 3.124377 0.966776
-0.958289 -0.727511 -3.915122 -2.347193 0.312474 0.314168 -1.247385 -0.982485 3.166422 0.959757
-0.981462 -1.034140 -3.492758 -1.016402 0.297941 0.281940 -1.299813 -1.119952 3.151381 0.962705
-0.904321 -0.736976 -4.612591 -3.890781 0.316411 0.291963 -1.190634 -1.032609 3.151215 0.956251
-1.018293 -0.221696 -3.925837 -4.610522 0.310460 0.311349 -1.069074 -0.965055 3.078425 0.966373
-0.899769 -1.160394 -2.772182 -0.808752 0.316771 0.304706 -1.300000 -0.998535 3.179736 0.956023
-1.025026 -0.321588 -4.267328 -3.809442 0.291114 0.289183 -1.070000 -0.950400 3.104786 0.967473
-1.027319 -1.108326 -2.848552 0.701511 0.284957 0.266708 -1.265833 -1.131927 3.175673 0.965162
-1.024670 -0.858023 -1.565261 -4.716289 0.314827 0.352836 -1.266580 -0.831793 3.163419 0.965635
-0.996047 -1.044271 -0.819204 -1.337907 0.298933 0.284629 -1.283718 -1.002210 3.151181 0.960447
-0.977512 -1.204573 -2.979453 -4.592077 0.283513 0.244355 -1.220509 -1.155125 3.218669 0.960725
-0.867290 -0.645353 -4.465542 -1.875679 0.327780 0.315673 -1.222426 -0.971492 3.164738 0.953909
-1.017569 -1.842562 0.565724 0.436988 0.301353 0.253112 -1.300000 -1.127091 3.218880 0.949260
-0.992582 -0.570830 -2.953895 -2.266125 0.297113 0.285590 -1.157179 -1.014414 3.115931 0.957879
