-0.979517 -0.979517 -0.881280 -0.881280 0.313363 0.289096 -1.259481 -1.039360 3.145412 0.958342
-0.979774 -0.979774 -0.878662 -0.878662 0.303136 0.265079 -1.223969 -1.093482 3.168346 0.961419
-0.986923 -0.986923 -0.868788 -0.868788 0.314498 0.306618 -1.300000 -0.989381 3.147672 0.961854
-0.986071 -0.986071 -0.871012 -0.871012 0.306274 0.272585 -1.237841 -1.090638 3.154904 0.962322
-0.981646 -0.981646 -0.859274 -0.859274 0.308328 0.289469 -1.274463 -1.032293 3.138824 0.958786
-0.981176 -0.981176 -0.867552 -0.867552 0.308287 0.285658 -1.291516 -1.028025 3.159717 0.961966
-0.977996 -0.977996 -0.873246 -0.873246 0.304056 0.292535 -1.295584 -0.981485 3.169446 0.962035
-0.966778 -0.966778 -0.865956 -0.865956 0.314469 0.295818 -1.282524 -0.992207 3.170317 0.961717
-0.969175 -0.969175 -0.848952 -0.848952 0.311293 0.299805 -1.300000 -0.987511 3.163916 0.960024
-0.975577 -0.975577 -0.843989 -0.843989 0.313266 0.285555 -1.281724 -1.054585 3.151100 0.961267
-0.973847 -0.973847 -0.831263 -0.831263 0.319842 0.305916 -1.286000 -0.979219 3.158718 0.961944
-0.978040 -0.978040 -0.833167 -0.833167 0.310677 0.288106 -1.271626 -1.024930 3.153586 0.958096
-0.991532 -0.991532 -0.866962 -0.866962 0.303653 0.294867 -1.300000 -0.972121 3.169160 0.963146
-0.993145 -0.993145 -0.895834 -0.895834 0.306991 0.300654 -1.271490 -0.971394 3.161076 0.961036
-1.006118 -1.006118 -0.978801 -0.978801 0.301943 0.319131 -1.300000 -0.886570 3.159581 0.961021
-1.004871 -1.004871 -0.968358 -0.968358 0.297030 0.280832 -1.270708 -1.032868 3.164939 0.967084
-1.004871 -1.004871 -0.968358 -0.968358 0.301492 0.307645 -1.299711 -0.947252 3.144827 0.962415
-1.004871 -1.004871 -0.968358 -0.968358 0.303562 0.309452 -1.300000 -0.921058 3.151675 0.961318
-1.008622 -1.008622 -0.957228 -0.957228 0.291621 0.286591 -1.292183 -0.983379 3.147969 0.963775
-1.006532 -1.006532 -0.945554 -0.945554 0.297926 0.292981 -1.299811 -0.985673 3.142705 0.965597
-1.002943 -1.002943 -0.946336 -0.946336 0.297517 0.275091 -1.248809 -1.032001 3.151855 0.964700
-1.000072 -1.000072 -0.941070 -0.941070 0.298217 0.284641 -1.274839 -1.002450 3.149820 0.963190
-1.003780 -1.003780 -0.938894 -0.938894 0.294747 0.283587 -1.283129 -1.004818 3.153345 0.964408
-1.001833 -1.001833 -0.937233 -0.937233 0.302522 0.290866 -1.257955 -0.996443 3.145781 0.961508
-1.003753 -1.003753 -0.937702 -0.937702 0.299025 0.280960 -1.266715 -1.009554 3.155342 0.963400
-1.006182 -1.006182 -0.907050 -0.907050 0.289752 0.271490 -1.274640 -1.021375 3.152855 0.964506
-1.006707 -1.006707 -0.906426 -0.906426 0.294082 0.271673 -1.253938 -1.032938 3.145397 0.960873
-0.990198 -0.990198 -0.924129 -0.924129 0.302897 0.294372 -1.299852 -1.000344 3.137686 0.966706
-0.989985 -0.989985 -0.955533 -0.955533 0.315350 0.330545 -1.300000 -0.866798 3.147523 0.961548
-0.993983 -0.993983 -0.972494 -0.972494 0.305001 0.292357 -1.267732 -1.013017 3.139175 0.964666
-0.993500 -0.993500 -0.977167 -0.977167 0.310244 0.315229 -1.286938 -0.935514 3.138638 0.964991
-0.989040 -0.989040 -0.990802 -0.990802 0.303127 0.278303 -1.231700 -1.064010 3.143444 0.958561
-0.991655 -0.991655 -0.982594 -0.982594 0.299960 0.279736 -1.241730 -1.030048 3.154837 0.962872
-0.991655 -0.991655 -0.982594 -0.982594 0.303795 0.300153 -1.296545 -0.965712 3.145571 0.960449
-0.990954 -0.990954 -0.969346 -0.969346 0.307073 0.305841 -1.296905 -0.917546 3.143827 0.956368
-0.990357 -0.990357 -0.980447 -0.980447 0.295342 0.273282 -1.255124 -1.014055 3.154521 0.962726
-0.982788 -0.982788 -1.051120 -1.051120 0.298324 0.278016 -1.256666 -1.020266 3.165485 0.959662
-0.984090 -0.984090 -1.055856 -1.055856 0.295460 0.278325 -1.263726 -1.002323 3.168677 0.960374
-0.982343 -0.982343 -1.058466 -1.058466 0.299187 0.277479 -1.258416 -1.024734 3.159001 0.959617
-0.988798 -0.988798 -1.064957 -1.064957 0.293981 0.276855 -1.286396 -1.024557 3.151261 0.962152
-0.994478 -0.994478 -1.119910 -1.119910 0.298682 0.297766 -1.295036 -0.977245 3.148509 0.961108
-0.990478 -0.990478 -1.152797 -1.152797 0.285154 0.262874 -1.229981 -1.027124 3.187136 0.962930
-0.971375 -0.971375 -1.164151 -1.164151 0.306780 0.306335 -1.290683 -0.960831 3.168519 0.965870
-0.974362 -0.974362 -1.169160 -1.169160 0.298715 0.280576 -1.267425 -1.030562 3.171296 0.963789
-0.977653 -0.977653 -1.204815 -1.204815 0.304357 0.297979 -1.296436 -1.002168 3.151448 0.963944
-0.951885 -0.951885 -1.192764 -1.192764 0.311104 0.293656 -1.280992 -1.023228 3.156488 0.962739
-0.964139 -0.964139 -1.193001 -1.193001 0.306861 0.290744 -1.293853 -1.052497 3.158982 0.968558
-0.964875 -0.964875 -1.195191 -1.195191 0.317659 0.320476 -1.299936 -0.912164 3.156441 0.963638
-0.967220 -0.967220 -1.196998 -1.196998 0.308029 0.286906 -1.260954 -1.038123 3.155654 0.965047
-0.967220 -0.967220 -1.196998 -1.196998 0.310124 0.296487 -1.277114 -1.020460 3.149844 0.965034
-0.964275 -0.964275 -1.190759 -1.190759 0.309183 0.327475 -1.300000 -0.854564 3.163778 0.959433
-0.956985 -0.956985 -1.278935 -1.278935 0.302871 0.288490 -1.282747 -1.029364 3.158836 0.964226
-0.963430 -0.963430 -1.172788 -1.172788 0.309449 0.272339 -1.214098 -1.099551 3.162525 0.957353
-0.951579 -0.951579 -1.177682 -1.177682 0.310314 0.273021 -1.224970 -1.121004 3.158747 0.959427
-0.951576 -0.951576 -1.177690 -1.177690 0.316338 0.291549 -1.248622 -1.035716 3.161928 0.960088
-0.954472 -0.954472 -1.182219 -1.182219 0.320277 0.303182 -1.249726 -1.015526 3.142787 0.958885
-0.957423 -0.957423 -1.151842 -1.151842 0.314338 0.299207 -1.291270 -1.010468 3.138130 0.959168
