-1.048561 -1.048561 -1.291162 -1.291162 0.300456 0.312962 -1.281510 -1.015286 3.143380 0.964336
-1.003622 -1.003622 -1.304948 -1.304948 0.291625 0.268652 -1.249907 -1.112027 3.178986 0.964044
-1.020886 -1.020886 -1.511611 -1.511611 0.306311 0.329785 -1.298106 -0.932184 3.155363 0.967497
-1.009210 -1.009210 -1.052662 -1.052662 0.296834 0.282035 -1.277369 -1.058058 3.136876 0.964394
-1.018143 -1.018143 -0.978474 -0.978474 0.296882 0.285940 -1.273612 -1.006654 3.160199 0.963384
-1.031341 -1.031341 -1.350486 -1.350486 0.291199 0.300015 -1.300000 -1.003343 3.177011 0.963291
-1.019976 -1.019976 -1.352950 -1.352950 0.288449 0.269157 -1.249734 -1.081782 3.154042 0.959540
-1.015142 -1.015142 -1.621916 -1.621916 0.295432 0.268254 -1.231347 -1.157969 3.171366 0.961587
-1.014452 -1.014452 -1.278227 -1.278227 0.289783 0.261718 -1.236244 -1.155112 3.161831 0.966273
-1.048672 -1.048672 -0.926628 -0.926628 0.299858 0.305786 -1.296594 -0.990896 3.112841 0.965500
-0.995381 -0.995381 -0.958646 -0.958646 0.305332 0.284946 -1.278548 -1.100610 3.141377 0.967867
-1.064240 -1.064240 -1.243545 -1.243545 0.295819 0.311890 -1.300000 -0.987713 3.147062 0.965217
-1.019091 -1.019091 -1.150262 -1.150262 0.297560 0.297664 -1.300000 -0.988336 3.158573 0.961882
-1.012857 -1.012857 -1.076539 -1.076539 0.291518 0.272396 -1.254227 -1.044982 3.150709 0.960723
-1.014494 -1.014494 -0.994208 -0.994208 0.288282 0.268209 -1.243951 -1.013528 3.155839 0.964056
-1.015455 -1.015455 -1.189388 -1.189388 0.298746 0.288224 -1.252839 -1.071026 3.152444 0.963802
-1.012995 -1.012995 -1.548939 -1.548939 0.288403 0.282320 -1.278167 -1.066726 3.156082 0.965778
-1.040167 -1.040167 -1.142153 -1.142153 0.291634 0.285349 -1.299878 -1.059354 3.140214 0.964305
-1.035379 -1.035379 -1.106210 -1.106210 0.298250 0.300136 -1.284239 -1.005885 3.161346 0.965354
-1.046145 -1.046145 -1.132274 -1.132274 0.285593 0.269788 -1.268518 -1.090401 3.161642 0.961764
-1.008888 -1.008888 -0.983964 -0.983964 0.288728 0.262945 -1.244981 -1.057550 3.182562 0.963544
-1.010551 -1.010551 -1.265335 -1.265335 0.294834 0.275163 -1.258512 -1.104511 3.153686 0.964194
-1.043848 -1.043848 -1.124006 -1.124006 0.308407 0.324258 -1.291422 -0.961643 3.113958 0.962062
-1.020896 -1.020896 -1.053686 -1.053686 0.304034 0.308467 -1.300000 -0.967833 3.167702 0.964062
-1.053155 -1.053155 -1.536085 -1.536085 0.299794 0.290202 -1.255234 -1.121111 3.153137 0.960899
-1.015822 -1.015822 -1.396042 -1.396042 0.286255 0.271518 -1.264861 -1.095684 3.165069 0.963489
-1.003597 -1.003597 -1.017938 -1.017938 0.297610 0.291081 -1.300000 -1.035270 3.118299 0.960004
-1.040568 -1.040568 -1.047265 -1.047265 0.304291 0.319271 -1.300000 -0.956312 3.138391 0.963459
-1.040643 -1.040643 -1.231987 -1.231987 0.302808 0.311526 -1.284485 -0.986383 3.137258 0.961436
-0.987306 -0.987306 -1.052873 -1.052873 0.299612 0.283250 -1.284985 -1.040377 3.167886 0.966485
-1.003958 -1.003958 -1.311952 -1.311952 0.299643 0.311402 -1.288446 -0.931460 3.157986 0.963892
-1.005148 -1.005148 -1.134607 -1.134607 0.296085 0.280389 -1.265845 -1.042239 3.165258 0.967054
-1.018923 -1.018923 -1.378071 -1.378071 0.304119 0.317504 -1.299816 -0.992862 3.137067 0.957670
-1.000317 -1.000317 -1.044534 -1.044534 0.299609 0.287471 -1.263451 -0.998075 3.155656 0.958607
-0.998242 -0.998242 -1.033656 -1.033656 0.305387 0.316576 -1.274389 -0.919541 3.139996 0.958222
-0.985655 -0.985655 -1.148375 -1.148375 0.300532 0.297764 -1.297309 -0.991265 3.124769 0.964860
-1.008564 -1.008564 -0.797492 -0.797492 0.299778 0.294210 -1.300000 -0.966043 3.137340 0.965989
-1.016762 -1.016762 -1.136285 -1.136285 0.302210 0.311949 -1.300000 -0.951230 3.138635 0.962838
-1.013311 -1.013311 -1.318018 -1.318018 0.287103 0.254493 -1.220888 -1.163910 3.156176 0.962393
-1.002810 -1.002810 -1.122456 -1.122456 0.301023 0.302996 -1.300000 -0.977862 3.159457 0.967035
-1.027054 -1.027054 -1.378792 -1.378792 0.290411 0.273042 -1.249748 -1.075967 3.139030 0.960469
-1.047123 -1.047123 -1.117776 -1.117776 0.296464 0.293716 -1.281101 -1.032597 3.137266 0.965523
-1.038304 -1.038304 -0.928600 -0.928600 0.294765 0.287148 -1.294034 -1.010500 3.136379 0.959397
-1.029695 -1.029695 -1.496754 -1.496754 0.290435 0.294096 -1.300000 -1.050353 3.147118 0.966585
-1.007687 -1.007687 -1.326351 -1.326351 0.292143 0.280999 -1.293643 -1.105952 3.137872 0.967995
-1.008462 -1.008462 -1.021797 -1.021797 0.292035 0.287470 -1.299712 -0.987837 3.131421 0.964663
-1.001639 -1.001639 -1.245049 -1.245049 0.288420 0.268624 -1.245869 -1.062707 3.154728 0.967114
-0.998319 -0.998319 -1.223966 -1.223966 0.300311 0.298816 -1.289932 -1.004659 3.126434 0.968557
-1.013932 -1.013932 -1.282598 -1.282598 0.302969 0.305079 -1.300000 -1.020647 3.132726 0.964149
-1.037129 -1.037129 -1.639657 -1.639657 0.302376 0.317833 -1.264115 -0.977150 3.138770 0.963244
-1.030668 -1.030668 -1.151437 -1.151437 0.296251 0.287921 -1.300000 -1.090292 3.130595 0.964703
-1.011651 -1.011651 -1.091569 -1.091569 0.299916 0.314476 -1.300000 -0.929573 3.132120 0.966952
-1.014647 -1.014647 -0.975472 -0.975472 0.301996 0.309423 -1.300000 -0.960538 3.136657 0.958975
-1.014149 -1.014149 -1.206526 -1.206526 0.292044 0.277469 -1.263331 -1.072937 3.132965 0.964892
-1.041470 -1.041470 -1.379611 -1.379611 0.292443 0.298352 -1.299939 -1.028656 3.147272 0.960894
-1.007297 -1.007297 -1.134638 -1.134638 0.290349 0.283327 -1.297631 -1.007172 3.139103 0.960365
-1.010956 -1.010956 -1.287666 -1.287666 0.290546 0.290023 -1.284227 -1.005470 3.142421 0.964961
