-0.897710 -0.897710 -1.566747 -1.566747 0.314735 0.299035 -1.264299 -0.992169 3.180348 0.964462
-0.967327 -0.967327 -2.203333 -2.203333 0.304380 0.313849 -1.274397 -0.985602 3.135927 0.963864
-0.916385 -0.916385 -1.626866 -1.626866 0.313777 0.301817 -1.299014 -1.030661 3.150437 0.953780
-0.962866 -0.962866 -1.405553 -1.405553 0.298389 0.278744 -1.232357 -1.031222 3.152906 0.959557
-0.989127 -0.989127 -0.987163 -0.987163 0.304077 0.287139 -1.299808 -1.034118 3.157828 0.961321
-0.949372 -0.949372 -1.384582 -1.384582 0.306101 0.290825 -1.276852 -1.018455 3.150952 0.961405
-0.975569 -0.975569 -2.140697 -2.140697 0.298924 0.306846 -1.300000 -1.013534 3.139681 0.969833
-0.924361 -0.924361 -1.471470 -1.471470 0.319518 0.311778 -1.273933 -1.014596 3.152365 0.964393
-0.899052 -0.899052 -2.090344 -2.090344 0.312543 0.306215 -1.285147 -1.013189 3.155316 0.963545
-1.069419 -1.069419 -1.355724 -1.355724 0.293132 0.295655 -1.300000 -1.073683 3.142985 0.963402
-0.926308 -0.926308 -1.220504 -1.220504 0.313011 0.304950 -1.298691 -0.982630 3.141000 0.961419
-1.022385 -1.022385 -1.193789 -1.193789 0.310364 0.318695 -1.283636 -0.964835 3.156598 0.958883
-1.087436 -1.087436 -0.874869 -0.874869 0.290580 0.298646 -1.300000 -0.969891 3.141376 0.956896
-1.015363 -1.015363 -1.628541 -1.628541 0.309860 0.327306 -1.278772 -0.965880 3.158039 0.964927
-1.002340 -1.002340 -2.350417 -2.350417 0.294791 0.297886 -1.262771 -1.047936 3.148118 0.964461
-0.901857 -0.901857 -1.518604 -1.518604 0.330076 0.305262 -1.268122 -1.091252 3.124241 0.957724
-0.967521 -0.967521 -1.350172 -1.350172 0.300736 0.286860 -1.282441 -1.038407 3.173473 0.962752
-1.001115 -1.001115 -1.220822 -1.220822 0.294654 0.283926 -1.276999 -1.021438 3.166355 0.962986
-0.886709 -0.886709 -1.860159 -1.860159 0.316401 0.313202 -1.300000 -0.955049 3.165722 0.955051
-1.010993 -1.010993 -1.126849 -1.126849 0.302686 0.293833 -1.267845 -0.999381 3.139154 0.962759
-0.983043 -0.983043 -1.154637 -1.154637 0.303813 0.309416 -1.297671 -0.937366 3.166281 0.962988
-0.966494 -0.966494 -2.021224 -2.021224 0.293474 0.279877 -1.277008 -1.096114 3.160056 0.965952
-0.974889 -0.974889 -1.527527 -1.527527 0.309672 0.307007 -1.298459 -1.035710 3.161913 0.964514
-0.930309 -0.930309 -1.559165 -1.559165 0.306178 0.290672 -1.263626 -1.020118 3.165147 0.958130
-0.958160 -0.958160 -1.347944 -1.347944 0.313312 0.318779 -1.274974 -0.970297 3.136678 0.963737
-0.965356 -0.965356 -1.730424 -1.730424 0.289061 0.278072 -1.292209 -1.056192 3.145866 0.965096
-0.978708 -0.978708 -1.257041 -1.257041 0.305082 0.285617 -1.268557 -1.094559 3.134102 0.964322
-0.937586 -0.937586 -2.232818 -2.232818 0.305167 0.284767 -1.270587 -1.128853 3.173082 0.961707
-1.032582 -1.032582 -1.320357 -1.320357 0.288500 0.297222 -1.298958 -0.975370 3.145695 0.957036
-1.042258 -1.042258 -1.144643 -1.144643 0.281950 0.263740 -1.247213 -1.077555 3.140743 0.967198
-1.045974 -1.045974 -1.095398 -1.095398 0.288296 0.281049 -1.271540 -1.040586 3.164198 0.962967
-1.005459 -1.005459 -1.152345 -1.152345 0.311069 0.294224 -1.285988 -1.084237 3.107883 0.957400
-0.955452 -0.955452 -1.960252 -1.960252 0.306063 0.302649 -1.300000 -1.059344 3.164696 0.970111
-1.003997 -1.003997 -1.518276 -1.518276 0.287900 0.288011 -1.300000 -1.052481 3.143253 0.967393
-0.976439 -0.976439 -1.617803 -1.617803 0.290385 0.280380 -1.261770 -1.035631 3.164465 0.963716
-1.007532 -1.007532 -1.989643 -1.989643 0.296440 0.288659 -1.260809 -1.106124 3.151021 0.962153
-1.037522 -1.037522 -1.591049 -1.591049 0.301086 0.314212 -1.274427 -1.002683 3.135613 0.962942
-0.973589 -0.973589 -1.270815 -1.270815 0.300957 0.296488 -1.289740 -0.987888 3.140691 0.963708
-0.989853 -0.989853 -1.210953 -1.210953 0.302717 0.270820 -1.228699 -1.100420 3.174064 0.959916
-1.123784 -1.123784 -1.456049 -1.456049 0.278661 0.300369 -1.281587 -1.019588 3.114310 0.970499
-0.963742 -0.963742 -1.600695 -1.600695 0.298396 0.273378 -1.222245 -1.057724 3.178774 0.960880
-0.941480 -0.941480 -2.127744 -2.127744 0.315319 0.334106 -1.285645 -0.925160 3.159887 0.959157
-0.900009 -0.900009 -2.479784 -2.479784 0.313601 0.319992 -1.277024 -0.956512 3.173237 0.956534
-1.014526 -1.014526 -0.807617 -0.807617 0.308955 0.281915 -1.237636 -1.061714 3.144235 0.959858
-0.950071 -0.950071 -2.605783 -2.605783 0.295119 0.300820 -1.278952 -1.021257 3.169828 0.963550
-0.984019 -0.984019 -1.024638 -1.024638 0.301038 0.287473 -1.290829 -1.004974 3.138831 0.960189
-0.971525 -0.971525 -1.416623 -1.416623 0.302605 0.301043 -1.285511 -1.029389 3.155868 0.965611
-0.940839 -0.940839 -1.894221 -1.894221 0.301422 0.278621 -1.248469 -1.090653 3.166076 0.965327
-0.945450 -0.945450 -1.218915 -1.218915 0.308232 0.310640 -1.300000 -0.929032 3.147669 0.961488
-0.881962 -0.881962 -1.458847 -1.458847 0.333722 0.328017 -1.300000 -0.943303 3.164746 0.957151
-0.922831 -0.922831 -1.374079 -1.374079 0.308297 0.280010 -1.230939 -1.034016 3.162237 0.958054
-0.913623 -0.913623 -2.480489 -2.480489 0.307726 0.317798 -1.298654 -0.934821 3.173732 0.961345
-0.987335 -0.987335 -2.071004 -2.071004 0.307616 0.318725 -1.293899 -0.983731 3.147314 0.965228
-0.909428 -0.909428 -1.228873 -1.228873 0.324284 0.312902 -1.300000 -0.972334 3.151542 0.962425
-0.973671 -0.973671 -1.117360 -1.117360 0.311958 0.307568 -1.280705 -0.966259 3.172936 0.960636
-0.908032 -0.908032 -1.474701 -1.474701 0.313764 0.306702 -1.300000 -0.941367 3.191972 0.962137
-1.029539 -1.029539 -1.138410 -1.138410 0.309722 0.326942 -1.300000 -0.936891 3.166245 0.961997
