-0.916121 -1.671545 0.714488 -4.066484 0.309954 0.267769 -1.300000 -1.091031 3.218880 0.953438
-1.020940 -0.444279 -4.362276 -3.284909 0.288830 0.290458 -1.159641 -1.003089 3.093233 0.963226
-0.975378 -1.971359 0.965818 -3.022072 0.307053 0.268946 -1.300000 -1.138404 3.216819 0.955720
-0.957859 -0.941481 -2.255403 -2.652349 0.292976 0.279702 -1.262638 -1.007967 3.167852 0.960335
-0.992214 -0.665235 -3.128572 -3.514374 0.301767 0.323515 -1.225773 -0.890715 3.120628 0.964419
-1.041915 -1.837411 0.456345 -1.081514 0.285307 0.247274 -1.299882 -1.174535 3.218880 0.955943
-0.994174 -1.253644 -1.507920 -2.662536 0.294708 0.273540 -1.300000 -1.101574 3.179670 0.955541
-0.954706 -1.132706 -2.339506 0.057519 0.305279 0.299514 -1.300000 -0.993012 3.170883 0.966591
-0.941315 -1.242602 -3.299299 -1.358259 0.296809 0.277670 -1.300000 -1.087777 3.185345 0.960549
-0.987838 -0.872006 -2.120663 -2.488408 0.290506 0.269524 -1.187271 -1.036018 3.156452 0.959570
-1.017791 -1.316964 -3.026910 -4.776735 0.281161 0.270923 -1.300000 -1.163655 3.165460 0.962135
-1.004551 -1.350409 -0.694660 -1.898979 0.295165 0.279023 -1.300000 -1.070851 3.168008 0.954015
-0.983024 -0.881161 -3.220134 -4.449224 0.292395 0.287672 -1.244208 -0.995719 3.142097 0.963850
-1.018785 -1.185616 -0.878629 -3.271407 0.284590 0.260701 -1.257248 -1.093594 3.175902 0.961400
-0.992690 -0.668114 -3.635212 -3.219543 0.303285 0.318270 -1.216444 -0.911708 3.138438 0.962376
-1.044441 -0.530444 -1.452536 -4.000787 0.301200 0.289004 -1.116719 -0.996708 3.105855 0.960863
-1.038921 -0.399130 -2.587641 -0.245028 0.307527 0.323951 -1.138279 -0.867187 3.075340 0.957674
-0.975353 -1.552170 -0.406933 -2.761730 0.277151 0.243897 -1.298486 -1.145876 3.218880 0.963763
-0.976782 -0.709563 -3.391953 -1.380014 0.306256 0.295619 -1.210199 -1.040393 3.123605 0.964620
-1.026838 -1.571647 0.829590 -3.736419 0.303596 0.282482 -1.300000 -1.094419 3.190663 0.959479
-0.991587 -1.517411 0.011933 -0.089516 0.306093 0.260932 -1.266624 -1.107492 3.218398 0.958001
-1.009834 -1.017235 -3.848319 -0.394881 0.284650 0.276846 -1.265696 -1.044149 3.134514 0.962150
-0.973433 -0.424971 -4.480172 -1.475257 0.302926 0.298941 -1.123458 -0.939948 3.103168 0.961240
-1.027807 -1.319581 0.563041 -3.018211 0.292269 0.261722 -1.290436 -1.074591 3.192782 0.962401
-0.959110 -1.064674 -0.573998 -4.260663 0.314878 0.305426 -1.300000 -1.005349 3.169693 0.962356
-1.052800 -0.907403 -2.593450 0.700364 0.295971 0.287411 -1.245565 -1.073429 3.145224 0.966791
-0.954562 -0.809257 -3.365871 -2.048637 0.314433 0.313113 -1.251632 -0.960377 3.143726 0.956285
-1.000216 -0.585336 -4.934139 -1.761860 0.307805 0.314973 -1.182267 -0.970311 3.117041 0.964978
-1.008053 -1.037008 0.299908 -4.138584 0.306140 0.298347 -1.299865 -1.009878 3.142967 0.963228
-0.938152 -1.412680 -4.452758 -0.766782 0.302461 0.269010 -1.300000 -1.143962 3.202876 0.955637
-0.973813 -1.643244 0.183327 -2.274561 0.306238 0.270969 -1.299900 -1.100433 3.201696 0.958414
-0.908509 -0.546189 -2.001779 -1.585123 0.320094 0.305868 -1.200803 -0.932531 3.120939 0.960523
-0.951357 -1.208617 -1.148012 0.585594 0.313389 0.284543 -1.297786 -1.038260 3.172289 0.959038
-0.948660 -1.211853 -0.035290 -3.355283 0.304358 0.270189 -1.282602 -1.063538 3.195996 0.957880
-0.998612 -0.786046 -0.927502 -1.362028 0.315917 0.296709 -1.202015 -1.017614 3.141486 0.960986
-0.981856 -1.035938 -1.844366 -2.393438 0.309271 0.334806 -1.300000 -0.881567 3.165238 0.960597
-1.019188 -0.236175 -3.551380 -4.960181 0.304017 0.285351 -1.060222 -1.059916 3.104810 0.969121
-0.962123 -1.715038 0.535572 -2.243942 0.297204 0.254085 -1.300000 -1.138386 3.218880 0.959743
-0.964728 -1.239470 -1.841128 -2.665529 0.297387 0.267789 -1.300000 -1.117558 3.204976 0.965268
-1.005145 -1.304925 -0.924940 -4.272906 0.297147 0.330877 -1.300000 -0.848287 3.187371 0.958627
-1.071403 -0.604125 -3.675374 -4.437237 0.284197 0.274722 -1.142201 -1.055095 3.127832 0.966952
-0.972458 -0.649960 -2.830238 -1.430739 0.312720 0.299387 -1.200575 -1.013434 3.121968 0.963582
-0.939328 -1.154626 -1.794898 -2.896969 0.301247 0.269571 -1.268162 -1.082026 3.188048 0.962224
-1.024992 -0.701796 -4.391253 0.071697 0.293498 0.318378 -1.233551 -0.916865 3.130076 0.969040
-0.931306 -0.787583 -3.297860 -1.885406 0.315791 0.315281 -1.284902 -0.983120 3.122192 0.958378
-1.013909 -0.936309 -4.200041 -0.117433 0.297882 0.317045 -1.265850 -0.952128 3.157431 0.965377
-1.009811 -1.484981 -0.310034 -1.208331 0.303467 0.275680 -1.300000 -1.115215 3.184261 0.954336
-0.980286 -0.788543 -2.543118 -4.602494 0.309601 0.315811 -1.249449 -0.974618 3.137471 0.964800
-0.951251 -2.470067 0.871152 -3.138680 0.318935 0.296411 -1.300000 -1.085256 3.218880 0.940573
-1.005128 -1.643466 0.166270 0.436749 0.306951 0.256017 -1.265519 -1.152173 3.186012 0.963441
-1.001183 -1.466117 -0.784111 -0.127976 0.301417 0.273496 -1.300000 -1.091577 3.179235 0.959594
-0.926323 -0.867811 -1.973370 -4.014622 0.315736 0.315486 -1.300000 -1.005104 3.117869 0.969319
-1.056060 -1.086256 -0.876742 -1.387057 0.284668 0.262771 -1.240082 -1.075108 3.188440 0.966770
-0.906801 -0.450708 -3.040574 -2.226993 0.333896 0.321080 -1.184095 -0.963264 3.058704 0.953918
-0.987101 -0.652244 -2.366068 0.069914 0.305684 0.300024 -1.194842 -0.955856 3.107306 0.961185
-0.942765 -0.988355 -3.747763 -4.035972 0.306730 0.291357 -1.281954 -1.094477 3.148615 0.963039
-0.984860 -0.792886 -2.810964 -4.707887 0.303638 0.310337 -1.285304 -0.993997 3.121459 0.968333
