-0.936776 -0.936776 -1.196846 -1.196846 0.319989 0.310067 -1.270740 -0.987235 3.116418 0.959240
-0.935077 -0.935077 -1.191782 -1.191782 0.311891 0.291788 -1.280259 -1.042472 3.218336 0.959586
-0.931795 -0.931795 -1.186885 -1.186885 0.307403 0.283492 -1.265609 -1.035329 2.971463 0.964083
-0.931795 -0.931795 -1.186885 -1.186885 0.311655 0.296381 -1.294141 -1.008944 2.995167 0.964264
-0.932897 -0.932897 -1.179435 -1.179435 0.304378 0.287801 -1.279156 -1.027052 2.979046 0.968087
-0.928312 -0.928312 -1.202241 -1.202241 0.308496 0.292676 -1.257071 -1.015856 3.158952 0.966718
-0.932755 -0.932755 -1.209822 -1.209822 0.295958 0.280046 -1.299833 -1.056397 3.218880 0.945572
-0.927504 -0.927504 -1.176016 -1.176016 0.303192 0.293086 -1.293199 -0.951485 2.980052 0.964662
-0.927504 -0.927504 -1.176016 -1.176016 0.300643 0.270577 -1.212858 -1.028794 3.083769 0.957976
-0.927504 -0.927504 -1.176016 -1.176016 0.302062 0.277533 -1.233589 -0.991549 3.076369 0.962426
-0.926897 -0.926897 -1.172298 -1.172298 0.304312 0.289953 -1.282076 -0.986673 3.021011 0.970935
-0.915078 -0.915078 -1.122448 -1.122448 0.312694 0.299950 -1.276938 -0.961564 3.109448 0.961953
-0.914394 -0.914394 -1.131372 -1.131372 0.308725 0.282603 -1.240371 -0.995965 3.055201 0.963867
-0.914394 -0.914394 -1.131372 -1.131372 0.311963 0.288172 -1.256954 -1.046927 3.103208 0.967716
-0.910318 -0.910318 -1.118080 -1.118080 0.311904 0.283371 -1.239296 -1.016911 2.963944 0.965867
-0.912411 -0.912411 -1.112155 -1.112155 0.317690 0.296506 -1.270176 -0.981525 2.953083 0.961611
-0.912640 -0.912640 -1.111919 -1.111919 0.317750 0.295767 -1.291742 -1.011367 3.203921 0.960236
-0.925938 -0.925938 -1.101465 -1.101465 0.309390 0.295249 -1.286091 -0.961550 3.169153 0.959429
-0.925510 -0.925510 -1.103007 -1.103007 0.315138 0.312799 -1.300000 -0.939384 3.218880 0.955707
-0.925868 -0.925868 -1.102092 -1.102092 0.306290 0.289704 -1.281867 -0.975962 3.159637 0.962835
-0.911936 -0.911936 -0.975055 -0.975055 0.323418 0.307551 -1.300000 -1.012496 3.218880 0.953619
-0.912022 -0.912022 -0.975023 -0.975023 0.315735 0.285988 -1.281652 -1.057663 3.218880 0.959231
-0.911391 -0.911391 -1.018074 -1.018074 0.312587 0.292990 -1.300000 -1.033716 3.218880 0.950019
-0.911391 -0.911391 -1.018074 -1.018074 0.315061 0.306933 -1.293581 -0.918833 3.003802 0.965186
-0.911923 -0.911923 -1.019915 -1.019915 0.311882 0.292087 -1.285171 -0.972463 3.141163 0.964639
-0.917115 -0.917115 -1.048696 -1.048696 0.312286 0.303115 -1.300000 -0.996742 3.218880 0.957399
-0.916950 -0.916950 -1.049273 -1.049273 0.310156 0.297430 -1.300000 -1.001741 3.218880 0.955859
-0.917399 -0.917399 -1.065458 -1.065458 0.318316 0.310333 -1.300000 -0.937770 3.218880 0.954243
-0.924408 -0.924408 -1.080672 -1.080672 0.301168 0.284491 -1.257514 -0.934132 3.012185 0.964619
-0.923829 -0.923829 -1.083279 -1.083279 0.296993 0.264230 -1.257782 -1.081091 3.218880 0.960241
-0.923547 -0.923547 -1.081430 -1.081430 0.305638 0.296380 -1.300000 -0.964100 3.218880 0.953052
-0.921292 -0.921292 -1.084176 -1.084176 0.307753 0.304781 -1.298932 -0.890956 3.130002 0.966241
-0.921292 -0.921292 -1.084176 -1.084176 0.310269 0.303611 -1.300000 -0.968856 3.218880 0.952583
-0.921015 -0.921015 -1.085808 -1.085808 0.315811 0.299751 -1.299842 -1.040886 3.218880 0.948495
-0.935573 -0.935573 -1.093982 -1.093982 0.306157 0.289887 -1.295679 -1.007227 3.218234 0.965020
-0.935241 -0.935241 -1.092323 -1.092323 0.310134 0.284724 -1.229893 -0.985422 3.184512 0.958111
-0.934895 -0.934895 -1.090677 -1.090677 0.301492 0.279623 -1.268042 -0.998083 3.016983 0.965345
-0.921489 -0.921489 -1.100578 -1.100578 0.310406 0.284367 -1.239700 -1.012143 3.067152 0.965334
-0.921478 -0.921478 -1.100563 -1.100563 0.308423 0.284809 -1.271386 -0.956262 3.170816 0.958167
-0.929575 -0.929575 -1.129212 -1.129212 0.311354 0.301895 -1.295252 -0.967326 3.208444 0.962002
-0.927862 -0.927862 -1.114116 -1.114116 0.294462 0.268226 -1.238945 -1.016500 3.011466 0.965086
-0.932100 -0.932100 -1.115431 -1.115431 0.295879 0.278367 -1.299313 -1.067374 3.218567 0.961838
-0.911975 -0.911975 -1.098904 -1.098904 0.307132 0.283012 -1.282854 -1.009927 3.218880 0.957686
-0.914009 -0.914009 -1.103751 -1.103751 0.309959 0.289939 -1.244474 -0.950024 3.000999 0.962493
-0.914009 -0.914009 -1.103751 -1.103751 0.309626 0.296585 -1.300000 -0.982217 3.121201 0.967527
-0.913362 -0.913362 -1.103919 -1.103919 0.313846 0.289273 -1.281505 -1.050481 3.218880 0.946191
-0.950149 -0.950149 -0.948539 -0.948539 0.314589 0.301641 -1.284388 -0.973434 3.125656 0.966785
-0.949097 -0.949097 -0.931982 -0.931982 0.312044 0.302435 -1.299888 -0.951150 3.099108 0.962089
-0.955134 -0.955134 -0.910870 -0.910870 0.306854 0.279125 -1.257116 -0.990956 3.161938 0.961297
-0.973236 -0.973236 -0.951691 -0.951691 0.303685 0.296897 -1.299372 -0.949245 3.147732 0.965401
-0.973125 -0.973125 -0.951693 -0.951693 0.304253 0.294029 -1.268022 -0.957487 2.973170 0.965065
-0.966403 -0.966403 -0.969335 -0.969335 0.314467 0.305777 -1.300000 -1.021531 3.218880 0.962536
-0.963873 -0.963873 -1.003353 -1.003353 0.301486 0.287867 -1.294924 -0.992122 3.100108 0.965744
-0.962711 -0.962711 -0.990733 -0.990733 0.307499 0.289810 -1.279639 -0.999283 3.195736 0.959332
-0.990929 -0.990929 -0.920410 -0.920410 0.311440 0.323708 -1.300000 -0.930930 3.181378 0.958020
-0.990833 -0.990833 -0.920820 -0.920820 0.300226 0.283728 -1.274718 -1.003759 3.122144 0.963458
-0.990856 -0.990856 -0.916064 -0.916064 0.303104 0.280578 -1.264061 -1.055747 3.108204 0.960872
