-1.035211 -0.622740 -4.595443 -1.958814 0.285235 0.294475 -1.184382 -0.973998 3.134191 0.964626
-1.003216 -0.469527 -4.236066 0.707543 0.304832 0.295800 -1.125042 -0.982685 3.106969 0.959533
-0.900593 -1.436902 -1.196806 0.869787 0.313032 0.273253 -1.300000 -1.035982 3.212084 0.950763
-1.029757 -0.434186 -4.644898 0.773509 0.291445 0.294078 -1.120159 -0.976838 3.092480 0.962123
-0.993969 -0.026205 -4.319465 -2.495550 0.318924 0.293908 -0.992964 -1.034299 3.059392 0.965892
-0.941895 -0.933183 -1.302592 -3.297691 0.321243 0.311328 -1.300000 -1.023596 3.151034 0.964110
-0.952657 -0.408347 -4.246372 -0.250924 0.322362 0.305328 -1.124127 -1.003378 3.096865 0.957679
-0.985166 -0.693585 -2.593343 -4.321516 0.311184 0.313265 -1.236468 -0.982308 3.140000 0.959087
-1.039913 -0.549868 -3.902156 -4.904820 0.297013 0.292627 -1.137946 -1.006926 3.127138 0.962108
-0.974390 -1.330413 -1.509276 0.942449 0.291461 0.250182 -1.245609 -1.120797 3.190342 0.960942
-0.961102 -0.544204 -3.566686 -0.848730 0.304592 0.297934 -1.166512 -0.958369 3.133447 0.963613
-0.993187 -0.861736 -1.496307 -1.175775 0.313526 0.295551 -1.254886 -1.067621 3.117956 0.961026
-0.974518 -1.443811 -0.738473 -2.810098 0.301463 0.278116 -1.299871 -1.057058 3.213478 0.960908
-0.987295 -0.819742 -3.670126 -4.951907 0.297976 0.285779 -1.230339 -1.071945 3.130182 0.962835
-1.024979 -0.726916 -3.416956 -0.626976 0.300714 0.320767 -1.214234 -0.923355 3.122482 0.961676
-0.955284 -1.099796 -1.802613 -4.095686 0.302615 0.278711 -1.280993 -1.091418 3.174935 0.959369
-0.940821 -1.499985 -0.140857 -4.108276 0.303878 0.269524 -1.300000 -1.065793 3.210275 0.961070
-0.962368 -0.535374 -3.240505 -1.858072 0.316501 0.308349 -1.188656 -1.027901 3.122071 0.958653
-0.977614 -1.218838 0.165352 -1.774110 0.306412 0.274937 -1.281511 -1.054741 3.176852 0.958181
-0.949844 -0.970429 -3.257474 0.373136 0.305300 0.302089 -1.300000 -0.983013 3.155090 0.963157
-1.037266 -0.436369 -2.462348 -1.653363 0.293626 0.295945 -1.158659 -1.020838 3.046340 0.967850
-1.037847 -0.643306 -2.734693 -2.290430 0.293193 0.281112 -1.173911 -1.042474 3.107743 0.963441
-1.040654 -0.553263 -4.501670 -4.941944 0.284961 0.283152 -1.158110 -1.021294 3.120042 0.963635
-0.875638 -0.763471 -4.155650 -1.627282 0.319793 0.319247 -1.300000 -0.909379 3.168549 0.959321
-0.895936 -1.162901 -2.545038 -0.261024 0.314305 0.295055 -1.300000 -1.028450 3.160710 0.954710
-0.987720 -0.342666 -2.682830 -2.253954 0.294069 0.288514 -1.132694 -0.930147 3.115055 0.967350
-0.937287 -1.551725 -1.283781 -4.320578 0.300138 0.267791 -1.300000 -1.079611 3.214393 0.958180
-0.985492 -0.748738 -2.131995 -4.386123 0.293708 0.276441 -1.218332 -1.028180 3.166460 0.968897
-1.010503 -0.848864 -1.575166 -3.729566 0.289154 0.282611 -1.238305 -1.017575 3.134505 0.962256
-1.000306 -1.184521 -2.894481 0.405929 0.285112 0.269274 -1.296911 -1.054535 3.162483 0.959075
-0.949865 -1.110409 -1.268001 -4.825014 0.325461 0.306345 -1.299938 -1.079499 3.143659 0.952329
-0.946695 -1.574700 -0.495814 -0.550538 0.298343 0.263894 -1.300000 -1.015046 3.216865 0.957100
-1.026917 -0.586578 -2.587934 -0.256217 0.316998 0.330080 -1.187084 -0.911077 3.095197 0.960509
-0.907850 -0.581679 -4.334964 0.564423 0.329363 0.304756 -1.172129 -0.998368 3.172143 0.960622
-0.947877 -1.553563 0.239196 -0.999313 0.315124 0.281346 -1.300000 -1.035032 3.189537 0.952900
-0.994552 -0.552950 -4.059441 -2.239586 0.305864 0.307260 -1.187510 -0.981186 3.094977 0.959564
-0.983454 -0.729743 -3.102369 -4.261770 0.306123 0.291935 -1.198471 -1.042850 3.127607 0.964298
-1.001430 -0.844419 -4.637210 -4.565360 0.309450 0.307734 -1.267631 -1.105696 3.129923 0.965017
-1.134037 -0.704728 -3.806976 0.290924 0.285108 0.298033 -1.181041 -1.051907 3.112815 0.966357
-0.962361 -0.581829 -4.827697 0.842319 0.302155 0.305607 -1.202722 -0.950469 3.109203 0.962696
-0.980298 -0.161617 -3.654618 -2.943112 0.311149 0.294991 -1.055585 -1.010449 3.038664 0.960015
-1.010506 -0.311969 -4.506388 -2.665974 0.299505 0.307032 -1.143275 -0.960215 3.073945 0.962540
-1.012420 -0.782577 -2.335714 -3.042753 0.294624 0.305548 -1.261814 -0.976972 3.132316 0.958977
-1.014272 -0.823027 -1.957338 -2.239273 0.290280 0.288720 -1.233087 -0.952800 3.162191 0.962584
-0.902372 -0.772942 -3.284634 -1.847895 0.315299 0.291399 -1.228191 -1.033484 3.156711 0.957695
-0.993124 -0.950948 -1.040798 -1.689504 0.306436 0.309454 -1.300000 -0.964617 3.146864 0.960739
-1.050564 -0.511898 -1.471141 -4.661451 0.295080 0.294841 -1.190552 -1.013187 3.114964 0.967396
-0.919022 -0.647223 -3.945886 -4.485097 0.313028 0.295368 -1.204071 -0.995852 3.159298 0.957721
-0.906569 -1.113566 -4.441719 -1.399090 0.303978 0.279214 -1.300000 -1.076453 3.191233 0.962380
-1.057133 -1.023533 -3.303648 -2.951829 0.286718 0.292311 -1.271836 -1.042098 3.143552 0.964275
-0.995102 -0.452319 -3.212053 0.643993 0.304187 0.291184 -1.122851 -0.966414 3.089666 0.963257
-0.972254 -1.773186 0.239804 -0.873047 0.298253 0.243105 -1.276173 -1.220447 3.218518 0.956725
-0.966965 -1.721895 -1.278559 0.041469 0.300397 0.255493 -1.299979 -1.178701 3.218880 0.951583
-0.995931 -1.068914 -2.117953 0.372806 0.297591 0.287848 -1.293049 -1.028467 3.147828 0.963476
-0.975793 -0.661720 -1.833347 -4.676774 0.309550 0.301801 -1.213968 -0.978544 3.153170 0.964060
-0.978032 -1.474113 -2.029748 0.170107 0.299960 0.273789 -1.300000 -1.112889 3.218788 0.955174
-0.938052 -1.525426 -4.647564 -0.708568 0.301759 0.269797 -1.300000 -1.131181 3.215709 0.956918
