-0.972643 -1.300538 -1.401809 -2.369044 0.302738 0.289326 -1.300000 -1.107445 3.179947 0.958191
-1.036834 -0.243192 -2.711782 -4.430663 0.312169 0.303770 -1.054884 -1.018052 3.081245 0.963572
-1.021993 -1.040888 -4.597404 0.933081 0.281247 0.288153 -1.286437 -1.025819 3.144591 0.967751
-1.019908 -0.967153 -1.765125 -3.098364 0.296999 0.319029 -1.274670 -0.912722 3.140693 0.966235
-1.030375 -1.224057 -1.051803 -3.124630 0.291164 0.291004 -1.299799 -1.056303 3.170897 0.965630
-1.018520 -0.317739 -4.811375 -4.972995 0.298004 0.303325 -1.106969 -0.948793 3.078512 0.962616
-1.016440 -0.092542 -4.628437 -1.989518 0.315888 0.311316 -1.018476 -0.957067 3.085056 0.969063
-1.003707 -0.511488 -3.333641 -4.576282 0.296835 0.291901 -1.164026 -0.992775 3.123114 0.965668
-1.047382 -1.125882 -1.679576 0.294446 0.288829 0.275321 -1.267385 -1.041798 3.166589 0.966704
-1.017483 -1.363214 0.804972 -3.317910 0.306431 0.276775 -1.300000 -1.074964 3.197429 0.961701
-0.935763 -1.847712 0.389506 -3.971018 0.295747 0.245379 -1.300000 -1.252978 3.213202 0.964067
-0.959401 -1.553734 0.153575 -3.956636 0.311266 0.279192 -1.300000 -1.099376 3.211961 0.957456
-1.030769 -2.027322 -0.269168 -1.503247 0.291392 0.277143 -1.300000 -1.072184 3.218880 0.955530
-0.972130 -0.838572 -2.876975 -1.711777 0.284341 0.290234 -1.292860 -0.948753 3.168407 0.965126
-0.978390 -1.271065 -3.878749 -0.392771 0.312973 0.345299 -1.299992 -0.873601 3.184338 0.956081
-0.928433 -1.200776 -0.264548 -4.199854 0.321748 0.303022 -1.298903 -1.046745 3.151533 0.959390
-0.968977 -0.695208 -2.038277 -4.679267 0.317515 0.313684 -1.198430 -0.956390 3.138031 0.963134
-1.074690 -0.917671 -1.014584 -1.561871 0.284468 0.273036 -1.239491 -1.067566 3.134802 0.967896
-0.958621 -1.016581 -2.233968 -4.087592 0.318542 0.329284 -1.300000 -0.950423 3.143203 0.959970
-1.073222 -0.606517 -3.962376 -0.362229 0.283955 0.289062 -1.176505 -0.990165 3.121949 0.965253
-1.006177 -1.282309 -1.880502 0.229667 0.289681 0.268676 -1.300000 -1.107208 3.172811 0.963595
-1.034750 -0.634842 -4.184944 -0.182920 0.305722 0.311892 -1.171658 -0.996557 3.114955 0.964618
-0.910756 -0.609577 -4.009455 -1.000765 0.318318 0.308477 -1.214974 -0.974184 3.127652 0.957296
-0.989205 -1.444679 -2.860773 -0.193879 0.291692 0.268801 -1.300000 -1.107021 3.181058 0.953434
-1.052752 -1.060938 -0.820097 -0.109268 0.289170 0.266958 -1.271487 -1.088587 3.171572 0.964993
-0.961863 -0.640084 -3.860933 -2.170318 0.294653 0.289031 -1.212206 -0.982864 3.133654 0.963964
-0.962223 -0.696167 -3.719679 0.324747 0.298423 0.292353 -1.224466 -0.978937 3.151004 0.966176
-0.979713 -0.870259 -4.634000 -3.977921 0.302446 0.307111 -1.300000 -1.041420 3.128085 0.962205
-0.970591 -1.628400 -3.481066 -0.403284 0.300856 0.273966 -1.300000 -1.118423 3.206423 0.953139
-0.913059 -2.035295 0.420551 0.771455 0.319060 0.253780 -1.300000 -1.181450 3.218880 0.955365
-1.022820 -1.066315 0.160364 -3.477698 0.300402 0.298930 -1.300000 -0.958606 3.161586 0.962397
-0.936566 -1.113941 -4.141479 -2.121352 0.311954 0.306178 -1.300000 -1.027817 3.155585 0.961452
-0.999576 -0.427841 -4.049790 -2.511663 0.295266 0.281422 -1.102345 -0.990064 3.123740 0.963621
-1.009781 -1.171685 -4.216240 -4.761230 0.303180 0.326458 -1.300000 -0.950780 3.158239 0.964106
-1.017841 -0.704200 -4.663729 0.245242 0.313541 0.320343 -1.208903 -1.014343 3.125370 0.962940
-0.929126 -1.619318 0.682138 -4.914970 0.307515 0.266626 -1.300000 -1.095660 3.198890 0.955695
-0.894744 -0.980725 -2.062806 -4.367593 0.317556 0.301400 -1.289643 -1.006804 3.179609 0.959057
-1.067444 -0.358606 -4.366209 -0.795757 0.294179 0.305942 -1.114616 -0.963363 3.085526 0.967106
-0.963593 -1.229112 -2.344659 -2.197578 0.306692 0.326174 -1.300000 -0.918947 3.176772 0.964388
-0.948425 -2.413823 0.988071 0.427320 0.303174 0.243949 -1.300000 -1.160435 3.218880 0.954963
-0.990983 -0.561459 -4.201223 -1.222557 0.303721 0.297457 -1.186492 -1.061378 3.099577 0.966675
-1.009335 -1.088550 -2.994867 -1.006441 0.278501 0.275649 -1.298331 -1.009255 3.159804 0.969030
-1.032565 -0.588768 -4.561640 -2.545166 0.284244 0.269426 -1.125758 -1.044195 3.118746 0.963978
-0.940871 -1.903843 0.223009 -1.050385 0.305653 0.258715 -1.300000 -1.153195 3.218880 0.962770
-1.073631 -0.221480 -2.978704 -1.824505 0.289643 0.286874 -1.059193 -0.944985 3.068661 0.963634
-0.952222 -0.791076 -4.393211 -2.267444 0.301164 0.296034 -1.247294 -1.012293 3.142536 0.963910
-1.080064 -0.903707 -0.572417 -2.842247 0.294670 0.299437 -1.261052 -0.989962 3.108076 0.963095
-0.910445 -1.104099 -2.324594 -2.325869 0.317079 0.293004 -1.299627 -1.066622 3.174300 0.959689
-0.968380 -0.612475 -4.413258 -4.406869 0.312427 0.314229 -1.215972 -0.958233 3.115129 0.965701
-0.979802 -0.697984 -4.596005 -0.684124 0.302256 0.286651 -1.184602 -1.047381 3.115232 0.959201
-0.947118 -0.473000 -4.635815 -0.436740 0.308857 0.288539 -1.119398 -1.006443 3.132470 0.965726
-0.965491 -0.937692 -1.412204 -4.158042 0.306669 0.295573 -1.280803 -1.057567 3.138511 0.961382
-1.016276 -0.465830 -2.658180 -2.132931 0.291597 0.277821 -1.128413 -1.001367 3.107742 0.964595
-0.959584 -1.293941 -1.271524 -0.757877 0.297465 0.261253 -1.300000 -1.170207 3.153794 0.963678
-1.049688 -2.085579 0.955710 -3.239657 0.291571 0.274137 -1.299965 -1.097996 3.207668 0.947097
-0.959088 -0.649468 -4.359764 0.635158 0.304157 0.283695 -1.192644 -1.057939 3.125114 0.962243
-0.993385 -0.499628 -2.518443 -3.814432 0.299828 0.303802 -1.179290 -0.943188 3.097755 0.959354
