-1.017086 -1.017086 -1.103788 -1.103788 0.293185 0.277518 -1.266366 -1.078242 3.142782 0.963708
-1.026644 -1.026644 -1.506818 -1.506818 0.284736 0.268792 -1.269386 -1.102895 3.186628 0.962060
-1.013155 -1.013155 -1.394151 -1.394151 0.291432 0.275959 -1.260050 -1.089061 3.141757 0.960281
-1.023911 -1.023911 -1.304673 -1.304673 0.301636 0.318456 -1.295672 -0.967263 3.134343 0.958028
-1.048092 -1.048092 -1.081978 -1.081978 0.293726 0.275761 -1.250576 -1.057079 3.164767 0.959244
-1.042407 -1.042407 -1.517113 -1.517113 0.295905 0.314675 -1.300000 -0.997872 3.155723 0.967922
-0.997013 -0.997013 -1.428136 -1.428136 0.291772 0.288256 -1.277722 -1.001345 3.159774 0.961860
-1.005741 -1.005741 -1.245027 -1.245027 0.295613 0.281268 -1.260262 -1.041307 3.141545 0.963574
-1.025743 -1.025743 -1.080943 -1.080943 0.293287 0.293872 -1.289528 -0.996415 3.132717 0.966608
-0.995905 -0.995905 -0.955745 -0.955745 0.300948 0.279809 -1.263486 -1.071883 3.137594 0.958706
-1.034078 -1.034078 -0.980441 -0.980441 0.297463 0.274307 -1.241917 -1.083910 3.162442 0.963648
-1.029653 -1.029653 -1.162046 -1.162046 0.296875 0.303404 -1.300000 -0.982311 3.169709 0.961184
-1.019398 -1.019398 -1.509851 -1.509851 0.290984 0.276205 -1.258650 -1.085435 3.158654 0.963878
-1.055745 -1.055745 -1.268533 -1.268533 0.289518 0.272840 -1.264029 -1.105126 3.158624 0.965454
-1.023605 -1.023605 -1.146318 -1.146318 0.294581 0.278215 -1.268754 -1.071035 3.140910 0.967512
-1.042815 -1.042815 -1.213204 -1.213204 0.296199 0.305518 -1.289095 -0.983329 3.124949 0.963408
-1.052111 -1.052111 -1.475730 -1.475730 0.297277 0.304991 -1.299678 -1.074317 3.126993 0.958769
-1.023457 -1.023457 -1.216963 -1.216963 0.298307 0.305740 -1.278367 -0.964200 3.163300 0.959535
-1.034533 -1.034533 -1.577958 -1.577958 0.297275 0.320140 -1.300000 -0.953433 3.142813 0.967318
-1.001664 -1.001664 -1.072449 -1.072449 0.290821 0.278068 -1.282943 -1.016428 3.155304 0.965035
-1.000948 -1.000948 -1.153303 -1.153303 0.292298 0.274159 -1.260570 -1.052329 3.148697 0.963561
-1.030642 -1.030642 -1.200599 -1.200599 0.284477 0.253707 -1.218747 -1.115159 3.181034 0.963053
-1.007521 -1.007521 -1.095716 -1.095716 0.298245 0.290721 -1.299983 -1.047048 3.129027 0.964733
-1.020122 -1.020122 -1.296520 -1.296520 0.292390 0.289505 -1.275882 -1.019769 3.146282 0.965663
-1.014678 -1.014678 -1.240181 -1.240181 0.290147 0.275000 -1.252039 -1.021952 3.162629 0.963532
-1.014079 -1.014079 -1.159816 -1.159816 0.293690 0.286318 -1.299646 -1.059524 3.151780 0.969322
-1.027306 -1.027306 -1.137335 -1.137335 0.300465 0.313491 -1.300000 -0.952428 3.150245 0.965055
-1.015144 -1.015144 -1.027907 -1.027907 0.292871 0.278681 -1.254834 -1.006663 3.167616 0.964258
-1.022013 -1.022013 -1.506831 -1.506831 0.287853 0.279652 -1.285383 -1.067991 3.174104 0.964906
-1.007708 -1.007708 -1.190972 -1.190972 0.294428 0.270875 -1.221006 -1.048241 3.168975 0.962105
-1.002016 -1.002016 -1.154622 -1.154622 0.290037 0.275158 -1.257433 -1.032607 3.150610 0.965832
-1.016732 -1.016732 -1.410809 -1.410809 0.294396 0.292750 -1.287753 -1.044959 3.129148 0.962599
-1.033314 -1.033314 -1.021952 -1.021952 0.297518 0.296014 -1.294447 -1.000000 3.149618 0.962867
-1.006873 -1.006873 -1.166454 -1.166454 0.292067 0.285474 -1.299960 -1.024839 3.138961 0.966843
-0.992847 -0.992847 -1.280164 -1.280164 0.299882 0.301515 -1.296166 -0.965755 3.169312 0.956683
-1.039481 -1.039481 -1.288893 -1.288893 0.290040 0.281829 -1.288941 -1.088160 3.147346 0.963903
-1.025202 -1.025202 -1.180419 -1.180419 0.294852 0.299521 -1.300000 -1.021974 3.163374 0.967985
-1.041952 -1.041952 -1.275367 -1.275367 0.298069 0.316920 -1.295185 -0.957946 3.142491 0.963048
-1.003525 -1.003525 -1.143866 -1.143866 0.303302 0.304964 -1.276726 -1.006379 3.128535 0.966739
-1.015380 -1.015380 -0.905397 -0.905397 0.302804 0.294336 -1.272211 -0.979725 3.149729 0.963496
-1.034528 -1.034528 -0.936094 -0.936094 0.302760 0.313976 -1.300000 -0.939682 3.132865 0.959858
-1.000615 -1.000615 -1.122180 -1.122180 0.294225 0.282688 -1.287517 -1.033721 3.143998 0.964744
-1.011622 -1.011622 -1.121700 -1.121700 0.302157 0.317422 -1.293358 -0.920918 3.132458 0.960374
-0.994222 -0.994222 -1.139757 -1.139757 0.296620 0.297271 -1.300000 -0.962067 3.159028 0.962363
-0.995298 -0.995298 -1.272538 -1.272538 0.298855 0.293130 -1.289861 -1.019097 3.164805 0.963012
-1.000112 -1.000112 -1.178320 -1.178320 0.290575 0.280732 -1.292304 -1.046272 3.167283 0.968931
-1.042040 -1.042040 -1.314219 -1.314219 0.291490 0.288206 -1.300000 -1.091559 3.144200 0.964077
-1.017952 -1.017952 -1.242308 -1.242308 0.296001 0.298715 -1.296442 -0.999867 3.170505 0.963588
-0.998671 -0.998671 -1.188066 -1.188066 0.295063 0.278974 -1.268430 -1.033447 3.160635 0.963470
-0.988456 -0.988456 -1.012013 -1.012013 0.302810 0.296116 -1.289185 -0.995615 3.125026 0.964435
-1.014284 -1.014284 -0.922926 -0.922926 0.302423 0.310490 -1.300000 -0.938289 3.174266 0.960693
-1.014048 -1.014048 -1.003609 -1.003609 0.296321 0.286265 -1.275555 -0.997709 3.166080 0.964970
-0.995434 -0.995434 -1.425275 -1.425275 0.292364 0.298333 -1.298815 -1.010561 3.146610 0.960728
-1.026853 -1.026853 -1.103372 -1.103372 0.297486 0.295726 -1.300000 -1.011717 3.171971 0.963451
-1.044850 -1.044850 -1.218289 -1.218289 0.297678 0.294461 -1.291101 -1.056527 3.139248 0.964977
-1.034067 -1.034067 -0.960230 -0.960230 0.290885 0.268328 -1.281843 -1.145377 3.146328 0.967297
-1.006083 -1.006083 -1.044610 -1.044610 0.297434 0.298377 -1.300000 -0.953823 3.165777 0.964711
