-0.993236 -0.341837 -3.423521 -4.823079 0.296417 0.277395 -1.137875 -1.084544 3.062265 0.960754
-1.039981 -0.410637 -1.690303 -4.353300 0.306426 0.300821 -1.130759 -1.024207 3.067807 0.962764
-0.998600 -0.734090 -4.774460 -2.046313 0.295302 0.294912 -1.219547 -1.012566 3.174101 0.966766
-0.972173 -1.038660 -2.781761 -1.124363 0.294553 0.278424 -1.273943 -1.062544 3.163724 0.960461
-0.923190 -1.399500 -0.217057 -2.441141 0.308971 0.257918 -1.275015 -1.170668 3.174058 0.954563
-0.954282 -1.243938 -2.201145 0.180289 0.303564 0.279759 -1.300000 -1.094653 3.207970 0.963890
-1.054722 -0.599513 -1.895301 -1.119289 0.297116 0.283048 -1.157303 -1.043914 3.083319 0.965912
-0.996510 -1.013857 -4.262300 -0.206823 0.296216 0.321669 -1.292573 -0.919680 3.171503 0.961505
-0.979874 -0.520402 -4.891675 -4.678861 0.305627 0.312223 -1.185981 -0.966010 3.114537 0.965470
-1.021567 -1.446868 -0.173410 -4.338009 0.295541 0.281333 -1.300000 -1.077305 3.188198 0.958756
-1.001295 -1.277546 -1.867315 -0.402412 0.306877 0.312242 -1.299852 -1.009675 3.154101 0.961568
-0.938519 -0.985474 -4.003549 -3.210916 0.293056 0.273303 -1.265651 -1.087142 3.183284 0.957705
-0.953424 -1.478015 -1.491929 -1.154699 0.301012 0.266970 -1.300000 -1.120492 3.217246 0.957532
-1.053752 -1.021100 -0.928232 -0.236031 0.295602 0.277919 -1.259637 -1.046803 3.148617 0.962692
-0.993572 -0.741529 -3.116871 -2.153530 0.303394 0.331722 -1.255943 -0.871916 3.158408 0.965751
-1.009718 -0.453898 -3.249025 -1.315493 0.310203 0.321421 -1.137802 -0.890815 3.112302 0.959380
-1.013112 -1.353667 0.603962 -4.262797 0.302367 0.309928 -1.300000 -0.925098 3.176197 0.955410
-0.932898 -2.172166 0.894941 -0.802881 0.306797 0.249059 -1.300000 -1.175683 3.218880 0.949763
-1.042293 -0.136409 -4.895102 -2.723429 0.290438 0.289093 -1.052237 -0.965931 3.085021 0.964859
-0.968991 -1.101146 -2.559254 -4.019212 0.295548 0.276073 -1.300000 -1.114994 3.162288 0.964310
-0.950528 -1.255643 -2.488895 0.161921 0.309939 0.292784 -1.299958 -1.071698 3.158587 0.952709
-0.988624 -0.930722 -1.470711 -3.944538 0.293196 0.293481 -1.277249 -0.978114 3.137342 0.959792
-1.015451 -0.992070 -1.332848 -1.815088 0.306267 0.295226 -1.282416 -1.095451 3.142923 0.965726
-0.955095 -1.551328 -1.718771 -2.282799 0.294463 0.251047 -1.257991 -1.174444 3.214516 0.962492
-0.988863 -0.626740 -4.875527 -3.646221 0.299649 0.288772 -1.173112 -1.065460 3.111504 0.958905
-0.997900 -0.754216 -3.469458 -2.213179 0.297841 0.296220 -1.242856 -1.014312 3.148660 0.961232
-0.987125 -1.408857 -1.180430 0.084184 0.304634 0.286274 -1.299949 -1.065739 3.186863 0.964100
-1.061193 -0.796307 -4.111727 0.847908 0.293093 0.299109 -1.204321 -0.999152 3.120850 0.964457
-0.989805 -0.941919 -0.618256 -2.861057 0.308503 0.317247 -1.267767 -0.919898 3.121851 0.955760
-0.941351 -1.105435 -2.280645 -3.918608 0.301951 0.284942 -1.300000 -1.069408 3.155880 0.960264
-0.960065 -1.148080 -1.912840 0.798943 0.308114 0.296175 -1.300000 -0.973478 3.177719 0.960361
-1.040351 -0.521941 -0.958197 -4.247324 0.301938 0.275539 -1.129651 -1.073671 3.106900 0.968526
-0.883542 -1.136504 -2.561932 -0.079788 0.325556 0.293052 -1.300000 -1.129889 3.184573 0.958349
-1.040814 -1.984807 0.833896 -0.436130 0.299153 0.259995 -1.300000 -1.098749 3.190251 0.949455
-0.918253 -0.713189 -4.883185 -4.680319 0.320588 0.325910 -1.255275 -0.935147 3.139007 0.955891
-0.992648 -1.572952 -0.651057 -1.287244 0.297530 0.271892 -1.300000 -1.154294 3.185367 0.960909
-1.010571 -1.199286 0.035252 -2.387760 0.296289 0.275166 -1.297637 -1.078243 3.153496 0.962249
-0.942464 -0.648225 -3.739767 -4.199937 0.311985 0.310712 -1.217007 -0.977572 3.125281 0.962922
-1.035882 -0.580445 -4.460845 -1.001062 0.293412 0.276320 -1.132339 -1.062178 3.115968 0.963059
-0.944557 -1.083742 -1.516956 0.154976 0.307471 0.289659 -1.300000 -0.995886 3.174152 0.961691
-0.972053 -0.996445 -0.741468 -3.629775 0.300131 0.284137 -1.286778 -1.034173 3.154337 0.963920
-1.029801 -0.536923 -2.306624 -3.904244 0.296341 0.293333 -1.184850 -0.997084 3.104727 0.964104
-0.986682 -0.743109 -2.207860 -3.238283 0.301413 0.289408 -1.201964 -1.005277 3.150293 0.962054
-0.968415 -0.982621 -3.205505 -1.103038 0.297779 0.282453 -1.281474 -1.102234 3.175875 0.964802
-0.981056 -0.309009 -3.880382 -1.985028 0.316429 0.315983 -1.079356 -0.931264 3.078265 0.962380
-0.967128 -1.441649 -0.259841 -2.237154 0.301380 0.278408 -1.300000 -1.027386 3.192651 0.957810
-0.973513 -0.976607 -2.405565 -4.120313 0.304597 0.287159 -1.232587 -1.052649 3.154890 0.958212
-0.989993 -0.658767 -4.454557 -2.811258 0.298266 0.279042 -1.166506 -1.054136 3.125854 0.961469
-1.004353 -1.699857 -0.258311 -1.907933 0.276768 0.242718 -1.300000 -1.142743 3.208377 0.966143
-0.979002 -1.331387 -1.292674 -0.184527 0.288917 0.266579 -1.300000 -1.035740 3.201117 0.958412
-0.934605 -0.928813 -2.862767 -4.354978 0.309891 0.297731 -1.270750 -1.020264 3.149763 0.960404
-1.002491 -1.482745 -1.550866 -4.439652 0.295456 0.273539 -1.300000 -1.096131 3.205772 0.956419
-0.961964 -1.173661 -2.111197 -1.927146 0.308043 0.298826 -1.300000 -1.037375 3.177285 0.956718
-1.033515 -1.499702 -0.403700 -2.675177 0.308429 0.325007 -1.300000 -0.952535 3.181076 0.958783
-0.929288 -0.712822 -3.436824 -3.627023 0.307436 0.263890 -1.148266 -1.138105 3.171731 0.963023
-0.943656 -1.212428 -1.711992 -4.197984 0.298954 0.267916 -1.291554 -1.146536 3.176712 0.959368
-1.047898 -0.682884 -2.578549 -0.832078 0.304052 0.306079 -1.196311 -1.001259 3.101858 0.963671
