-1.054209 -0.647117 -4.310516 -1.587540 0.282532 0.278171 -1.193581 -1.077983 3.132356 0.964891
-0.999523 -1.220890 -1.354207 0.924778 0.309966 0.303398 -1.300000 -0.957167 3.163570 0.956350
-0.943878 -1.131175 -3.020873 -2.444606 0.302536 0.281755 -1.300000 -1.117418 3.192716 0.959961
-1.028692 -0.274446 -3.537510 -3.918189 0.307424 0.307101 -1.083887 -0.966140 3.093512 0.964340
-0.895840 -0.943641 -4.564223 -0.327855 0.325778 0.318301 -1.295562 -0.975596 3.155754 0.959413
-0.960332 -0.543330 -2.909685 -3.773523 0.313225 0.309484 -1.194177 -0.973720 3.096500 0.962421
-1.005054 -1.005614 -1.101344 -2.622068 0.305940 0.296705 -1.280702 -1.048687 3.158823 0.962718
-0.970825 -1.394160 0.181556 -1.953776 0.294431 0.260802 -1.288772 -1.024205 3.206429 0.953732
-0.971590 -1.495247 -1.233158 -4.799050 0.295323 0.267900 -1.300000 -1.106058 3.218880 0.965452
-1.033500 -0.864556 -1.297327 -3.759315 0.286889 0.280488 -1.275218 -1.059868 3.149977 0.966883
-0.949933 -0.637486 -3.915185 -0.766468 0.310006 0.298474 -1.207012 -0.999328 3.134456 0.962872
-1.028135 -0.430935 -4.018859 -2.920522 0.291102 0.295267 -1.155389 -1.002034 3.114321 0.966414
-0.962251 -1.347124 -1.573038 -0.479260 0.303745 0.268074 -1.300000 -1.157588 3.200083 0.957297
-0.981045 -1.640911 0.629394 -1.323815 0.293906 0.260319 -1.300000 -1.053047 3.218880 0.962154
-0.986083 -1.387088 0.931949 -2.770840 0.299916 0.263267 -1.299727 -1.035274 3.189956 0.955055
-0.967724 -0.874183 -0.298522 -4.673566 0.306080 0.274717 -1.242838 -1.092228 3.150810 0.959192
-1.020864 -0.586535 -4.882998 -0.979492 0.289988 0.292640 -1.180704 -0.981297 3.140561 0.961417
-0.885574 -1.403501 0.143260 -4.207435 0.316828 0.273107 -1.300000 -1.100836 3.210043 0.958606
-0.988721 -1.338245 0.028642 -4.837567 0.293528 0.265683 -1.300000 -1.102089 3.195788 0.962364
-0.984232 -0.634124 -2.880036 -3.529284 0.303359 0.306230 -1.238215 -1.012850 3.106675 0.965432
-1.013699 -0.358821 -1.880243 -3.807843 0.309796 0.297464 -1.096635 -0.998228 3.093827 0.962569
-0.964226 -0.778447 -3.601016 -2.581883 0.300940 0.305385 -1.249568 -0.963063 3.125502 0.964731
-0.970599 -0.605812 -3.974184 -1.540465 0.311982 0.315734 -1.192782 -0.931993 3.140956 0.966821
-1.007247 -1.654907 0.959547 -2.685189 0.301952 0.263097 -1.300000 -1.141320 3.201043 0.951442
-1.033127 -0.775117 -4.897684 -4.317557 0.301258 0.283421 -1.182243 -1.113111 3.170325 0.961928
-1.047975 -0.715832 -2.106154 -0.016964 0.300225 0.276191 -1.134282 -1.046020 3.166184 0.958419
-1.049134 -1.332572 -0.912028 -0.360564 0.294446 0.296839 -1.300000 -1.017883 3.173873 0.963167
-1.032287 -1.047214 -2.021715 0.761207 0.299814 0.314692 -1.300000 -0.921553 3.149552 0.963294
-0.904659 -0.920963 -3.496174 0.490045 0.323324 0.292136 -1.265585 -1.110769 3.142027 0.959304
-0.960583 -0.324211 -2.327743 -4.483309 0.319097 0.306172 -1.111822 -0.968737 3.102138 0.965297
-0.972450 -0.798268 -3.747517 -4.662454 0.304704 0.314737 -1.252173 -0.939538 3.148693 0.959015
-1.025021 -0.584373 -4.646012 -4.258691 0.294954 0.291921 -1.174290 -1.019685 3.129608 0.963235
-0.959465 -0.404549 -4.344970 -2.431224 0.305505 0.293938 -1.149022 -1.020774 3.083638 0.967804
-0.938260 -1.056555 -0.845979 -1.080492 0.312362 0.290444 -1.295551 -1.012045 3.170711 0.962385
-0.943522 -1.582373 0.985982 -2.903602 0.312783 0.270132 -1.300000 -1.068774 3.209221 0.958799
-1.000501 -0.662924 -1.331722 -1.334142 0.300186 0.287616 -1.210808 -0.972602 3.088809 0.959582
-0.942781 -0.974405 -1.364885 -1.013173 0.315047 0.297491 -1.277120 -1.017402 3.129764 0.961744
-1.040791 -0.258104 -3.324643 -1.777584 0.304263 0.302981 -1.077237 -0.974301 3.073993 0.964766
-0.943897 -1.174774 -2.816638 -4.191014 0.301442 0.276157 -1.300000 -1.130326 3.179084 0.966843
-0.938243 -1.420496 -1.053030 -3.469077 0.307310 0.274743 -1.300000 -1.077982 3.206363 0.960323
-1.101106 -0.471975 -3.897747 -2.339378 0.288936 0.309096 -1.117347 -0.940310 3.098760 0.967475
-1.082100 -0.924964 -1.891197 0.153893 0.283350 0.285301 -1.249475 -0.999673 3.146376 0.960712
-0.938316 -0.458115 -4.767436 -2.105280 0.323023 0.314737 -1.155243 -0.974383 3.128317 0.962099
-0.981932 -1.048653 -2.526960 -4.452974 0.300101 0.308376 -1.295451 -0.990401 3.161227 0.961358
-0.919101 -1.044702 -2.426391 -4.649425 0.312135 0.306318 -1.300000 -0.996519 3.169629 0.957515
-1.010206 -1.182376 -1.809094 -3.953284 0.293965 0.298426 -1.300000 -1.013769 3.175595 0.964097
-0.974308 -0.714205 -4.022810 -1.463955 0.309529 0.312526 -1.226993 -0.978870 3.135436 0.958505
-0.952637 -0.751749 -4.277587 -2.946467 0.305514 0.293115 -1.220728 -1.037459 3.134966 0.961900
-0.951042 -0.942774 -1.365224 -4.208849 0.313752 0.318109 -1.300000 -0.941018 3.149471 0.964106
-1.043388 -1.394740 -0.094099 -0.246467 0.283288 0.249456 -1.285666 -1.106637 3.183882 0.960977
-1.042009 -0.861463 -1.485542 -3.760356 0.289102 0.290585 -1.262145 -1.026263 3.116988 0.965112
-0.986212 -0.749232 -2.087922 -2.433846 0.309820 0.315885 -1.245924 -0.958273 3.104037 0.963946
-1.008580 -0.652184 -1.476311 -1.531634 0.307193 0.304338 -1.219740 -0.992223 3.126247 0.963673
-0.968456 -0.712091 -1.971035 -3.396867 0.309629 0.298131 -1.202099 -0.999249 3.133905 0.962258
-1.040588 -0.938471 -0.570276 -3.601668 0.286647 0.270824 -1.253024 -1.091278 3.145982 0.969013
-1.037001 -1.243433 -4.827644 -0.957756 0.286724 0.321176 -1.300000 -0.912295 3.195347 0.964233
-0.971938 -0.282473 -4.700382 -3.889882 0.309172 0.301633 -1.114728 -1.015722 3.065070 0.965522
