-1.020367 -0.081078 -4.561296 -2.073380 0.312246 0.318134 -1.027051 -0.957377 3.033956 0.963959
-0.982004 -1.378766 0.308970 -1.791995 0.302326 0.270209 -1.300000 -1.057397 3.207588 0.956983
-1.051851 -1.291582 -4.592387 -4.188794 0.287443 0.287110 -1.288868 -1.081352 3.148587 0.960973
-0.985221 -0.572166 -3.987026 -0.472572 0.304484 0.303901 -1.200377 -1.001242 3.093349 0.966269
-0.993186 -1.261575 0.565584 -2.649066 0.301014 0.269407 -1.300000 -1.092510 3.182177 0.961194
-0.979983 -0.263135 -3.690975 -4.215093 0.317856 0.332620 -1.126759 -0.878609 3.063245 0.960513
-1.040532 -1.269080 -0.295352 -4.395577 0.290498 0.283659 -1.299944 -1.064105 3.142360 0.961991
-1.002868 -0.771418 -2.447573 -3.310091 0.284236 0.278044 -1.226685 -1.009187 3.129350 0.966060
-1.001425 -1.108651 -3.799034 -3.241685 0.284154 0.260853 -1.256020 -1.132106 3.175373 0.965663
-0.990979 -1.662536 -1.888476 -2.910695 0.287725 0.271398 -1.300000 -1.091301 3.218880 0.959652
-1.038151 -0.433248 -4.285080 -1.961888 0.288186 0.307097 -1.168913 -0.943884 3.083016 0.969682
-0.979130 -0.725824 -4.669545 -0.096067 0.308788 0.317248 -1.229650 -0.949241 3.131641 0.959195
-1.019551 -0.403970 -3.946387 -0.576731 0.312134 0.310607 -1.110639 -0.970131 3.095697 0.965493
-0.959507 -0.482178 -4.845463 -1.544569 0.308956 0.289977 -1.116948 -1.004564 3.131609 0.960458
-1.084002 -0.445382 -2.291648 -1.944817 0.290500 0.291086 -1.117597 -0.986284 3.103193 0.961037
-0.951915 -1.318117 -0.824642 -0.122930 0.312065 0.277114 -1.281507 -1.067954 3.193216 0.956077
-1.044694 -0.676638 -1.689218 -0.725967 0.285778 0.273281 -1.197757 -1.010642 3.135327 0.962815
-0.990984 -1.393693 -0.367171 -2.698441 0.304596 0.299268 -1.300000 -1.030962 3.206558 0.962178
-1.008228 -0.660816 -3.185542 -2.147973 0.295508 0.276562 -1.160820 -1.053210 3.150074 0.963605
-1.008075 -0.550240 -3.465243 0.375827 0.307265 0.288014 -1.109156 -1.042045 3.115900 0.965778
-1.004972 -0.898796 -1.057529 -1.785969 0.305117 0.297050 -1.255826 -0.976949 3.160972 0.962457
-1.000259 -0.884940 -1.016534 -1.793409 0.309766 0.306087 -1.263487 -0.984026 3.142866 0.966130
-1.033342 -0.874002 -1.179206 -1.733422 0.297677 0.298807 -1.235704 -0.943985 3.164647 0.967518
-1.050408 -0.884274 -1.214142 -1.694881 0.278941 0.297315 -1.295501 -0.935536 3.144165 0.967024
-1.025327 -0.940056 -1.364303 -1.543647 0.304734 0.302081 -1.266377 -0.984551 3.145176 0.962484
-1.049495 -0.956715 -1.327826 -1.439444 0.293341 0.292703 -1.270769 -1.021996 3.137511 0.964664
-1.050138 -0.733344 -1.199754 -1.588234 0.299893 0.297779 -1.208379 -0.973370 3.127021 0.962584
-1.000734 -0.991168 -1.187296 -1.481916 0.302244 0.295541 -1.265504 -1.024803 3.152773 0.966286
-1.003666 -0.916284 -1.241841 -1.395968 0.297309 0.270930 -1.220444 -1.093598 3.158009 0.962087
-1.019996 -0.969740 -1.263738 -1.408738 0.294281 0.299619 -1.287149 -0.963616 3.151730 0.959521
-1.021595 -0.929495 -1.217954 -1.399585 0.305759 0.300874 -1.266780 -1.014706 3.140437 0.962046
-1.020183 -0.932577 -1.215226 -1.405866 0.291785 0.258064 -1.184128 -1.114564 3.172720 0.960742
-1.014911 -0.908524 -1.222655 -1.369459 0.305277 0.325578 -1.300000 -0.895781 3.152715 0.967828
-0.999041 -0.977658 -1.204991 -1.362416 0.299192 0.289148 -1.267934 -1.021120 3.157929 0.961492
-0.984871 -0.970655 -1.185420 -1.353933 0.312171 0.310023 -1.286653 -0.986551 3.141356 0.957770
-0.979267 -0.922056 -1.222527 -1.443491 0.310951 0.303379 -1.270454 -1.013364 3.145332 0.961932
-0.977262 -0.909172 -1.253476 -1.426370 0.316840 0.309867 -1.272145 -0.996268 3.137613 0.967402
-0.983241 -0.937991 -1.235983 -1.387811 0.302851 0.299848 -1.300000 -0.979007 3.142350 0.963479
-1.010543 -1.029368 -1.271660 -1.274223 0.288667 0.283502 -1.299602 -1.010329 3.164072 0.970607
-1.004618 -1.018020 -1.274818 -1.217976 0.286588 0.268000 -1.285550 -1.082657 3.153238 0.967634
-1.007963 -1.032899 -1.263570 -1.216269 0.296581 0.311820 -1.300000 -0.895125 3.157454 0.962313
-1.009163 -1.026851 -1.269742 -1.206405 0.285562 0.266058 -1.278171 -1.103786 3.165522 0.972174
-1.016186 -1.056855 -1.253631 -1.214940 0.288302 0.277190 -1.286540 -1.025147 3.148340 0.964421
-1.010947 -1.138545 -1.292821 -1.200316 0.296277 0.274091 -1.267395 -1.057745 3.159283 0.958672
-0.987875 -1.197771 -1.214202 -1.415208 0.289240 0.263342 -1.292722 -1.116609 3.188715 0.968344
-0.985298 -1.196010 -1.212291 -1.429526 0.305132 0.285929 -1.300000 -1.085550 3.163732 0.964358
-1.046598 -0.944370 -1.658782 -4.699038 0.296023 0.281876 -1.240520 -1.098627 3.182659 0.964709
-0.959562 -1.535274 0.812519 -2.557090 0.307119 0.266403 -1.300000 -1.085637 3.206141 0.962767
-1.022183 -0.982160 -2.342947 -0.642104 0.303835 0.304852 -1.274517 -1.033902 3.149915 0.965340
-0.978671 -1.539355 -0.122988 -4.331853 0.312517 0.278422 -1.299956 -1.152130 3.185353 0.960306
-0.944399 -2.193050 0.175674 0.758546 0.304205 0.247125 -1.300000 -1.137895 3.218880 0.955634
-0.959968 -1.382483 -0.225089 -0.776689 0.313127 0.267690 -1.291654 -1.109102 3.192313 0.955922
-0.999803 -0.472841 -3.791609 0.741621 0.296552 0.272200 -1.114201 -1.064821 3.098506 0.960151
-0.922322 -0.841397 -3.458766 -1.179092 0.310348 0.287032 -1.244347 -1.083840 3.139301 0.964244
-1.035723 -0.622470 -0.587225 -4.055745 0.315089 0.334281 -1.228420 -0.882645 3.124441 0.961388
-0.936664 -1.296226 -0.534270 -3.348981 0.298849 0.262378 -1.299979 -1.182927 3.162656 0.962337
-0.968958 -0.951381 -3.919473 -2.483424 0.311636 0.303739 -1.265358 -1.072175 3.157683 0.958242
