-1.016411 -0.608995 -4.568820 0.567788 0.305081 0.289505 -1.164149 -1.071953 3.136231 0.960918
-1.060962 -0.412194 -2.420834 -3.138473 0.287424 0.268545 -1.088521 -1.060162 3.108606 0.966027
-0.951248 -1.065232 -2.256164 -0.350497 0.295820 0.286374 -1.300000 -0.991935 3.180198 0.964100
-1.015195 -0.368986 -3.621745 -2.355155 0.292419 0.296145 -1.130164 -1.017104 3.074013 0.965619
-0.995769 -0.821024 -3.450395 -4.638543 0.286476 0.286385 -1.254342 -0.992746 3.137727 0.964645
-0.949161 -0.912454 -3.318670 0.611347 0.316063 0.302679 -1.296558 -1.063000 3.137954 0.959734
-1.076947 -0.370358 -4.797219 -4.066860 0.281330 0.293634 -1.124168 -0.998670 3.080801 0.969388
-0.928050 -0.503676 -4.737793 -0.499853 0.319181 0.303550 -1.141277 -1.018848 3.121864 0.963353
-1.011346 -1.750646 -0.849783 0.454840 0.292382 0.264053 -1.300000 -1.130432 3.213759 0.959929
-1.016627 -0.271403 -3.450709 -4.914888 0.312291 0.312444 -1.087100 -0.966964 3.070497 0.963346
-1.013353 -0.806613 -4.542485 0.306856 0.290415 0.272931 -1.209767 -1.108220 3.128932 0.966078
-1.030446 -0.415349 -4.431788 -4.617432 0.306623 0.306338 -1.113162 -1.035729 3.082102 0.963659
-1.031277 -0.667190 -2.704436 -2.256278 0.295137 0.306515 -1.247366 -1.000780 3.075453 0.961775
-0.996199 -1.476509 -1.548341 -0.911512 0.293407 0.286957 -1.300000 -1.027631 3.191215 0.955950
-0.994083 -0.817898 -2.712927 -0.492991 0.317736 0.336209 -1.266071 -0.901652 3.134341 0.961464
-1.061117 -0.973887 -4.067269 -1.037399 0.286410 0.291006 -1.231076 -1.026169 3.170569 0.968957
-0.965093 -1.069814 -3.923967 0.119461 0.294198 0.282759 -1.297340 -1.067313 3.149042 0.963924
-0.967509 -1.009324 -4.602661 -1.514655 0.302539 0.321115 -1.300000 -0.939787 3.164661 0.962121
-1.003411 -0.813156 -4.097928 0.012583 0.283956 0.280554 -1.265913 -1.061512 3.114310 0.965048
-1.019467 -0.972946 -0.143076 -3.979789 0.307081 0.320956 -1.288896 -0.913284 3.151350 0.964658
-1.036754 -1.167651 0.010125 -1.760862 0.309787 0.305747 -1.300000 -0.997524 3.145666 0.955991
-0.961782 -0.907460 -2.041668 -0.903271 0.305634 0.286605 -1.252681 -1.064724 3.154852 0.963657
-1.001283 -0.947662 0.158252 -4.722690 0.302393 0.289178 -1.258516 -0.964483 3.140037 0.963466
-0.916235 -0.335608 -3.258903 -2.749152 0.329732 0.333154 -1.142164 -0.898486 3.103040 0.959293
-0.973528 -0.855727 -3.931491 -4.478614 0.295044 0.291022 -1.262905 -1.027010 3.135049 0.965771
-1.040178 -0.490611 -2.269896 -3.184840 0.294884 0.302135 -1.152597 -0.944160 3.087609 0.964392
-1.028098 -0.500259 -2.646943 -4.056504 0.303393 0.306921 -1.168510 -0.997561 3.096354 0.963135
-0.945432 -0.910393 -2.574223 0.175229 0.314336 0.320734 -1.299882 -0.905890 3.177082 0.966347
-0.991148 -1.636523 -0.094533 -2.648764 0.298061 0.269731 -1.300000 -1.044770 3.210957 0.952600
-0.945078 -1.411709 -1.305306 -0.955833 0.303291 0.271741 -1.300000 -1.105705 3.215171 0.960009
-0.997116 -0.704292 -3.648830 0.720671 0.295894 0.283706 -1.213685 -1.027234 3.115040 0.963169
-1.022796 -0.923437 -0.789599 -2.695701 0.304770 0.300014 -1.258874 -1.023907 3.140209 0.962582
-0.990948 -0.800652 -3.158726 -4.415236 0.289452 0.276786 -1.219189 -1.033167 3.160083 0.964743
-0.986615 -1.146172 -1.029336 -1.088675 0.295629 0.257490 -1.226200 -1.121633 3.179397 0.966591
-0.947525 -0.543326 -4.870453 -3.177711 0.309264 0.306986 -1.188184 -0.982163 3.125712 0.966443
-0.913017 -0.765107 -2.474187 -0.786493 0.323014 0.298816 -1.227371 -1.015971 3.134322 0.963410
-0.970355 -0.882154 -2.140960 -3.655372 0.292817 0.285413 -1.273754 -1.048732 3.150104 0.965566
-0.963755 -1.003740 -1.783306 -3.070996 0.305113 0.301454 -1.278493 -0.971171 3.165646 0.959900
-0.932193 -1.579855 -0.979614 -1.536243 0.292100 0.248722 -1.300000 -1.155218 3.218880 0.957531
-0.981941 -0.848069 -0.766521 -2.291578 0.312006 0.301731 -1.254421 -0.997202 3.140612 0.960842
-0.925550 -1.074361 -4.044504 0.242081 0.310573 0.305284 -1.300000 -0.978258 3.184717 0.960644
-1.007558 -0.777167 -2.001809 -1.786168 0.299005 0.282994 -1.221392 -1.076207 3.121170 0.963631
-0.943212 -1.603464 -0.271729 0.147241 0.305225 0.260806 -1.300000 -1.109548 3.199737 0.959353
-1.007534 -0.595197 -4.925904 -4.340173 0.306554 0.319918 -1.162150 -0.925743 3.134057 0.964452
-1.017145 -1.255742 0.038288 -2.343388 0.300451 0.282621 -1.297249 -1.031126 3.187828 0.963332
-1.034936 -0.548134 -2.772565 -1.223787 0.308919 0.325530 -1.181946 -0.926841 3.108208 0.968801
-0.976054 -1.776423 -0.054587 -4.596668 0.296196 0.274495 -1.300000 -1.062372 3.218880 0.954933
-1.007961 -0.278431 -4.884293 -1.970965 0.305313 0.306126 -1.098525 -0.980658 3.068102 0.963017
-0.887215 -1.380464 -2.287153 -2.308097 0.318184 0.289788 -1.299928 -1.049635 3.214266 0.956841
-0.986178 -1.059273 -1.384434 -4.645341 0.292387 0.277942 -1.290751 -1.049718 3.159092 0.963062
-0.979764 -1.050907 -4.215164 -4.199474 0.296977 0.301593 -1.281379 -0.995378 3.143126 0.959503
-0.970712 -0.487450 -3.826740 -3.269558 0.314523 0.291928 -1.120343 -1.026413 3.131318 0.967358
-0.958248 -1.055573 -2.124760 -3.378280 0.296562 0.270800 -1.275154 -1.111289 3.152110 0.963231
-0.959016 -0.917035 -4.623913 -3.936532 0.306400 0.313768 -1.297558 -0.988730 3.175746 0.964612
-1.033196 -0.336368 -3.916425 -3.089556 0.297646 0.284489 -1.050204 -1.028524 3.101673 0.966086
-0.977113 -0.393986 -3.374881 -2.957856 0.301540 0.313441 -1.135603 -0.899284 3.086611 0.962427
-1.029281 -0.688218 -2.735695 -2.535450 0.292580 0.307681 -1.230251 -0.954786 3.111990 0.968757
