-1.046971 -1.046971 -1.543196 -1.543196 0.291877 0.305835 -1.272572 -0.984027 3.157107 0.962082
-1.018200 -1.018200 -1.456413 -1.456413 0.292073 0.295994 -1.282597 -1.017344 3.148913 0.965298
-1.053658 -1.053658 -1.897408 -1.897408 0.295044 0.318056 -1.259028 -0.983556 3.138118 0.958792
-0.973084 -0.973084 -1.845687 -1.845687 0.300067 0.284833 -1.259156 -1.102501 3.175800 0.964126
-0.999396 -0.999396 -1.500834 -1.500834 0.295355 0.286557 -1.259957 -1.031910 3.182809 0.967220
-0.995177 -0.995177 -1.107922 -1.107922 0.309422 0.299023 -1.257639 -1.015764 3.133142 0.960181
-0.935083 -0.935083 -1.579874 -1.579874 0.307673 0.292105 -1.277959 -1.067794 3.149648 0.964106
-0.943024 -0.943024 -1.581996 -1.581996 0.316486 0.322146 -1.324814 -0.983183 3.177449 0.964634
-0.997026 -0.997026 -1.149521 -1.149521 0.290449 0.265664 -1.242495 -1.074472 3.151615 0.964989
-0.978419 -0.978419 -3.149764 -3.149764 0.308972 0.311543 -1.259874 -1.046710 3.149370 0.958733
-0.949218 -0.949218 -2.111990 -2.111990 0.303165 0.293303 -1.282037 -1.075025 3.161501 0.959724
-1.002492 -1.002492 -1.090508 -1.090508 0.307661 0.311762 -1.327240 -0.979436 3.149560 0.958710
-0.953313 -0.953313 -1.229154 -1.229154 0.314385 0.301874 -1.278778 -1.040269 3.145056 0.965323
-0.933994 -0.933994 -1.878106 -1.878106 0.309886 0.294952 -1.271259 -1.056084 3.150843 0.961629
-1.074352 -1.074352 -1.477499 -1.477499 0.287348 0.310901 -1.308701 -0.977575 3.165132 0.964776
-0.824320 -0.824320 -2.797748 -2.797748 0.324293 0.319380 -1.325160 -0.979067 3.169147 0.956786
-0.947241 -0.947241 -1.766840 -1.766840 0.304630 0.289255 -1.275300 -1.083308 3.158777 0.961524
-1.058193 -1.058193 -1.148152 -1.148152 0.290435 0.296065 -1.278299 -0.992275 3.162180 0.966512
-0.983737 -0.983737 -1.541426 -1.541426 0.296890 0.300044 -1.289536 -0.984490 3.163597 0.961885
-0.978168 -0.978168 -1.180703 -1.180703 0.302674 0.300362 -1.305015 -0.990705 3.120076 0.963114
-1.062958 -1.062958 -1.635490 -1.635490 0.291143 0.306437 -1.298652 -1.051967 3.120861 0.962241
-1.020685 -1.020685 -0.709378 -0.709378 0.311654 0.282531 -1.219119 -1.036332 3.151927 0.963088
-0.981428 -0.981428 -1.372025 -1.372025 0.306559 0.311835 -1.289090 -0.974134 3.148163 0.964415
