0.302092 0.296774 -1.010855 -1.065589 3.184432 0.974938
0.312942 0.297195 -0.956142 -1.042096 3.101658 0.959617
0.310760 0.308062 -0.975050 -0.993237 3.114892 0.967367
0.313198 0.306010 -1.013055 -1.054615 3.139501 0.971996
0.321929 0.333102 -0.987676 -0.939828 3.054979 0.965258
0.290564 0.291798 -1.003771 -1.017159 3.094861 0.970747
0.312786 0.302785 -0.977399 -1.050146 3.119120 0.966854
0.306545 0.309624 -0.985951 -0.942724 3.133478 0.961679
0.303566 0.292903 -0.973543 -0.987337 3.125650 0.961671
0.317107 0.317784 -0.957351 -0.967640 3.191999 0.960130
0.315781 0.321454 -0.980180 -0.970875 3.156597 0.968468
0.309795 0.309513 -0.980290 -0.982156 3.178300 0.967481
0.305441 0.315766 -0.946754 -0.871671 3.184456 0.955077
0.306282 0.313167 -0.981027 -0.951209 3.218880 0.963651
0.305314 0.298916 -1.007598 -1.047256 3.199878 0.969123
0.302758 0.305194 -0.967418 -0.930590 3.217254 0.961252
0.307627 0.314616 -1.002694 -0.973728 3.145539 0.970411
0.316501 0.308732 -0.990922 -1.081107 3.150180 0.963862
0.309704 0.306750 -1.004176 -0.989202 3.180573 0.972053
0.293274 0.299683 -0.971281 -0.895784 3.218347 0.957461
0.294722 0.296181 -1.003851 -0.970234 3.127790 0.959661
0.303042 0.291097 -0.980529 -1.042731 3.136705 0.964190
0.312522 0.320976 -0.999344 -0.967967 3.103501 0.959567
0.296773 0.295272 -0.987907 -0.973375 3.163890 0.968890
0.299131 0.301846 -0.978212 -1.006033 3.130019 0.967095
0.304139 0.300187 -0.965422 -0.985895 3.181372 0.970265
0.292993 0.301420 -0.989729 -0.909485 3.204972 0.972868
0.304973 0.305319 -0.965098 -0.948742 3.112392 0.961089
0.303213 0.284025 -0.947943 -1.002454 3.112780 0.959983
0.303531 0.308248 -0.965063 -1.003882 3.119719 0.969069
0.303264 0.291252 -0.997101 -1.076959 3.108845 0.965323
0.311192 0.315516 -0.972089 -0.947011 3.105716 0.964458
0.308969 0.312277 -0.990696 -0.998080 3.064525 0.959933
0.308418 0.305129 -1.006053 -1.015058 3.107393 0.975006
0.306626 0.303508 -1.030420 -1.056239 3.126331 0.965784
0.309590 0.308364 -1.038622 -1.106419 3.056342 0.969430
0.305549 0.315247 -0.978216 -0.938936 3.164286 0.962897
0.315878 0.310751 -0.965232 -0.977144 3.102788 0.963118
0.308942 0.317534 -1.009395 -0.984441 3.076281 0.965078
0.312712 0.300115 -0.970627 -1.015894 3.120111 0.957997
0.312511 0.322000 -0.990727 -0.951160 3.127609 0.971607
0.300848 0.292398 -0.963764 -0.910130 3.188857 0.953784
0.310461 0.309039 -0.956309 -0.963767 3.163513 0.967207
0.293933 0.299132 -1.018757 -1.034588 3.064700 0.969596
0.305153 0.291006 -0.996016 -1.048189 3.134592 0.963244
0.313911 0.319170 -0.998996 -1.015471 3.096694 0.965204
0.302043 0.301369 -1.011129 -1.037328 3.206094 0.972346
0.308990 0.315512 -1.043943 -0.979089 3.137587 0.963319
0.306564 0.306791 -0.985747 -0.986875 3.187902 0.967050
0.297283 0.291022 -0.967870 -0.949637 3.218190 0.974283
0.301923 0.304977 -0.972307 -0.936042 3.205576 0.969929
0.300179 0.303949 -0.980681 -0.976512 3.153812 0.960683
0.314923 0.304506 -0.989343 -1.066792 3.149349 0.966808
0.304258 0.303652 -0.991846 -0.990720 3.129906 0.963704
0.299548 0.292572 -0.955861 -0.973617 3.116598 0.961119
0.294020 0.300179 -1.014655 -0.991869 3.143163 0.970413
0.307541 0.295754 -0.973194 -1.024515 3.136762 0.962109
0.304020 0.305284 -0.991682 -0.964787 3.141579 0.966142
