-0.988048 -1.085956 -1.533044 -2.193007 0.299606 0.288614 -1.281467 -1.039000 3.159170 0.961498
-0.994020 -1.147728 -1.823111 -2.326046 0.287226 0.286227 -1.300000 -1.003718 3.163822 0.961599
-0.998682 -1.102240 -1.781706 -2.326254 0.286245 0.263306 -1.247160 -1.061696 3.195720 0.965582
-1.005444 -1.081524 -1.779508 -2.297378 0.283619 0.277711 -1.292885 -1.046131 3.153869 0.964435
-1.032930 -1.077182 -1.771724 -2.274359 0.291748 0.323417 -1.296221 -0.893624 3.159046 0.971079
-1.044679 -0.982255 -1.777264 -2.277781 0.288246 0.302301 -1.299632 -1.000545 3.125683 0.968886
-1.066272 -0.768719 -1.841724 -2.267783 0.278580 0.269871 -1.210069 -1.076850 3.128563 0.966326
-1.068550 -0.780149 -1.826985 -2.265668 0.280008 0.289581 -1.218304 -0.963410 3.134049 0.966952
-1.083234 -0.754147 -1.794194 -2.192171 0.286590 0.296636 -1.221167 -0.988763 3.123911 0.969129
-1.094896 -0.734532 -1.787245 -2.247874 0.286219 0.293657 -1.225586 -1.028045 3.102730 0.966836
-1.089914 -0.714490 -1.756168 -2.217436 0.289165 0.288198 -1.201347 -1.065599 3.119237 0.965180
-1.072217 -0.814877 -1.795376 -2.249792 0.292048 0.285356 -1.221509 -1.052761 3.137951 0.963527
-1.063193 -0.844991 -1.756102 -2.244908 0.289925 0.284616 -1.234163 -1.054760 3.133960 0.959725
-1.030172 -0.710865 -1.763824 -2.185826 0.293790 0.301425 -1.232486 -0.954870 3.114397 0.960095
-1.023023 -0.737629 -1.773085 -2.190477 0.295686 0.284021 -1.201168 -1.019819 3.126444 0.965945
-1.027847 -0.679900 -1.789643 -2.201662 0.289283 0.301458 -1.229368 -0.924874 3.114473 0.967202
-1.038899 -0.610554 -1.782943 -2.247598 0.300951 0.298489 -1.160500 -0.983810 3.092497 0.964654
-1.032997 -0.652020 -1.799572 -2.231947 0.294614 0.293730 -1.192214 -0.996153 3.099965 0.963583
-1.027904 -0.655555 -1.828255 -2.212099 0.297403 0.308161 -1.203730 -0.923256 3.111752 0.964702
-1.050887 -0.551872 -1.742485 -2.330691 0.298555 0.298519 -1.168416 -0.982327 3.089315 0.964573
-1.055303 -0.614640 -1.848708 -2.329056 0.284720 0.286317 -1.181934 -0.996606 3.093858 0.966728
-1.049597 -0.609799 -1.825567 -2.339697 0.284996 0.283993 -1.187099 -0.993970 3.083937 0.966522
-1.031708 -0.602187 -1.768919 -2.386632 0.286703 0.278605 -1.166346 -0.997790 3.084299 0.962019
-1.002285 -0.626474 -1.804429 -2.405935 0.293657 0.285193 -1.194667 -1.001637 3.097815 0.965390
-0.993380 -0.561933 -1.766749 -2.394143 0.296334 0.273119 -1.123316 -1.020662 3.104175 0.962140
-0.976628 -0.493286 -1.889272 -2.313700 0.311542 0.304347 -1.167980 -0.939096 3.085536 0.964009
-0.955351 -0.418777 -1.894329 -2.354949 0.309154 0.285041 -1.130227 -1.000699 3.073266 0.961368
-0.956073 -0.363159 -1.912168 -2.365867 0.314372 0.297136 -1.132088 -0.955680 3.062227 0.961072
-0.975708 -0.363477 -1.910688 -2.373195 0.319330 0.294438 -1.091451 -0.977910 3.092930 0.961776
-0.976106 -0.373441 -1.930494 -2.465856 0.310713 0.308637 -1.144996 -0.928285 3.065094 0.956739
-0.972171 -0.407342 -1.829042 -2.443625 0.320551 0.294090 -1.134532 -1.016039 3.102019 0.967580
-0.991894 -0.385977 -1.720571 -2.462760 0.313038 0.297495 -1.107015 -0.970189 3.090904 0.963809
-0.986977 -0.389759 -1.724711 -2.462530 0.322525 0.314682 -1.110352 -0.966254 3.087710 0.965536
-0.971726 -0.393135 -1.727845 -2.468964 0.319940 0.313118 -1.160219 -0.943620 3.079489 0.965605
-0.959592 -0.373783 -1.753881 -2.454148 0.317836 0.310604 -1.140478 -0.920365 3.096327 0.962471
-1.075539 -0.831144 -1.774516 -4.240126 0.289696 0.305349 -1.248620 -0.995101 3.102865 0.963118
-1.015500 -1.469626 0.274171 -2.211119 0.284620 0.246702 -1.262193 -1.112887 3.218621 0.960914
-0.942815 -1.348018 0.430611 -3.749853 0.311758 0.283980 -1.300000 -1.041541 3.175705 0.962639
-0.919964 -0.475557 -4.597620 -2.190888 0.317445 0.304955 -1.158613 -0.984715 3.129602 0.960795
-0.959194 -1.284208 -0.993139 0.626813 0.304930 0.274870 -1.300000 -1.023903 3.169281 0.960249
-1.134959 -0.327398 -3.374341 -4.310853 0.276461 0.287888 -1.068804 -0.969421 3.068173 0.972086
-1.059383 -0.161654 -4.779949 -3.280416 0.297812 0.309879 -1.024132 -0.918786 3.072064 0.965151
-1.052991 -0.799267 -2.991373 -2.788192 0.283946 0.268228 -1.193393 -1.100202 3.155663 0.966315
-0.929490 -1.534672 -0.502647 -1.103166 0.302620 0.258328 -1.300000 -1.127884 3.218374 0.960490
-0.986717 -0.725570 -4.177503 0.602835 0.303556 0.317924 -1.221047 -0.912492 3.124728 0.965468
-1.026434 -0.501391 -2.221239 -2.424407 0.306278 0.292705 -1.149561 -1.029101 3.112045 0.960291
-0.979952 -1.486659 -0.451751 -4.317792 0.287205 0.268503 -1.300000 -1.078376 3.198585 0.964609
-0.992686 -1.334751 -1.849719 -2.733020 0.306594 0.340501 -1.300000 -0.858111 3.204816 0.961965
-1.025101 -0.984931 -2.412195 0.685898 0.294159 0.291224 -1.278274 -1.019089 3.146162 0.963267
-0.932866 -2.020990 0.757406 -0.067884 0.313051 0.258971 -1.300000 -1.130030 3.218880 0.952090
-1.016887 -0.839168 -2.340598 -3.918775 0.301957 0.303946 -1.255528 -1.019002 3.136045 0.959750
-0.971809 -0.743530 -1.107871 -3.906328 0.301082 0.291004 -1.220952 -0.962697 3.147367 0.962789
-1.077813 -0.421070 -1.635103 -4.444709 0.303985 0.327764 -1.142983 -0.891294 3.101106 0.964969
-1.036569 -0.975692 -3.286172 -1.508735 0.302609 0.327649 -1.247500 -0.921257 3.136555 0.965344
-0.931996 -0.503554 -4.780087 0.284895 0.312575 0.303539 -1.155955 -0.911330 3.112111 0.957111
-0.982399 -0.760552 -3.400680 -0.097639 0.300375 0.290948 -1.226525 -1.029209 3.111666 0.962097
-1.025082 -1.749556 -0.728124 0.676816 0.291337 0.258733 -1.300000 -1.137818 3.215817 0.966387
-1.011953 -0.968327 -1.386264 -0.749518 0.287495 0.277712 -1.277989 -1.009392 3.145866 0.962606
