-0.990856 -0.990856 -0.916064 -0.916064 0.304784 0.288904 -1.278060 -0.986574 3.002251 0.963981
-0.990192 -0.990192 -0.914971 -0.914971 0.298320 0.266575 -1.243221 -1.098679 3.196633 0.963741
-0.997987 -0.997987 -0.898206 -0.898206 0.295903 0.262377 -1.238910 -1.069096 3.179782 0.961186
-0.997987 -0.997987 -0.898206 -0.898206 0.304913 0.297510 -1.293650 -1.013113 3.045832 0.964005
-1.000206 -1.000206 -0.903940 -0.903940 0.296036 0.267177 -1.220822 -1.052182 2.970979 0.964878
-1.003331 -1.003331 -0.908021 -0.908021 0.305090 0.294329 -1.259366 -0.985032 2.979540 0.960786
-1.002903 -1.002903 -0.909676 -0.909676 0.300822 0.288789 -1.286152 -1.015236 3.023978 0.966905
-0.974788 -0.974788 -0.905238 -0.905238 0.297744 0.284612 -1.286204 -1.001137 3.066432 0.965552
-0.979139 -0.979139 -0.903617 -0.903617 0.300019 0.278919 -1.255503 -1.004857 2.997860 0.965003
-0.983012 -0.983012 -0.912295 -0.912295 0.302376 0.289414 -1.300000 -1.072894 3.218880 0.958824
-0.990396 -0.990396 -0.951501 -0.951501 0.308154 0.321692 -1.300000 -0.871086 3.163646 0.956658
-0.995770 -0.995770 -1.004900 -1.004900 0.297414 0.284680 -1.294623 -1.042297 3.094723 0.966903
-0.995770 -0.995770 -1.004900 -1.004900 0.298830 0.288516 -1.292219 -1.004610 2.981527 0.967572
-0.993525 -0.993525 -1.001004 -1.001004 0.291841 0.260008 -1.199720 -1.076857 2.967103 0.963793
-0.993822 -0.993822 -0.987733 -0.987733 0.308481 0.312241 -1.298924 -0.939542 3.131920 0.962732
-0.993822 -0.993822 -0.987733 -0.987733 0.299012 0.277350 -1.267736 -1.011456 3.099306 0.961264
-0.993392 -0.993392 -0.987575 -0.987575 0.299499 0.281585 -1.267091 -1.039116 3.087166 0.964145
-0.991821 -0.991821 -0.998055 -0.998055 0.295885 0.273155 -1.252475 -1.050063 3.100322 0.961302
-1.003878 -1.003878 -1.012547 -1.012547 0.291729 0.262931 -1.207185 -1.048310 2.969099 0.964622
-0.983153 -0.983153 -1.031762 -1.031762 0.306365 0.298991 -1.293842 -0.982508 3.169725 0.963481
-0.970591 -0.970591 -1.035885 -1.035885 0.310259 0.300484 -1.300000 -1.038316 3.218880 0.955847
-0.980232 -0.980232 -1.020269 -1.020269 0.297554 0.273295 -1.262191 -1.050482 3.133950 0.963130
-0.977522 -0.977522 -1.001794 -1.001794 0.315632 0.327166 -1.300000 -0.904778 3.218880 0.963568
-0.979008 -0.979008 -1.003428 -1.003428 0.294289 0.271497 -1.225219 -1.013469 3.074993 0.967900
-0.979440 -0.979440 -1.005737 -1.005737 0.298057 0.298599 -1.300000 -0.942564 3.011408 0.966027
-0.967680 -0.967680 -0.970963 -0.970963 0.304993 0.286143 -1.300000 -1.092316 3.218880 0.959809
-0.970492 -0.970492 -0.960292 -0.960292 0.310572 0.299695 -1.296925 -1.034918 3.218880 0.953852
-0.966783 -0.966783 -0.954165 -0.954165 0.306623 0.290803 -1.265223 -0.988520 3.080180 0.960052
-0.969381 -0.969381 -0.950089 -0.950089 0.311263 0.306970 -1.287734 -0.959798 3.122281 0.966162
-0.971427 -0.971427 -0.949458 -0.949458 0.296038 0.266123 -1.242023 -1.063271 3.099770 0.964712
-0.969010 -0.969010 -0.947704 -0.947704 0.302375 0.285548 -1.300000 -1.065047 3.218880 0.953284
-0.969058 -0.969058 -0.943639 -0.943639 0.302216 0.276405 -1.260581 -1.063158 3.134581 0.964069
-0.987677 -0.987677 -0.987957 -0.987957 0.298819 0.279748 -1.270663 -1.052167 2.937187 0.965210
-0.997534 -0.997534 -0.934770 -0.934770 0.308478 0.314764 -1.300000 -0.955879 3.218880 0.950454
-0.997313 -0.997313 -0.932562 -0.932562 0.303311 0.293058 -1.282916 -0.999168 3.153067 0.955890
-0.999213 -0.999213 -0.932637 -0.932637 0.308531 0.320019 -1.300000 -0.945394 3.218880 0.952951
-1.001343 -1.001343 -0.937320 -0.937320 0.297737 0.286606 -1.298372 -1.095257 3.218880 0.950102
-1.001343 -1.001343 -0.937320 -0.937320 0.295953 0.278311 -1.247746 -1.023595 3.052166 0.961793
-0.998076 -0.998076 -0.944124 -0.944124 0.298668 0.280059 -1.246978 -1.004995 3.042003 0.961943
-1.009642 -1.009642 -0.944218 -0.944218 0.292825 0.280507 -1.289672 -1.032114 2.978831 0.963752
-0.982649 -0.982649 -0.889882 -0.889882 0.305099 0.276297 -1.266072 -1.067530 3.213441 0.959409
-0.983567 -0.983567 -0.885997 -0.885997 0.303174 0.279815 -1.284521 -1.047970 3.155849 0.959637
-0.996369 -0.996369 -0.868636 -0.868636 0.306036 0.293827 -1.285187 -0.990302 3.142606 0.961250
-0.994633 -0.994633 -0.858466 -0.858466 0.308182 0.288170 -1.280032 -1.034186 3.218880 0.955673
-0.993423 -0.993423 -0.845290 -0.845290 0.304996 0.281702 -1.253749 -1.020333 2.949766 0.965616
-0.990497 -0.990497 -0.870567 -0.870567 0.295304 0.274033 -1.247681 -1.014596 2.936566 0.964347
-0.991706 -0.991706 -0.869449 -0.869449 0.294920 0.254587 -1.196378 -1.104588 3.191303 0.966073
-0.993855 -0.993855 -0.871227 -0.871227 0.300561 0.276743 -1.236764 -1.027755 3.019178 0.964844
-0.999301 -0.999301 -0.873892 -0.873892 0.297847 0.272574 -1.231288 -1.047361 3.143518 0.966826
-0.999141 -0.999141 -0.873589 -0.873589 0.296551 0.278767 -1.264925 -0.990872 3.073803 0.964384
-0.986259 -0.986259 -0.877536 -0.877536 0.310238 0.308406 -1.299971 -0.990964 3.218880 0.955139
-0.989680 -0.989680 -0.886038 -0.886038 0.313641 0.315506 -1.300000 -0.954794 3.218880 0.953956
-0.989680 -0.989680 -0.886038 -0.886038 0.305905 0.291233 -1.272608 -1.004829 2.947591 0.966281
-0.988002 -0.988002 -0.894923 -0.894923 0.310038 0.287726 -1.240507 -1.024808 3.045646 0.962891
-0.984005 -0.984005 -0.899671 -0.899671 0.311955 0.288840 -1.290736 -1.099719 3.218880 0.956403
-0.983765 -0.983765 -0.898327 -0.898327 0.312331 0.292415 -1.300000 -1.092272 3.218880 0.949566
-0.985791 -0.985791 -0.896574 -0.896574 0.311846 0.288065 -1.244513 -1.044046 3.029753 0.963522
