-0.967466 -1.017929 -3.986588 -1.223143 0.297510 0.275787 -1.271283 -1.143158 3.184599 0.964348
-1.025289 -0.533114 -2.273617 -2.285673 0.294812 0.294653 -1.164832 -0.940729 3.108061 0.959455
-0.991172 -2.028135 0.399985 -0.432011 0.293705 0.250243 -1.300000 -1.119136 3.218880 0.953116
-1.051827 -1.441317 0.709322 -4.625445 0.292669 0.276022 -1.300000 -1.088693 3.178045 0.963232
-1.042691 -0.377015 -3.262134 -3.225528 0.304000 0.292874 -1.114459 -1.055833 3.059171 0.957490
-1.017261 -1.024965 -4.168527 0.011785 0.294425 0.310043 -1.297789 -0.963342 3.134158 0.960425
-0.998955 -1.296281 -0.452199 -4.975780 0.295973 0.292215 -1.300000 -0.982252 3.180422 0.956995
-0.970039 -1.686142 -0.113423 -0.285935 0.306086 0.275404 -1.300000 -1.025068 3.218880 0.946796
-0.989518 -0.793692 -3.893881 -4.158734 0.308931 0.343169 -1.257668 -0.848194 3.145716 0.962911
-1.025155 -1.213881 0.815791 -3.173951 0.310488 0.291643 -1.300000 -1.042950 3.133554 0.957480
-1.016616 -1.258855 -0.581728 -0.672038 0.298769 0.274733 -1.295605 -1.103811 3.173052 0.960762
-0.984834 -1.119448 -0.653338 -4.345130 0.293715 0.282937 -1.273546 -1.020734 3.164304 0.964478
-1.016134 -1.073777 0.044481 -4.926602 0.291833 0.287209 -1.297685 -0.995796 3.173308 0.962421
-0.947092 -0.612010 -4.320128 -2.241430 0.307138 0.280270 -1.156559 -1.080932 3.139172 0.961351
-0.959726 -0.333798 -3.507754 -4.591928 0.314659 0.286202 -1.081682 -1.062201 3.108207 0.960584
-1.008576 -0.014832 -4.044609 -3.538948 0.309369 0.316296 -1.007815 -0.919537 3.027682 0.966831
-0.936703 -0.405748 -3.715332 -2.622698 0.321488 0.308900 -1.142720 -1.000023 3.096763 0.958539
-0.982723 -0.852541 -4.297178 -2.051143 0.291670 0.284526 -1.233390 -1.044805 3.153346 0.964263
-0.983599 -1.390196 -0.079902 -1.608305 0.299166 0.272405 -1.300000 -1.152924 3.170587 0.962513
-1.047299 -1.187186 0.365574 -3.136515 0.291703 0.272244 -1.292276 -1.074838 3.152094 0.963018
-1.068657 -0.734313 -4.763065 -4.331466 0.297332 0.332066 -1.188773 -0.887931 3.146759 0.966640
-1.013892 -0.559741 -3.372926 -1.426748 0.298004 0.294491 -1.168323 -0.996022 3.148521 0.961841
-0.976184 -0.555506 -3.425976 -4.558074 0.313844 0.300849 -1.175136 -1.020010 3.126385 0.956996
-1.079534 -0.464101 -4.108501 0.600873 0.292810 0.303135 -1.142177 -0.997942 3.081801 0.968902
-1.035831 -0.316158 -2.903478 -0.525652 0.306235 0.306905 -1.120991 -0.972904 3.083104 0.969184
-0.931272 -1.834106 -3.407280 0.655293 0.298311 0.258952 -1.300000 -1.181183 3.207922 0.942355
-1.004898 -1.115261 -1.223176 -2.535442 0.305960 0.300217 -1.297183 -1.030429 3.165177 0.962487
-0.991395 -1.318699 -1.300343 -1.908502 0.295473 0.268551 -1.300000 -1.135542 3.189886 0.963734
-0.990015 -1.456188 -0.091794 -2.606779 0.294512 0.272100 -1.299980 -1.044990 3.206367 0.960208
-0.983393 -1.702041 0.768934 -2.940069 0.294737 0.257058 -1.300000 -1.106648 3.200846 0.960074
-0.955083 -0.958475 -3.574640 -1.430110 0.304652 0.313378 -1.300000 -0.977413 3.165780 0.963680
-0.960762 -2.317040 -1.102416 0.893743 0.301163 0.245888 -1.300000 -1.297629 3.218880 0.952358
-0.918138 -1.228695 -0.397202 -2.071827 0.308727 0.277631 -1.299915 -1.062732 3.139842 0.952707
-1.065217 -1.052747 -1.146419 -1.823748 0.282576 0.279056 -1.274971 -1.009317 3.144548 0.963789
-0.982987 -0.953487 -0.743554 -4.724392 0.315552 0.305743 -1.269490 -0.991012 3.152406 0.963632
-1.003789 -0.829439 -3.440554 0.491230 0.296088 0.285844 -1.236722 -1.063326 3.133343 0.962364
-0.980036 -0.462497 -2.343835 -3.960454 0.308583 0.289215 -1.127306 -0.969723 3.175481 0.964268
-0.962234 -1.187169 -1.124351 -2.197141 0.298628 0.262035 -1.257475 -1.130238 3.191865 0.962354
-1.011459 -1.181380 -0.073687 -4.545415 0.304585 0.293028 -1.300000 -1.062983 3.155908 0.963769
-0.935904 -1.807061 -0.845404 0.527346 0.299989 0.250228 -1.300000 -1.180755 3.218880 0.954829
-1.008199 -0.612017 -3.298267 -1.897857 0.297802 0.295861 -1.185181 -0.977211 3.120701 0.961812
-0.959934 -1.035312 -2.238303 -0.572876 0.304100 0.281512 -1.269569 -1.096028 3.159330 0.962314
-0.953984 -1.423930 0.007275 -2.466585 0.306589 0.275553 -1.300000 -1.063755 3.198867 0.958500
-0.924428 -0.945955 -2.588175 -0.526387 0.309936 0.286524 -1.233160 -1.064350 3.161596 0.959088
-0.923151 -0.504073 -4.749296 -3.841479 0.320397 0.319855 -1.173274 -0.939780 3.142056 0.962728
-1.047846 -0.287343 -4.308438 -4.093772 0.303287 0.310981 -1.080765 -0.953633 3.108921 0.965303
-0.965595 -1.159312 -2.276574 0.127823 0.292949 0.282652 -1.300000 -1.023183 3.168362 0.964581
-0.963967 -1.710438 0.991193 -4.116721 0.303948 0.268298 -1.300000 -1.114893 3.217395 0.958512
-1.011758 -0.648642 -4.118719 0.966485 0.299598 0.298682 -1.205026 -0.994609 3.114727 0.961723
-1.005800 -0.839251 -3.034780 -1.637472 0.296746 0.292160 -1.223727 -1.017529 3.163105 0.965936
-0.997803 -0.931988 -0.819778 -2.551300 0.309870 0.311959 -1.291663 -0.965310 3.119520 0.963404
-1.007872 -0.392244 -4.346800 0.914215 0.307040 0.302687 -1.105324 -1.003943 3.092962 0.962747
-0.913736 -0.609067 -4.663576 -1.299715 0.317230 0.327731 -1.246163 -0.909173 3.140871 0.965853
-1.022564 -0.911296 -1.026771 -3.002056 0.297304 0.279273 -1.226426 -1.062776 3.145104 0.964671
-1.082994 -0.586505 -4.353357 0.515720 0.293072 0.314857 -1.165705 -0.935255 3.083962 0.966180
-0.974416 -0.890831 -3.417149 -2.895320 0.298771 0.291324 -1.265457 -1.052871 3.157871 0.967267
-0.933036 -0.753748 -3.111252 -1.840740 0.308076 0.306917 -1.256972 -0.940636 3.163685 0.962968
