-0.994859 -0.994859 -0.931281 -0.931281 0.305916 0.295613 -1.258264 -0.977481 2.986158 0.962530
-1.091020 -1.091020 -1.020258 -1.020258 0.297240 0.321804 -1.287874 -0.935835 3.218880 0.954924
-0.986717 -0.986717 -0.920870 -0.920870 0.298758 0.280649 -1.276082 -1.039990 3.018901 0.967037
-1.016722 -1.016722 -1.043236 -1.043236 0.295589 0.277849 -1.272694 -1.058824 3.115050 0.963985
-0.947071 -0.947071 -1.144467 -1.144467 0.308820 0.297159 -1.300000 -1.050964 3.218880 0.951909
-1.038856 -1.038856 -0.804174 -0.804174 0.295758 0.303574 -1.298822 -0.918795 3.149476 0.962983
-0.968474 -0.968474 -1.126280 -1.126280 0.305097 0.302763 -1.296152 -0.970493 3.120379 0.963110
-0.989080 -0.989080 -0.857992 -0.857992 0.294955 0.266447 -1.195501 -1.015649 2.994430 0.964140
-1.020074 -1.020074 -0.747879 -0.747879 0.314917 0.295931 -1.300000 -1.171294 3.218880 0.955048
-0.990944 -0.990944 -0.935435 -0.935435 0.299030 0.289900 -1.276621 -1.029732 2.949892 0.966107
-0.978436 -0.978436 -1.181609 -1.181609 0.305417 0.294486 -1.255484 -1.023941 2.997976 0.963861
-0.894247 -0.894247 -1.195282 -1.195282 0.311570 0.291279 -1.269056 -0.979726 2.965814 0.962975
-1.016954 -1.016954 -1.058028 -1.058028 0.290635 0.276695 -1.283377 -1.029874 3.029646 0.965565
-1.011074 -1.011074 -1.125862 -1.125862 0.296663 0.294198 -1.286946 -0.998139 3.090118 0.965619
-0.925837 -0.925837 -0.883245 -0.883245 0.327158 0.308302 -1.299791 -0.989438 3.106278 0.959718
-0.965474 -0.965474 -1.123314 -1.123314 0.307891 0.289557 -1.254951 -1.036541 2.986693 0.965291
-1.030919 -1.030919 -0.902214 -0.902214 0.280594 0.272373 -1.297429 -0.995254 2.946504 0.964546
-0.936765 -0.936765 -1.171940 -1.171940 0.306139 0.283999 -1.205888 -0.980021 3.009941 0.965035
-0.952305 -0.952305 -1.288955 -1.288955 0.311161 0.301942 -1.299372 -1.023724 3.199703 0.957155
-1.060434 -1.060434 -0.749273 -0.749273 0.303920 0.298532 -1.299902 -1.046867 3.103016 0.960435
-0.991614 -0.991614 -0.776218 -0.776218 0.316294 0.307776 -1.300000 -1.061040 3.218880 0.952756
-1.042122 -1.042122 -1.091898 -1.091898 0.280951 0.262356 -1.243567 -1.091021 3.079372 0.967649
-0.953144 -0.953144 -1.030666 -1.030666 0.312764 0.279964 -1.254090 -1.104555 3.134274 0.963543
-1.033380 -1.033380 -1.020093 -1.020093 0.293735 0.274269 -1.253142 -1.059604 3.218361 0.962928
-1.002534 -1.002534 -0.784300 -0.784300 0.291358 0.258774 -1.185827 -1.054187 3.005270 0.966416
-1.030228 -1.030228 -1.117665 -1.117665 0.291150 0.297720 -1.300000 -1.007760 3.218880 0.958592
-1.004246 -1.004246 -1.112411 -1.112411 0.285182 0.266121 -1.300000 -1.149892 3.218880 0.952190
-1.006625 -1.006625 -0.917467 -0.917467 0.307582 0.288844 -1.268801 -1.056819 3.190868 0.961465
-0.946220 -0.946220 -1.156559 -1.156559 0.309894 0.278429 -1.251013 -1.076556 3.122847 0.959988
-0.998905 -0.998905 -0.952013 -0.952013 0.296337 0.275349 -1.244735 -1.039745 3.063773 0.966029
-0.998667 -0.998667 -1.076295 -1.076295 0.303718 0.312737 -1.300000 -0.971881 3.218880 0.960521
-0.970564 -0.970564 -1.037329 -1.037329 0.315463 0.327145 -1.300000 -0.888470 3.008780 0.960510
-0.996992 -0.996992 -0.942465 -0.942465 0.302638 0.281944 -1.263646 -1.074533 3.131559 0.968450
-0.943306 -0.943306 -1.155074 -1.155074 0.307662 0.281373 -1.253603 -1.038107 2.996572 0.965336
-0.981806 -0.981806 -0.924318 -0.924318 0.303814 0.285071 -1.263201 -1.005514 3.010729 0.965162
-1.037054 -1.037054 -0.739618 -0.739618 0.296135 0.277067 -1.254104 -1.030625 3.016920 0.964616
-1.059422 -1.059422 -1.212364 -1.212364 0.281618 0.267520 -1.237666 -1.056415 3.074714 0.966464
-0.977390 -0.977390 -0.763509 -0.763509 0.327413 0.314776 -1.293982 -1.006641 3.218880 0.954261
-0.925087 -0.925087 -0.881497 -0.881497 0.326010 0.311054 -1.300000 -0.951729 3.218880 0.956609
-0.984473 -0.984473 -1.149691 -1.149691 0.299836 0.287513 -1.292928 -1.094895 3.218880 0.951286
-0.960639 -0.960639 -0.986682 -0.986682 0.315756 0.310721 -1.284179 -0.927097 3.104697 0.960824
-1.013810 -1.013810 -0.961141 -0.961141 0.305855 0.312538 -1.300000 -0.955474 3.217663 0.960195
-1.006627 -1.006627 -0.991706 -0.991706 0.297088 0.302018 -1.300000 -0.985026 3.218880 0.957593
-1.029088 -1.029088 -0.991858 -0.991858 0.296075 0.282596 -1.246528 -0.993203 3.135948 0.961269
-0.981869 -0.981869 -1.045627 -1.045627 0.308604 0.291333 -1.269657 -1.034367 3.038330 0.962703
-1.013280 -1.013280 -0.933670 -0.933670 0.306392 0.315178 -1.300000 -0.955514 3.218880 0.962400
-1.024862 -1.024862 -1.162023 -1.162023 0.299774 0.294602 -1.300000 -1.085543 3.218880 0.944565
-1.001066 -1.001066 -1.272410 -1.272410 0.311411 0.326952 -1.286382 -0.915609 3.218880 0.961226
-0.959975 -0.959975 -1.195875 -1.195875 0.301225 0.277801 -1.238506 -1.041138 3.017804 0.964674
-0.951134 -0.951134 -1.185480 -1.185480 0.310449 0.306295 -1.280559 -0.955755 3.033234 0.967566
-0.982378 -0.982378 -1.054281 -1.054281 0.295397 0.282447 -1.295922 -1.032359 3.218880 0.952512
-1.014373 -1.014373 -1.230116 -1.230116 0.298500 0.286922 -1.300000 -1.119443 3.218880 0.948619
-0.963013 -0.963013 -0.957802 -0.957802 0.298708 0.270313 -1.247651 -1.052252 3.092599 0.965490
-0.987271 -0.987271 -1.017548 -1.017548 0.288803 0.271677 -1.260579 -0.968786 2.988662 0.965142
-0.984469 -0.984469 -0.991682 -0.991682 0.310727 0.304717 -1.299744 -1.018095 3.218880 0.948534
-1.035798 -1.035798 -1.215511 -1.215511 0.289005 0.283763 -1.300000 -1.075027 3.119336 0.964698
-0.938307 -0.938307 -1.242384 -1.242384 0.313453 0.311043 -1.299775 -0.921818 3.167357 0.961204
