-1.005471 -1.005471 -0.792946 -0.792946 0.301047 0.292039 -1.286177 -0.963600 3.035342 0.963710
-0.984890 -0.984890 -0.977097 -0.977097 0.313011 0.317665 -1.300000 -0.934595 2.952953 0.965206
-0.984144 -0.984144 -1.141699 -1.141699 0.304089 0.293637 -1.281593 -1.039803 3.167104 0.967468
-0.948424 -0.948424 -1.108805 -1.108805 0.303652 0.275569 -1.222277 -1.028753 3.001304 0.962169
-0.977949 -0.977949 -1.211169 -1.211169 0.295898 0.289550 -1.279057 -0.977515 2.973495 0.964770
-0.948335 -0.948335 -1.289438 -1.289438 0.304610 0.297839 -1.300000 -0.953555 3.032522 0.960559
-1.066429 -1.066429 -1.014463 -1.014463 0.290096 0.302221 -1.280557 -0.952920 3.013756 0.965881
-0.936974 -0.936974 -0.900053 -0.900053 0.317048 0.301255 -1.299442 -0.985196 3.218880 0.951337
-1.015712 -1.015712 -0.928199 -0.928199 0.304303 0.316570 -1.300000 -0.936892 3.218880 0.958889
-0.980553 -0.980553 -1.011300 -1.011300 0.305308 0.283447 -1.284741 -1.068422 3.210485 0.959461
-1.012093 -1.012093 -1.179826 -1.179826 0.287636 0.267280 -1.235612 -1.047776 3.041125 0.969472
-0.947706 -0.947706 -1.096583 -1.096583 0.303540 0.291168 -1.285904 -0.978648 3.061228 0.961424
-1.039569 -1.039569 -0.860831 -0.860831 0.286298 0.291512 -1.300000 -0.937306 3.085615 0.963671
-0.973783 -0.973783 -0.926437 -0.926437 0.318241 0.307559 -1.246847 -0.932878 3.068002 0.961790
-1.025222 -1.025222 -0.931208 -0.931208 0.291304 0.272622 -1.260954 -1.057992 3.140426 0.965923
-0.954925 -0.954925 -1.256479 -1.256479 0.299730 0.270362 -1.220496 -1.033079 3.097700 0.965571
-0.952388 -0.952388 -1.008667 -1.008667 0.315178 0.311859 -1.300000 -0.962056 3.166961 0.964540
-0.932497 -0.932497 -1.045699 -1.045699 0.312066 0.283455 -1.211041 -1.030761 3.120495 0.957161
-1.027014 -1.027014 -1.042437 -1.042437 0.295449 0.295338 -1.300000 -1.050106 3.218880 0.948036
-1.044475 -1.044475 -1.023134 -1.023134 0.293332 0.300503 -1.300000 -1.013430 3.218880 0.960671
-0.986426 -0.986426 -1.167178 -1.167178 0.303453 0.288483 -1.290925 -1.079468 3.218784 0.956366
-0.993435 -0.993435 -1.189292 -1.189292 0.296673 0.283131 -1.263506 -1.018839 3.049396 0.961091
-0.956644 -0.956644 -1.275778 -1.275778 0.316492 0.323700 -1.299894 -0.920161 3.078904 0.962290
-0.951265 -0.951265 -1.220525 -1.220525 0.305218 0.303982 -1.293707 -0.964601 3.093883 0.964910
-0.957323 -0.957323 -1.255101 -1.255101 0.312633 0.314563 -1.300000 -0.960318 3.044778 0.963525
-0.983399 -0.983399 -0.852573 -0.852573 0.309777 0.297623 -1.299898 -1.056702 3.218880 0.948040
-0.957578 -0.957578 -1.240432 -1.240432 0.301912 0.285480 -1.248424 -1.011853 3.057009 0.962468
-1.052342 -1.052342 -1.124426 -1.124426 0.295273 0.295395 -1.300000 -1.069275 3.146294 0.965943
-0.981348 -0.981348 -0.900182 -0.900182 0.310900 0.298490 -1.300000 -1.047827 3.218880 0.951548
-1.007790 -1.007790 -0.939318 -0.939318 0.304457 0.317890 -1.300000 -0.915153 3.129081 0.963990
-0.954102 -0.954102 -1.270277 -1.270277 0.302907 0.281594 -1.262552 -1.061144 3.123520 0.966630
-1.003408 -1.003408 -0.757649 -0.757649 0.310211 0.296727 -1.300000 -1.029085 3.218880 0.951429
-1.063860 -1.063860 -0.943937 -0.943937 0.296336 0.289827 -1.276795 -1.044265 3.209094 0.961811
-1.066735 -1.066735 -0.866093 -0.866093 0.288937 0.286290 -1.276664 -0.996864 3.036868 0.962951
-1.032295 -1.032295 -1.035358 -1.035358 0.294299 0.274555 -1.242620 -1.068523 3.026255 0.963404
-0.968511 -0.968511 -0.997935 -0.997935 0.320503 0.319338 -1.300000 -0.956225 3.017231 0.964936
-1.029239 -1.029239 -0.864694 -0.864694 0.298468 0.295486 -1.299826 -0.969591 3.011751 0.962404
-1.021390 -1.021390 -1.264763 -1.264763 0.295962 0.275193 -1.212665 -1.064420 3.028006 0.964822
-0.973994 -0.973994 -1.031249 -1.031249 0.313720 0.293657 -1.254599 -1.036105 3.062763 0.963254
-0.976239 -0.976239 -0.956418 -0.956418 0.315513 0.310502 -1.300000 -1.001510 3.218760 0.949405
-1.027237 -1.027237 -1.040779 -1.040779 0.297982 0.275550 -1.232352 -1.067337 2.994554 0.963315
-0.952190 -0.952190 -1.129602 -1.129602 0.315909 0.309242 -1.297731 -1.004961 2.967584 0.961404
-0.984395 -0.984395 -1.129534 -1.129534 0.301049 0.283381 -1.262840 -1.054842 3.060061 0.963351
-1.019871 -1.019871 -1.055885 -1.055885 0.289122 0.259730 -1.190030 -1.074635 3.006942 0.968693
-1.013327 -1.013327 -1.193448 -1.193448 0.291238 0.286679 -1.300000 -1.021195 3.218684 0.958939
-1.019798 -1.019798 -1.049801 -1.049801 0.297492 0.280374 -1.244467 -1.031853 3.169530 0.961707
-0.972768 -0.972768 -1.201925 -1.201925 0.306502 0.297044 -1.277143 -1.003304 3.029645 0.963476
-1.018614 -1.018614 -0.938256 -0.938256 0.293319 0.292211 -1.296266 -0.947987 3.112854 0.960314
-1.024698 -1.024698 -0.968010 -0.968010 0.292710 0.283456 -1.300000 -1.034902 3.065173 0.967933
-0.981231 -0.981231 -1.201283 -1.201283 0.294908 0.278888 -1.284233 -1.075044 2.988097 0.965008
-0.964931 -0.964931 -1.291583 -1.291583 0.296525 0.299780 -1.299937 -0.952763 3.046341 0.961174
-1.003941 -1.003941 -0.818643 -0.818643 0.310707 0.294588 -1.294800 -1.065276 3.218794 0.954396
-0.975716 -0.975716 -1.001173 -1.001173 0.297704 0.283997 -1.300000 -1.075593 3.218880 0.949877
-0.987667 -0.987667 -1.026995 -1.026995 0.307558 0.287022 -1.250470 -1.012866 3.138947 0.956611
-0.935875 -0.935875 -1.268661 -1.268661 0.320888 0.309843 -1.300000 -1.108315 3.218880 0.952255
-0.952273 -0.952273 -1.186180 -1.186180 0.294959 0.276036 -1.265931 -0.986198 3.208159 0.961499
-0.982231 -0.982231 -1.114807 -1.114807 0.308631 0.313861 -1.299949 -0.959139 3.218880 0.955144
