-1.007280 -1.007280 -0.937060 -0.937060 0.290478 0.261076 -1.217800 -1.047158 3.145371 0.965885
-1.008026 -1.008026 -0.939499 -0.939499 0.288382 0.272344 -1.274447 -1.022206 2.952979 0.964117
-1.022761 -1.022761 -0.930221 -0.930221 0.299498 0.293160 -1.291423 -0.989500 3.158912 0.962039
-1.017762 -1.017762 -0.956256 -0.956256 0.311649 0.314590 -1.300000 -0.992264 3.117590 0.966298
-1.021000 -1.021000 -0.965762 -0.965762 0.301730 0.291211 -1.295193 -1.031423 3.008121 0.962424
-1.034994 -1.034994 -0.992992 -0.992992 0.290104 0.284051 -1.300000 -1.003554 3.064008 0.961704
-0.981476 -0.981476 -0.999090 -0.999090 0.304379 0.288762 -1.295013 -1.082682 3.218880 0.950773
-0.981476 -0.981476 -0.999090 -0.999090 0.303392 0.290266 -1.263099 -1.006854 2.997820 0.963701
-0.992418 -0.992418 -1.027999 -1.027999 0.301290 0.287063 -1.284040 -1.023124 2.971494 0.964579
-1.003180 -1.003180 -1.034469 -1.034469 0.300132 0.287245 -1.295118 -1.088504 3.218880 0.957317
-1.002375 -1.002375 -1.029253 -1.029253 0.299106 0.279852 -1.233107 -1.014235 2.968543 0.964403
-1.002642 -1.002642 -1.031780 -1.031780 0.294582 0.275934 -1.300000 -1.159800 3.218880 0.963357
-1.003192 -1.003192 -1.024827 -1.024827 0.291515 0.272823 -1.256589 -1.001545 2.980113 0.965266
-1.000069 -1.000069 -1.043542 -1.043542 0.287128 0.273125 -1.285570 -1.034795 3.040465 0.964928
-1.004571 -1.004571 -1.070831 -1.070831 0.289874 0.275132 -1.284954 -1.050229 3.218880 0.960078
-1.003270 -1.003270 -1.070198 -1.070198 0.292894 0.275014 -1.251821 -1.032312 3.171377 0.961386
-1.001349 -1.001349 -1.079913 -1.079913 0.294178 0.270622 -1.234457 -1.097995 3.145551 0.963817
-0.977895 -0.977895 -1.228064 -1.228064 0.299389 0.300809 -1.300000 -0.982295 3.157128 0.962811
-0.978409 -0.978409 -1.229479 -1.229479 0.292723 0.280555 -1.278332 -1.021893 3.054146 0.966385
-0.978125 -0.978125 -1.231742 -1.231742 0.291450 0.259807 -1.182968 -1.075826 3.009982 0.970772
-0.978373 -0.978373 -1.230098 -1.230098 0.290687 0.260955 -1.223830 -1.075121 3.196472 0.964447
-0.977903 -0.977903 -1.229809 -1.229809 0.294664 0.275226 -1.264909 -1.030712 3.157452 0.962786
-0.977903 -0.977903 -1.229809 -1.229809 0.300527 0.302532 -1.289565 -0.947720 2.994512 0.965104
-0.979804 -0.979804 -1.195654 -1.195654 0.292236 0.273950 -1.248049 -1.041572 3.011032 0.964276
-0.980435 -0.980435 -1.189723 -1.189723 0.296011 0.275695 -1.246253 -1.057482 3.154972 0.967122
-0.981645 -0.981645 -1.186803 -1.186803 0.292873 0.278115 -1.300000 -1.144248 3.218880 0.959476
-0.982959 -0.982959 -1.178583 -1.178583 0.289737 0.267557 -1.248400 -1.020510 3.101388 0.963412
-0.982814 -0.982814 -1.199784 -1.199784 0.295393 0.275958 -1.244824 -1.041199 3.148349 0.966155
-1.022228 -1.022228 -0.962571 -0.962571 0.307986 0.310502 -1.299755 -0.937591 3.045291 0.965400
-1.035727 -1.035727 -1.042866 -1.042866 0.287081 0.287537 -1.294249 -0.983342 3.014074 0.967376
-0.996757 -0.996757 -1.073314 -1.073314 0.311193 0.313990 -1.300000 -1.016420 3.218880 0.953823
-0.993260 -0.993260 -0.925602 -0.925602 0.290398 0.266658 -1.231154 -0.996047 3.018169 0.963994
-1.035329 -1.035329 -1.269951 -1.269951 0.295270 0.314971 -1.300000 -0.946827 3.218880 0.956269
-1.013316 -1.013316 -0.909374 -0.909374 0.303194 0.306150 -1.299154 -0.992723 3.218880 0.959623
-0.947675 -0.947675 -1.139873 -1.139873 0.314918 0.316010 -1.300000 -0.948762 3.166863 0.961085
-0.972465 -0.972465 -0.707498 -0.707498 0.305275 0.286561 -1.291307 -0.986145 3.218880 0.956788
-1.033801 -1.033801 -1.148935 -1.148935 0.290242 0.290924 -1.300000 -1.078289 3.218880 0.961953
-1.037532 -1.037532 -0.807759 -0.807759 0.304425 0.311883 -1.297857 -0.951287 3.218880 0.962731
-1.040923 -1.040923 -1.175195 -1.175195 0.298415 0.311361 -1.294123 -0.964795 3.153748 0.961193
-0.990924 -0.990924 -1.150727 -1.150727 0.318008 0.327907 -1.288066 -0.942068 3.218880 0.955305
-0.989661 -0.989661 -1.114192 -1.114192 0.295016 0.290044 -1.300000 -1.073363 3.218880 0.956947
-0.993980 -0.993980 -1.046577 -1.046577 0.298607 0.287326 -1.290650 -1.008179 3.192186 0.964549
-1.051872 -1.051872 -1.171206 -1.171206 0.286675 0.291540 -1.295576 -0.977806 3.099386 0.963884
-1.024974 -1.024974 -1.291304 -1.291304 0.289079 0.284756 -1.300000 -1.124017 3.218880 0.962225
-0.978780 -0.978780 -1.165518 -1.165518 0.302118 0.296469 -1.300000 -0.983951 3.056855 0.960126
-0.967947 -0.967947 -1.203208 -1.203208 0.312185 0.311735 -1.296530 -0.997377 3.140048 0.963734
-1.023778 -1.023778 -1.144248 -1.144248 0.303502 0.317674 -1.300000 -0.969959 3.218880 0.962073
-0.974591 -0.974591 -0.932752 -0.932752 0.311168 0.287324 -1.275272 -1.027197 3.162434 0.957916
-0.986361 -0.986361 -1.179136 -1.179136 0.280960 0.259821 -1.252308 -1.032861 3.217434 0.967642
-1.006706 -1.006706 -0.916992 -0.916992 0.301765 0.293157 -1.293959 -0.993766 3.201801 0.957399
-0.933370 -0.933370 -1.249906 -1.249906 0.317592 0.310821 -1.300000 -1.044369 3.218880 0.951161
-1.004164 -1.004164 -0.976112 -0.976112 0.300106 0.288196 -1.283042 -1.027699 3.128380 0.962657
-1.066441 -1.066441 -0.814753 -0.814753 0.288611 0.292522 -1.299880 -0.967219 3.099312 0.964451
-1.023363 -1.023363 -0.933688 -0.933688 0.307844 0.309227 -1.295819 -1.003097 3.218880 0.955754
-0.963691 -0.963691 -0.939603 -0.939603 0.305707 0.267172 -1.201032 -1.067010 3.146738 0.961437
-1.006707 -1.006707 -0.820609 -0.820609 0.302573 0.295915 -1.300000 -1.000725 3.218880 0.949860
-1.060225 -1.060225 -1.073636 -1.073636 0.281878 0.266562 -1.236996 -1.014944 3.054151 0.965906
-0.998686 -0.998686 -0.993573 -0.993573 0.293562 0.269669 -1.216033 -1.013507 2.989183 0.962158
