0.302081 0.304288 -0.993201 -0.994490 3.151251 0.964925
0.296217 0.281217 -0.994085 -1.053597 3.132374 0.961402
0.322270 0.320975 -0.993126 -1.015614 3.142244 0.967904
0.319737 0.313776 -1.006536 -1.005654 3.188774 0.967894
0.309008 0.294154 -1.037611 -1.088430 3.111175 0.968162
0.315941 0.302279 -0.984599 -1.180402 3.127519 0.967158
0.306849 0.296072 -0.983784 -0.992303 3.165205 0.964745
0.297046 0.300582 -0.998963 -0.995663 3.176325 0.967611
0.297808 0.305298 -1.013915 -0.927375 3.136959 0.964107
0.303613 0.309380 -1.014787 -1.030359 3.140833 0.969732
0.304579 0.297402 -0.970320 -1.012695 3.168603 0.968215
0.302200 0.286592 -0.954264 -1.019352 3.170811 0.973290
0.314293 0.310956 -0.951383 -0.994144 3.136373 0.963498
0.298702 0.300417 -0.977710 -0.988583 3.107950 0.957097
0.302370 0.298129 -0.987842 -0.998130 3.155083 0.959633
0.316892 0.333475 -0.987653 -0.884283 3.123798 0.962822
0.305686 0.299891 -0.951698 -0.970458 3.127298 0.962906
0.318664 0.315526 -1.002761 -1.074898 3.078768 0.967112
0.293577 0.287600 -0.991650 -1.017710 3.179126 0.968232
0.298135 0.306350 -1.006803 -0.950820 3.204263 0.977348
0.306287 0.312202 -0.992734 -0.967923 3.141024 0.964398
0.307024 0.301352 -0.999568 -1.031417 3.119405 0.960420
0.310731 0.308670 -0.990752 -1.025556 3.144295 0.962009
0.320641 0.312289 -1.005401 -1.058325 3.110670 0.962250
0.313432 0.291950 -0.964735 -1.054498 3.121108 0.957067
0.302130 0.301007 -0.987603 -1.023684 3.056878 0.964990
0.301947 0.311019 -0.980221 -0.918719 3.175907 0.964571
0.317029 0.307646 -1.000444 -1.023121 3.145110 0.963257
0.306778 0.304822 -0.978818 -0.961626 3.179082 0.965756
0.299367 0.297963 -0.976409 -0.980984 3.142184 0.964142
0.304961 0.300982 -0.998925 -1.027490 3.159230 0.969935
0.297545 0.284718 -0.968548 -1.019550 3.153158 0.965451
0.315824 0.318886 -0.976808 -0.938091 3.171434 0.960230
0.315179 0.308144 -0.980768 -1.008010 3.152249 0.965000
0.306170 0.304271 -0.991172 -0.967552 3.182204 0.965133
0.305957 0.310216 -0.965966 -0.946772 3.206571 0.961834
0.314848 0.302191 -0.966638 -1.018460 3.129361 0.963147
0.290597 0.297154 -1.004905 -0.971327 3.120529 0.967512
0.303171 0.293526 -0.993276 -1.081954 3.044106 0.962935
0.296835 0.307610 -1.007640 -0.967516 3.150877 0.969353
0.308083 0.315373 -0.962692 -0.921130 3.180544 0.968328
0.300811 0.296482 -0.965363 -1.004703 3.101937 0.964787
0.303094 0.293550 -0.969545 -1.027061 3.187101 0.971474
0.314030 0.299615 -0.977635 -1.044666 3.073653 0.969584
0.303497 0.311530 -1.034641 -0.994183 3.161487 0.973653
0.299422 0.277121 -0.954729 -1.035201 3.119912 0.960315
0.317655 0.308064 -0.986897 -1.033828 3.135082 0.962692
0.308481 0.314276 -0.999548 -1.007647 3.128031 0.971986
0.318747 0.317323 -0.968632 -0.952760 3.150368 0.960343
0.299801 0.288409 -0.972518 -1.031895 3.077005 0.965153
0.319396 0.309808 -1.041286 -1.064231 3.090292 0.968044
0.301934 0.307564 -1.030444 -0.960178 3.136943 0.971585
0.314188 0.300296 -0.993003 -1.035193 3.186732 0.965789
0.292574 0.303808 -0.989687 -0.910430 3.194042 0.964165
0.316170 0.313124 -0.989222 -1.033752 3.100724 0.967112
0.292985 0.297343 -1.002348 -1.016217 3.143893 0.970707
0.306703 0.314031 -0.987460 -0.948738 3.179683 0.973165
0.313822 0.317922 -0.990977 -0.977042 3.116616 0.954727
