-0.958094 -0.958094 -1.159918 -1.159918 0.311531 0.289408 -1.245264 -1.021591 3.159066 0.960214
-0.957547 -0.957547 -1.159849 -1.159849 0.306141 0.292127 -1.280427 -1.002303 3.141060 0.955192
-0.950851 -0.950851 -1.193788 -1.193788 0.308265 0.296195 -1.283379 -1.006473 3.136774 0.963199
-0.951745 -0.951745 -1.199228 -1.199228 0.314235 0.315369 -1.296681 -0.922938 3.151664 0.961999
-0.946012 -0.946012 -1.222096 -1.222096 0.313619 0.310040 -1.300000 -0.953308 3.148337 0.963005
-0.946762 -0.946762 -1.221818 -1.221818 0.306786 0.286586 -1.255810 -1.011744 3.164121 0.962692
-0.947280 -0.947280 -1.221746 -1.221746 0.306514 0.291764 -1.273610 -1.006194 3.149536 0.963752
-0.949115 -0.949115 -1.224433 -1.224433 0.299634 0.275055 -1.243967 -1.050651 3.159698 0.963372
-0.949115 -0.949115 -1.224433 -1.224433 0.302070 0.285762 -1.275862 -1.026258 3.159122 0.966278
-0.949075 -0.949075 -1.211437 -1.211437 0.297271 0.267975 -1.244202 -1.079139 3.165047 0.963457
-0.945301 -0.945301 -1.217940 -1.217940 0.305089 0.278040 -1.252963 -1.059035 3.169025 0.964240
-0.945631 -0.945631 -1.223460 -1.223460 0.309184 0.283910 -1.250111 -1.051034 3.151533 0.965299
-0.946345 -0.946345 -1.225377 -1.225377 0.314752 0.304346 -1.286239 -0.980893 3.148053 0.956003
-0.955547 -0.955547 -1.231275 -1.231275 0.310336 0.302900 -1.284166 -0.987127 3.149793 0.962171
-0.955702 -0.955702 -1.232365 -1.232365 0.309134 0.303123 -1.300000 -0.994600 3.141790 0.961212
-0.958956 -0.958956 -1.204223 -1.204223 0.307608 0.287223 -1.233514 -1.054938 3.150097 0.960358
-0.959686 -0.959686 -1.203256 -1.203256 0.312300 0.302942 -1.253468 -0.997482 3.148208 0.960574
-0.955907 -0.955907 -1.196349 -1.196349 0.319179 0.322595 -1.299944 -0.941156 3.144074 0.962930
-0.956384 -0.956384 -1.197174 -1.197174 0.311920 0.281459 -1.200885 -1.043878 3.175450 0.957310
-0.956326 -0.956326 -1.197050 -1.197050 0.312869 0.291604 -1.258645 -1.047547 3.150551 0.962463
-0.948265 -0.948265 -1.210852 -1.210852 0.309772 0.295958 -1.292671 -1.024447 3.156903 0.962485
-0.949536 -0.949536 -1.223971 -1.223971 0.311450 0.302125 -1.281128 -1.017244 3.121420 0.955583
-0.949946 -0.949946 -1.215702 -1.215702 0.308780 0.301212 -1.293470 -0.954261 3.153876 0.959057
-0.954823 -0.954823 -1.223755 -1.223755 0.301004 0.301830 -1.300000 -0.969827 3.147511 0.960230
-0.973642 -0.973642 -1.079809 -1.079809 0.318590 0.310615 -1.300000 -1.031990 3.127473 0.965715
-0.985061 -0.985061 -1.074908 -1.074908 0.312157 0.286047 -1.250388 -1.080319 3.148395 0.964541
-0.985061 -0.985061 -1.074908 -1.074908 0.314564 0.303829 -1.262703 -1.009402 3.141778 0.957241
-0.940412 -0.940412 -1.182911 -1.182911 0.320213 0.313704 -1.278401 -0.979965 3.139089 0.957982
-0.939832 -0.939832 -1.190947 -1.190947 0.319943 0.309894 -1.300000 -0.997801 3.138766 0.960515
-0.941737 -0.941737 -1.200935 -1.200935 0.318341 0.311302 -1.300000 -0.979395 3.147351 0.964086
-0.948803 -0.948803 -1.191511 -1.191511 0.319533 0.299963 -1.262268 -1.038957 3.139245 0.964261
-0.949880 -0.949880 -1.193449 -1.193449 0.329170 0.338975 -1.294009 -0.904083 3.127881 0.959344
-0.949477 -0.949477 -1.203724 -1.203724 0.313690 0.298921 -1.269164 -1.008633 3.153376 0.966362
-0.949579 -0.949579 -1.203831 -1.203831 0.313262 0.299578 -1.275885 -1.016763 3.141790 0.964326
-0.949832 -0.949832 -1.217295 -1.217295 0.306739 0.296632 -1.291845 -0.994833 3.146421 0.960797
-0.948594 -0.948594 -1.219472 -1.219472 0.306299 0.282007 -1.229678 -1.031482 3.148293 0.963645
-0.946344 -0.946344 -1.219604 -1.219604 0.305756 0.295394 -1.274611 -0.978540 3.144759 0.965304
-0.947009 -0.947009 -1.218096 -1.218096 0.303761 0.289664 -1.259363 -0.989271 3.154090 0.962399
-0.947165 -0.947165 -1.212055 -1.212055 0.300192 0.277852 -1.259085 -1.048404 3.151397 0.965780
-0.947830 -0.947830 -1.216978 -1.216978 0.310278 0.290296 -1.246848 -1.005594 3.157450 0.961947
-0.945588 -0.945588 -1.237652 -1.237652 0.307404 0.288360 -1.250567 -1.006579 3.150772 0.965556
-0.945588 -0.945588 -1.237652 -1.237652 0.302303 0.286126 -1.272186 -0.994452 3.151213 0.961014
-0.945326 -0.945326 -1.237463 -1.237463 0.299585 0.274673 -1.243234 -1.014394 3.163896 0.963009
-0.957271 -0.957271 -1.291241 -1.291241 0.297583 0.282420 -1.283198 -1.019834 3.151550 0.967458
-0.956590 -0.956590 -1.294224 -1.294224 0.294523 0.276189 -1.281042 -1.049131 3.160975 0.964766
-0.952352 -0.952352 -1.246752 -1.246752 0.304115 0.292896 -1.279880 -0.976816 3.152680 0.960708
-0.950975 -0.950975 -1.241751 -1.241751 0.306576 0.294481 -1.266415 -0.994735 3.152945 0.964092
-0.951035 -0.951035 -1.242449 -1.242449 0.306672 0.298999 -1.283635 -0.987051 3.147315 0.964033
-0.948745 -0.948745 -1.247101 -1.247101 0.309196 0.299610 -1.295399 -1.033664 3.145635 0.964938
-0.940582 -0.940582 -1.210748 -1.210748 0.321367 0.308007 -1.289077 -1.019096 3.134318 0.959359
-0.990107 -0.990107 -1.670546 -1.670546 0.305321 0.305995 -1.287156 -1.020480 3.138169 0.959678
-0.934879 -0.934879 -2.362535 -2.362535 0.315579 0.313483 -1.283076 -0.993972 3.168745 0.956635
-1.016354 -1.016354 -1.449839 -1.449839 0.284853 0.288073 -1.274543 -1.005429 3.145995 0.967023
-0.973611 -0.973611 -1.598721 -1.598721 0.291315 0.272710 -1.257917 -1.073963 3.181960 0.960895
-0.905001 -0.905001 -1.950285 -1.950285 0.303373 0.290228 -1.251571 -1.016638 3.161577 0.960362
-1.028409 -1.028409 -1.305115 -1.305115 0.289480 0.282611 -1.261232 -1.012577 3.178377 0.962601
-1.079375 -1.079375 -1.121719 -1.121719 0.284401 0.285746 -1.300000 -1.040912 3.143592 0.958923
