0.316675 0.335455 -0.990692 -0.909144 3.138277 0.962564
0.298828 0.299688 -1.001415 -0.942887 3.174332 0.968736
0.316298 0.312091 -1.009025 -0.992153 3.147064 0.968426
0.314836 0.304426 -0.983863 -1.014202 3.194268 0.957749
0.320529 0.325266 -1.025953 -0.983026 3.164419 0.965041
0.311408 0.313218 -0.990153 -0.984488 3.135767 0.968611
0.312612 0.322322 -0.988129 -1.005680 3.132603 0.965235
0.308375 0.312873 -0.976999 -0.931262 3.161933 0.967154
0.290484 0.297303 -1.003313 -0.967710 3.134676 0.966296
0.309278 0.314955 -0.966693 -0.940396 3.191546 0.962764
0.282668 0.286732 -1.006246 -0.987663 3.173503 0.970967
0.303422 0.322173 -0.964054 -0.845110 3.194913 0.964829
0.301953 0.302655 -0.996180 -1.000679 3.175466 0.970466
0.306200 0.305204 -1.015557 -1.009245 3.153570 0.964190
0.320272 0.323770 -0.975915 -0.978485 3.154758 0.970362
0.312828 0.298081 -0.948563 -1.028521 3.192822 0.968685
0.316625 0.305780 -0.956392 -0.984073 3.091327 0.966449
0.311191 0.300578 -1.012695 -1.055431 3.185993 0.968099
0.294169 0.305961 -0.989796 -0.934618 3.163785 0.973196
0.314077 0.316891 -0.962670 -0.933649 3.189334 0.960865
0.313748 0.318913 -0.979393 -0.954003 3.192656 0.964385
0.313563 0.301643 -0.934260 -1.010957 3.183487 0.962424
0.315482 0.311993 -0.990602 -1.029689 3.110822 0.966651
0.314987 0.308430 -1.015787 -1.048305 3.102053 0.970478
0.302337 0.307184 -0.999164 -0.969279 3.117509 0.963810
0.303284 0.312274 -0.979563 -0.929202 3.208508 0.964875
0.304431 0.302228 -0.990755 -1.003140 3.166045 0.970509
0.292609 0.299577 -0.974627 -0.930955 3.195280 0.962061
0.302085 0.298200 -0.987549 -1.036139 3.053393 0.961259
0.316436 0.307218 -1.017732 -1.124712 3.093758 0.975221
0.308639 0.314491 -1.039168 -1.008665 3.157748 0.968148
0.303669 0.299122 -0.999057 -1.025017 3.074407 0.969519
0.314604 0.306861 -0.958174 -0.988147 3.092475 0.966842
0.312552 0.310081 -0.994438 -0.995614 3.157474 0.967484
0.308738 0.306630 -1.039322 -1.059879 3.121958 0.965177
0.309485 0.317294 -0.987346 -0.930959 3.168197 0.956416
0.307418 0.309720 -1.012227 -0.992872 3.107691 0.966633
0.312702 0.306769 -1.006901 -1.027431 3.116618 0.957237
0.300888 0.299700 -0.983392 -1.014788 3.162260 0.968715
0.316409 0.320257 -1.023141 -0.979492 3.076639 0.961378
0.289381 0.277999 -1.016338 -1.095027 3.047074 0.968752
0.307224 0.309696 -0.972631 -0.919700 3.205356 0.961535
0.307340 0.313726 -1.010967 -0.950062 3.192532 0.956598
0.303878 0.305992 -0.999500 -0.982846 3.137007 0.971573
0.307121 0.297687 -0.978254 -1.003809 3.138078 0.966856
0.300816 0.297908 -1.070852 -1.130495 3.042830 0.968626
0.299167 0.310023 -0.951196 -0.885200 3.206769 0.966364
0.304823 0.299362 -1.007148 -1.024711 3.164490 0.963693
0.291205 0.273443 -0.988388 -1.101655 3.176457 0.969917
0.305839 0.297389 -1.023124 -1.052820 3.167602 0.962093
0.308686 0.317328 -0.976810 -0.930730 3.191092 0.971000
0.316966 0.309920 -0.965142 -1.001819 3.123264 0.965256
0.304077 0.297560 -0.982027 -1.027228 3.183121 0.967858
0.313855 0.302441 -1.005245 -1.062084 3.076836 0.961194
0.318747 0.322274 -0.985327 -0.956097 3.203053 0.971790
0.309198 0.313377 -1.035876 -0.973835 3.131588 0.972836
0.310399 0.312726 -0.965695 -0.972488 3.176889 0.972976
