-1.005500 -1.349893 0.974187 -4.449249 0.303291 0.276952 -1.277517 -1.074426 3.162846 0.954214
-1.005883 -0.650918 -3.297909 -4.620428 0.318376 0.312580 -1.189080 -1.041309 3.117355 0.962937
-1.027894 -1.592942 -1.894119 0.688074 0.298493 0.284154 -1.300000 -1.080992 3.193745 0.957951
-0.966152 -0.880898 -2.396507 -2.782831 0.303378 0.304085 -1.265166 -0.978026 3.142988 0.962095
-0.978122 -1.679827 0.336757 -3.899506 0.305507 0.279667 -1.300000 -1.083327 3.188863 0.953538
-0.960178 -1.335418 -1.620760 0.997011 0.305631 0.258996 -1.268115 -1.158869 3.194853 0.958882
-0.967567 -0.827148 -1.462228 -1.121903 0.310212 0.308407 -1.253692 -0.925994 3.151785 0.961303
-0.991769 -0.381447 -3.602845 -2.552847 0.310656 0.322532 -1.137658 -0.891426 3.096410 0.966157
-1.010313 -1.449728 -1.351589 -4.658847 0.298421 0.284907 -1.299743 -1.082459 3.180064 0.954227
-0.990476 -0.497245 -3.505431 0.443473 0.317438 0.316131 -1.155770 -0.980874 3.087226 0.963384
-0.985923 -0.983756 -1.252255 -2.660900 0.295640 0.289081 -1.299876 -1.009095 3.132502 0.956031
-0.993744 -0.722175 -0.464413 -3.691012 0.319282 0.312877 -1.225924 -0.947279 3.110028 0.961458
-1.023339 -0.151521 -3.461447 -2.873656 0.311653 0.321788 -1.051596 -0.913243 3.031718 0.966142
-0.932615 -0.601957 -4.391708 0.710219 0.307837 0.281985 -1.171276 -1.015282 3.174988 0.964045
-0.921309 -1.023368 -2.979342 -3.359004 0.306313 0.280448 -1.255520 -1.056323 3.163936 0.959177
-1.058753 -0.509862 -4.356212 -3.545468 0.292709 0.304437 -1.129201 -0.965616 3.078201 0.966649
-0.970744 -0.757093 -4.157597 -1.422756 0.297183 0.267902 -1.146394 -1.102539 3.173378 0.965594
-0.946767 -1.358024 -3.286099 -1.417876 0.296437 0.267470 -1.275030 -1.137412 3.208704 0.964275
-0.940346 -0.930388 -4.511919 -1.336236 0.303242 0.290904 -1.289454 -1.104153 3.141507 0.969289
-1.044730 -0.548044 -2.010093 -3.179299 0.292967 0.286925 -1.156843 -1.034530 3.081110 0.962163
-0.955990 -1.772252 0.282411 -3.580643 0.293008 0.251338 -1.300000 -1.093668 3.213133 0.951775
-1.029150 -0.697491 -3.061900 -2.238078 0.296119 0.311067 -1.211500 -0.936634 3.142800 0.965807
-0.975476 -1.024574 -2.473509 -2.511216 0.312547 0.323837 -1.300000 -0.941101 3.133747 0.957116
-0.968824 -2.170344 -0.042978 0.179061 0.292825 0.245247 -1.300000 -1.155597 3.218880 0.955945
-0.968599 -1.561076 0.528933 -3.190857 0.301954 0.264977 -1.300000 -1.117375 3.204774 0.954163
-1.086128 -1.171671 -0.033820 -2.523830 0.275441 0.277179 -1.299952 -1.005669 3.156368 0.966112
-1.017357 -0.912004 -3.278375 -2.419463 0.287384 0.299183 -1.283870 -1.009167 3.130924 0.966739
-0.933165 -1.358833 -1.427056 -1.587183 0.309801 0.276762 -1.300000 -1.127408 3.192998 0.962323
-1.028800 -1.473367 0.759741 -2.040004 0.304621 0.277148 -1.300000 -1.042870 3.171094 0.963358
-1.041130 -0.782371 -2.042474 -3.582558 0.299359 0.296429 -1.213973 -1.036052 3.119070 0.962243
-0.948729 -0.420669 -4.747251 -4.906439 0.304426 0.300432 -1.171598 -0.987579 3.102352 0.958131
-0.964086 -1.608591 0.841178 -4.608256 0.299784 0.265402 -1.300000 -1.098025 3.169827 0.962718
-0.940897 -1.725336 0.856693 -0.635798 0.316438 0.259488 -1.300000 -1.145028 3.194321 0.959607
-0.968691 -0.376701 -3.576655 -1.320934 0.302888 0.299207 -1.133920 -0.960718 3.111374 0.964292
-1.004132 -1.270288 -1.135059 -1.672269 0.288485 0.263411 -1.300000 -1.136842 3.189118 0.965614
-1.007994 -0.753911 -2.202745 -4.949790 0.302910 0.322853 -1.228266 -0.869945 3.123339 0.956244
-1.076168 -0.527539 -4.601164 -1.073184 0.280236 0.272443 -1.132983 -1.072235 3.115355 0.967751
-0.999558 -0.878540 -3.027261 -2.401526 0.297914 0.303078 -1.256494 -0.991461 3.185917 0.964940
-0.896242 -1.677099 -0.238795 -0.745203 0.322182 0.278692 -1.300000 -1.093502 3.216066 0.953856
-1.021931 -1.133851 -1.243194 -0.872998 0.284032 0.256533 -1.250652 -1.110927 3.194159 0.966173
-1.059773 -0.982796 -1.747805 -2.541259 0.301326 0.330664 -1.266544 -0.903674 3.129536 0.960873
-1.002377 -1.472125 0.658456 -2.045535 0.311707 0.280650 -1.281405 -1.077344 3.176896 0.957590
-0.917698 -1.060235 -3.975252 -2.268915 0.300815 0.271726 -1.260043 -1.098898 3.195215 0.963574
-0.946687 -0.384592 -3.039414 -1.960815 0.316221 0.302026 -1.132413 -0.945611 3.105316 0.961809
-1.052015 -0.946140 -1.331940 0.476503 0.298772 0.318121 -1.300000 -0.908956 3.138119 0.964591
-0.994677 -0.387716 -3.475738 -0.403589 0.308995 0.313560 -1.135609 -0.927574 3.091726 0.964032
-0.990632 -0.834917 -4.555422 -4.970688 0.299601 0.306857 -1.247071 -0.993195 3.136334 0.964643
-1.049671 -0.494995 -4.584744 -1.514837 0.304975 0.311692 -1.161465 -1.028075 3.110754 0.968606
-0.984433 -0.424185 -4.617623 -1.348162 0.308907 0.303739 -1.113971 -0.987273 3.104120 0.963968
-1.019095 -0.618278 -2.075215 -2.055882 0.306025 0.305548 -1.164391 -0.972124 3.097028 0.963163
-0.895184 -1.171638 -2.270817 -3.550791 0.307020 0.279657 -1.300000 -1.056345 3.204367 0.954451
-0.971986 -1.244376 -2.132199 -3.630541 0.302685 0.283686 -1.298085 -1.094607 3.214254 0.964701
-0.994666 -0.353007 -4.878012 -2.374176 0.322856 0.330165 -1.128749 -0.957350 3.094455 0.963437
-1.033636 -0.659266 -1.658959 -1.846857 0.296152 0.303227 -1.210775 -0.967593 3.113234 0.966423
-0.994449 -1.938523 -0.694074 -0.358896 0.304353 0.292420 -1.300000 -1.060305 3.212228 0.954771
-1.048843 -0.729806 -2.751021 -1.255979 0.288067 0.292915 -1.238043 -0.996060 3.121510 0.964210
-0.984044 -0.807569 -4.412950 -1.321509 0.314702 0.324621 -1.236270 -0.968057 3.126444 0.957703
