-1.079206 -0.620046 -0.281011 -3.204809 0.300437 0.289462 -1.173757 -1.011278 3.107779 0.961926
-1.014590 -1.102029 -4.982799 -3.050092 0.291536 0.304472 -1.300000 -1.020856 3.156156 0.966588
-0.990508 -1.016965 -1.900482 -0.357896 0.311133 0.324798 -1.287832 -0.911634 3.169090 0.963193
-1.024822 -0.985396 -1.831069 -1.310278 0.295672 0.304024 -1.291181 -0.976761 3.140325 0.966197
-0.994048 -0.572885 -3.576497 -4.206280 0.305139 0.297549 -1.149258 -1.010313 3.141626 0.969706
-1.066928 -0.863712 -1.430279 -2.145536 0.284759 0.283623 -1.202482 -1.017053 3.140324 0.967872
-0.957268 -0.099860 -4.216477 -3.105252 0.307399 0.304426 -1.052961 -0.927467 3.059746 0.965990
-1.028498 -1.116913 -0.574549 -4.193471 0.295502 0.293220 -1.300000 -1.040805 3.137154 0.962859
-1.080786 -1.165222 0.697500 -4.819840 0.292428 0.286363 -1.290917 -1.020155 3.156860 0.960777
-1.033941 -0.636766 -4.618403 -3.127185 0.290808 0.309579 -1.200498 -0.972832 3.109570 0.963776
-1.026756 -1.061639 -4.885954 -0.286936 0.284420 0.269618 -1.254792 -1.133257 3.161535 0.961130
-1.005349 -1.040574 -2.162944 -0.472761 0.298750 0.294368 -1.300000 -1.020601 3.151339 0.959447
-0.967538 -0.978170 -3.451640 0.115334 0.295436 0.288719 -1.298169 -1.041092 3.146106 0.964192
-1.025456 -0.890546 -3.084133 0.118292 0.280856 0.271487 -1.224773 -1.011099 3.136820 0.968347
-1.056599 -0.790171 -4.447023 -4.243607 0.281516 0.300473 -1.236169 -0.986745 3.131761 0.969538
-0.992974 -1.212561 -0.889711 -3.216540 0.288473 0.253141 -1.260436 -1.134693 3.211540 0.960456
-0.960801 -0.848667 -3.604328 -2.638604 0.307195 0.297170 -1.257115 -1.043916 3.158671 0.961044
-1.058696 -0.787362 -3.815699 -0.517768 0.292885 0.318668 -1.217053 -0.956756 3.129573 0.965759
-1.000416 -0.905792 -4.824428 -0.905850 0.297423 0.307018 -1.281624 -1.003771 3.146567 0.968483
-0.936171 -1.025823 -1.553011 -3.271923 0.319632 0.302222 -1.299903 -1.050247 3.158975 0.961013
-0.950479 -1.090014 -2.918301 -4.933944 0.304734 0.299276 -1.299855 -1.050744 3.179667 0.961721
-0.943426 -1.302807 -0.694721 -3.691037 0.306253 0.273706 -1.299967 -1.065157 3.202217 0.956235
-1.040852 -0.870336 -0.770317 -3.426588 0.295717 0.298771 -1.258296 -0.972292 3.129674 0.966082
-0.920515 -1.719118 -1.656526 -3.771501 0.307661 0.268745 -1.300000 -1.133037 3.218250 0.958577
-0.953122 -1.165593 -2.663068 0.258802 0.309592 0.286773 -1.272799 -1.087137 3.156970 0.961793
-0.974258 -0.866942 -2.962507 -4.787427 0.302040 0.301032 -1.268278 -1.011415 3.151587 0.962288
-0.964211 -1.571562 0.581161 -1.767906 0.315789 0.280040 -1.300000 -1.084581 3.193724 0.947490
-1.035965 -0.756943 -1.907761 -2.134362 0.297383 0.297754 -1.224520 -0.996956 3.105813 0.963089
-0.959605 -0.912435 -2.543101 -4.418890 0.305245 0.299808 -1.262918 -0.992420 3.167249 0.960510
-0.934716 -0.954991 -0.637912 -4.222455 0.316632 0.299717 -1.278348 -1.011333 3.132888 0.962687
-1.000524 -0.692500 -3.321328 -3.682295 0.295907 0.291472 -1.200420 -1.008339 3.151786 0.965913
-1.041412 -0.672245 -1.696866 -3.175168 0.285333 0.282700 -1.205425 -0.986409 3.103739 0.967002
-1.015306 -0.721236 -3.181361 -3.958920 0.296247 0.316847 -1.216316 -0.893774 3.121851 0.963499
-0.983373 -1.510418 0.775153 -3.393479 0.301004 0.279731 -1.300000 -1.075831 3.195583 0.956595
-0.981484 -1.282364 -0.176942 -4.341152 0.293945 0.272841 -1.299922 -1.044412 3.175429 0.958635
-1.009056 -0.948378 -2.218431 0.611993 0.296711 0.282597 -1.261648 -1.040079 3.149334 0.963441
-0.969904 -1.405529 0.949965 -4.533340 0.310910 0.289737 -1.300000 -1.055838 3.203120 0.968506
-1.100202 -0.444521 -2.264985 -4.846880 0.293091 0.303378 -1.134273 -1.015195 3.064868 0.964295
-0.979882 -0.994004 -0.464741 -4.273396 0.304282 0.300808 -1.286444 -0.972327 3.120762 0.961827
-1.065588 -0.348046 -4.969965 0.974947 0.293979 0.310432 -1.107683 -0.951358 3.075780 0.964865
-0.986753 -1.532638 0.531550 -1.683570 0.308188 0.295038 -1.300000 -0.951757 3.211160 0.955313
-0.997288 -0.521647 -2.212430 -3.102469 0.308262 0.299574 -1.173817 -0.998366 3.101194 0.961915
-0.961379 -1.362972 -0.709326 -1.481735 0.293298 0.261395 -1.300000 -1.065588 3.204698 0.962233
-0.969751 -0.868145 -4.932990 -2.475024 0.305358 0.325044 -1.259228 -0.927775 3.165394 0.964657
-0.949745 -1.089582 -0.666451 -3.732455 0.307847 0.278613 -1.265364 -1.082318 3.180416 0.961353
-0.913952 -1.029557 -0.906288 -4.450355 0.303958 0.279971 -1.294783 -1.039956 3.180815 0.962070
-0.953607 -0.920535 -3.277508 -1.181790 0.305419 0.293382 -1.285416 -1.058700 3.141400 0.965544
-1.007424 -1.815702 0.205679 0.145213 0.296305 0.259002 -1.300000 -1.057230 3.218880 0.959318
-0.974711 -1.013373 -2.911109 -0.692263 0.305175 0.302632 -1.295884 -1.025822 3.133876 0.956937
-0.955749 -0.874344 -3.864675 -3.193003 0.314954 0.291290 -1.196757 -1.042394 3.180424 0.961226
-0.915693 -0.437818 -4.475025 -1.271213 0.321310 0.307468 -1.132685 -0.972682 3.119979 0.959244
-0.973279 -1.333423 -2.476419 -1.837987 0.287805 0.264006 -1.300000 -1.109390 3.201831 0.958523
-1.004549 -0.525732 -3.882610 -0.461949 0.299775 0.292436 -1.156204 -1.013094 3.121615 0.961579
-1.057767 -0.397583 -3.720443 -0.197853 0.291775 0.293611 -1.123785 -1.014616 3.088178 0.966809
-0.983850 -1.111660 -0.621312 -0.255729 0.313708 0.280445 -1.257123 -1.077843 3.156704 0.956586
-0.997138 -0.589390 -4.660115 -2.947595 0.294851 0.266164 -1.125886 -1.082252 3.139968 0.959433
-0.945591 -1.951498 -1.828618 0.948124 0.303876 0.265792 -1.300000 -1.121413 3.218880 0.952618
