0.318663 0.320035 -0.982160 -0.975322 3.129336 0.958261
0.318748 0.305889 -0.974027 -1.021384 3.184515 0.964913
0.327276 0.321801 -0.964613 -1.025680 3.047700 0.964130
0.318315 0.331026 -0.973060 -0.882115 3.194736 0.970176
0.308259 0.312039 -0.981995 -0.955189 3.151810 0.961432
0.308359 0.311293 -0.970996 -0.954325 3.060324 0.961003
0.317716 0.323688 -0.967183 -0.989475 3.060918 0.962074
0.291907 0.303055 -0.980921 -0.899404 3.218779 0.969026
0.300174 0.293049 -0.954325 -0.973634 3.218880 0.969661
0.302791 0.296915 -0.985074 -1.036922 3.128245 0.969264
0.301781 0.311591 -1.015506 -0.945399 3.197444 0.975778
0.297403 0.286720 -0.965400 -1.024124 3.212556 0.966936
0.305795 0.295330 -0.966633 -0.976925 3.162239 0.964906
0.316891 0.308327 -0.995218 -1.097446 3.059939 0.969795
0.301402 0.284856 -0.933968 -0.999940 3.175197 0.962991
0.305435 0.296903 -0.918190 -0.985245 3.197396 0.957656
0.318072 0.309722 -0.971830 -0.951237 3.092483 0.958384
0.315567 0.296864 -0.971731 -1.044408 3.135022 0.963349
0.307998 0.303158 -0.991412 -1.042957 3.097337 0.964850
0.310771 0.300270 -0.944848 -1.020111 3.174523 0.955215
0.312279 0.295992 -0.958634 -1.058147 3.072295 0.963081
0.313794 0.320077 -0.997024 -0.949997 3.100849 0.970856
0.304611 0.308764 -0.981410 -0.939719 3.155620 0.963765
0.311573 0.308793 -0.996933 -1.012731 3.093174 0.966051
0.312627 0.314702 -0.973056 -0.938975 3.156853 0.961253
0.306096 0.307754 -0.992268 -0.998230 3.177921 0.963494
0.310702 0.312108 -0.978949 -0.972872 3.159126 0.966692
0.318425 0.329104 -0.947781 -0.867913 3.170671 0.966076
0.314653 0.310447 -0.983992 -1.027174 3.084088 0.960972
0.304583 0.314089 -0.987793 -0.937230 3.200533 0.974203
0.308735 0.291462 -0.968217 -0.991050 3.172893 0.951846
0.310270 0.304087 -0.985853 -1.025299 3.173921 0.970815
0.315756 0.313802 -0.962072 -0.961826 3.197680 0.966742
0.305495 0.298710 -0.976222 -0.976095 3.170368 0.956928
0.303913 0.307465 -1.024577 -1.020842 3.135544 0.965150
0.309735 0.316736 -1.017225 -0.982933 3.206018 0.976923
0.316678 0.309499 -0.987738 -1.021569 3.161457 0.962239
0.329453 0.335636 -0.991585 -0.931881 3.130969 0.955596
0.300676 0.310333 -1.022041 -0.960269 3.116838 0.966305
0.311238 0.298416 -0.967016 -1.059828 3.103284 0.974386
0.313434 0.308977 -0.969307 -0.985555 3.171403 0.961712
0.328219 0.325692 -0.998838 -1.008868 3.098523 0.970636
0.308772 0.303795 -1.016364 -1.034404 3.185713 0.968205
0.292909 0.293089 -0.982914 -0.994875 3.175385 0.966172
0.304022 0.314297 -0.972323 -0.921386 3.171436 0.970483
0.315809 0.312856 -0.975558 -0.981578 3.162941 0.964344
0.305681 0.311194 -0.980486 -0.960517 3.053545 0.962083
0.306849 0.302357 -0.956169 -0.982062 3.199943 0.965909
0.306111 0.302060 -0.982504 -1.022790 3.060803 0.961989
0.296836 0.300912 -0.986573 -0.955210 3.192844 0.962970
0.305360 0.307140 -0.951830 -0.927149 3.117165 0.957876
0.303624 0.284180 -0.951173 -1.073672 3.139634 0.962746
0.303615 0.297355 -0.982497 -1.023053 3.157372 0.969268
0.307385 0.310380 -0.993494 -0.986974 3.107739 0.963032
0.322143 0.330439 -0.966644 -0.880863 3.190592 0.959189
0.315072 0.305948 -0.983011 -1.005118 3.175060 0.962750
0.288732 0.278038 -0.995373 -1.067014 3.161407 0.968810
