-0.914875 -0.914875 -0.990445 -0.990445 0.324940 0.303687 -1.300000 -1.076318 3.218880 0.952304
-0.994232 -0.994232 -1.294324 -1.294324 0.296697 0.300454 -1.278148 -0.959833 3.088858 0.966213
-1.086361 -1.086361 -1.025245 -1.025245 0.281550 0.295225 -1.293528 -1.008305 3.218880 0.961047
-1.040280 -1.040280 -0.929952 -0.929952 0.290661 0.286059 -1.300000 -1.004312 3.192053 0.957794
-1.006092 -1.006092 -1.195118 -1.195118 0.308070 0.320716 -1.300000 -0.978235 3.218880 0.954880
-0.986232 -0.986232 -0.947226 -0.947226 0.313463 0.306934 -1.300000 -1.000947 3.097091 0.964058
-1.009417 -1.009417 -1.028070 -1.028070 0.310741 0.313738 -1.300000 -0.976187 3.066749 0.964780
-0.986038 -0.986038 -0.798862 -0.798862 0.318523 0.320185 -1.300000 -0.936005 3.060318 0.963581
-0.938319 -0.938319 -1.245681 -1.245681 0.307238 0.294023 -1.291113 -0.981403 3.027308 0.965151
-0.915565 -0.915565 -1.251098 -1.251098 0.312638 0.288971 -1.276508 -1.046839 3.163023 0.959383
-1.052045 -1.052045 -0.802840 -0.802840 0.297620 0.284413 -1.300000 -1.110166 3.218880 0.956035
-0.908991 -0.908991 -1.238176 -1.238176 0.318604 0.297797 -1.257061 -1.017654 3.068072 0.954594
-0.946452 -0.946452 -0.807935 -0.807935 0.318826 0.293979 -1.292012 -1.043956 3.218880 0.948714
-0.967034 -0.967034 -1.273800 -1.273800 0.309538 0.313399 -1.299793 -0.987721 3.216973 0.963288
-1.050838 -1.050838 -0.783580 -0.783580 0.294187 0.290376 -1.300000 -1.000560 3.160144 0.966201
-0.978757 -0.978757 -0.870506 -0.870506 0.312435 0.312970 -1.300000 -0.948280 3.218880 0.950023
-1.076387 -1.076387 -0.829309 -0.829309 0.289056 0.264108 -1.191933 -1.053158 3.000233 0.964323
-0.967822 -0.967822 -1.161723 -1.161723 0.289016 0.256469 -1.229008 -1.079284 3.101964 0.964007
-0.939125 -0.939125 -1.214214 -1.214214 0.305986 0.262995 -1.161909 -1.095055 2.998568 0.959881
-1.011035 -1.011035 -0.994196 -0.994196 0.299574 0.278890 -1.231906 -1.036345 3.134970 0.963604
-1.039956 -1.039956 -1.039307 -1.039307 0.296724 0.312584 -1.299714 -0.963015 3.180944 0.962647
-0.994892 -0.994892 -0.981492 -0.981492 0.297672 0.282895 -1.300000 -1.060574 3.218880 0.961675
-0.994568 -0.994568 -1.069480 -1.069480 0.293916 0.279059 -1.290662 -1.035303 3.130859 0.964639
-0.980953 -0.980953 -0.995660 -0.995660 0.306727 0.288745 -1.261541 -1.025047 3.190411 0.964705
-1.018767 -1.018767 -0.770372 -0.770372 0.300690 0.298207 -1.300000 -1.018222 3.218880 0.960972
-0.992522 -0.992522 -1.115636 -1.115636 0.299685 0.275333 -1.244778 -1.074277 3.147112 0.966801
-1.045686 -1.045686 -0.853367 -0.853367 0.285579 0.269946 -1.286233 -1.073671 3.030385 0.968353
-0.955693 -0.955693 -0.891445 -0.891445 0.307386 0.278976 -1.276057 -1.084723 3.212444 0.965889
-1.044648 -1.044648 -0.788591 -0.788591 0.303425 0.318135 -1.296786 -0.930682 3.218880 0.955886
-0.997590 -0.997590 -1.114740 -1.114740 0.293648 0.278310 -1.298984 -1.094842 3.014920 0.965130
-1.017302 -1.017302 -0.978722 -0.978722 0.295449 0.269087 -1.240182 -1.057980 3.166334 0.962356
-1.035884 -1.035884 -1.055487 -1.055487 0.298325 0.284224 -1.285940 -1.083936 3.128836 0.960011
-1.003247 -1.003247 -0.975502 -0.975502 0.297042 0.282389 -1.284475 -1.025637 3.023352 0.964938
-0.975763 -0.975763 -1.292976 -1.292976 0.292784 0.287947 -1.280071 -0.976190 2.973793 0.964520
-0.940179 -0.940179 -1.150019 -1.150019 0.315386 0.300861 -1.283905 -1.010305 3.209038 0.959959
-1.012369 -1.012369 -1.288709 -1.288709 0.303732 0.278257 -1.215653 -1.086647 3.066749 0.961479
-0.945676 -0.945676 -0.999621 -0.999621 0.310433 0.277210 -1.280014 -1.109617 3.218880 0.961435
-0.993408 -0.993408 -1.156679 -1.156679 0.301702 0.285023 -1.268104 -1.018219 2.989528 0.960186
-0.999017 -0.999017 -1.081021 -1.081021 0.296446 0.275502 -1.274193 -1.085010 3.124385 0.966561
-0.975493 -0.975493 -1.049828 -1.049828 0.311158 0.304579 -1.299963 -0.987021 3.191160 0.958978
-0.945528 -0.945528 -1.097016 -1.097016 0.303607 0.277430 -1.297052 -1.110040 3.218880 0.956456
-0.908250 -0.908250 -1.290653 -1.290653 0.320705 0.281928 -1.275783 -1.098521 3.150711 0.961763
-1.001760 -1.001760 -0.996857 -0.996857 0.299931 0.284040 -1.244957 -1.000668 2.993533 0.960685
-0.985813 -0.985813 -0.981814 -0.981814 0.306296 0.298695 -1.297527 -0.995454 3.003449 0.961733
-0.988133 -0.988133 -0.779218 -0.779218 0.314927 0.304634 -1.288332 -0.977303 3.117287 0.962924
-1.030515 -1.030515 -0.979257 -0.979257 0.312654 0.312004 -1.299348 -1.055458 3.218880 0.959235
-0.977858 -0.977858 -1.194733 -1.194733 0.297360 0.277941 -1.299667 -1.050726 3.178978 0.965564
-0.958212 -0.958212 -0.872715 -0.872715 0.318513 0.299942 -1.235825 -0.986842 2.994867 0.964343
-0.943577 -0.943577 -1.230032 -1.230032 0.312140 0.298311 -1.300000 -1.054920 3.218880 0.953548
-1.017845 -1.017845 -1.179261 -1.179261 0.303098 0.293239 -1.291841 -1.085244 3.070651 0.962651
-0.951948 -0.951948 -0.738739 -0.738739 0.313304 0.294345 -1.278178 -0.968394 3.199436 0.956272
-0.999760 -0.999760 -0.990828 -0.990828 0.298963 0.286238 -1.269801 -1.031585 3.179867 0.964118
-0.992462 -0.992462 -1.270484 -1.270484 0.298528 0.300358 -1.299909 -0.987531 2.951111 0.960215
-1.032676 -1.032676 -1.002614 -1.002614 0.283176 0.273791 -1.291226 -1.032751 3.026336 0.963995
-0.960893 -0.960893 -1.149902 -1.149902 0.298990 0.275194 -1.257709 -1.051031 3.059428 0.964768
-1.012082 -1.012082 -1.106719 -1.106719 0.298563 0.288043 -1.263273 -0.991493 3.007690 0.965653
-1.004738 -1.004738 -0.867164 -0.867164 0.296244 0.275619 -1.254423 -1.002565 3.031641 0.965709
