-0.962869 -0.962869 -0.828823 -0.828823 0.311418 0.303104 -1.298976 -0.947122 3.153769 0.960849
-0.962321 -0.962321 -0.825087 -0.825087 0.309716 0.291724 -1.281910 -0.999766 3.163345 0.965379
-0.962503 -0.962503 -0.825403 -0.825403 0.310167 0.289237 -1.274917 -0.989146 3.163035 0.959834
-0.967214 -0.967214 -0.828590 -0.828590 0.312776 0.305151 -1.300000 -0.927610 3.166948 0.958535
-0.967214 -0.967214 -0.828590 -0.828590 0.305566 0.281199 -1.280467 -1.019371 3.172389 0.962214
-0.966182 -0.966182 -0.827697 -0.827697 0.306586 0.291230 -1.284845 -0.976527 3.151669 0.962123
-0.969777 -0.969777 -0.848775 -0.848775 0.304791 0.278079 -1.266996 -1.041141 3.166735 0.965674
-0.964213 -0.964213 -0.843253 -0.843253 0.314701 0.294908 -1.269884 -0.984532 3.171442 0.960598
-0.964447 -0.964447 -0.845697 -0.845697 0.311131 0.285293 -1.266220 -1.044518 3.152390 0.956466
-0.964447 -0.964447 -0.845697 -0.845697 0.304270 0.262497 -1.219987 -1.084148 3.172434 0.957600
-0.964447 -0.964447 -0.845697 -0.845697 0.321328 0.319384 -1.300000 -0.949158 3.151070 0.961431
-0.964447 -0.964447 -0.845697 -0.845697 0.311837 0.291154 -1.289384 -1.020393 3.156438 0.959167
-0.954374 -0.954374 -0.849750 -0.849750 0.320253 0.301817 -1.250511 -0.979348 3.174410 0.954844
-0.954002 -0.954002 -0.855443 -0.855443 0.319204 0.307795 -1.299276 -0.988104 3.190290 0.968688
-0.952232 -0.952232 -0.857385 -0.857385 0.308443 0.281701 -1.270270 -1.046314 3.154648 0.964270
-0.941374 -0.941374 -0.929845 -0.929845 0.310681 0.290146 -1.281377 -1.004163 3.153378 0.957950
-0.928952 -0.928952 -0.894594 -0.894594 0.323388 0.301202 -1.300000 -0.999558 3.156455 0.957240
-0.942209 -0.942209 -0.908000 -0.908000 0.314670 0.304430 -1.300000 -0.952644 3.167005 0.958978
-0.940362 -0.940362 -0.903263 -0.903263 0.317721 0.293225 -1.272348 -1.006352 3.152057 0.957867
-0.938317 -0.938317 -0.912268 -0.912268 0.312632 0.284972 -1.249747 -1.024923 3.168589 0.958577
-0.940625 -0.940625 -0.912763 -0.912763 0.308976 0.289835 -1.293742 -0.970944 3.166279 0.957026
-0.941879 -0.941879 -0.892707 -0.892707 0.315844 0.298388 -1.264402 -0.961298 3.163926 0.957812
-0.931736 -0.931736 -0.915147 -0.915147 0.315248 0.289925 -1.269937 -0.985891 3.165062 0.961596
-0.927446 -0.927446 -0.947014 -0.947014 0.306345 0.270769 -1.227185 -1.027387 3.172114 0.955998
-0.927229 -0.927229 -0.945924 -0.945924 0.312407 0.282620 -1.234896 -1.019213 3.159938 0.966921
-0.921808 -0.921808 -0.955196 -0.955196 0.309097 0.282470 -1.258384 -0.973003 3.168189 0.961166
-0.920297 -0.920297 -0.958612 -0.958612 0.323408 0.326386 -1.300000 -0.856159 3.167993 0.961396
-0.920297 -0.920297 -0.958612 -0.958612 0.320691 0.307950 -1.274911 -0.920377 3.157911 0.959348
-0.922568 -0.922568 -0.956469 -0.956469 0.317307 0.296443 -1.279979 -0.986536 3.147705 0.963335
-0.918273 -0.918273 -0.956043 -0.956043 0.317716 0.289858 -1.277282 -1.031283 3.129401 0.962740
-0.918273 -0.918273 -0.956043 -0.956043 0.318994 0.296401 -1.283650 -0.988500 3.156289 0.961224
-0.918253 -0.918253 -0.956232 -0.956232 0.323098 0.306647 -1.300000 -0.974982 3.155928 0.965176
-0.920193 -0.920193 -0.953839 -0.953839 0.318396 0.292270 -1.278844 -1.007814 3.156416 0.960171
-0.920205 -0.920205 -0.953516 -0.953516 0.317342 0.292557 -1.267948 -1.005259 3.157428 0.959605
-0.920205 -0.920205 -0.953516 -0.953516 0.315364 0.287099 -1.272378 -1.008415 3.163976 0.960701
-0.920808 -0.920808 -0.950154 -0.950154 0.312222 0.272826 -1.207764 -1.060959 3.171126 0.963381
-0.914854 -0.914854 -0.909637 -0.909637 0.324126 0.305310 -1.291891 -0.989915 3.174631 0.962512
-0.914854 -0.914854 -0.909637 -0.909637 0.324428 0.306214 -1.299895 -0.930495 3.173296 0.953333
-0.920407 -0.920407 -0.892733 -0.892733 0.324087 0.295281 -1.265092 -1.017562 3.175909 0.957125
-0.912786 -0.912786 -0.876337 -0.876337 0.320392 0.286535 -1.252852 -1.018531 3.185047 0.959547
-0.898731 -0.898731 -0.863411 -0.863411 0.325321 0.291960 -1.271664 -1.011998 3.175755 0.957118
-0.898731 -0.898731 -0.863411 -0.863411 0.332885 0.321856 -1.299942 -0.914101 3.175116 0.952176
-0.896994 -0.896994 -0.850556 -0.850556 0.333956 0.308233 -1.285191 -0.963168 3.168183 0.954548
-0.899858 -0.899858 -0.854909 -0.854909 0.332834 0.322897 -1.300000 -0.903155 3.180185 0.953413
-0.905134 -0.905134 -0.846021 -0.846021 0.325497 0.284141 -1.227317 -1.056699 3.171491 0.958751
-0.919544 -0.919544 -0.815167 -0.815167 0.332953 0.322759 -1.300000 -0.929066 3.161797 0.954818
-0.948074 -0.948074 -0.843363 -0.843363 0.311539 0.277239 -1.237036 -1.026770 3.193563 0.961764
-0.946805 -0.946805 -0.840127 -0.840127 0.316923 0.300780 -1.300000 -0.960664 3.184873 0.961956
-0.945177 -0.945177 -0.841407 -0.841407 0.320311 0.306055 -1.299140 -0.962569 3.171628 0.959622
-0.953855 -0.953855 -0.851008 -0.851008 0.307621 0.289753 -1.285504 -0.960775 3.189110 0.962140
-0.965627 -0.965627 -0.840168 -0.840168 0.317740 0.298460 -1.265337 -0.980743 3.173490 0.960850
-0.955016 -0.955016 -0.854754 -0.854754 0.317366 0.296528 -1.288053 -1.043883 3.139474 0.960640
-0.976890 -0.976890 -0.878572 -0.878572 0.300748 0.271451 -1.235418 -1.056172 3.178913 0.965467
-0.980929 -0.980929 -0.883149 -0.883149 0.311464 0.293596 -1.300000 -1.017255 3.154450 0.962010
-0.981209 -0.981209 -0.884618 -0.884618 0.308232 0.289395 -1.299803 -1.042882 3.146396 0.961205
-0.980399 -0.980399 -0.882830 -0.882830 0.313021 0.295369 -1.287736 -1.033908 3.150259 0.960540
-0.980248 -0.980248 -0.882889 -0.882889 0.313101 0.295187 -1.298285 -0.998375 3.154298 0.959112
