0.309441 0.305822 -0.977279 -0.986935 3.169625 0.975737
0.313735 0.317358 -1.058033 -1.039524 3.092096 0.962170
0.306248 0.303794 -0.984253 -1.036232 3.118928 0.971921
0.301121 0.297126 -0.953889 -0.952726 3.167126 0.966069
0.305452 0.306889 -0.978442 -0.951841 3.214127 0.961540
0.321486 0.312293 -0.985508 -1.026834 3.170483 0.963681
0.305214 0.309609 -0.992287 -0.957131 3.196234 0.972220
0.327042 0.337091 -1.016363 -0.966708 3.018478 0.955312
0.295386 0.278801 -0.956381 -1.030345 3.215455 0.966282
0.305325 0.305698 -1.003442 -0.998498 3.146761 0.969251
0.299912 0.314216 -0.943079 -0.866652 3.218880 0.964560
0.297396 0.300221 -0.980888 -0.935923 3.218800 0.963976
0.296609 0.292802 -0.991350 -1.033689 3.157475 0.972778
0.303808 0.283576 -0.972094 -1.094996 3.119204 0.964190
0.314217 0.316429 -0.976837 -0.960871 3.138901 0.971266
0.319350 0.313419 -0.974849 -0.995947 3.175692 0.970571
0.300971 0.286947 -0.958922 -1.020199 3.135503 0.967658
0.311908 0.298269 -0.992404 -1.073463 3.216986 0.970355
0.313825 0.289731 -0.978092 -1.093826 3.147183 0.963122
0.314807 0.305853 -0.988659 -1.053191 3.067798 0.966461
0.302201 0.308100 -0.961357 -0.936785 3.155923 0.972795
0.312284 0.311022 -0.974729 -0.978151 3.145108 0.963908
0.303095 0.274501 -0.963918 -1.066425 3.165365 0.960474
0.313608 0.295792 -0.977939 -1.050047 3.028125 0.959361
0.294998 0.269961 -0.918514 -1.045978 3.183869 0.959381
0.314477 0.305856 -0.972005 -1.010561 3.150959 0.961381
0.297421 0.294879 -1.011872 -1.020376 3.137228 0.961071
0.296328 0.278986 -0.955943 -1.027668 3.214873 0.967820
0.311414 0.326013 -1.028861 -0.948731 3.201269 0.979240
0.309741 0.307544 -0.979128 -0.989670 3.189845 0.960727
0.306028 0.307803 -0.966359 -0.942478 3.209320 0.966901
0.300398 0.309708 -0.967684 -0.901553 3.188183 0.964477
0.313116 0.293936 -0.970950 -1.057164 3.148970 0.960980
0.304957 0.310161 -1.013702 -1.001140 3.108728 0.964106
0.297848 0.295753 -0.939677 -0.930791 3.205477 0.969015
0.312326 0.320516 -1.005306 -1.017824 3.063919 0.972083
0.306471 0.279916 -0.947558 -1.010444 3.160145 0.962505
0.310735 0.325822 -1.000241 -0.933029 3.177227 0.968426
0.297568 0.297773 -0.996500 -1.000462 3.218873 0.970337
0.298368 0.291173 -0.983583 -1.039173 3.149345 0.959804
0.318897 0.320477 -1.026478 -1.008793 3.086705 0.968580
0.312876 0.298335 -0.981237 -1.043300 3.146305 0.960630
0.306384 0.300495 -0.963438 -0.989612 3.158890 0.960961
0.306525 0.285760 -0.974563 -1.122666 3.158303 0.964009
0.312431 0.306013 -0.988971 -1.019666 3.156637 0.971485
0.300837 0.300687 -0.969588 -0.978443 3.188545 0.970562
0.311919 0.315114 -0.989427 -0.955850 3.182537 0.970190
0.320148 0.327274 -0.975431 -0.949556 3.115160 0.961048
0.300747 0.288213 -0.980109 -1.010453 3.182399 0.963898
0.310855 0.308176 -0.936455 -0.915453 3.212492 0.956816
0.305402 0.304681 -0.973176 -1.002815 3.184668 0.965203
0.315514 0.311374 -0.977143 -1.020072 3.055262 0.962997
0.301395 0.304905 -1.002971 -0.998213 3.149689 0.968875
0.308221 0.302269 -1.022622 -1.036637 3.125345 0.972244
0.306660 0.333761 -1.024841 -0.879523 3.069681 0.968079
0.305966 0.317901 -0.986882 -0.921884 3.080801 0.964774
0.301004 0.298107 -0.991475 -0.971702 3.081803 0.962332
