-1.008327 -1.008327 -0.975925 -0.975925 0.288765 0.258780 -1.225684 -1.086653 3.201342 0.967201
-1.009469 -1.009469 -0.976632 -0.976632 0.298092 0.293673 -1.300000 -0.989468 3.154866 0.965372
-1.006307 -1.006307 -0.985630 -0.985630 0.296228 0.287789 -1.300000 -1.035250 3.128295 0.960227
-1.007904 -1.007904 -0.975044 -0.975044 0.301856 0.285353 -1.255532 -1.023476 3.153107 0.963226
-1.008127 -1.008127 -0.969696 -0.969696 0.295544 0.278905 -1.269796 -1.041471 3.161556 0.967164
-1.009831 -1.009831 -0.979855 -0.979855 0.292163 0.275953 -1.265388 -1.016309 3.160877 0.963873
-1.017443 -1.017443 -0.981537 -0.981537 0.293414 0.279777 -1.277027 -1.031196 3.151032 0.965858
-1.017443 -1.017443 -0.981537 -0.981537 0.301216 0.300369 -1.273810 -0.957295 3.148328 0.961523
-1.017901 -1.017901 -0.966122 -0.966122 0.293324 0.271908 -1.244712 -1.039290 3.172743 0.969456
-1.016160 -1.016160 -0.969321 -0.969321 0.299380 0.309278 -1.300000 -0.917998 3.158379 0.962935
-1.015512 -1.015512 -0.977122 -0.977122 0.292504 0.279781 -1.288165 -1.013599 3.166155 0.963484
-1.012779 -1.012779 -0.951322 -0.951322 0.300218 0.291241 -1.278475 -0.992600 3.153863 0.964064
-1.012779 -1.012779 -0.951322 -0.951322 0.301682 0.299279 -1.299903 -0.965052 3.153001 0.963493
-1.012798 -1.012798 -0.951369 -0.951369 0.302297 0.308365 -1.294026 -0.920661 3.140121 0.959096
-1.010323 -1.010323 -0.976827 -0.976827 0.291297 0.278355 -1.284065 -1.001835 3.150888 0.962853
-1.008755 -1.008755 -0.980206 -0.980206 0.299664 0.292010 -1.296281 -1.012684 3.132273 0.966021
-1.008755 -1.008755 -0.980206 -0.980206 0.304604 0.297438 -1.247539 -0.965633 3.140146 0.959575
-1.015833 -1.015833 -0.984108 -0.984108 0.301443 0.298643 -1.287516 -0.980795 3.146605 0.963514
-1.017546 -1.017546 -0.982609 -0.982609 0.301025 0.296351 -1.275080 -0.996058 3.149727 0.965721
-1.017546 -1.017546 -0.982609 -0.982609 0.305369 0.309911 -1.295017 -0.965238 3.141770 0.966677
-1.018260 -1.018260 -0.985960 -0.985960 0.301017 0.299302 -1.278802 -1.001275 3.141167 0.967121
-1.015411 -1.015411 -1.030630 -1.030630 0.287079 0.266229 -1.250641 -1.009539 3.185011 0.963149
-1.022061 -1.022061 -1.015007 -1.015007 0.291561 0.294665 -1.300000 -0.977482 3.167692 0.964317
-1.023490 -1.023490 -1.014163 -1.014163 0.296099 0.289866 -1.300000 -1.041311 3.152717 0.968010
-1.022041 -1.022041 -1.016587 -1.016587 0.302692 0.300679 -1.296714 -1.004964 3.156788 0.966180
-1.022204 -1.022204 -1.011799 -1.011799 0.294627 0.282084 -1.273241 -1.024573 3.162972 0.960483
-1.022004 -1.022004 -1.012507 -1.012507 0.292432 0.282541 -1.288691 -1.034303 3.171150 0.968791
-1.023369 -1.023369 -1.010407 -1.010407 0.290720 0.284328 -1.297802 -1.022072 3.168025 0.964903
-1.027339 -1.027339 -1.023817 -1.023817 0.291742 0.279218 -1.293062 -1.082380 3.159283 0.960381
-1.028219 -1.028219 -1.013478 -1.013478 0.298495 0.292534 -1.286152 -1.034550 3.160096 0.961140
-1.028196 -1.028196 -1.012734 -1.012734 0.301669 0.312479 -1.300000 -0.958497 3.172866 0.963122
-1.028196 -1.028196 -1.012734 -1.012734 0.304190 0.314951 -1.300000 -0.958845 3.167682 0.964617
-1.028507 -1.028507 -1.013392 -1.013392 0.294977 0.278346 -1.271102 -1.056584 3.174747 0.961158
-1.043622 -1.043622 -1.006973 -1.006973 0.289623 0.258549 -1.222280 -1.122907 3.187466 0.962737
-1.045212 -1.045212 -1.015092 -1.015092 0.293128 0.286446 -1.300000 -1.044176 3.162750 0.963501
-1.040632 -1.040632 -1.039500 -1.039500 0.296022 0.294023 -1.300000 -1.032009 3.159469 0.960355
-1.037415 -1.037415 -1.052900 -1.052900 0.297123 0.300628 -1.300000 -1.009104 3.159021 0.960150
-1.030487 -1.030487 -1.046685 -1.046685 0.303015 0.296007 -1.280749 -1.027285 3.168794 0.962373
-1.030129 -1.030129 -1.046057 -1.046057 0.305063 0.306503 -1.278229 -0.988891 3.140592 0.958601
-1.033600 -1.033600 -1.048005 -1.048005 0.292245 0.273036 -1.260179 -1.077385 3.173970 0.960884
-1.031952 -1.031952 -1.047043 -1.047043 0.302588 0.303380 -1.300000 -0.999907 3.168660 0.962576
-1.031862 -1.031862 -1.046615 -1.046615 0.291978 0.265581 -1.245748 -1.115531 3.179250 0.961719
-1.031862 -1.031862 -1.046615 -1.046615 0.295532 0.272161 -1.251601 -1.065155 3.177680 0.959614
-1.033688 -1.033688 -1.036963 -1.036963 0.301710 0.313235 -1.299621 -0.970859 3.161693 0.963449
-1.021032 -1.021032 -1.110624 -1.110624 0.301377 0.287041 -1.275061 -1.066182 3.156401 0.955749
-1.021610 -1.021610 -1.111546 -1.111546 0.298251 0.292566 -1.299713 -1.070685 3.135508 0.954753
-1.021547 -1.021547 -1.111770 -1.111770 0.299504 0.293715 -1.293117 -1.055133 3.150652 0.959678
-1.016628 -1.016628 -1.116761 -1.116761 0.304090 0.302643 -1.276297 -1.011505 3.157626 0.962376
-1.016628 -1.016628 -1.116761 -1.116761 0.295769 0.279284 -1.280107 -1.063311 3.170131 0.963821
-1.018039 -1.018039 -1.113833 -1.113833 0.300108 0.294206 -1.296892 -1.038243 3.151167 0.958624
-1.023738 -1.023738 -1.129875 -1.129875 0.306907 0.311278 -1.300000 -1.004859 3.153930 0.962372
-1.020637 -1.020637 -1.178587 -1.178587 0.299631 0.279451 -1.252893 -1.069292 3.170919 0.960570
-1.009535 -1.009535 -1.112632 -1.112632 0.298573 0.280540 -1.270981 -1.053773 3.171871 0.960307
-1.008875 -1.008875 -1.116458 -1.116458 0.301954 0.293100 -1.293242 -1.033557 3.154347 0.960201
-1.008614 -1.008614 -1.114943 -1.114943 0.302855 0.300581 -1.300000 -1.008875 3.151691 0.959961
-1.013893 -1.013893 -1.116969 -1.116969 0.300216 0.299987 -1.296745 -0.987599 3.165132 0.960671
-1.013270 -1.013270 -1.112907 -1.112907 0.292716 0.273877 -1.284687 -1.160256 3.126262 0.967174
