-0.994300 -0.994300 -1.113438 -1.113438 0.304736 0.307115 -1.300000 -1.029974 3.218880 0.950190
-0.962426 -0.962426 -1.117201 -1.117201 0.308918 0.294129 -1.288610 -1.026366 3.155546 0.963049
-1.004421 -1.004421 -1.032438 -1.032438 0.293681 0.265226 -1.216493 -1.070308 3.010617 0.964656
-0.979419 -0.979419 -1.035008 -1.035008 0.315087 0.285888 -1.175130 -1.041404 3.024466 0.966889
-1.009418 -1.009418 -1.013266 -1.013266 0.291133 0.262181 -1.189320 -1.019394 3.011694 0.959081
-1.006179 -1.006179 -0.923943 -0.923943 0.295990 0.281534 -1.278951 -1.009863 3.054223 0.961812
-1.094888 -1.094888 -1.136906 -1.136906 0.277007 0.292142 -1.300000 -0.968160 2.976981 0.967360
-0.977754 -0.977754 -1.284897 -1.284897 0.304776 0.293796 -1.289109 -1.035716 3.182956 0.959934
-0.976145 -0.976145 -1.097752 -1.097752 0.304386 0.289979 -1.300000 -1.056596 3.218880 0.959297
-0.960172 -0.960172 -0.996404 -0.996404 0.313651 0.298707 -1.288779 -0.993690 3.202112 0.959467
-0.955321 -0.955321 -1.100938 -1.100938 0.309053 0.284632 -1.263802 -1.063519 3.155469 0.961866
-0.987305 -0.987305 -1.056633 -1.056633 0.296263 0.285304 -1.282237 -1.004447 3.070226 0.964524
-1.001548 -1.001548 -1.110434 -1.110434 0.301567 0.282739 -1.294310 -1.113404 3.218880 0.955974
-0.939132 -0.939132 -1.208428 -1.208428 0.312302 0.287938 -1.219360 -1.028022 3.076286 0.963441
-0.952909 -0.952909 -0.976957 -0.976957 0.302314 0.283252 -1.270129 -0.982343 2.948191 0.963608
-1.017347 -1.017347 -1.139027 -1.139027 0.297564 0.301496 -1.300000 -0.978653 3.031080 0.963049
-0.989079 -0.989079 -1.095349 -1.095349 0.299456 0.283534 -1.254875 -1.048158 3.045701 0.963791
-0.947819 -0.947819 -0.957303 -0.957303 0.312119 0.294717 -1.295653 -0.975594 3.196926 0.957411
-0.991110 -0.991110 -0.978569 -0.978569 0.307801 0.303058 -1.300000 -1.012616 3.218880 0.950691
-1.041105 -1.041105 -0.846557 -0.846557 0.289690 0.270774 -1.261876 -1.042059 3.082296 0.965390
-0.942843 -0.942843 -1.254844 -1.254844 0.313053 0.295181 -1.300000 -1.092345 3.218880 0.953441
-1.023611 -1.023611 -0.886947 -0.886947 0.303675 0.309380 -1.300000 -0.962113 3.218880 0.955754
-1.026521 -1.026521 -0.769997 -0.769997 0.304072 0.298079 -1.300000 -0.992268 3.218880 0.960268
-1.011656 -1.011656 -1.017551 -1.017551 0.294540 0.288750 -1.300000 -1.026133 2.995257 0.960015
-1.000282 -1.000282 -1.145136 -1.145136 0.283247 0.273800 -1.296119 -0.981368 3.109723 0.962187
-0.975650 -0.975650 -1.212157 -1.212157 0.302471 0.271299 -1.220667 -1.085063 3.106275 0.964127
-1.004106 -1.004106 -1.087555 -1.087555 0.286170 0.268719 -1.296571 -1.136980 3.218880 0.952067
-0.998828 -0.998828 -1.038525 -1.038525 0.303115 0.274216 -1.227737 -1.101277 3.194190 0.956601
-1.017653 -1.017653 -0.928599 -0.928599 0.288930 0.272537 -1.300000 -1.090578 3.218880 0.953370
-1.065226 -1.065226 -0.998633 -0.998633 0.287484 0.281568 -1.271749 -1.028414 3.154618 0.961583
-0.971392 -0.971392 -1.187557 -1.187557 0.304899 0.281852 -1.249248 -1.057508 2.978120 0.962725
-0.973736 -0.973736 -0.965184 -0.965184 0.309670 0.304496 -1.285316 -0.935413 3.007219 0.963948
-1.014067 -1.014067 -0.970310 -0.970310 0.307904 0.313331 -1.300000 -1.001328 3.218880 0.953748
-0.950107 -0.950107 -0.870153 -0.870153 0.307910 0.272224 -1.237645 -1.058665 3.218880 0.959520
-0.977698 -0.977698 -1.043896 -1.043896 0.294128 0.279001 -1.272340 -1.001077 3.005128 0.965471
-1.027981 -1.027981 -0.957370 -0.957370 0.292255 0.261212 -1.211784 -1.098666 3.152568 0.963900
-0.978816 -0.978816 -1.252315 -1.252315 0.305702 0.308781 -1.300000 -1.021407 3.218880 0.957204
-1.017928 -1.017928 -1.178910 -1.178910 0.312056 0.320853 -1.294349 -0.981126 3.212562 0.963424
-0.979401 -0.979401 -0.972453 -0.972453 0.310328 0.300168 -1.296734 -0.990619 3.207156 0.958063
-1.050041 -1.050041 -0.958753 -0.958753 0.298371 0.301975 -1.300000 -0.978381 2.993935 0.963005
-0.961904 -0.961904 -1.050487 -1.050487 0.306325 0.295046 -1.300000 -1.033447 3.169189 0.960577
-1.023175 -1.023175 -1.123639 -1.123639 0.295196 0.302845 -1.300000 -0.968907 3.155860 0.956857
-1.051136 -1.051136 -1.118015 -1.118015 0.284830 0.266310 -1.255165 -1.076171 3.116789 0.964698
-0.994696 -0.994696 -0.721751 -0.721751 0.304263 0.289961 -1.300000 -1.009510 3.216278 0.957099
-0.946326 -0.946326 -1.255518 -1.255518 0.316233 0.307322 -1.299864 -0.999771 3.218810 0.959199
-0.961697 -0.961697 -1.089104 -1.089104 0.315094 0.310764 -1.300000 -1.009113 3.218880 0.950321
-1.028568 -1.028568 -1.010466 -1.010466 0.289420 0.294772 -1.296166 -0.969975 3.078024 0.962377
-0.976882 -0.976882 -1.206523 -1.206523 0.298331 0.295869 -1.298543 -0.974505 2.991419 0.963677
-0.993636 -0.993636 -1.273584 -1.273584 0.287908 0.265899 -1.238887 -1.035644 3.030826 0.961750
-0.977162 -0.977162 -1.150641 -1.150641 0.305548 0.313537 -1.298915 -0.961451 3.178385 0.960062
-1.002158 -1.002158 -1.030332 -1.030332 0.291661 0.273956 -1.255606 -1.027090 3.113416 0.964424
-0.923347 -0.923347 -1.261942 -1.261942 0.316357 0.301349 -1.290276 -1.055591 3.218880 0.950816
-1.077375 -1.077375 -1.026596 -1.026596 0.276556 0.284220 -1.291495 -0.967242 3.202518 0.969069
-0.918622 -0.918622 -1.276985 -1.276985 0.318657 0.300422 -1.273795 -1.021763 3.071264 0.957644
-1.004161 -1.004161 -1.211278 -1.211278 0.290011 0.273174 -1.259768 -1.031687 3.088307 0.961049
-1.020002 -1.020002 -1.164096 -1.164096 0.292593 0.266194 -1.218012 -1.080295 3.153652 0.963016
-1.034593 -1.034593 -1.010555 -1.010555 0.286610 0.269876 -1.280301 -1.080338 3.172194 0.962286
