-0.922179 -0.737291 -3.004575 -2.158619 0.327084 0.349562 -1.274055 -0.836296 3.151263 0.961591
-0.963491 -0.671061 -2.681818 -4.758346 0.304913 0.303227 -1.222289 -0.974391 3.112811 0.961794
-0.962515 -1.134591 -2.865264 -1.072371 0.292758 0.269512 -1.299832 -1.086435 3.186950 0.956841
-0.976283 -1.223448 -0.654541 -2.621305 0.310352 0.302292 -1.298361 -0.993258 3.158975 0.961161
-0.980016 -1.485881 -0.041793 -4.259982 0.299806 0.279640 -1.300000 -1.057706 3.217051 0.956834
-1.042069 -0.785009 -1.850016 -3.831898 0.300172 0.327335 -1.244997 -0.915533 3.140930 0.968960
-0.999780 -1.667468 -3.463553 -2.769465 0.283512 0.259514 -1.300000 -1.170934 3.202084 0.961146
-1.007317 -1.261107 0.056241 -3.770299 0.302744 0.282301 -1.300000 -1.083388 3.156178 0.961160
-0.999236 -1.306421 -1.390702 0.883048 0.307282 0.285353 -1.300000 -1.074012 3.173329 0.959917
-0.932615 -1.588111 0.927153 -2.944924 0.317653 0.272010 -1.300000 -1.103285 3.207265 0.953421
-1.024980 -1.026264 -3.439701 -1.734059 0.282773 0.297526 -1.293077 -0.960616 3.147111 0.963780
-0.904217 -1.007856 -2.734718 -2.329575 0.305663 0.280654 -1.290150 -1.092220 3.152170 0.963982
-0.940258 -0.626283 -0.009021 -4.992348 0.323888 0.303658 -1.208913 -0.952513 3.118946 0.958940
-0.968138 -2.003653 0.326385 -1.977509 0.310921 0.293398 -1.300000 -1.035132 3.218408 0.948337
-1.016619 -0.776955 -4.230806 -2.677249 0.290522 0.282780 -1.214452 -1.052391 3.136354 0.961611
-1.026903 -0.508472 -2.549480 -2.371776 0.290575 0.275071 -1.129201 -1.015339 3.117084 0.963786
-1.032371 -0.605776 -3.623570 -3.992914 0.295911 0.298466 -1.172506 -1.013545 3.124160 0.968288
-0.983875 -1.073172 -0.954283 -2.942439 0.304826 0.277471 -1.269582 -1.121449 3.166762 0.961794
-0.947988 -0.825413 -2.343835 -3.565840 0.305222 0.297376 -1.261558 -1.007494 3.117021 0.964153
-1.039292 -0.687818 -4.452204 0.752379 0.285880 0.308390 -1.223874 -0.930309 3.118647 0.967129
-0.944110 -0.671823 -3.958243 -4.018499 0.314716 0.308723 -1.228541 -1.022425 3.093397 0.962320
-0.990195 -1.684447 0.362326 -0.872206 0.300990 0.268794 -1.300000 -1.035810 3.209487 0.958280
-1.034869 -0.723553 -4.328889 -1.067471 0.290100 0.274464 -1.172858 -1.074443 3.136195 0.964028
-0.987373 -0.840207 -4.828601 -2.400313 0.292415 0.281373 -1.219910 -1.045619 3.139189 0.961372
-0.942797 -1.248402 -2.453992 -1.793998 0.320163 0.308459 -1.300000 -1.083221 3.174903 0.956591
-1.032958 -1.050094 -0.508423 -4.897885 0.299916 0.276762 -1.256227 -1.120913 3.165277 0.958394
-1.063889 -0.096136 -4.330461 0.192001 0.297735 0.304950 -1.004491 -0.921239 3.065186 0.962821
-1.010989 -0.755585 -4.468077 -4.956590 0.293743 0.293098 -1.232831 -1.034578 3.131629 0.967377
-1.042250 -0.955152 -0.955604 -3.954760 0.294986 0.311982 -1.290255 -0.958536 3.142073 0.962638
-1.021445 -1.343819 0.786406 -3.226071 0.303049 0.272521 -1.282059 -1.064760 3.169733 0.958212
-1.047919 -1.302740 0.299872 -4.000522 0.284337 0.269697 -1.300000 -1.049974 3.199900 0.966398
-1.015660 -1.781031 0.742368 -2.717553 0.293844 0.260200 -1.299942 -1.164492 3.198914 0.960737
-1.032565 -1.027140 -4.085915 -3.637500 0.289855 0.318162 -1.252518 -0.899317 3.178484 0.960119
-1.000423 -0.960036 -1.444432 -2.389749 0.292652 0.277365 -1.256958 -1.060264 3.152053 0.964447
-0.986142 -1.124617 -3.864357 -2.007741 0.291194 0.289183 -1.300000 -1.030682 3.141950 0.962233
-1.012787 -0.693542 -2.066483 -3.199036 0.305936 0.316689 -1.237610 -0.969926 3.112798 0.964453
-0.971382 -0.668619 -2.151277 -3.064627 0.292868 0.279663 -1.216489 -1.059745 3.124921 0.959597
-0.974919 -0.751358 -3.370394 -1.070561 0.304508 0.298554 -1.241853 -1.013912 3.136563 0.968012
-1.046868 -0.463372 -3.327270 -1.863233 0.297387 0.303221 -1.148679 -0.974634 3.131907 0.966177
-0.940501 -1.108299 -2.536493 0.439673 0.319555 0.319419 -1.300000 -0.960688 3.174895 0.953816
-0.974238 -0.852261 -0.030996 -4.646289 0.320116 0.315889 -1.277270 -0.965905 3.120398 0.962533
-1.033297 -1.166884 0.044747 -3.438536 0.295804 0.291827 -1.299142 -0.991705 3.148270 0.964220
-0.948974 -0.681930 -3.513154 -0.209571 0.306968 0.295337 -1.190851 -0.996791 3.143270 0.962182
-0.993380 -0.964028 -1.436291 -1.160960 0.304793 0.290877 -1.275386 -1.043356 3.157078 0.960989
-0.962183 -1.167163 -2.786070 -4.040925 0.294674 0.264127 -1.282756 -1.175461 3.179670 0.961190
-0.943910 -1.209567 -1.939046 -2.343184 0.300059 0.277884 -1.288213 -1.060149 3.189031 0.959664
-0.938815 -1.772282 -0.911390 0.587268 0.308525 0.265882 -1.300000 -1.112866 3.217980 0.957222
-0.935241 -1.039639 -4.448007 -1.381161 0.305200 0.286048 -1.291804 -1.087547 3.176539 0.963540
-0.981801 -0.762074 -3.574501 -1.958889 0.308773 0.293501 -1.227315 -1.106195 3.131430 0.964873
-1.009950 -0.665645 -2.909633 -2.519271 0.304201 0.303188 -1.204968 -0.999784 3.125455 0.964021
-0.969911 -0.357889 -3.030703 -3.552630 0.330866 0.321667 -1.141242 -0.992474 3.114865 0.958097
-1.002870 -1.834349 0.410315 0.683698 0.310228 0.267403 -1.299937 -1.035805 3.174114 0.950086
-1.019667 -1.319308 0.479877 -4.627728 0.302701 0.282087 -1.299522 -1.071767 3.169186 0.960649
-1.046720 -0.569033 -4.253665 -2.501197 0.301866 0.308352 -1.165501 -1.002501 3.130380 0.966699
-0.966115 -1.400820 0.010722 -2.521879 0.309044 0.281822 -1.300000 -1.076073 3.205471 0.958238
-1.038704 -0.450602 -4.329121 -0.397670 0.294044 0.305850 -1.154922 -0.951230 3.079941 0.964543
-0.994378 -1.263175 -2.959541 -4.857074 0.296355 0.267408 -1.293722 -1.179245 3.186687 0.961266
