-0.996089 -0.460167 -3.143041 -2.702885 0.307629 0.312046 -1.171444 -0.965665 3.105555 0.965539
-0.980497 -0.677185 -4.507450 -1.682704 0.297531 0.285662 -1.188132 -1.023016 3.138488 0.966786
-0.992404 -0.574220 -4.924131 -2.117478 0.306096 0.306849 -1.187739 -1.011671 3.133543 0.965016
-0.968458 -1.492772 0.269923 -2.159264 0.312074 0.281673 -1.300000 -1.071617 3.178807 0.956876
-1.033768 -0.581492 -4.372974 0.925044 0.306896 0.320038 -1.195010 -0.967587 3.126154 0.968645
-1.002191 -1.773635 0.709899 -4.659852 0.296904 0.270210 -1.300000 -1.083814 3.213475 0.962017
-0.891899 -1.384377 -0.470218 -2.366744 0.315250 0.266462 -1.299826 -1.155706 3.203901 0.958825
-0.964647 -0.462648 -2.608201 -4.714622 0.308488 0.292128 -1.142900 -1.005026 3.128041 0.962963
-0.962417 -0.692599 -1.538614 -2.025259 0.309222 0.287704 -1.247563 -1.059773 3.121208 0.963039
-1.038836 -0.623176 -1.484519 -4.862739 0.290877 0.294377 -1.167703 -0.917117 3.084587 0.960076
-1.013726 -0.815390 -2.602520 -4.900089 0.297428 0.287677 -1.236886 -1.080108 3.152936 0.967595
-1.023316 -0.540024 -2.468481 -4.797128 0.296427 0.299830 -1.172458 -0.981630 3.094868 0.962783
-0.953590 -1.357611 -2.070902 -0.164267 0.293901 0.261298 -1.271961 -1.100826 3.215323 0.963780
-0.899737 -0.969144 -2.599610 -4.920527 0.315189 0.294643 -1.291590 -1.028416 3.168026 0.959063
-0.921251 -0.982725 -2.256008 -1.499303 0.310253 0.288429 -1.259541 -1.035941 3.166783 0.962395
-0.963175 -0.780698 -3.665711 -3.424827 0.304166 0.291836 -1.215933 -1.020331 3.130775 0.961509
-0.998049 -2.176242 0.961538 -0.726955 0.296737 0.248127 -1.300000 -1.158545 3.218880 0.954588
-0.985186 -1.685135 -0.487656 -1.679556 0.292623 0.248337 -1.300000 -1.244333 3.218880 0.966142
-0.993915 -0.602255 -3.130481 -0.246818 0.315884 0.324050 -1.169930 -0.927051 3.156121 0.962178
-0.982186 -1.798288 0.427833 -1.072312 0.302945 0.266987 -1.300000 -1.109558 3.196560 0.963482
-0.966041 -1.586261 -3.074573 0.184333 0.296187 0.270276 -1.299970 -1.089485 3.208702 0.951912
-0.999794 -1.146634 -2.976949 -2.339152 0.295451 0.276907 -1.273017 -1.134272 3.191023 0.966851
-1.035062 -0.406250 -1.028351 -3.618994 0.312627 0.299241 -1.138608 -1.015983 3.077518 0.959669
-0.992891 -0.527389 -3.523970 -2.514493 0.310516 0.318507 -1.203406 -0.947432 3.115748 0.963068
-0.901204 -0.994677 -3.035377 -1.696425 0.331659 0.330293 -1.300000 -0.952415 3.157251 0.955214
-0.997476 -0.492679 -4.719934 -0.453679 0.302532 0.305653 -1.164048 -0.971092 3.088182 0.964828
-1.092192 -0.839006 -0.718527 -4.094602 0.278494 0.286980 -1.267998 -1.001726 3.120637 0.966646
-0.927658 -0.412407 -3.920402 -2.538158 0.325322 0.297347 -1.091547 -0.984385 3.130219 0.956835
-0.952312 -1.088793 -1.324211 -2.104430 0.312259 0.299528 -1.300000 -1.030043 3.179511 0.969360
-1.051840 -0.581873 -4.449096 -1.884410 0.284957 0.290399 -1.176399 -1.002178 3.128353 0.968767
-0.947257 -1.056123 -3.341593 -1.216120 0.306637 0.286627 -1.292880 -1.106396 3.157761 0.961465
-0.956409 -0.788444 -3.916223 -4.061739 0.305146 0.295882 -1.223556 -1.005790 3.176364 0.963881
-0.947908 -0.847362 -4.572936 -1.508657 0.311466 0.317539 -1.280072 -0.981365 3.150304 0.962020
-0.972140 -0.946253 -0.708599 -1.029699 0.296316 0.273648 -1.259461 -0.989330 3.165797 0.964779
-1.023740 -0.775128 -3.241552 -3.098341 0.294686 0.303981 -1.236088 -0.976778 3.125785 0.960786
-0.948954 -1.337597 -1.413833 -4.303549 0.298566 0.266159 -1.300000 -1.156835 3.197515 0.964231
-0.969674 -0.698876 -3.097587 -2.463024 0.305170 0.287341 -1.190691 -1.047349 3.150230 0.960903
-0.973153 -0.352279 -3.680603 -1.281766 0.304015 0.293388 -1.128221 -0.988918 3.082283 0.963318
-0.964223 -0.963561 -4.764523 -4.710641 0.293508 0.294475 -1.291939 -0.996679 3.160902 0.958444
-1.029698 -0.530759 -3.381172 -0.084229 0.295604 0.290418 -1.140092 -0.985181 3.114245 0.963521
-0.949259 -1.082885 -2.695141 -1.365779 0.294080 0.261853 -1.267547 -1.152136 3.182683 0.966395
-0.950854 -0.634261 -3.204644 -1.405396 0.319919 0.314373 -1.202667 -0.979160 3.112787 0.961504
-1.009054 -1.754472 0.543007 -0.672251 0.306349 0.272698 -1.300000 -1.131559 3.215590 0.968274
-0.986833 -1.756692 -0.725216 0.988783 0.298523 0.259203 -1.300000 -1.110087 3.218880 0.956569
-1.016532 -0.862624 -4.330377 -0.729391 0.293002 0.307698 -1.239594 -0.947247 3.172913 0.968853
-0.986833 -0.981211 -3.635650 -4.457612 0.286613 0.280925 -1.280348 -1.061948 3.181804 0.967097
-1.059238 -1.405868 0.580643 -2.212579 0.296448 0.283737 -1.300000 -1.045178 3.171082 0.961031
-0.976689 -1.892796 -1.673817 0.975305 0.302455 0.273190 -1.300000 -1.068394 3.218342 0.952790
-0.943349 -0.409204 -4.554581 -2.087813 0.312280 0.299749 -1.117777 -0.968402 3.095482 0.961770
-0.983587 -0.824802 -3.528593 -3.293112 0.287107 0.280270 -1.255214 -1.038461 3.168122 0.966582
-0.943944 -0.972491 -1.868651 -0.100789 0.314021 0.295459 -1.300000 -1.042842 3.162566 0.963034
-0.989866 -0.605847 -4.115579 -2.442233 0.301620 0.304411 -1.179548 -0.954215 3.138162 0.960435
-1.028873 -0.119044 -3.242503 -3.302085 0.299291 0.281045 -1.035126 -1.032451 3.061011 0.967585
-0.965335 -0.262685 -4.882178 -0.269235 0.301064 0.294367 -1.103914 -0.953635 3.097275 0.969514
-0.942541 -1.042444 -4.714120 -3.936367 0.308122 0.309477 -1.300000 -1.025268 3.157718 0.964378
-0.924498 -0.713558 -0.884574 -3.753045 0.319381 0.276471 -1.154631 -1.094621 3.141691 0.962712
-1.056452 -1.636917 -0.376703 0.263985 0.292601 0.266473 -1.300000 -1.140317 3.184451 0.966411
