0.318087 0.307224 -0.984154 -1.034594 3.117157 0.965936
0.314362 0.322524 -1.037423 -0.979793 3.094348 0.960090
0.316120 0.306052 -1.005839 -1.035555 3.094273 0.965459
0.304940 0.315480 -1.018517 -0.989349 3.083359 0.962097
0.297484 0.302079 -0.992504 -0.950943 3.173864 0.970337
0.298759 0.300416 -0.979245 -0.942261 3.208627 0.965549
0.307291 0.296743 -0.969294 -1.000729 3.053297 0.957797
0.308167 0.304215 -0.968700 -1.004822 3.132911 0.962031
0.307001 0.297868 -0.986727 -1.029659 3.146380 0.968144
0.316855 0.328743 -0.981742 -0.899862 3.091243 0.959054
0.315070 0.302318 -0.961777 -1.046889 3.077248 0.963101
0.318140 0.315770 -0.950053 -0.962661 3.191617 0.960021
0.314631 0.325692 -1.010517 -0.947158 3.132806 0.965382
0.301487 0.310694 -0.981171 -0.944330 3.175307 0.969771
0.310580 0.298512 -0.993668 -1.111369 3.104945 0.972021
0.305493 0.296484 -0.949504 -1.003432 3.218880 0.966447
0.295139 0.301483 -0.990026 -0.933260 3.164859 0.963111
0.303723 0.312434 -0.980491 -0.922316 3.218880 0.965109
0.308548 0.324956 -0.948387 -0.859584 3.218454 0.971253
0.295861 0.300187 -0.974802 -0.946618 3.206632 0.969577
0.295536 0.297489 -1.003392 -0.999138 3.146626 0.963372
0.303461 0.297483 -1.004067 -1.003195 3.135241 0.966158
0.314320 0.322385 -1.009708 -0.991726 3.128422 0.974663
0.299916 0.307410 -0.967967 -0.908184 3.211349 0.962906
0.292154 0.280351 -0.987667 -1.035056 3.127358 0.970966
0.301649 0.308923 -1.008464 -0.951386 3.167154 0.963693
0.303430 0.303504 -0.990656 -0.986112 3.208128 0.962787
0.317375 0.318097 -1.026141 -1.048665 3.085766 0.968199
0.307353 0.294755 -0.978735 -1.038232 3.193783 0.972296
0.318718 0.323677 -0.983322 -0.976221 3.144400 0.968119
0.321221 0.310246 -0.975165 -1.088145 3.107040 0.969244
0.298115 0.311161 -0.981099 -0.905230 3.159123 0.967255
0.295563 0.281602 -0.935982 -0.957293 3.193555 0.964786
0.323666 0.332402 -0.969638 -0.927758 3.168498 0.971014
0.305711 0.300394 -0.972190 -1.012030 3.159772 0.963138
0.320622 0.312214 -1.027051 -1.080225 3.092257 0.968711
0.313955 0.321231 -1.014638 -0.939869 3.148034 0.961319
0.305032 0.308510 -0.974861 -0.945806 3.196932 0.967627
0.303142 0.316155 -1.015749 -0.959561 3.114322 0.963568
0.305532 0.305213 -1.029041 -1.011233 3.160401 0.964817
0.306527 0.302459 -1.019279 -1.001862 3.137637 0.952462
0.304818 0.311824 -0.993487 -0.983328 3.096214 0.971655
0.318513 0.310934 -0.992807 -1.039713 3.037442 0.962345
0.311382 0.299225 -0.967427 -1.011638 3.115076 0.961049
0.313713 0.300401 -0.958914 -1.071058 3.125112 0.966928
0.301204 0.310177 -0.971013 -0.915769 3.169318 0.964759
0.297376 0.301131 -1.008125 -0.997825 3.120060 0.962870
0.308042 0.308677 -1.010528 -1.043037 3.096356 0.963127
0.304700 0.299814 -0.987247 -1.035987 3.140783 0.965388
0.309723 0.317549 -1.011836 -0.946658 3.065381 0.961842
0.309366 0.296609 -1.013161 -1.063251 3.109609 0.963270
0.302056 0.274375 -0.951243 -1.081699 3.193486 0.967182
0.301002 0.297480 -1.023761 -1.022657 3.098169 0.966323
0.319315 0.317955 -0.992075 -0.980957 3.123480 0.958954
0.314169 0.305400 -0.998437 -0.983878 3.138292 0.960652
0.296407 0.284752 -1.009299 -1.047231 3.101159 0.969628
0.298945 0.296793 -0.973616 -1.007221 3.155094 0.959356
