-0.957432 -0.957432 -1.161878 -1.161878 0.318196 0.322505 -1.300000 -0.960638 3.218880 0.961967
-0.962058 -0.962058 -1.133290 -1.133290 0.307414 0.294773 -1.279685 -1.008936 2.990155 0.965983
-0.961731 -0.961731 -1.128095 -1.128095 0.314209 0.297688 -1.285598 -1.057528 3.134147 0.960777
-0.977862 -0.977862 -1.185539 -1.185539 0.295933 0.281292 -1.272523 -1.026565 3.135740 0.962908
-0.977814 -0.977814 -1.185775 -1.185775 0.307830 0.328129 -1.300000 -0.858560 3.215597 0.960661
-0.981779 -0.981779 -1.208078 -1.208078 0.291543 0.272875 -1.269973 -1.057218 3.208477 0.964470
-0.981532 -0.981532 -1.208471 -1.208471 0.292284 0.281307 -1.271999 -0.998152 2.985206 0.964975
-0.991149 -0.991149 -1.172777 -1.172777 0.308262 0.298728 -1.300000 -1.033252 2.941454 0.961744
-0.991092 -0.991092 -1.166348 -1.166348 0.308428 0.296340 -1.300000 -1.137878 3.218880 0.957892
-0.992463 -0.992463 -1.165847 -1.165847 0.303378 0.305516 -1.300000 -1.018845 3.218880 0.943151
-0.992463 -0.992463 -1.165847 -1.165847 0.304642 0.308744 -1.300000 -0.987870 3.218880 0.950936
-0.977036 -0.977036 -1.082278 -1.082278 0.306412 0.287375 -1.300000 -1.079130 3.125344 0.957605
-0.978333 -0.978333 -1.084173 -1.084173 0.308637 0.295124 -1.300000 -1.088509 3.218880 0.957584
-0.980904 -0.980904 -1.083556 -1.083556 0.300263 0.273267 -1.210160 -1.013656 2.996502 0.962803
-0.986556 -0.986556 -1.073573 -1.073573 0.296453 0.283098 -1.287542 -1.004477 3.151364 0.961899
-0.995095 -0.995095 -1.067200 -1.067200 0.302749 0.284032 -1.284330 -1.083142 3.101716 0.966336
-0.995095 -0.995095 -1.067200 -1.067200 0.303050 0.281162 -1.247793 -1.019684 3.041450 0.965055
-0.995095 -0.995095 -1.067200 -1.067200 0.310435 0.307101 -1.299118 -0.991412 3.173187 0.959133
-0.994080 -0.994080 -1.052363 -1.052363 0.310210 0.306639 -1.300000 -0.956010 3.102480 0.964913
-0.994260 -0.994260 -1.051579 -1.051579 0.301965 0.283569 -1.260708 -1.045971 2.958550 0.963926
-0.993497 -0.993497 -0.911615 -0.911615 0.304385 0.284563 -1.272223 -0.997406 3.170197 0.964616
-0.993963 -0.993963 -0.912840 -0.912840 0.299783 0.281689 -1.283546 -1.007206 3.214137 0.957254
-0.993963 -0.993963 -0.912840 -0.912840 0.301324 0.293441 -1.300000 -0.968707 3.002076 0.966066
-0.994641 -0.994641 -0.911725 -0.911725 0.297603 0.280402 -1.288034 -1.026914 3.092478 0.965141
-0.986397 -0.986397 -0.906311 -0.906311 0.308907 0.288809 -1.289495 -1.060799 2.986364 0.963174
-0.981863 -0.981863 -0.901422 -0.901422 0.316254 0.309312 -1.299916 -0.980287 3.040256 0.961309
-0.979226 -0.979226 -0.899875 -0.899875 0.317906 0.304960 -1.300000 -1.006964 3.139922 0.955372
-0.984609 -0.984609 -0.866147 -0.866147 0.317321 0.311567 -1.298224 -0.954975 3.210394 0.957222
-0.981904 -0.981904 -0.860894 -0.860894 0.316637 0.302906 -1.278093 -0.997581 2.962717 0.965342
-0.982409 -0.982409 -0.878477 -0.878477 0.320423 0.310678 -1.292473 -1.004118 3.147541 0.966763
-0.982349 -0.982349 -0.880659 -0.880659 0.314926 0.303796 -1.290075 -1.001390 3.187328 0.957496
-0.981222 -0.981222 -0.902086 -0.902086 0.305667 0.274091 -1.226736 -1.026801 2.979412 0.965914
-0.992293 -0.992293 -0.928163 -0.928163 0.307791 0.298161 -1.299909 -1.028336 3.204371 0.962609
-0.992564 -0.992564 -0.962300 -0.962300 0.303348 0.286394 -1.300000 -1.074288 3.218880 0.952881
-0.991929 -0.991929 -0.959385 -0.959385 0.303866 0.277458 -1.248134 -1.061380 3.210470 0.960927
-1.000192 -1.000192 -0.947541 -0.947541 0.310243 0.305478 -1.288948 -0.993591 3.217560 0.957280
-0.996393 -0.996393 -0.902262 -0.902262 0.299162 0.284471 -1.299066 -1.027203 3.108058 0.961798
-0.986850 -0.986850 -0.916491 -0.916491 0.298720 0.278371 -1.282929 -1.001479 3.154658 0.960275
-0.994300 -0.994300 -0.926508 -0.926508 0.295057 0.287068 -1.300000 -0.951312 3.087235 0.962933
-0.976387 -0.976387 -0.982032 -0.982032 0.311341 0.298755 -1.253525 -0.963284 3.069076 0.964817
-0.978956 -0.978956 -0.979566 -0.979566 0.304864 0.289158 -1.295021 -1.009901 3.218373 0.957950
-0.978956 -0.978956 -0.979566 -0.979566 0.313831 0.320000 -1.299201 -0.882838 2.957123 0.961816
-0.979149 -0.979149 -0.980055 -0.980055 0.305008 0.289692 -1.288581 -1.023106 3.218880 0.959564
-0.983423 -0.983423 -0.996781 -0.996781 0.301733 0.293778 -1.278172 -0.964272 3.029627 0.963595
-0.984649 -0.984649 -0.995988 -0.995988 0.296380 0.276921 -1.261714 -1.011937 2.984930 0.964179
-0.985259 -0.985259 -0.813773 -0.813773 0.301532 0.275019 -1.300000 -1.099868 3.218880 0.951422
-1.021095 -1.021095 -0.819860 -0.819860 0.293918 0.288547 -1.297425 -0.971247 3.034154 0.965802
-0.994051 -0.994051 -0.900230 -0.900230 0.306230 0.299564 -1.292976 -0.999840 3.148837 0.962077
-1.028715 -1.028715 -0.978524 -0.978524 0.307701 0.294885 -1.281996 -1.048575 3.116512 0.963524
-0.951044 -0.951044 -0.803848 -0.803848 0.322327 0.304093 -1.300000 -0.988010 3.194605 0.963858
-0.980197 -0.980197 -1.083280 -1.083280 0.303374 0.283313 -1.257665 -1.035997 3.199928 0.963903
-1.019575 -1.019575 -0.982242 -0.982242 0.299902 0.282325 -1.296761 -1.089934 3.167855 0.964640
-1.008043 -1.008043 -1.196910 -1.196910 0.297850 0.298202 -1.297017 -0.999913 3.027672 0.962678
-0.962736 -0.962736 -0.932853 -0.932853 0.314149 0.299129 -1.260381 -0.978726 3.079450 0.963177
-1.016502 -1.016502 -0.866975 -0.866975 0.292733 0.265484 -1.225592 -1.095576 2.950581 0.967495
-0.999949 -0.999949 -0.956224 -0.956224 0.312307 0.324340 -1.300000 -0.954282 3.218880 0.960037
-1.015726 -1.015726 -0.946433 -0.946433 0.301045 0.291534 -1.283457 -1.023658 3.117570 0.962785
