-1.029608 -1.029608 -1.378910 -1.378910 0.290485 0.276606 -1.283963 -1.114691 3.165207 0.961880
-1.009673 -1.009673 -1.395770 -1.395770 0.293652 0.287670 -1.291396 -1.040114 3.157379 0.960278
-1.016043 -1.016043 -1.124155 -1.124155 0.302171 0.307693 -1.264833 -0.973289 3.133128 0.957573
-1.011844 -1.011844 -1.625667 -1.625667 0.299632 0.300920 -1.269956 -1.018634 3.131165 0.962300
-1.010699 -1.010699 -1.210271 -1.210271 0.303556 0.320377 -1.300000 -0.930023 3.162173 0.964883
-0.995659 -0.995659 -1.463327 -1.463327 0.300452 0.303019 -1.283306 -1.016418 3.161806 0.964504
-1.022076 -1.022076 -1.203409 -1.203409 0.299027 0.301683 -1.272408 -0.966263 3.145075 0.959150
-1.037156 -1.037156 -0.848175 -0.848175 0.297992 0.282052 -1.272228 -1.041519 3.160375 0.961579
-0.999703 -0.999703 -1.418105 -1.418105 0.291828 0.280168 -1.266466 -1.053646 3.146334 0.961633
-1.017333 -1.017333 -1.012754 -1.012754 0.293158 0.272950 -1.243256 -1.046990 3.170904 0.962249
-1.016711 -1.016711 -1.244091 -1.244091 0.299005 0.297157 -1.266989 -1.019645 3.130848 0.960814
-1.021600 -1.021600 -1.226203 -1.226203 0.288617 0.280762 -1.300000 -1.049661 3.175494 0.961560
-1.029664 -1.029664 -0.951579 -0.951579 0.298615 0.284201 -1.276187 -1.024240 3.145362 0.957386
-1.017119 -1.017119 -1.067538 -1.067538 0.290849 0.275900 -1.266510 -1.058166 3.171021 0.964838
-1.044146 -1.044146 -0.958948 -0.958948 0.296977 0.284040 -1.276785 -1.048553 3.131781 0.961117
-1.013961 -1.013961 -1.171688 -1.171688 0.287986 0.262339 -1.251866 -1.104209 3.169827 0.964129
-1.031452 -1.031452 -1.032665 -1.032665 0.298801 0.289170 -1.277240 -1.074412 3.132459 0.965866
-1.002737 -1.002737 -1.065953 -1.065953 0.296811 0.283735 -1.291001 -1.057064 3.164944 0.967346
-1.034706 -1.034706 -0.972175 -0.972175 0.295920 0.291485 -1.280490 -1.035138 3.134302 0.960166
-1.021970 -1.021970 -1.249319 -1.249319 0.294905 0.284257 -1.283029 -1.088642 3.143418 0.965612
-0.999721 -0.999721 -1.307611 -1.307611 0.294903 0.286097 -1.270336 -1.040336 3.162807 0.964256
-1.008904 -1.008904 -1.445989 -1.445989 0.282227 0.267618 -1.266956 -1.087404 3.160273 0.965438
-1.044554 -1.044554 -1.138311 -1.138311 0.293830 0.301275 -1.300000 -0.973808 3.164132 0.970758
-1.018646 -1.018646 -1.151425 -1.151425 0.299099 0.292830 -1.297297 -1.047128 3.163346 0.960727
-0.995852 -0.995852 -0.988997 -0.988997 0.292423 0.274769 -1.279100 -1.017406 3.170672 0.961717
-1.019700 -1.019700 -0.957237 -0.957237 0.301350 0.311087 -1.299795 -0.906988 3.142891 0.964457
-1.026807 -1.026807 -1.033226 -1.033226 0.294664 0.275233 -1.253272 -1.071177 3.158788 0.963440
-1.008022 -1.008022 -1.327375 -1.327375 0.294960 0.298032 -1.290653 -1.004994 3.169142 0.963320
-1.058907 -1.058907 -1.214686 -1.214686 0.297017 0.309040 -1.300000 -1.013269 3.130150 0.965158
-1.033508 -1.033508 -0.989406 -0.989406 0.290549 0.275761 -1.269140 -1.012497 3.137103 0.961468
-1.018645 -1.018645 -1.437891 -1.437891 0.296635 0.310550 -1.300000 -0.961408 3.154924 0.961309
-1.013665 -1.013665 -1.155999 -1.155999 0.295928 0.292864 -1.295239 -1.023900 3.151242 0.965954
-1.003127 -1.003127 -1.302412 -1.302412 0.291227 0.295463 -1.296724 -0.956533 3.141432 0.958904
-1.049221 -1.049221 -1.178017 -1.178017 0.299294 0.299773 -1.300000 -1.048723 3.158308 0.960138
-1.032863 -1.032863 -1.031721 -1.031721 0.294643 0.287429 -1.287086 -1.029552 3.167466 0.966301
-0.974733 -0.974733 -1.355819 -1.355819 0.289775 0.270641 -1.264819 -1.045667 3.130130 0.960572
-1.001170 -1.001170 -1.300032 -1.300032 0.296614 0.288341 -1.264195 -1.030491 3.152871 0.966535
-0.989585 -0.989585 -1.117828 -1.117828 0.294904 0.303182 -1.299683 -0.948110 3.128000 0.959731
-1.032239 -1.032239 -1.021805 -1.021805 0.302767 0.300387 -1.299361 -1.047028 3.139577 0.967843
-0.990808 -0.990808 -1.222073 -1.222073 0.299511 0.298535 -1.283542 -0.949332 3.166614 0.961883
-1.023840 -1.023840 -1.334101 -1.334101 0.290714 0.281191 -1.275292 -1.082947 3.144419 0.963205
-0.999535 -0.999535 -1.167158 -1.167158 0.292368 0.276291 -1.268883 -1.043934 3.155996 0.965098
-0.975502 -0.975502 -1.214393 -1.214393 0.303840 0.297531 -1.280575 -1.012941 3.153416 0.965718
-1.021603 -1.021603 -1.148276 -1.148276 0.294029 0.277663 -1.256932 -1.076412 3.129647 0.964633
-1.016706 -1.016706 -1.057887 -1.057887 0.293840 0.295207 -1.278699 -0.958697 3.138818 0.958559
-1.025924 -1.025924 -1.092846 -1.092846 0.293776 0.284003 -1.278283 -1.033638 3.155885 0.965005
-1.020161 -1.020161 -1.278879 -1.278879 0.305810 0.314827 -1.293276 -1.004256 3.136524 0.966897
-1.010464 -1.010464 -1.287586 -1.287586 0.288239 0.270040 -1.252863 -1.032857 3.166040 0.961521
-1.008145 -1.008145 -1.208417 -1.208417 0.300177 0.312832 -1.296072 -0.945136 3.169719 0.959731
-1.043025 -1.043025 -1.002587 -1.002587 0.297657 0.285414 -1.284856 -1.083092 3.123368 0.967786
-1.033924 -1.033924 -0.993256 -0.993256 0.299891 0.292255 -1.283399 -1.024624 3.143032 0.962710
-1.016499 -1.016499 -1.035930 -1.035930 0.292522 0.277051 -1.291452 -1.044518 3.153350 0.962863
-0.984790 -0.984790 -1.047201 -1.047201 0.294648 0.278471 -1.276948 -1.036239 3.163152 0.964442
-1.045771 -1.045771 -1.537432 -1.537432 0.296493 0.324266 -1.273091 -0.916398 3.137656 0.962680
-1.001389 -1.001389 -1.071873 -1.071873 0.296680 0.294469 -1.300000 -0.996092 3.139269 0.968024
-1.001008 -1.001008 -1.049063 -1.049063 0.297460 0.298420 -1.274369 -0.988733 3.107233 0.963088
-1.011120 -1.011120 -1.143443 -1.143443 0.296811 0.300024 -1.299889 -0.965266 3.162988 0.965257
