-1.083068 0.080499 0.290893 0.307533 -1.040436 -0.956233 3.088600 0.969472
-0.914658 -0.664017 0.290840 0.308004 -1.123752 -0.966457 3.161826 0.963594
-1.065756 -0.052043 0.294435 0.303361 -1.057180 -0.967899 3.103372 0.965702
-1.000824 -0.374862 0.295810 0.310676 -1.106167 -0.977750 3.125694 0.961602
-1.189976 0.078332 0.291332 0.304715 -1.098061 -1.037683 3.075127 0.967745
-1.008975 -0.362724 0.287818 0.287722 -1.098698 -1.056088 3.096213 0.966503
-0.950241 -0.365454 0.288324 0.298975 -1.076366 -1.001054 3.053348 0.962143
-1.046704 0.033242 0.295595 0.307264 -1.008611 -0.921464 3.098211 0.963472
-1.058911 0.065606 0.291419 0.296150 -1.016220 -0.986673 3.058746 0.964691
-1.105506 0.057161 0.295866 0.312138 -1.069079 -1.000611 3.045494 0.966581
-1.050303 -0.122565 0.292428 0.310554 -1.082606 -1.004184 3.052881 0.969603
-1.031590 -0.097411 0.295688 0.306164 -1.032960 -0.975411 3.090578 0.969893
-1.112915 0.104651 0.291395 0.299820 -1.058360 -1.026260 3.043475 0.968234
-1.003279 -0.149896 0.293566 0.304800 -1.054282 -0.982058 3.080009 0.966463
-1.067790 0.047241 0.294034 0.291742 -1.027610 -1.032304 3.074590 0.966888
-0.982044 -0.430516 0.291859 0.296372 -1.115179 -1.077478 3.110873 0.959844
-1.040763 -0.261979 0.296321 0.293574 -1.106195 -1.101642 3.104793 0.963421
-0.995248 -0.629650 0.298626 0.313514 -1.178717 -1.076933 3.116575 0.964580
-1.079504 -0.008040 0.288700 0.303044 -1.086684 -1.019387 3.015625 0.969283
-1.003873 -0.008219 0.311325 0.314534 -1.017072 -1.019760 3.063026 0.968909
-0.986207 -0.194661 0.293682 0.280652 -1.030723 -1.101826 3.092375 0.969771
-0.908326 -0.506913 0.304961 0.309888 -1.053144 -0.986909 3.126967 0.962478
-1.093182 0.150190 0.291815 0.278206 -1.019586 -1.116200 3.073552 0.967877
-0.858247 -0.888986 0.297338 0.294020 -1.023319 -1.032489 3.081364 0.967084
-0.972515 -0.648524 0.284284 0.300544 -1.149156 -1.029450 3.141048 0.967158
-0.892539 -0.812859 0.283252 0.303647 -1.162645 -0.998818 3.149901 0.968783
-0.915718 -0.535858 0.288573 0.287035 -1.095632 -1.029917 3.154232 0.956197
-0.944851 -0.189640 0.319645 0.308390 -1.012242 -1.070964 3.062237 0.966858
-0.960824 -0.354986 0.305876 0.304902 -1.051766 -0.994069 3.111454 0.961409
-0.990244 -0.642838 0.291853 0.306688 -1.164479 -1.038435 3.159233 0.964935
-1.017770 -0.090915 0.300653 0.288000 -1.025259 -1.081745 3.076351 0.962417
-0.972949 -0.333227 0.296066 0.305110 -1.088793 -0.990304 3.084745 0.964108
-1.048373 0.021391 0.302115 0.300492 -0.984276 -1.006231 3.086709 0.963951
-1.015424 0.024092 0.301947 0.307066 -1.034067 -1.015432 3.012233 0.964414
-0.843086 -0.802985 0.306295 0.317290 -0.996399 -0.947205 3.048461 0.966466
-0.904395 -0.724434 0.304654 0.300660 -0.968665 -0.994213 3.061229 0.966580
-1.036930 -0.293626 0.283722 0.300366 -1.118151 -1.017342 3.116192 0.966364
-0.992107 -0.188132 0.290398 0.297269 -1.067294 -1.021535 3.060842 0.968144
-0.980748 -0.313695 0.296479 0.319656 -1.064084 -0.931769 3.110021 0.972948
-0.987447 -0.383858 0.292200 0.312916 -1.080863 -0.973593 3.080894 0.961072
-1.005271 -0.580862 0.295163 0.319712 -1.143515 -1.010272 3.131816 0.971904
-1.069000 -0.006770 0.298551 0.307341 -1.052880 -1.012466 3.055533 0.972502
-1.014110 -0.317713 0.296384 0.322547 -1.093705 -0.937680 3.088712 0.966640
-1.079691 0.000359 0.293919 0.306510 -1.064343 -1.007581 3.077595 0.966243
-0.987814 -0.181594 0.298202 0.294694 -1.016848 -1.032363 3.122110 0.972581
-1.065213 -0.170759 0.292047 0.305872 -1.097690 -1.021728 3.094992 0.968442
-0.920456 -0.270721 0.304868 0.303826 -1.000422 -0.974080 3.093212 0.964398
-0.973925 -0.197141 0.311275 0.303777 -0.997462 -1.024983 3.095242 0.962601
-0.839233 -0.918652 0.316102 0.323527 -1.013383 -0.967584 3.076364 0.961453
-1.034316 -0.459820 0.288992 0.314830 -1.105848 -0.978952 3.129193 0.965923
-1.169171 0.168492 0.287605 0.291698 -1.081279 -1.060222 3.043857 0.968002
-0.973676 -0.453153 0.297588 0.297460 -1.122283 -1.063828 3.105624 0.954275
-1.102279 0.040279 0.293222 0.306066 -1.062635 -1.004336 3.089439 0.971180
-0.996663 -0.293797 0.296026 0.322929 -1.034675 -0.880932 3.111717 0.964396
-1.107033 0.098425 0.291275 0.313717 -1.022728 -0.897081 3.101059 0.967360
-0.918426 -0.434238 0.300263 0.306258 -1.051128 -0.984624 3.123095 0.969601
-0.934932 -0.424003 0.297787 0.297877 -1.062636 -1.055854 3.124314 0.962499
-1.067372 -0.055525 0.291564 0.309411 -1.054981 -0.953542 3.066631 0.965283
-1.096885 -0.069777 0.281977 0.304113 -1.072435 -0.950407 3.111289 0.969123
-0.927066 -0.472716 0.287681 0.283047 -1.056626 -1.026981 3.153774 0.968182
-1.060763 -0.086576 0.292325 0.300945 -1.059049 -1.011813 3.076806 0.966330
-0.790233 -0.967000 0.289305 0.290485 -1.050638 -1.013617 3.106108 0.968164
-0.933770 -0.504946 0.290924 0.270712 -1.015590 -1.106737 3.164219 0.962195
-1.036414 -0.269697 0.292087 0.300377 -1.086382 -1.033094 3.095173 0.965088
-1.141503 0.223266 0.287899 0.291686 -1.035564 -1.034614 3.026087 0.968404
-1.157033 0.474023 0.299288 0.278485 -0.957357 -1.038042 3.034770 0.966760
-1.144468 0.162345 0.292849 0.300465 -1.056613 -1.023146 3.039658 0.965312
-1.048391 -0.013011 0.308010 0.323664 -1.016450 -0.942312 3.061281 0.964510
-1.014023 -0.278165 0.287228 0.302311 -1.100398 -0.981861 3.093919 0.969701
-0.886130 -0.894199 0.286253 0.301017 -1.112226 -1.030531 3.070364 0.969460
-0.906525 -0.562838 0.286598 0.291698 -1.099245 -0.999318 3.127763 0.961505
-0.987795 -0.223378 0.295295 0.311993 -1.054828 -0.948673 3.079269 0.967382
-0.948319 -0.514493 0.299657 0.334078 -1.090060 -0.891658 3.117492 0.968286
-0.986962 -0.226578 0.294533 0.316309 -1.049460 -0.898206 3.111363 0.966885
-0.871176 -0.585664 0.305238 0.289438 -1.062641 -1.105667 3.152624 0.963900
-1.045497 -0.102914 0.301797 0.316581 -1.052657 -0.963840 3.084642 0.960565
-1.021815 -0.312380 0.309158 0.333922 -1.075706 -0.930378 3.093310 0.964791
-1.014312 -0.157672 0.295443 0.294576 -1.060244 -1.051537 3.070736 0.964663
-0.977212 -0.431113 0.288249 0.295480 -1.068310 -0.996566 3.117149 0.966997
-1.107368 0.179072 0.294308 0.299817 -1.036869 -1.020505 3.001158 0.966790
-1.016851 -0.261361 0.300119 0.302103 -1.069680 -1.010319 3.136678 0.967208
-1.074749 0.039281 0.287344 0.305356 -1.022405 -0.906912 3.064160 0.966464
-0.939683 -0.401070 0.288787 0.284605 -1.047989 -1.024770 3.119894 0.965716
-1.062775 -0.050095 0.294554 0.305980 -1.066371 -0.992615 3.045546 0.966333
-0.945863 -0.427131 0.296498 0.308722 -1.085625 -1.002803 3.117972 0.967479
-0.983985 -0.335264 0.303200 0.315762 -1.063787 -1.008245 3.092787 0.963410
-1.063712 0.036851 0.301849 0.301194 -1.016979 -1.041007 3.022938 0.965721
-1.024223 -0.100811 0.302247 0.303187 -1.025345 -0.994397 3.120436 0.969402
-0.889685 -0.616093 0.303659 0.322461 -1.106679 -0.944636 3.158579 0.965987
-0.904361 -0.858651 0.300876 0.311935 -1.094780 -0.995749 3.157028 0.964702
-0.979308 -0.357439 0.303919 0.318922 -1.057868 -0.962043 3.132407 0.964487
