-0.984463 -0.984463 -0.977179 -0.977179 0.294826 0.279157 -1.272300 -1.004454 3.218880 0.959708
-0.983387 -0.983387 -0.976992 -0.976992 0.283066 0.272629 -1.299955 -0.972155 2.965700 0.964630
-0.982564 -0.982564 -0.979582 -0.979582 0.285248 0.273651 -1.285647 -0.984487 3.065776 0.966077
-0.981520 -0.981520 -0.972794 -0.972794 0.285780 0.271324 -1.265369 -0.965576 3.076661 0.964043
-0.983634 -0.983634 -0.985650 -0.985650 0.289755 0.269548 -1.247083 -1.033564 3.036380 0.966405
-0.988702 -0.988702 -0.990346 -0.990346 0.293138 0.288270 -1.298041 -0.980463 3.162351 0.969716
-0.988005 -0.988005 -0.988848 -0.988848 0.300773 0.294034 -1.298580 -1.023948 3.218880 0.961736
-0.987807 -0.987807 -0.988357 -0.988357 0.289272 0.262049 -1.239182 -1.060984 3.163528 0.965604
-0.987994 -0.987994 -1.033672 -1.033672 0.294516 0.273543 -1.251944 -1.027413 3.046575 0.965192
-0.988354 -0.988354 -1.033312 -1.033312 0.298635 0.292758 -1.300000 -0.995375 3.111636 0.965920
-0.988195 -0.988195 -1.034999 -1.034999 0.292246 0.277709 -1.278827 -1.016059 3.093455 0.966615
-0.988365 -0.988365 -1.032584 -1.032584 0.298726 0.291384 -1.296119 -1.018774 3.218880 0.959606
-0.988516 -0.988516 -1.024487 -1.024487 0.289182 0.282780 -1.289891 -0.986696 3.218880 0.961939
-0.990176 -0.990176 -1.029424 -1.029424 0.285512 0.266635 -1.229699 -0.993911 3.006068 0.963027
-0.990554 -0.990554 -1.023421 -1.023421 0.298812 0.286904 -1.275599 -1.001656 3.131766 0.964870
-0.996503 -0.996503 -1.014732 -1.014732 0.296032 0.293177 -1.299968 -0.982965 3.218880 0.962243
-1.000590 -1.000590 -1.043607 -1.043607 0.288530 0.269210 -1.229032 -1.013319 3.074050 0.966418
-1.000597 -1.000597 -1.043683 -1.043683 0.294746 0.295804 -1.300000 -0.982053 3.218880 0.956243
-1.001279 -1.001279 -1.044571 -1.044571 0.285034 0.275498 -1.295258 -1.009446 2.980796 0.965032
-1.007319 -1.007319 -1.102247 -1.102247 0.287277 0.258391 -1.199374 -1.073377 3.050594 0.963368
-1.007319 -1.007319 -1.102247 -1.102247 0.289867 0.276488 -1.266375 -1.030248 3.127180 0.965941
-1.009656 -1.009656 -1.098601 -1.098601 0.293463 0.294991 -1.285349 -0.966482 3.170231 0.957998
-1.006096 -1.006096 -1.096890 -1.096890 0.290575 0.278393 -1.270889 -1.009185 2.962188 0.965822
-1.005889 -1.005889 -1.096643 -1.096643 0.298259 0.298818 -1.300000 -0.992411 3.218880 0.958597
-1.009081 -1.009081 -1.119679 -1.119679 0.293054 0.282241 -1.256059 -0.990355 2.965367 0.964612
-1.008922 -1.008922 -1.119319 -1.119319 0.293665 0.283256 -1.272054 -1.069917 3.218880 0.955058
-1.009110 -1.009110 -1.124812 -1.124812 0.289975 0.299671 -1.300000 -0.919241 3.048989 0.966718
-1.010081 -1.010081 -1.136914 -1.136914 0.306812 0.307059 -1.300000 -1.072623 3.218880 0.955015
-1.001247 -1.001247 -1.134820 -1.134820 0.299309 0.299305 -1.282117 -0.966121 3.076584 0.961678
-1.028785 -1.028785 -1.176708 -1.176708 0.280647 0.273313 -1.260169 -1.003019 2.979051 0.963938
-1.021877 -1.021877 -1.182590 -1.182590 0.284241 0.284680 -1.296878 -0.998777 3.172436 0.961947
-1.022550 -1.022550 -1.166218 -1.166218 0.285927 0.274810 -1.261310 -1.006460 3.029180 0.963132
-1.021884 -1.021884 -1.164427 -1.164427 0.286841 0.274613 -1.280738 -1.038022 3.213936 0.955884
-1.010910 -1.010910 -1.181482 -1.181482 0.290374 0.305749 -1.300000 -0.959829 3.218880 0.958571
-1.009761 -1.009761 -1.177673 -1.177673 0.280797 0.271695 -1.299998 -1.094569 3.218880 0.954607
-1.009855 -1.009855 -1.154623 -1.154623 0.287332 0.267453 -1.242028 -1.066041 3.176668 0.967431
-1.010431 -1.010431 -1.153263 -1.153263 0.302680 0.327427 -1.276139 -0.877825 3.218880 0.964542
-1.010049 -1.010049 -1.124477 -1.124477 0.298294 0.310053 -1.300000 -0.941451 3.113572 0.963052
-1.012710 -1.012710 -1.130557 -1.130557 0.280500 0.263967 -1.278067 -1.092479 3.026903 0.966679
-1.013996 -1.013996 -1.141912 -1.141912 0.284987 0.270074 -1.267817 -1.037378 3.106518 0.966272
-1.014320 -1.014320 -1.146262 -1.146262 0.293259 0.313102 -1.300000 -0.885303 3.110475 0.964702
-1.013926 -1.013926 -1.145829 -1.145829 0.282071 0.254538 -1.231511 -1.109952 3.211112 0.967646
-1.015497 -1.015497 -1.116842 -1.116842 0.282413 0.260771 -1.235515 -1.055433 3.078049 0.966457
-1.015491 -1.015491 -1.117080 -1.117080 0.287310 0.283288 -1.293131 -0.976411 3.048979 0.963895
-1.030089 -1.030089 -1.119120 -1.119120 0.279174 0.271364 -1.281160 -1.016259 3.035377 0.964961
-1.007815 -1.007815 -1.127844 -1.127844 0.281273 0.267322 -1.268929 -1.014983 3.083509 0.969261
-1.008767 -1.008767 -1.123071 -1.123071 0.296304 0.304906 -1.287186 -0.935186 3.200170 0.963552
-1.008475 -1.008475 -1.134971 -1.134971 0.290174 0.281297 -1.282281 -1.010570 3.022256 0.968661
-1.005116 -1.005116 -1.107474 -1.107474 0.297726 0.318621 -1.300000 -0.909942 3.218880 0.961623
-1.005370 -1.005370 -1.117896 -1.117896 0.285342 0.266912 -1.259241 -1.076776 3.218880 0.961908
-1.005370 -1.005370 -1.117896 -1.117896 0.284368 0.284602 -1.300000 -0.976497 3.053171 0.967625
-1.009460 -1.009460 -1.106636 -1.106636 0.281731 0.277286 -1.278685 -0.983993 2.991383 0.965237
-0.996245 -0.996245 -1.097087 -1.097087 0.284491 0.273728 -1.269423 -0.998213 3.040350 0.965294
-0.996245 -0.996245 -1.097087 -1.097087 0.288716 0.287631 -1.299918 -0.975902 3.218880 0.955427
-0.996429 -0.996429 -1.096437 -1.096437 0.292516 0.299727 -1.291924 -0.927772 3.177603 0.960793
-0.984081 -0.984081 -1.190837 -1.190837 0.284499 0.277561 -1.292844 -1.007753 3.046524 0.965256
-0.986565 -0.986565 -1.191240 -1.191240 0.293098 0.277339 -1.256667 -1.039917 3.199352 0.959861
-0.987423 -0.987423 -1.222503 -1.222503 0.285908 0.285191 -1.300000 -0.983459 3.203221 0.962604
