-1.038380 -1.038380 -1.498844 -1.498844 0.288423 0.262060 -1.233293 -1.158776 3.163153 0.961690
-1.089660 -1.089660 -0.625883 -0.625883 0.298077 0.283993 -1.278027 -1.049868 3.104189 0.964903
-0.981745 -0.981745 -1.129156 -1.129156 0.295901 0.264998 -1.209082 -1.048234 3.181509 0.960528
-0.994242 -0.994242 -1.911397 -1.911397 0.285891 0.268014 -1.255074 -1.118141 3.172898 0.963010
-0.942377 -0.942377 -3.039235 -3.039235 0.302501 0.310376 -1.267933 -0.995732 3.152455 0.963811
-0.952799 -0.952799 -1.727113 -1.727113 0.304369 0.287166 -1.278376 -1.132555 3.139704 0.963202
-0.999485 -0.999485 -1.357205 -1.357205 0.305063 0.303487 -1.291922 -1.022725 3.147099 0.960215
-1.064834 -1.064834 -1.183785 -1.183785 0.290417 0.302601 -1.300000 -1.005182 3.161961 0.963901
-1.035508 -1.035508 -1.225806 -1.225806 0.301888 0.314414 -1.295027 -0.975144 3.129606 0.961907
-0.968460 -0.968460 -1.215514 -1.215514 0.306290 0.276281 -1.234460 -1.089660 3.159937 0.962355
-0.970676 -0.970676 -1.241278 -1.241278 0.309980 0.305267 -1.299654 -1.010016 3.173172 0.957598
-1.010937 -1.010937 -1.773459 -1.773459 0.280318 0.289938 -1.284557 -0.985445 3.154107 0.967852
-1.082798 -1.082798 -1.218030 -1.218030 0.277365 0.278063 -1.294543 -1.035111 3.136238 0.964728
-0.953806 -0.953806 -1.707604 -1.707604 0.298834 0.296350 -1.297621 -1.013377 3.147810 0.965787
-1.022033 -1.022033 -1.043142 -1.043142 0.296939 0.283934 -1.288303 -1.059113 3.160041 0.959716
-0.996053 -0.996053 -0.860895 -0.860895 0.306042 0.296325 -1.294034 -0.974222 3.131794 0.960734
-0.983758 -0.983758 -1.766428 -1.766428 0.309360 0.321792 -1.292807 -0.988668 3.135844 0.961924
-1.012888 -1.012888 -1.496793 -1.496793 0.294441 0.279101 -1.261958 -1.076044 3.148684 0.956834
-1.010245 -1.010245 -2.266134 -2.266134 0.290440 0.276921 -1.260544 -1.122366 3.171063 0.963612
-0.951441 -0.951441 -1.294622 -1.294622 0.314960 0.290936 -1.273306 -1.096909 3.155698 0.963147
-0.921035 -0.921035 -1.959583 -1.959583 0.317629 0.319948 -1.258867 -0.952330 3.179618 0.959880
-1.018335 -1.018335 -0.782551 -0.782551 0.287383 0.266723 -1.264272 -1.018925 3.130882 0.964223
-0.963619 -0.963619 -2.449735 -2.449735 0.308587 0.325409 -1.286970 -0.970566 3.173955 0.962218
-0.987155 -0.987155 -1.553530 -1.553530 0.293974 0.281874 -1.296726 -1.077235 3.153799 0.968099
-1.039186 -1.039186 -1.247503 -1.247503 0.300388 0.304575 -1.300000 -1.035510 3.133610 0.965872
-0.953635 -0.953635 -1.710087 -1.710087 0.316454 0.317372 -1.285796 -0.995664 3.135655 0.961702
-1.040383 -1.040383 -1.204170 -1.204170 0.290974 0.289260 -1.289184 -1.017633 3.158537 0.958157
-1.003913 -1.003913 -1.767568 -1.767568 0.284658 0.273366 -1.262876 -1.059012 3.156231 0.961396
-1.023070 -1.023070 -1.364505 -1.364505 0.284345 0.282067 -1.300000 -1.044730 3.160502 0.961342
-1.000823 -1.000823 -1.319113 -1.319113 0.317879 0.336852 -1.300000 -0.917338 3.158291 0.963121
-0.927343 -0.927343 -1.310667 -1.310667 0.310807 0.289180 -1.292609 -1.085990 3.143140 0.964160
-0.921098 -0.921098 -1.312537 -1.312537 0.330685 0.308892 -1.290625 -1.065029 3.153669 0.958518
-0.977774 -0.977774 -1.612457 -1.612457 0.307060 0.321010 -1.288477 -0.949835 3.157973 0.957429
-0.994768 -0.994768 -2.316487 -2.316487 0.286113 0.271340 -1.248527 -1.145118 3.166562 0.966792
-0.978872 -0.978872 -1.468152 -1.468152 0.295487 0.292942 -1.267981 -0.970564 3.172194 0.963665
-1.119486 -1.119486 -1.428730 -1.428730 0.279178 0.308820 -1.282185 -0.936510 3.158104 0.968814
-0.952683 -0.952683 -1.564661 -1.564661 0.305759 0.294647 -1.285134 -1.044577 3.169324 0.961133
-0.935203 -0.935203 -1.493389 -1.493389 0.312001 0.306440 -1.280662 -0.978655 3.163656 0.959763
-1.034994 -1.034994 -3.372708 -3.372708 0.288945 0.297854 -1.261908 -1.097204 3.134985 0.960892
-1.028402 -1.028402 -1.457023 -1.457023 0.290685 0.285108 -1.264210 -1.077181 3.147909 0.966013
-1.021154 -1.021154 -1.549141 -1.549141 0.287865 0.295753 -1.270146 -0.976892 3.156275 0.962196
-1.040404 -1.040404 -1.104347 -1.104347 0.298748 0.309196 -1.300000 -1.009937 3.131591 0.967810
-1.014952 -1.014952 -1.819074 -1.819074 0.285322 0.268491 -1.225477 -1.077183 3.168376 0.960954
-0.934629 -0.934629 -1.510808 -1.510808 0.312672 0.300905 -1.277826 -1.010284 3.146589 0.959372
-1.008039 -1.008039 -1.306188 -1.306188 0.296677 0.289856 -1.293302 -1.066654 3.151044 0.964305
-0.949793 -0.949793 -1.626539 -1.626539 0.315796 0.323734 -1.300000 -0.976088 3.154388 0.963423
-0.989641 -0.989641 -1.274508 -1.274508 0.296974 0.301157 -1.300000 -0.980756 3.145890 0.961442
-0.963805 -0.963805 -1.582631 -1.582631 0.314620 0.341651 -1.299948 -0.876155 3.159119 0.960501
-1.019179 -1.019179 -1.271320 -1.271320 0.303052 0.301920 -1.286381 -1.022473 3.127024 0.961392
-0.993353 -0.993353 -2.143419 -2.143419 0.310020 0.354475 -1.269276 -0.815106 3.186109 0.966567
-1.010973 -1.010973 -1.188863 -1.188863 0.290802 0.281594 -1.284292 -1.052250 3.177295 0.962253
-0.938581 -0.938581 -1.538009 -1.538009 0.292968 0.268849 -1.258537 -1.098762 3.166880 0.965510
-0.978168 -0.978168 -1.180703 -1.180703 0.306633 0.306125 -1.291708 -0.953390 3.145402 0.964950
-1.005561 -1.005561 -1.382861 -1.382861 0.299860 0.318219 -1.300000 -0.931618 3.162683 0.965172
-0.966857 -0.966857 -1.557651 -1.557651 0.299904 0.301520 -1.298974 -0.992080 3.157117 0.967931
-1.000924 -1.000924 -0.845039 -0.845039 0.311022 0.285187 -1.280929 -1.076327 3.158275 0.964503
-0.990966 -0.990966 -1.065404 -1.065404 0.300040 0.280717 -1.267443 -1.075383 3.101755 0.962007
