0.311885 0.318989 -1.010358 -0.980128 3.031498 0.966656
0.319475 0.320214 -0.954979 -0.964668 3.149339 0.973099
0.303794 0.282048 -0.936419 -0.993802 3.137518 0.963252
0.306615 0.306705 -0.981966 -0.980726 3.200910 0.970798
0.302035 0.303002 -0.988829 -0.950376 3.186519 0.964278
0.301645 0.311751 -1.033454 -1.000217 3.090881 0.969554
0.309221 0.311171 -1.004147 -1.007137 3.088504 0.964385
0.289861 0.296691 -0.964355 -0.921464 3.210563 0.967132
0.312609 0.319774 -0.945320 -0.952656 3.143421 0.960197
0.304191 0.312457 -0.999177 -0.965302 3.124002 0.960014
0.316488 0.313241 -0.951445 -0.972222 3.187887 0.966880
0.315414 0.323282 -0.998709 -0.958910 3.099408 0.958578
0.318116 0.312606 -1.002883 -1.007350 3.174684 0.964292
0.292748 0.291145 -0.967422 -0.927512 3.181834 0.969784
0.301465 0.286254 -0.972703 -1.146155 3.105754 0.970319
0.303910 0.305515 -0.996758 -1.036327 3.110005 0.972827
0.303183 0.304087 -0.983816 -0.927143 3.191327 0.968518
0.312942 0.301582 -0.991126 -1.013673 3.109098 0.962577
0.309977 0.310886 -0.943252 -0.938956 3.188704 0.962150
0.300507 0.287598 -0.938506 -0.966774 3.179929 0.974106
0.294344 0.289133 -0.979247 -1.033774 3.205630 0.971514
0.311179 0.323765 -0.951822 -0.846810 3.197570 0.959944
0.311437 0.306717 -0.963132 -0.982487 3.154757 0.962053
0.311400 0.318399 -0.995050 -0.959603 3.181838 0.971194
0.312596 0.311941 -0.972266 -0.974019 3.161381 0.962345
0.306449 0.305569 -0.981031 -0.999849 3.216872 0.975320
0.299952 0.289512 -1.006196 -1.075427 3.113040 0.960806
0.285147 0.289427 -0.954855 -0.899405 3.204883 0.964243
0.310517 0.296361 -0.992478 -1.119920 3.047443 0.967659
0.305054 0.289375 -0.956517 -1.033677 3.166770 0.961414
0.307924 0.323727 -0.970204 -0.925025 3.156071 0.970309
0.298653 0.298259 -1.000890 -0.984582 3.142800 0.957269
0.311913 0.308869 -0.984465 -0.981274 3.159174 0.954743
0.310935 0.305956 -0.965243 -0.988797 3.156186 0.965477
0.302061 0.305835 -0.972568 -0.955654 3.123460 0.958781
0.314270 0.301039 -1.017547 -1.063491 3.115462 0.961130
0.310743 0.307298 -1.076045 -1.094526 3.054024 0.966995
0.309969 0.308191 -0.968002 -0.969052 3.184504 0.963469
0.305143 0.298295 -1.014932 -1.070704 3.079504 0.964093
0.304003 0.313795 -1.052163 -0.983024 3.077800 0.965843
0.312400 0.312112 -0.963915 -0.985911 3.155138 0.962317
0.298265 0.294293 -1.003356 -1.082788 3.133053 0.968473
0.305750 0.299424 -0.988702 -1.001269 3.137983 0.963656
0.300485 0.302878 -0.985916 -0.973541 3.132112 0.958557
0.298091 0.305665 -0.990901 -0.949898 3.155361 0.970134
0.316460 0.328628 -0.969207 -0.910896 3.160030 0.968142
0.317615 0.319568 -0.988189 -0.971273 3.162562 0.965530
0.319324 0.330473 -0.979412 -0.941707 3.043154 0.964425
0.320490 0.316068 -0.948712 -0.973959 3.021528 0.966761
0.299067 0.296867 -0.987854 -0.994071 3.084266 0.961805
0.313838 0.315580 -0.966274 -0.958068 3.172464 0.970950
0.325351 0.310064 -0.940348 -0.961536 3.115907 0.962036
0.299277 0.315568 -1.044003 -0.999894 3.044365 0.965129
0.304479 0.298701 -0.976773 -0.983530 3.161254 0.958525
0.306147 0.291093 -0.972185 -1.075629 3.112249 0.969326
0.304493 0.301751 -0.977356 -0.973371 3.164179 0.964805
0.300763 0.296387 -0.944344 -0.987063 3.168514 0.964522
