-0.991082 -1.013985 -2.373331 -1.111385 0.298486 0.302244 -1.299848 -1.006236 3.129648 0.964217
-1.009838 -1.119061 -2.347268 -1.091948 0.280766 0.287660 -1.300000 -0.962806 3.162575 0.961456
-0.995278 -1.003311 -2.440544 -1.205041 0.299758 0.327253 -1.289846 -0.873763 3.150274 0.966176
-0.983086 -1.029968 -2.502900 -1.172725 0.289911 0.280145 -1.286568 -1.025455 3.147757 0.962195
-0.984664 -1.035320 -2.468643 -1.218635 0.297212 0.288188 -1.286294 -1.040005 3.142358 0.963719
-0.983595 -1.072409 -2.462838 -1.238726 0.302022 0.308103 -1.299750 -0.976222 3.144165 0.964376
-0.975559 -1.067740 -2.475872 -1.240518 0.302186 0.304546 -1.300000 -0.979596 3.137219 0.959958
-0.975324 -1.027646 -2.462889 -1.187086 0.305025 0.299740 -1.293076 -1.044986 3.140636 0.962683
-1.008751 -1.032171 -2.357332 -1.175741 0.305894 0.308805 -1.260989 -1.001564 3.136086 0.963093
-1.004905 -1.075838 -2.357110 -1.081394 0.294733 0.290284 -1.299889 -1.078634 3.144974 0.969751
-1.017449 -1.180134 -2.374642 -1.093623 0.289301 0.283608 -1.300000 -1.054415 3.146020 0.964196
-0.952615 -1.181061 -2.273387 -1.129105 0.304341 0.275130 -1.296410 -1.146260 3.152144 0.963410
-0.957180 -1.153093 -2.305590 -1.160331 0.308386 0.291376 -1.300000 -1.083284 3.150238 0.958728
-0.953916 -1.010582 -2.171122 -1.420171 0.312458 0.310777 -1.300000 -0.992184 3.129473 0.958187
-0.955612 -1.006633 -2.170217 -1.421665 0.310242 0.292234 -1.280694 -1.073041 3.138148 0.963377
-0.914281 -0.816439 -2.278857 -1.337669 0.322138 0.300894 -1.221302 -1.044683 3.130004 0.955736
-0.937418 -0.824227 -2.312761 -1.339178 0.324662 0.335636 -1.299392 -0.904143 3.116819 0.958589
-0.974806 -0.760207 -2.402033 -1.405733 0.316168 0.318793 -1.240067 -0.992610 3.092151 0.964977
-0.999975 -0.764275 -2.358830 -1.482759 0.307600 0.299829 -1.216031 -1.006223 3.124830 0.962223
-0.998481 -0.799912 -2.454246 -1.487688 0.296013 0.294984 -1.248677 -1.000625 3.109700 0.963365
-0.992302 -0.838954 -2.459963 -1.430485 0.310768 0.301923 -1.219265 -1.032312 3.105571 0.956540
-1.031430 -0.958115 -2.493350 -1.234634 0.285339 0.265535 -1.247759 -1.129763 3.149232 0.964577
-1.026469 -1.000111 -2.490210 -1.244580 0.296826 0.301550 -1.273819 -0.992036 3.160677 0.959873
-1.021352 -1.022793 -2.473320 -1.218700 0.304235 0.293945 -1.257440 -1.081212 3.138198 0.960693
-0.932834 -1.095752 -3.334026 -0.503125 0.309645 0.284809 -1.293602 -1.121655 3.168260 0.959931
-1.025831 -1.257318 -0.831307 -1.057805 0.291177 0.270074 -1.289676 -1.083615 3.198696 0.962347
-0.946957 -0.331592 -4.580711 0.067395 0.306750 0.290901 -1.122976 -1.016463 3.099958 0.968114
-1.037923 -0.312043 -3.064476 -0.934892 0.292114 0.274741 -1.067645 -1.035928 3.068851 0.963564
-0.979914 -0.741526 -4.389630 -1.098419 0.305380 0.285949 -1.162516 -1.048439 3.130289 0.960259
-0.938953 -0.147073 -3.597733 -3.798020 0.320991 0.289726 -1.036822 -1.044660 3.097082 0.965412
-0.930357 -0.627877 -3.368771 -2.329271 0.313298 0.304333 -1.206711 -0.979612 3.137649 0.964329
-1.009767 -1.525341 -0.150385 -0.738593 0.305790 0.283395 -1.300000 -1.046480 3.203221 0.959843
-0.951932 -0.608116 -4.612595 -2.912518 0.297542 0.293913 -1.193953 -0.972745 3.142258 0.962458
-0.919076 -0.727103 -1.244806 -4.712104 0.329843 0.313753 -1.224118 -0.969535 3.149108 0.960220
-0.968341 -0.616812 -4.557390 -1.446594 0.304322 0.309588 -1.214801 -0.948341 3.118898 0.965249
-1.020894 -1.333978 0.706697 -2.650227 0.303849 0.295552 -1.300000 -0.934419 3.204988 0.957872
-0.989866 -0.621410 -2.648130 0.197743 0.311800 0.310103 -1.210737 -0.950784 3.087777 0.956954
-0.969400 -1.123652 -0.204098 -4.187666 0.303102 0.296606 -1.299896 -0.980521 3.136543 0.961519
-1.008493 -1.109907 -1.527470 -1.746319 0.290729 0.289411 -1.300000 -1.006969 3.155051 0.960488
-0.945003 -0.933027 -1.670944 -4.886792 0.309985 0.288775 -1.262486 -1.064939 3.168940 0.964669
-0.977601 -0.847371 -0.590386 -4.015602 0.309877 0.295055 -1.256200 -1.018018 3.142105 0.963098
-0.986655 -0.983874 -3.655563 -2.656986 0.289760 0.277724 -1.255141 -1.066595 3.171106 0.963156
-1.024497 -0.827041 -3.060513 -1.452974 0.292568 0.276449 -1.219725 -1.087444 3.156511 0.964324
-0.980470 -1.063945 -2.585349 0.580319 0.300032 0.308201 -1.299942 -0.923307 3.153986 0.961546
-0.979097 -1.391056 -0.757202 -2.858875 0.309859 0.287712 -1.300000 -1.085125 3.176385 0.955437
-0.906671 -0.768703 -1.696501 -4.624597 0.325226 0.298443 -1.242597 -1.075088 3.161018 0.963931
-0.943969 -0.848665 -4.370164 -3.070057 0.309392 0.296297 -1.235605 -1.052747 3.123601 0.965240
-1.009384 -0.438314 -4.888749 -0.243022 0.305677 0.307995 -1.152490 -1.008101 3.067165 0.962923
-0.997866 -0.754305 -1.175808 -3.501807 0.309230 0.311722 -1.237900 -0.953450 3.126783 0.958225
-0.989013 -1.141200 -2.032651 -2.506519 0.300589 0.290212 -1.300000 -1.068476 3.163984 0.963071
-0.997169 -0.280626 -3.994871 0.426400 0.307125 0.298363 -1.083187 -0.975744 3.099100 0.967780
-0.966759 -0.957723 -1.956775 -3.391946 0.294219 0.288916 -1.296756 -1.011511 3.156086 0.962857
-1.054057 -1.000007 -1.337730 -4.327962 0.295090 0.308283 -1.286238 -0.988809 3.148790 0.959664
-1.067793 -0.427312 -4.433062 -0.495771 0.296255 0.314996 -1.086596 -0.885021 3.136765 0.967935
-0.969586 -1.970906 -1.690860 -0.838160 0.289359 0.253198 -1.300000 -1.123234 3.218880 0.947109
-0.957901 -1.344099 -0.401791 -2.542070 0.312300 0.291911 -1.300000 -1.019097 3.205663 0.958059
-0.914976 -1.083681 -3.082335 -4.301627 0.322233 0.316474 -1.300000 -1.010506 3.145240 0.961691
