-0.866290 -0.899882 0.286144 0.296286 -1.109644 -1.050462 3.101909 0.966960
-0.909062 -0.661159 0.279528 0.251159 -1.048272 -1.171814 3.205437 0.966253
-1.037135 -0.293901 0.282399 0.276145 -1.070978 -1.086696 3.130321 0.970780
-1.073581 0.033218 0.309081 0.313630 -1.034546 -1.005934 3.037003 0.959256
-0.832006 -1.089070 0.304110 0.305866 -1.044962 -1.049156 3.057242 0.966401
-1.076942 -0.032371 0.288920 0.300606 -1.099361 -1.043375 3.020255 0.965562
-0.849674 -0.808659 0.292467 0.299884 -1.053914 -1.017392 3.052914 0.966083
-1.077606 -0.124921 0.286501 0.300440 -1.071872 -0.997393 3.080136 0.968281
-1.022467 -0.092479 0.290984 0.299103 -1.063339 -0.980965 3.084796 0.970440
-0.938751 -0.678937 0.287500 0.292461 -1.136639 -1.054979 3.147493 0.961664
-0.992136 -0.485061 0.284520 0.297516 -1.124407 -1.033311 3.092798 0.970142
-0.958370 -0.760059 0.285122 0.292037 -1.109311 -1.024999 3.104437 0.968746
-0.888025 -0.785349 0.285740 0.308163 -1.136362 -0.989853 3.090681 0.970455
-0.926232 -0.635837 0.294346 0.316340 -1.118750 -0.968847 3.133066 0.965542
-1.054697 -0.074124 0.299680 0.305187 -1.063948 -1.013147 3.092402 0.966177
-0.955108 -0.254677 0.289503 0.277466 -0.995223 -1.012778 3.122793 0.962308
-1.001736 -0.168373 0.285524 0.297586 -1.071790 -1.003619 3.066115 0.969853
-1.149115 0.191050 0.284046 0.296954 -1.036205 -0.989258 3.048523 0.972244
-0.946624 -0.526573 0.302285 0.316107 -1.077420 -0.977515 3.141679 0.964334
-0.887190 -0.899955 0.297949 0.311143 -1.104575 -0.993635 3.134805 0.963749
-0.913279 -0.687294 0.296176 0.309850 -1.151293 -1.030428 3.180972 0.971319
-0.996692 -0.318736 0.300055 0.309215 -1.076010 -1.025587 3.088655 0.965023
-1.021552 -0.209594 0.284570 0.302667 -1.074308 -0.981384 3.063087 0.968143
-1.095278 0.097448 0.297661 0.315353 -1.042819 -0.961358 3.030229 0.968364
-0.964882 -0.376827 0.289006 0.292610 -1.047975 -0.976715 3.163348 0.961880
-1.110695 0.209539 0.302868 0.304549 -1.034650 -1.021026 3.065221 0.965297
-1.003324 -0.416801 0.282262 0.283523 -1.110021 -1.086896 3.146128 0.970391
-1.034241 -0.225901 0.296210 0.309261 -1.081540 -0.994654 3.099765 0.966392
-0.992461 -0.219446 0.290638 0.289457 -1.043575 -1.039287 3.080485 0.967969
-1.005299 -0.000825 0.305637 0.315466 -1.003883 -0.934612 3.070739 0.969199
-0.934000 -0.443252 0.296278 0.294983 -1.123969 -1.123588 3.107192 0.971530
-1.163642 0.474036 0.302403 0.305297 -0.983712 -0.979608 2.999961 0.968454
-0.946225 -0.401387 0.299447 0.300298 -1.071453 -1.032820 3.071413 0.963965
-0.944570 -0.442738 0.300931 0.319337 -1.059958 -0.926760 3.096083 0.962929
-0.968319 -0.263659 0.299766 0.298605 -1.013325 -1.044314 3.078902 0.962642
-1.039123 0.018097 0.304979 0.312378 -1.033251 -0.962996 3.066734 0.968504
-1.020416 -0.000094 0.310433 0.307094 -0.976565 -1.018550 3.089638 0.971750
-0.989327 -0.541104 0.285129 0.298720 -1.140496 -1.005746 3.122906 0.969592
-0.908853 -0.449097 0.289042 0.285737 -1.052109 -1.020809 3.150623 0.968403
-0.830607 -1.017744 0.291706 0.284124 -1.032595 -1.031580 3.151508 0.968674
-1.015870 -0.295224 0.291513 0.300516 -1.097890 -1.016511 3.092505 0.967189
-1.179842 0.390167 0.297637 0.292135 -0.991782 -1.031859 3.054343 0.965724
-1.205185 0.443045 0.295287 0.301004 -1.004569 -0.987241 3.044815 0.964565
-1.150427 0.275924 0.301856 0.324046 -1.035190 -0.946162 3.023140 0.967325
-0.714948 -1.984803 0.297192 0.295281 -1.009757 -1.022094 3.043222 0.966488
-0.860270 -0.890649 0.295977 0.321518 -1.078758 -0.935640 3.021522 0.967405
-0.974195 -0.242170 0.292351 0.293325 -1.063256 -1.059396 3.050757 0.960329
-0.950347 -0.342179 0.302962 0.308898 -1.038266 -0.980248 3.112164 0.965563
-0.907665 -0.663208 0.295204 0.309428 -1.134067 -0.993949 3.130399 0.962797
-1.011869 -0.149946 0.286526 0.286583 -1.042713 -0.992967 3.098856 0.968291
-0.913071 -0.639167 0.303257 0.329456 -1.102264 -0.937835 3.183548 0.967049
-0.911142 -0.532963 0.302810 0.305303 -1.101084 -1.023773 3.144958 0.964830
-0.939719 -0.502373 0.300641 0.308881 -1.103088 -0.998164 3.125757 0.962112
-1.027261 0.043343 0.296324 0.302170 -1.020143 -0.992825 3.029949 0.967118
-0.935103 -0.648984 0.292759 0.310142 -1.144501 -1.012718 3.121469 0.965955
-1.037049 -0.111133 0.291888 0.287214 -1.037871 -1.055171 3.124312 0.966744
-0.946451 -0.476873 0.304383 0.313653 -1.094321 -1.018222 3.113236 0.958630
-0.919945 -0.723009 0.304752 0.315006 -1.127471 -1.085067 3.069185 0.959505
-0.902324 -0.654592 0.299575 0.311346 -1.130111 -1.023149 3.105342 0.962799
-0.902062 -0.661814 0.290915 0.287761 -1.106742 -1.063196 3.154606 0.960821
-0.929434 -0.467622 0.297467 0.297405 -1.069223 -1.006502 3.159044 0.969786
-0.912516 -0.520239 0.298995 0.317038 -1.082235 -0.975196 3.104327 0.969274
-0.970654 -0.446448 0.306966 0.322187 -1.090401 -0.966207 3.127492 0.959845
-1.055238 -0.015265 0.294416 0.312112 -1.084067 -0.979879 3.029355 0.970833
-1.027570 -0.066205 0.304035 0.320981 -1.035527 -0.947591 3.073747 0.969022
-0.986538 -0.430752 0.292677 0.310325 -1.083988 -0.980489 3.112839 0.970090
-0.991897 -0.369105 0.293275 0.308011 -1.082740 -0.981392 3.087486 0.963452
-0.952136 -0.104283 0.305039 0.299251 -0.977799 -0.995165 3.048735 0.969343
-1.029149 -0.235069 0.284648 0.296887 -1.111409 -1.017456 3.101370 0.969757
-1.062092 -0.080627 0.288377 0.303083 -1.084051 -1.006188 3.072898 0.968253
-0.920984 -0.594580 0.297328 0.309677 -1.111701 -0.987721 3.132991 0.963874
-0.903828 -0.703923 0.302713 0.317796 -1.097629 -0.984801 3.124163 0.965329
-1.041450 -0.045462 0.302632 0.299905 -1.035936 -1.038118 3.068186 0.964464
-0.876452 -0.622116 0.299234 0.296985 -1.071687 -1.035559 3.117319 0.959376
-1.041893 -0.080493 0.292272 0.302723 -1.033123 -0.967700 3.068268 0.965984
-0.883533 -0.717838 0.291542 0.303447 -1.051751 -0.977493 3.056785 0.966462
-0.911558 -0.509944 0.295442 0.301314 -1.101213 -1.038060 3.103084 0.962796
-0.918961 -0.673952 0.298664 0.321792 -1.123546 -0.964864 3.151972 0.969689
-0.969306 -0.514367 0.292864 0.293641 -1.142189 -1.154572 3.096307 0.968920
-1.106951 0.278474 0.299325 0.290336 -0.970389 -0.988779 3.035659 0.964366
-0.937203 -0.582656 0.283480 0.302838 -1.146789 -1.011337 3.089012 0.964049
-1.026803 -0.231377 0.290686 0.304473 -1.053421 -0.970637 3.086793 0.967747
-0.870116 -0.862229 0.285510 0.287293 -1.033088 -1.015751 3.118431 0.968302
-1.022701 -0.344342 0.298646 0.310780 -1.113931 -1.052343 3.072158 0.963957
-0.957769 -0.464824 0.308816 0.322320 -1.099435 -0.964046 3.119555 0.956857
-0.935845 -0.655604 0.294119 0.302056 -1.164760 -1.062833 3.133594 0.961412
-1.051622 -0.043076 0.287929 0.310469 -1.045006 -0.932583 3.103720 0.969473
-0.938137 -0.564820 0.290964 0.301804 -1.123337 -1.021324 3.125978 0.961793
-0.908933 -0.874276 0.290248 0.293298 -1.104681 -1.093845 3.128524 0.966017
-1.044387 -0.283857 0.285228 0.313514 -1.102218 -0.952763 3.097331 0.971465
-1.030238 -0.370028 0.284346 0.294101 -1.123127 -1.053671 3.104126 0.969791
-0.913614 -0.745537 0.290417 0.320388 -1.120594 -0.935324 3.098207 0.964737
