0.317685 0.309783 -0.969068 -0.984343 3.131102 0.954630
0.307337 0.295456 -0.975040 -1.048123 3.150000 0.967164
0.310652 0.305640 -0.986181 -0.990883 3.112992 0.956745
0.310213 0.282616 -0.992366 -1.128173 3.126916 0.968041
0.314881 0.311322 -0.983736 -1.005756 3.186025 0.969114
0.303135 0.312446 -0.965692 -0.922631 3.147202 0.969049
0.306143 0.309970 -0.966755 -0.948868 3.102063 0.964635
0.295752 0.289323 -1.000146 -1.049088 3.212454 0.971833
0.315120 0.292131 -0.932492 -1.052753 3.167470 0.961973
0.306677 0.287602 -0.991663 -1.094185 3.084718 0.967459
0.309152 0.313868 -1.002151 -0.977602 3.154640 0.967814
0.322975 0.308386 -0.982886 -1.064020 3.113954 0.959554
0.306322 0.303344 -0.986229 -1.015553 3.138479 0.968895
0.304935 0.297989 -0.984530 -1.019127 3.184849 0.963369
0.326780 0.323257 -0.977167 -0.992498 3.081040 0.963701
0.302655 0.294950 -0.994567 -1.073758 3.073021 0.966417
0.319279 0.323304 -0.983388 -0.965444 3.184644 0.959598
0.311323 0.306416 -0.994651 -1.041529 3.163704 0.962362
0.295126 0.293353 -0.959733 -0.965923 3.216664 0.961890
0.311768 0.328553 -0.972021 -0.870091 3.122353 0.962158
0.305326 0.309077 -1.037645 -1.032749 3.108478 0.968530
0.289481 0.291545 -0.989606 -0.970403 3.162237 0.968122
0.300814 0.290916 -0.968157 -0.991606 3.153736 0.952324
0.304091 0.303281 -0.999793 -0.986595 3.159895 0.957303
0.300643 0.309486 -0.985482 -0.918169 3.215425 0.971286
0.307112 0.310538 -0.973833 -0.952065 3.152993 0.963749
0.299499 0.301719 -0.991008 -0.988954 3.185303 0.972861
0.318766 0.314328 -0.986659 -1.023783 3.117004 0.968904
0.293988 0.295643 -1.004917 -0.970600 3.210046 0.970806
0.316128 0.301259 -1.005151 -1.061427 3.064400 0.961740
0.301132 0.306328 -0.966771 -0.935520 3.169787 0.961658
0.297115 0.299086 -1.002769 -0.971543 3.189187 0.971122
0.314968 0.305420 -0.991830 -1.024818 3.100001 0.960708
0.326931 0.330868 -0.981228 -0.934247 3.156709 0.953684
0.308950 0.296670 -0.985198 -1.021811 3.200914 0.964811
0.300070 0.308208 -1.008454 -0.988403 3.104562 0.967896
0.318201 0.317553 -1.040814 -1.036672 3.060338 0.961757
0.304537 0.299823 -1.001946 -0.987398 3.154648 0.962448
0.321751 0.315700 -1.013634 -1.001450 3.069873 0.958616
0.292386 0.306363 -0.972531 -0.874109 3.158409 0.966813
0.306514 0.301507 -0.951059 -0.933021 3.159495 0.970077
0.297137 0.286826 -1.007996 -1.119484 3.137064 0.973201
0.295763 0.299093 -0.975428 -0.918950 3.165169 0.961761
0.305771 0.302871 -0.999617 -1.013448 3.092080 0.972542
0.298824 0.299192 -0.996052 -0.989505 3.129895 0.968270
0.310526 0.286527 -0.985626 -1.139669 3.061995 0.963404
0.295147 0.283792 -0.981597 -0.980773 3.183545 0.964585
0.305550 0.304298 -1.011175 -0.993125 3.145654 0.969041
0.318192 0.311698 -1.017002 -0.992292 3.150151 0.965674
0.314156 0.313025 -1.007359 -0.975122 3.175474 0.959437
0.310489 0.313760 -1.033029 -1.036979 3.062998 0.970493
0.308516 0.321295 -0.965826 -0.888906 3.141557 0.960834
0.295148 0.298055 -1.019943 -0.992617 3.175736 0.979194
0.303646 0.296201 -0.973677 -0.993069 3.175410 0.964598
0.310345 0.311002 -0.996000 -0.993541 3.174367 0.967298
0.310382 0.318010 -1.024417 -0.995400 3.025871 0.968850
0.307833 0.293326 -0.957887 -1.094208 3.112893 0.969394
