-1.002452 -0.764147 -3.705531 -1.833292 0.303961 0.316269 -1.227985 -0.959871 3.126466 0.966614
-1.016511 -0.552809 -2.165821 -4.407766 0.300699 0.302307 -1.185262 -0.992202 3.103584 0.962512
-0.997664 -0.596140 -4.498240 -1.499710 0.311315 0.326902 -1.187609 -0.916901 3.110427 0.964637
-0.905774 -2.899089 0.888847 0.041797 0.324456 0.259988 -1.300000 -1.205024 3.218880 0.943223
-0.977488 -0.760977 -1.217714 -3.966757 0.307788 0.284272 -1.228648 -1.078030 3.143291 0.961871
-0.951400 -0.548904 -2.404174 0.223688 0.317939 0.294285 -1.175460 -1.001464 3.114162 0.959955
-0.965122 -0.347844 -3.461421 -1.317337 0.318164 0.300488 -1.139935 -1.048216 3.080891 0.958288
-0.960598 -0.917173 -1.604266 -3.025906 0.299843 0.285219 -1.272520 -1.017416 3.160697 0.959699
-0.986328 -1.042804 -1.232355 -3.828069 0.287967 0.282030 -1.299890 -1.033071 3.169072 0.964784
-1.005829 -0.454177 -3.196875 -2.817684 0.302867 0.302673 -1.151607 -0.965713 3.110038 0.963764
-0.984557 -0.686624 -4.109061 0.448392 0.307741 0.316149 -1.228627 -0.960911 3.114190 0.965075
-0.952722 -0.896731 -1.960896 -4.662333 0.303357 0.296172 -1.299933 -1.053909 3.126073 0.960887
-0.959823 -0.489864 -4.440327 -1.725451 0.308658 0.303880 -1.159398 -0.952694 3.131274 0.962807
-0.970904 -0.842432 -2.277709 -2.907929 0.303862 0.294192 -1.242191 -1.016389 3.153121 0.964945
-1.030337 -1.129542 -1.238751 -0.831331 0.288546 0.248527 -1.183990 -1.144540 3.203673 0.961907
-0.982856 -0.115960 -3.931938 -4.208237 0.311648 0.298202 -1.015030 -0.997328 3.033271 0.960998
-1.098195 -0.845741 -1.691614 0.464731 0.292972 0.301593 -1.255119 -0.966708 3.116694 0.961804
-0.972802 -0.724025 -3.940749 -2.511112 0.310672 0.311192 -1.221930 -1.005657 3.122818 0.962525
-0.980851 -1.403505 -2.156160 -0.903108 0.290283 0.265054 -1.300000 -1.087115 3.194023 0.958811
-0.971647 -0.850636 -0.690888 -2.917491 0.301037 0.284028 -1.267719 -1.009497 3.138374 0.968947
-0.992616 -0.777291 -4.128391 0.823066 0.288926 0.284260 -1.219810 -0.996104 3.140562 0.963235
-1.062854 -1.017308 -2.301556 -0.413261 0.282688 0.271350 -1.227399 -1.040120 3.169469 0.962810
-0.965301 -1.686898 -1.864498 0.659424 0.290494 0.257879 -1.300000 -1.119186 3.218880 0.949593
-0.971729 -0.653703 -4.879703 -4.804837 0.301226 0.283765 -1.187571 -1.055569 3.128717 0.960878
-1.022274 -0.842706 -2.289406 -3.569142 0.295584 0.290305 -1.237925 -1.033073 3.128143 0.961999
-0.950693 -0.652215 -2.367520 -3.600263 0.300729 0.280771 -1.185424 -1.027554 3.129335 0.960864
-0.968994 -0.764791 -4.053111 -3.237399 0.316096 0.317619 -1.246372 -1.028698 3.127856 0.962867
-0.980095 -0.915468 -2.709306 -0.293839 0.300074 0.287038 -1.266946 -1.060397 3.143582 0.964225
-1.031581 -0.597181 -3.040528 -3.115121 0.292693 0.315730 -1.180078 -0.905333 3.092136 0.963967
-0.990037 -1.145754 -1.142246 -4.350375 0.307827 0.314875 -1.299929 -0.970163 3.177853 0.959989
-0.997733 -1.163490 -3.927144 0.796246 0.297884 0.319242 -1.299893 -0.944573 3.155793 0.967830
-0.954601 -0.762881 -3.239669 -0.052003 0.304895 0.300186 -1.247640 -0.981708 3.150011 0.960664
-0.990312 -1.973038 0.478030 -0.718748 0.310684 0.271702 -1.300000 -1.131727 3.218880 0.950479
-1.014411 -0.884946 -3.043122 -4.365711 0.295287 0.282929 -1.238042 -1.083278 3.145352 0.962971
-0.989023 -1.539122 -1.305149 -2.647671 0.290467 0.276968 -1.299844 -1.021523 3.198325 0.948432
-1.010679 -0.368725 -3.185666 -3.886024 0.302809 0.290926 -1.085400 -0.985901 3.112817 0.963291
-1.021866 -1.321255 -0.159297 -2.182638 0.302119 0.286011 -1.299958 -1.049052 3.200687 0.960693
-1.041332 -1.097400 -0.422251 -0.751273 0.302731 0.295551 -1.300000 -1.015336 3.157792 0.963652
-0.997080 -0.806758 -3.920448 0.753423 0.311722 0.320181 -1.234673 -0.951085 3.150509 0.961441
-1.022487 -0.800889 -3.741581 -4.768492 0.291550 0.302851 -1.246901 -0.984986 3.141172 0.966955
-0.998300 -0.938898 -0.675961 -4.339713 0.304795 0.295055 -1.261400 -0.994333 3.155310 0.958684
-0.986463 -1.382461 -0.463100 -2.809458 0.312827 0.292925 -1.300000 -1.062775 3.195183 0.957504
-1.033500 -1.020528 -2.992198 -0.403160 0.279473 0.282007 -1.295085 -1.033242 3.143631 0.968769
-0.970242 -0.886209 -1.386994 -0.645110 0.311679 0.286000 -1.231845 -1.036237 3.149962 0.963982
-0.962732 -0.819291 -4.246829 -0.274143 0.305329 0.305851 -1.235883 -0.969716 3.150390 0.963275
-0.949287 -1.925110 -0.478966 -1.372685 0.297227 0.258171 -1.300000 -1.126918 3.218880 0.943490
-0.908870 -1.489900 -1.287836 -0.482532 0.303363 0.256966 -1.300000 -1.137049 3.212955 0.962047
-0.926307 -1.058268 -3.951265 -2.518985 0.309389 0.305596 -1.300000 -1.014771 3.163415 0.959753
-1.035405 -0.566699 -3.048326 -2.657176 0.307499 0.307554 -1.157877 -1.016381 3.097090 0.965560
-1.095378 -0.777343 -3.661529 -3.654545 0.290417 0.295359 -1.215323 -1.065962 3.139590 0.962379
-1.014082 -0.537208 -4.285844 -0.353088 0.300084 0.298024 -1.170104 -1.009288 3.116341 0.969593
-0.946995 -0.928296 -2.020749 -2.615174 0.308079 0.291000 -1.285985 -1.071624 3.155241 0.964023
-1.033202 -1.211588 -0.199382 -3.903680 0.302932 0.309754 -1.300000 -1.003231 3.180309 0.965495
-1.044685 -1.244616 0.541569 -2.666660 0.289314 0.263868 -1.290907 -1.061660 3.160192 0.960768
-1.003372 -1.004700 -3.579614 -1.370708 0.301077 0.310820 -1.299958 -0.997504 3.169921 0.964129
-0.967159 -1.251295 -2.580187 0.653617 0.310094 0.317056 -1.300000 -0.947720 3.173692 0.958024
-1.018544 -1.023721 -0.966172 -1.333642 0.310411 0.299718 -1.300000 -1.078956 3.115052 0.962349
