-1.017725 -1.017725 -1.109659 -1.109659 0.302930 0.313270 -1.276611 -0.923433 3.163241 0.959906
-1.032280 -1.032280 -1.402004 -1.402004 0.303595 0.313219 -1.244785 -0.992774 3.141696 0.962186
-1.019551 -1.019551 -1.041286 -1.041286 0.298756 0.292871 -1.288620 -0.994058 3.154739 0.963829
-1.019693 -1.019693 -1.224525 -1.224525 0.302580 0.301700 -1.300000 -1.017604 3.116400 0.961948
-1.023541 -1.023541 -1.296966 -1.296966 0.286610 0.276375 -1.274878 -1.034140 3.161836 0.961847
-1.012229 -1.012229 -1.424541 -1.424541 0.289948 0.271140 -1.258537 -1.072758 3.161778 0.959927
-0.998116 -0.998116 -1.276847 -1.276847 0.299185 0.295694 -1.300000 -1.008571 3.159337 0.962804
-1.020554 -1.020554 -1.281282 -1.281282 0.296959 0.303303 -1.292285 -0.984129 3.163204 0.958203
-1.009538 -1.009538 -1.038773 -1.038773 0.294076 0.295438 -1.296714 -0.968708 3.132442 0.963958
-1.000104 -1.000104 -1.480530 -1.480530 0.290777 0.285752 -1.287562 -1.051456 3.159595 0.961614
-1.019426 -1.019426 -0.972612 -0.972612 0.291417 0.274092 -1.265701 -1.022614 3.167712 0.963072
-1.029759 -1.029759 -0.995187 -0.995187 0.303769 0.325418 -1.298653 -0.894483 3.136987 0.964300
-0.997993 -0.997993 -1.045709 -1.045709 0.300648 0.307201 -1.300000 -0.928286 3.153011 0.963362
-0.995630 -0.995630 -1.323941 -1.323941 0.295915 0.300003 -1.300000 -0.977523 3.132046 0.966501
-1.025465 -1.025465 -1.530648 -1.530648 0.309095 0.329467 -1.282466 -0.963213 3.129670 0.964370
-1.031380 -1.031380 -0.947761 -0.947761 0.293944 0.296007 -1.300000 -0.998939 3.148523 0.963926
-0.999393 -0.999393 -0.972520 -0.972520 0.300851 0.289999 -1.250246 -0.944739 3.150053 0.957402
-1.019056 -1.019056 -1.138810 -1.138810 0.297201 0.304463 -1.300000 -0.956267 3.142355 0.962120
-0.991920 -0.991920 -1.176519 -1.176519 0.309131 0.312689 -1.300000 -0.985888 3.132162 0.965474
-1.031346 -1.031346 -1.179771 -1.179771 0.284416 0.266510 -1.274383 -1.086591 3.157186 0.968143
-1.022858 -1.022858 -1.407340 -1.407340 0.293169 0.287685 -1.280968 -1.035592 3.163009 0.960266
-1.037946 -1.037946 -1.150751 -1.150751 0.305659 0.320913 -1.300000 -0.975654 3.121440 0.959723
-0.997152 -0.997152 -1.202520 -1.202520 0.295619 0.274595 -1.250258 -1.101123 3.142720 0.965849
-1.014825 -1.014825 -0.830393 -0.830393 0.293335 0.284549 -1.293422 -0.983436 3.150318 0.962520
-1.018584 -1.018584 -1.104959 -1.104959 0.294457 0.282866 -1.278749 -1.033985 3.156752 0.960998
-1.020602 -1.020602 -0.987802 -0.987802 0.300268 0.301667 -1.300000 -0.966702 3.151750 0.964275
-1.003486 -1.003486 -1.146253 -1.146253 0.289653 0.269416 -1.281589 -1.098060 3.149195 0.964951
-1.034256 -1.034256 -1.306041 -1.306041 0.285475 0.255937 -1.197307 -1.105101 3.170771 0.965693
-1.008096 -1.008096 -0.967243 -0.967243 0.303687 0.310748 -1.299890 -0.941159 3.140641 0.964173
-1.008103 -1.008103 -1.091454 -1.091454 0.300924 0.306834 -1.300000 -0.984019 3.147055 0.967570
-1.037452 -1.037452 -1.057045 -1.057045 0.304674 0.318239 -1.298472 -0.940169 3.136641 0.963094
-1.035308 -1.035308 -1.128516 -1.128516 0.296974 0.315895 -1.294255 -0.934680 3.133195 0.962406
-1.011336 -1.011336 -1.192698 -1.192698 0.301334 0.306955 -1.293530 -0.959224 3.139685 0.960584
-1.036714 -1.036714 -1.239408 -1.239408 0.294120 0.281252 -1.293218 -1.099308 3.150537 0.966314
-1.011817 -1.011817 -0.956675 -0.956675 0.289047 0.265418 -1.241280 -1.035913 3.170784 0.962597
-1.025625 -1.025625 -1.040327 -1.040327 0.305108 0.305753 -1.254953 -0.980546 3.147959 0.958013
-1.004684 -1.004684 -1.019980 -1.019980 0.291869 0.275389 -1.270973 -1.043953 3.156108 0.968423
-1.053633 -1.053633 -1.126053 -1.126053 0.299039 0.312673 -1.295109 -0.964979 3.135704 0.956626
-1.021244 -1.021244 -1.162496 -1.162496 0.298857 0.292744 -1.270969 -1.005435 3.134475 0.960347
-1.007383 -1.007383 -1.443541 -1.443541 0.299732 0.305542 -1.282809 -0.999058 3.147548 0.955190
-1.034267 -1.034267 -1.161092 -1.161092 0.291774 0.286631 -1.297799 -1.043075 3.159059 0.966534
-1.039070 -1.039070 -1.038135 -1.038135 0.297767 0.300772 -1.287612 -0.977306 3.161225 0.960254
-1.003768 -1.003768 -1.189956 -1.189956 0.291915 0.259411 -1.222188 -1.093138 3.171876 0.964554
-0.998451 -0.998451 -1.098056 -1.098056 0.302486 0.305429 -1.283099 -0.931787 3.167304 0.963163
-1.015541 -1.015541 -1.187873 -1.187873 0.287691 0.263058 -1.237589 -1.079433 3.159513 0.965376
-1.003720 -1.003720 -1.219563 -1.219563 0.292465 0.274626 -1.252714 -1.053305 3.161287 0.963263
-1.031496 -1.031496 -1.541020 -1.541020 0.298143 0.317975 -1.299761 -0.958645 3.137767 0.961415
-1.001052 -1.001052 -1.166048 -1.166048 0.295937 0.306251 -1.300000 -0.924108 3.155325 0.963267
-1.027779 -1.027779 -1.069353 -1.069353 0.298614 0.283211 -1.283172 -1.077661 3.147517 0.961315
-1.020225 -1.020225 -1.518849 -1.518849 0.287893 0.273946 -1.252888 -1.060276 3.161068 0.962950
-1.018014 -1.018014 -1.159029 -1.159029 0.293955 0.291118 -1.282916 -0.999877 3.165914 0.961859
-1.015061 -1.015061 -1.359905 -1.359905 0.298150 0.301199 -1.295696 -1.001691 3.158616 0.962385
-1.029286 -1.029286 -1.097525 -1.097525 0.297006 0.293249 -1.293820 -1.037897 3.140914 0.965208
-0.996013 -0.996013 -1.098494 -1.098494 0.300890 0.290671 -1.294021 -1.027393 3.139825 0.964100
-1.023497 -1.023497 -1.195013 -1.195013 0.293812 0.292309 -1.299135 -1.019469 3.162541 0.962252
-1.017208 -1.017208 -1.240125 -1.240125 0.299740 0.291751 -1.268191 -1.040560 3.149109 0.966596
-1.015566 -1.015566 -1.316476 -1.316476 0.288709 0.271179 -1.257517 -1.071724 3.177396 0.962986
