-0.963434 -0.963434 -1.170764 -1.170764 0.304153 0.298150 -1.289019 -0.972818 3.214018 0.957061
-0.959138 -0.959138 -0.840903 -0.840903 0.314448 0.296615 -1.295191 -0.984795 3.067291 0.961335
-0.991598 -0.991598 -1.182580 -1.182580 0.307112 0.330759 -1.300000 -0.885582 2.968997 0.967779
-1.007157 -1.007157 -0.750207 -0.750207 0.312364 0.298723 -1.300000 -1.004211 3.206927 0.956271
-1.026302 -1.026302 -0.879653 -0.879653 0.306579 0.308384 -1.300000 -1.004810 3.218880 0.959995
-0.988837 -0.988837 -0.956067 -0.956067 0.313300 0.291691 -1.235715 -1.015676 3.025291 0.962004
-0.970465 -0.970465 -1.215018 -1.215018 0.304791 0.304438 -1.299953 -0.997146 3.218880 0.948474
-0.952988 -0.952988 -1.115939 -1.115939 0.310143 0.283828 -1.275197 -1.066743 3.218880 0.957972
-0.961999 -0.961999 -1.285607 -1.285607 0.316822 0.309079 -1.291888 -1.021413 3.015119 0.963012
-1.051564 -1.051564 -1.187517 -1.187517 0.296358 0.307641 -1.300000 -0.983212 3.164592 0.963907
-0.951373 -0.951373 -1.291900 -1.291900 0.309813 0.284291 -1.262616 -1.091097 3.134826 0.963040
-0.947151 -0.947151 -0.919520 -0.919520 0.298948 0.278661 -1.273384 -1.002036 3.000616 0.963771
-1.047644 -1.047644 -0.917873 -0.917873 0.286162 0.274144 -1.279644 -1.010448 3.200789 0.956746
-0.987614 -0.987614 -1.206549 -1.206549 0.299041 0.297104 -1.300000 -1.062184 3.218880 0.953052
-1.058029 -1.058029 -0.916871 -0.916871 0.292916 0.278649 -1.267422 -1.040572 3.039643 0.965362
-0.997167 -0.997167 -1.187539 -1.187539 0.290209 0.283731 -1.274143 -0.979055 2.976143 0.967661
-0.976607 -0.976607 -0.868095 -0.868095 0.301854 0.276316 -1.247598 -1.024831 2.977957 0.963171
-1.033244 -1.033244 -1.159321 -1.159321 0.292267 0.304436 -1.300000 -0.978295 3.218880 0.952861
-0.965941 -0.965941 -0.964840 -0.964840 0.298647 0.280429 -1.277281 -0.987626 3.218880 0.957812
-0.998343 -0.998343 -0.951084 -0.951084 0.308083 0.290626 -1.275435 -1.050408 3.010484 0.962125
-1.014684 -1.014684 -0.913762 -0.913762 0.294144 0.266158 -1.216265 -1.033098 2.978716 0.963029
-0.960871 -0.960871 -0.866833 -0.866833 0.316293 0.302760 -1.272669 -0.966257 3.131732 0.958996
-0.915906 -0.915906 -1.279040 -1.279040 0.319415 0.301366 -1.254093 -0.992889 3.095499 0.956228
-1.000575 -1.000575 -0.933635 -0.933635 0.301887 0.287688 -1.252998 -0.997743 2.993807 0.963710
-1.018703 -1.018703 -0.919115 -0.919115 0.295025 0.280753 -1.289067 -1.060667 2.961658 0.964567
-0.979421 -0.979421 -0.834204 -0.834204 0.304591 0.275115 -1.233576 -1.000344 2.964948 0.962710
-0.963172 -0.963172 -1.034875 -1.034875 0.314314 0.310624 -1.300000 -0.972912 3.180926 0.967457
-0.869972 -0.869972 -1.295297 -1.295297 0.327875 0.302515 -1.238836 -1.008480 3.080754 0.955524
-1.056228 -1.056228 -0.791819 -0.791819 0.296140 0.295720 -1.300000 -1.004487 3.185481 0.956518
-0.983498 -0.983498 -1.180902 -1.180902 0.295349 0.281743 -1.250122 -0.967462 3.040883 0.964705
-1.009843 -1.009843 -1.079262 -1.079262 0.299373 0.309889 -1.300000 -0.920925 3.103345 0.960984
-0.914520 -0.914520 -1.298069 -1.298069 0.324437 0.305714 -1.260981 -1.022207 3.147936 0.957019
-0.983622 -0.983622 -0.849357 -0.849357 0.303784 0.284193 -1.247864 -0.996484 3.078199 0.963178
-0.969927 -0.969927 -1.233331 -1.233331 0.300491 0.269214 -1.219841 -1.112108 3.102662 0.962300
-0.976015 -0.976015 -0.762405 -0.762405 0.314210 0.286650 -1.209453 -1.003834 2.984451 0.960786
-1.022102 -1.022102 -1.290645 -1.290645 0.289926 0.269998 -1.237785 -1.092765 2.949055 0.964696
-0.976542 -0.976542 -0.876196 -0.876196 0.309014 0.285114 -1.299806 -1.077394 3.162708 0.963461
-0.980297 -0.980297 -0.970388 -0.970388 0.298913 0.285402 -1.285781 -0.973980 3.152906 0.964154
-0.952562 -0.952562 -0.964045 -0.964045 0.315529 0.299881 -1.295843 -1.063230 3.218880 0.951973
-0.993333 -0.993333 -0.936914 -0.936914 0.300043 0.286700 -1.277178 -1.005792 3.215539 0.963676
-1.014475 -1.014475 -1.144427 -1.144427 0.291130 0.294766 -1.292290 -1.009540 3.218880 0.954635
-0.971963 -0.971963 -1.058890 -1.058890 0.307908 0.280288 -1.247438 -1.097125 3.005319 0.964683
-1.004622 -1.004622 -1.193196 -1.193196 0.310037 0.320327 -1.299840 -0.953515 3.124386 0.961839
-1.034385 -1.034385 -0.814523 -0.814523 0.297905 0.285662 -1.291048 -1.037219 3.205775 0.956285
-0.951428 -0.951428 -0.990242 -0.990242 0.306067 0.291657 -1.291501 -0.978216 3.174903 0.962521
-0.971062 -0.971062 -1.224952 -1.224952 0.305850 0.309919 -1.300000 -1.007870 3.218880 0.954550
-1.016020 -1.016020 -1.048727 -1.048727 0.302857 0.289079 -1.267874 -1.050579 3.145604 0.963316
-1.025163 -1.025163 -1.054424 -1.054424 0.292965 0.279175 -1.289621 -1.085847 3.215806 0.966764
-0.982935 -0.982935 -1.071174 -1.071174 0.300958 0.302009 -1.299842 -0.934318 2.942809 0.961826
-0.997573 -0.997573 -1.108965 -1.108965 0.296504 0.305481 -1.300000 -0.931760 2.936338 0.963014
-1.047145 -1.047145 -1.230206 -1.230206 0.293270 0.292635 -1.278072 -1.049470 3.216469 0.962730
-1.009632 -1.009632 -1.181344 -1.181344 0.307264 0.297195 -1.276431 -1.031015 3.170878 0.964288
-0.896478 -0.896478 -1.101493 -1.101493 0.311324 0.293779 -1.300000 -0.981828 3.176077 0.963853
-1.026156 -1.026156 -0.955787 -0.955787 0.304290 0.319351 -1.300000 -0.913004 3.210921 0.962182
-0.975369 -0.975369 -1.092715 -1.092715 0.295142 0.275105 -1.254975 -1.023870 3.152465 0.969258
-1.021071 -1.021071 -1.074013 -1.074013 0.303244 0.286579 -1.229614 -1.016022 3.068695 0.967973
-1.037536 -1.037536 -0.924670 -0.924670 0.293170 0.278617 -1.271030 -1.018378 2.951135 0.965713
