-1.041701 -1.041701 -0.795621 -0.795621 0.298254 0.271681 -1.244491 -1.058881 3.170837 0.961537
-0.995680 -0.995680 -1.744198 -1.744198 0.292139 0.284844 -1.285156 -1.115860 3.156418 0.966875
-0.950111 -0.950111 -1.251806 -1.251806 0.305666 0.299028 -1.291063 -0.983831 3.163903 0.962985
-1.005464 -1.005464 -0.995643 -0.995643 0.309334 0.295171 -1.272169 -1.032291 3.133370 0.963387
-1.003373 -1.003373 -0.905388 -0.905388 0.303899 0.291771 -1.281349 -0.987380 3.135049 0.962201
-0.942529 -0.942529 -1.919549 -1.919549 0.307913 0.303356 -1.290341 -1.046006 3.159880 0.959005
-0.941423 -0.941423 -2.151902 -2.151902 0.303685 0.300702 -1.276411 -1.010806 3.162453 0.965263
-1.016673 -1.016673 -1.876594 -1.876594 0.292145 0.306485 -1.272928 -0.983227 3.141629 0.967249
-0.989972 -0.989972 -1.313161 -1.313161 0.297636 0.281320 -1.265283 -1.040297 3.157298 0.962965
-0.977754 -0.977754 -0.883394 -0.883394 0.320715 0.312944 -1.298630 -0.965681 3.143247 0.959372
-1.001103 -1.001103 -0.913111 -0.913111 0.298860 0.296645 -1.298819 -0.990211 3.129828 0.962887
-0.933309 -0.933309 -1.276786 -1.276786 0.316073 0.301934 -1.275145 -1.053807 3.145038 0.964847
-0.977208 -0.977208 -1.344713 -1.344713 0.294875 0.270864 -1.249983 -1.083531 3.161757 0.961717
-0.964806 -0.964806 -3.262895 -3.262895 0.297155 0.304215 -1.273951 -1.038117 3.157657 0.960805
-0.882109 -0.882109 -1.761930 -1.761930 0.325311 0.328247 -1.300000 -0.918046 3.146573 0.960792
-0.982151 -0.982151 -1.065595 -1.065595 0.304281 0.297511 -1.286267 -0.981180 3.141415 0.959549
-1.020805 -1.020805 -1.126857 -1.126857 0.297505 0.303022 -1.300000 -0.982629 3.167273 0.961451
-0.992191 -0.992191 -1.511246 -1.511246 0.299362 0.306178 -1.300000 -0.975871 3.123723 0.957663
-0.965905 -0.965905 -1.456618 -1.456618 0.286329 0.263345 -1.278130 -1.170630 3.145296 0.961192
-0.909938 -0.909938 -1.823226 -1.823226 0.307712 0.290872 -1.281994 -1.053617 3.198086 0.966118
-0.976169 -0.976169 -1.234912 -1.234912 0.314247 0.308126 -1.281650 -1.033840 3.137258 0.960921
-0.997417 -0.997417 -1.363483 -1.363483 0.298263 0.309242 -1.299902 -0.952303 3.160565 0.965395
-1.028051 -1.028051 -0.803002 -0.803002 0.296757 0.281998 -1.300000 -1.060404 3.163991 0.966243
-0.990489 -0.990489 -3.147691 -3.147691 0.298545 0.313341 -1.260945 -1.012384 3.157294 0.966233
-1.061561 -1.061561 -0.737864 -0.737864 0.292306 0.281498 -1.276233 -1.021393 3.140211 0.963395
-0.971200 -0.971200 -1.293123 -1.293123 0.294007 0.295498 -1.300000 -0.963925 3.147451 0.961490
-1.006994 -1.006994 -1.876291 -1.876291 0.293246 0.292968 -1.275549 -1.054730 3.152534 0.963559
-0.971587 -0.971587 -1.650079 -1.650079 0.305011 0.309797 -1.300000 -1.035485 3.130468 0.962016
-1.011441 -1.011441 -1.775865 -1.775865 0.284234 0.282585 -1.292101 -1.071578 3.162353 0.965186
-0.956353 -0.956353 -1.839824 -1.839824 0.287961 0.276102 -1.299209 -1.070974 3.171561 0.960808
-1.006814 -1.006814 -1.364487 -1.364487 0.302211 0.326211 -1.300000 -0.909474 3.172630 0.961565
-0.987077 -0.987077 -1.686618 -1.686618 0.300462 0.299079 -1.294397 -1.012584 3.157900 0.961320
-1.021482 -1.021482 -0.937170 -0.937170 0.306015 0.284404 -1.275672 -1.090340 3.140312 0.959621
-0.984543 -0.984543 -1.189665 -1.189665 0.296126 0.279858 -1.269167 -1.057568 3.152746 0.965593
-0.972808 -0.972808 -1.526516 -1.526516 0.297778 0.274741 -1.241749 -1.069464 3.163066 0.960257
-0.938134 -0.938134 -1.180494 -1.180494 0.318814 0.296157 -1.247381 -1.037181 3.162473 0.963535
-0.970637 -0.970637 -1.729666 -1.729666 0.309528 0.315400 -1.280567 -0.977806 3.170474 0.963149
-0.970506 -0.970506 -1.109439 -1.109439 0.309831 0.302810 -1.300000 -1.003273 3.154388 0.961173
-0.994193 -0.994193 -1.373443 -1.373443 0.306067 0.314516 -1.299191 -0.972291 3.160449 0.961728
-0.964600 -0.964600 -1.435703 -1.435703 0.302857 0.286988 -1.251563 -1.040657 3.147784 0.961195
-1.033290 -1.033290 -1.208891 -1.208891 0.278816 0.285207 -1.299025 -0.975080 3.160624 0.964264
-0.993097 -0.993097 -0.966885 -0.966885 0.311149 0.309959 -1.300000 -0.977029 3.148747 0.958760
-1.021634 -1.021634 -1.260824 -1.260824 0.292475 0.293516 -1.283503 -1.004786 3.149187 0.967589
-1.060501 -1.060501 -0.798062 -0.798062 0.290257 0.282135 -1.293285 -1.023024 3.126069 0.963033
-0.939958 -0.939958 -2.033508 -2.033508 0.316014 0.318177 -1.277980 -0.981729 3.168792 0.966155
-1.065452 -1.065452 -0.993198 -0.993198 0.288301 0.274375 -1.267868 -1.061763 3.139908 0.962863
-0.979856 -0.979856 -1.961603 -1.961603 0.297200 0.291671 -1.278625 -1.065647 3.139067 0.965521
-0.922231 -0.922231 -1.407159 -1.407159 0.300069 0.292355 -1.284851 -0.941899 3.172185 0.961351
-1.075520 -1.075520 -0.590873 -0.590873 0.290021 0.261725 -1.233905 -1.031455 3.171286 0.960998
-0.959473 -0.959473 -0.997496 -0.997496 0.317031 0.296760 -1.246132 -1.003289 3.149120 0.960935
-0.970888 -0.970888 -0.985575 -0.985575 0.305154 0.278254 -1.260343 -1.047679 3.145205 0.957551
-0.942236 -0.942236 -1.947466 -1.947466 0.311924 0.321084 -1.291701 -0.990751 3.126004 0.953786
-0.975761 -0.975761 -1.129833 -1.129833 0.306990 0.299456 -1.281704 -0.998716 3.112807 0.957323
-1.037313 -1.037313 -0.797033 -0.797033 0.293277 0.272966 -1.253140 -1.064942 3.131325 0.969311
-0.950797 -0.950797 -2.002489 -2.002489 0.300305 0.296514 -1.292807 -1.090323 3.144225 0.963112
-1.044743 -1.044743 -1.289432 -1.289432 0.288567 0.283708 -1.274051 -1.038919 3.180795 0.964020
-0.980712 -0.980712 -2.208398 -2.208398 0.297483 0.311950 -1.282770 -0.954717 3.157945 0.959514
