-0.994208 -0.994208 -0.860732 -0.860732 0.287178 0.262639 -1.207877 -1.034267 3.177579 0.965114
-0.996230 -0.996230 -1.630190 -1.630190 0.304957 0.307670 -1.260471 -1.007193 3.147907 0.960553
-0.977951 -0.977951 -1.752964 -1.752964 0.287087 0.295780 -1.300000 -0.963049 3.159070 0.959359
-0.929339 -0.929339 -1.975308 -1.975308 0.310995 0.304496 -1.299858 -1.081351 3.153287 0.969945
-0.896872 -0.896872 -1.959769 -1.959769 0.311751 0.277819 -1.229679 -1.123798 3.174762 0.960105
-0.896871 -0.896871 -1.958696 -1.958696 0.316136 0.297097 -1.290109 -1.098527 3.149323 0.962223
-0.885890 -0.885890 -1.975060 -1.975060 0.323604 0.315876 -1.300000 -1.010503 3.168888 0.960732
-0.886161 -0.886161 -1.970376 -1.970376 0.316525 0.305838 -1.299872 -1.025928 3.161811 0.957233
-0.886674 -0.886674 -1.966148 -1.966148 0.321341 0.321513 -1.299848 -0.969918 3.148946 0.957143
-0.888111 -0.888111 -1.971470 -1.971470 0.317315 0.291524 -1.252831 -1.083251 3.170785 0.958663
-0.889960 -0.889960 -1.965149 -1.965149 0.314447 0.295708 -1.280322 -1.065935 3.165449 0.961947
-0.889993 -0.889993 -1.965761 -1.965761 0.315704 0.300260 -1.281557 -1.027362 3.168330 0.957594
-0.889449 -0.889449 -1.962915 -1.962915 0.324844 0.334776 -1.299210 -0.907535 3.173856 0.958663
-0.889449 -0.889449 -1.962915 -1.962915 0.314704 0.296251 -1.287719 -1.071042 3.151972 0.958057
-0.897559 -0.897559 -1.852177 -1.852177 0.309253 0.287680 -1.278624 -1.087440 3.167847 0.964352
-0.901301 -0.901301 -1.833980 -1.833980 0.305774 0.271777 -1.243224 -1.131022 3.167713 0.960699
-0.905632 -0.905632 -1.824312 -1.824312 0.314100 0.312859 -1.299830 -0.991484 3.147157 0.956915
-0.929977 -0.929977 -1.782458 -1.782458 0.300146 0.277006 -1.232052 -1.050116 3.179615 0.964572
-0.927699 -0.927699 -1.769769 -1.769769 0.311346 0.303225 -1.288260 -1.014435 3.153342 0.965641
-0.927699 -0.927699 -1.769769 -1.769769 0.315497 0.322199 -1.289618 -0.945685 3.148655 0.962454
-0.925755 -0.925755 -1.777580 -1.777580 0.306436 0.298057 -1.299697 -1.044477 3.151468 0.961290
-0.925553 -0.925553 -1.778434 -1.778434 0.309219 0.296179 -1.265974 -1.049056 3.144938 0.963077
-0.910477 -0.910477 -1.850782 -1.850782 0.319466 0.314613 -1.252489 -1.005645 3.140580 0.960158
-0.910477 -0.910477 -1.850782 -1.850782 0.312000 0.296024 -1.268331 -1.015848 3.169157 0.955725
-0.923072 -0.923072 -1.870779 -1.870779 0.315451 0.319548 -1.299932 -0.988967 3.150417 0.962072
-0.922984 -0.922984 -1.901217 -1.901217 0.312622 0.291138 -1.204263 -1.045040 3.178815 0.959994
-0.916775 -0.916775 -1.917690 -1.917690 0.306503 0.298084 -1.288980 -1.039492 3.148348 0.957174
-0.924962 -0.924962 -1.898187 -1.898187 0.313354 0.297355 -1.259050 -1.063032 3.156089 0.961460
-0.937081 -0.937081 -1.908305 -1.908305 0.309823 0.310367 -1.276119 -0.980770 3.152071 0.960504
-0.940509 -0.940509 -1.930098 -1.930098 0.309690 0.295153 -1.255218 -1.059475 3.144663 0.959969
-0.944203 -0.944203 -1.925124 -1.925124 0.309904 0.322995 -1.292541 -0.945673 3.125458 0.959632
-0.944616 -0.944616 -1.926891 -1.926891 0.306710 0.310400 -1.282416 -0.984990 3.144379 0.961415
-0.953032 -0.953032 -1.892909 -1.892909 0.295305 0.290468 -1.296957 -1.026162 3.152800 0.961398
-0.948591 -0.948591 -1.883916 -1.883916 0.312351 0.312913 -1.254354 -0.996130 3.137455 0.960127
-0.952120 -0.952120 -1.890048 -1.890048 0.308182 0.317378 -1.300000 -0.976127 3.159459 0.963198
-0.951029 -0.951029 -1.899919 -1.899919 0.307505 0.310084 -1.290043 -1.019959 3.136466 0.959613
-0.942550 -0.942550 -1.871051 -1.871051 0.314572 0.317502 -1.288988 -0.989817 3.139972 0.959195
-0.941500 -0.941500 -1.796771 -1.796771 0.313311 0.300540 -1.266622 -1.054534 3.153138 0.965379
-0.942103 -0.942103 -1.796366 -1.796366 0.311966 0.342672 -1.300000 -0.850366 3.157668 0.959344
-0.942103 -0.942103 -1.796366 -1.796366 0.309003 0.318086 -1.300000 -0.966831 3.138508 0.960871
-0.941894 -0.941894 -1.796461 -1.796461 0.305442 0.310104 -1.300000 -0.971313 3.142355 0.962092
-0.941419 -0.941419 -1.794924 -1.794924 0.310553 0.315988 -1.286308 -0.967337 3.142968 0.963721
-0.948895 -0.948895 -1.796387 -1.796387 0.300045 0.279721 -1.265177 -1.110392 3.143634 0.963447
-0.957498 -0.957498 -1.789372 -1.789372 0.305773 0.280345 -1.232240 -1.101531 3.146720 0.960275
-0.988434 -0.988434 -1.512076 -1.512076 0.305673 0.305505 -1.280751 -0.999326 3.126952 0.954344
-0.988267 -0.988267 -1.515276 -1.515276 0.300647 0.295227 -1.285367 -1.015727 3.145652 0.959827
-0.988267 -0.988267 -1.515276 -1.515276 0.293829 0.282243 -1.299530 -1.083936 3.127145 0.964448
-0.988088 -0.988088 -1.510269 -1.510269 0.298735 0.289308 -1.291906 -1.045403 3.139245 0.961543
-0.988206 -0.988206 -1.511490 -1.511490 0.303890 0.292314 -1.271881 -1.065503 3.138610 0.965114
-0.989497 -0.989497 -1.559988 -1.559988 0.309794 0.304102 -1.267428 -1.017514 3.136976 0.963066
-0.982824 -0.982824 -1.487541 -1.487541 0.298208 0.301261 -1.299281 -1.003226 3.138356 0.964590
-0.981096 -0.981096 -1.506711 -1.506711 0.299203 0.301075 -1.300000 -1.007778 3.136520 0.963595
-0.978529 -0.978529 -1.511886 -1.511886 0.296427 0.275605 -1.252612 -1.103291 3.148462 0.965974
-0.970157 -0.970157 -1.524169 -1.524169 0.307487 0.301873 -1.253385 -1.005541 3.147404 0.960100
-0.970518 -0.970518 -1.526906 -1.526906 0.312062 0.323181 -1.300000 -0.955478 3.160332 0.967508
-0.970518 -0.970518 -1.526906 -1.526906 0.307625 0.308720 -1.299897 -1.087597 3.132189 0.967169
-0.971487 -0.971487 -1.556384 -1.556384 0.297407 0.280750 -1.260767 -1.054082 3.160105 0.961171
-0.971487 -0.971487 -1.556384 -1.556384 0.303307 0.316323 -1.300000 -0.947259 3.161756 0.961344
