-0.987113 -0.987113 -1.295516 -1.295516 0.285935 0.273527 -1.287082 -1.040612 3.024852 0.962765
-1.005661 -1.005661 -0.859817 -0.859817 0.294097 0.274857 -1.281197 -1.031183 3.056424 0.967990
-0.985139 -0.985139 -1.060540 -1.060540 0.307455 0.293455 -1.286609 -1.007703 3.031543 0.964026
-0.947697 -0.947697 -1.109202 -1.109202 0.321441 0.314438 -1.300000 -1.029753 3.218880 0.955816
-0.998966 -0.998966 -1.075185 -1.075185 0.297670 0.294652 -1.280943 -0.974995 2.960519 0.964817
-1.015245 -1.015245 -1.124207 -1.124207 0.306056 0.328939 -1.300000 -0.871737 3.197301 0.962108
-0.989460 -0.989460 -1.094968 -1.094968 0.305157 0.304349 -1.279576 -0.980869 3.162539 0.962028
-0.956948 -0.956948 -1.195167 -1.195167 0.313591 0.301196 -1.286743 -1.036283 3.146913 0.965240
-1.014876 -1.014876 -1.027668 -1.027668 0.302883 0.296029 -1.291527 -1.050000 3.218880 0.959258
-1.012501 -1.012501 -0.859264 -0.859264 0.296463 0.285167 -1.280699 -0.980916 3.048389 0.965206
-1.027615 -1.027615 -0.712058 -0.712058 0.307126 0.303036 -1.300000 -1.003978 2.950384 0.967273
-1.041440 -1.041440 -1.266030 -1.266030 0.289516 0.266638 -1.223493 -1.083963 3.055771 0.963602
-1.018813 -1.018813 -0.818942 -0.818942 0.297585 0.289283 -1.275311 -0.962628 2.992571 0.967104
-0.968064 -0.968064 -0.956084 -0.956084 0.301174 0.292746 -1.291855 -0.964758 3.134681 0.965028
-0.989539 -0.989539 -1.119869 -1.119869 0.305421 0.301863 -1.300000 -1.020614 3.125588 0.967443
-0.916765 -0.916765 -1.179295 -1.179295 0.316227 0.286812 -1.260822 -1.052818 3.133126 0.963990
-1.035810 -1.035810 -0.733237 -0.733237 0.303717 0.287052 -1.289555 -1.074986 3.217974 0.954331
-0.940361 -0.940361 -1.228901 -1.228901 0.318357 0.316219 -1.299908 -1.002029 3.218880 0.957158
-0.992802 -0.992802 -1.271833 -1.271833 0.284741 0.266152 -1.251959 -1.052021 3.139576 0.966761
-0.942189 -0.942189 -1.254742 -1.254742 0.310998 0.300027 -1.300000 -1.051466 3.218880 0.955620
-0.957398 -0.957398 -1.285731 -1.285731 0.310073 0.296328 -1.299983 -1.062739 3.218880 0.956110
-1.055720 -1.055720 -1.072680 -1.072680 0.301970 0.307645 -1.300000 -1.027782 3.218880 0.960620
-0.919635 -0.919635 -1.222965 -1.222965 0.320623 0.294902 -1.265121 -1.056074 3.218880 0.953817
-0.968262 -0.968262 -1.211718 -1.211718 0.305263 0.284487 -1.265205 -1.099028 3.147625 0.966402
-0.978529 -0.978529 -0.827281 -0.827281 0.308705 0.278690 -1.217581 -1.039932 3.027573 0.965190
-0.973617 -0.973617 -1.091749 -1.091749 0.309004 0.304304 -1.299959 -0.967692 3.218843 0.950706
-0.986070 -0.986070 -0.910214 -0.910214 0.314971 0.313785 -1.298458 -0.956951 3.058258 0.966418
-0.929387 -0.929387 -1.047888 -1.047888 0.317099 0.293640 -1.247035 -0.998915 3.105091 0.955744
-1.045638 -1.045638 -1.269837 -1.269837 0.279881 0.278184 -1.289999 -1.044237 3.088496 0.964735
-0.988827 -0.988827 -0.960646 -0.960646 0.315109 0.306725 -1.275645 -0.994713 3.059643 0.965224
-1.062408 -1.062408 -1.063267 -1.063267 0.298645 0.301827 -1.281101 -1.004167 3.126256 0.959070
-1.030041 -1.030041 -1.251381 -1.251381 0.299459 0.310170 -1.300000 -1.041037 3.218880 0.953581
-0.989852 -0.989852 -1.211757 -1.211757 0.297313 0.272309 -1.226231 -1.053655 3.120299 0.964554
-0.966314 -0.966314 -0.957625 -0.957625 0.311648 0.299824 -1.299901 -1.019585 3.185741 0.963158
-1.020135 -1.020135 -0.971974 -0.971974 0.292101 0.283149 -1.300000 -1.051178 3.079922 0.965812
-1.021036 -1.021036 -1.108998 -1.108998 0.289556 0.291706 -1.299821 -1.008191 3.218880 0.962621
-1.006482 -1.006482 -0.896882 -0.896882 0.290833 0.269842 -1.258152 -1.022447 3.088584 0.965385
-0.977562 -0.977562 -1.058601 -1.058601 0.308344 0.291546 -1.300000 -1.060499 3.218880 0.954449
-0.987364 -0.987364 -1.238420 -1.238420 0.312812 0.310175 -1.264210 -0.948495 3.121212 0.960626
-0.956080 -0.956080 -0.957288 -0.957288 0.301632 0.286490 -1.291745 -0.973143 2.962770 0.967138
-0.938835 -0.938835 -1.288901 -1.288901 0.303872 0.289079 -1.262335 -1.002772 3.107062 0.960031
-1.003743 -1.003743 -1.067741 -1.067741 0.308882 0.314180 -1.282430 -0.949861 3.218880 0.956837
-1.023216 -1.023216 -1.007267 -1.007267 0.292908 0.276704 -1.291438 -1.095876 3.076077 0.968068
-1.150969 -1.150969 -0.838223 -0.838223 0.276459 0.286697 -1.280996 -1.041860 3.218880 0.966395
-0.998619 -0.998619 -1.109733 -1.109733 0.305503 0.305038 -1.299019 -1.009854 3.132648 0.967234
-1.040738 -1.040738 -0.928980 -0.928980 0.295293 0.285579 -1.272014 -1.020182 2.961701 0.963911
-0.999182 -0.999182 -0.991113 -0.991113 0.292953 0.271003 -1.255480 -1.078289 3.180200 0.968260
-0.990105 -0.990105 -1.230233 -1.230233 0.303175 0.290189 -1.272763 -1.064792 3.087470 0.962718
-1.028118 -1.028118 -1.224234 -1.224234 0.285530 0.280412 -1.299914 -1.061431 3.218880 0.952184
-0.951043 -0.951043 -1.067271 -1.067271 0.306691 0.275199 -1.241612 -1.081462 3.187917 0.964263
-1.053758 -1.053758 -1.089904 -1.089904 0.283627 0.264956 -1.238764 -1.062409 3.058171 0.965348
-1.003979 -1.003979 -0.996532 -0.996532 0.299109 0.299610 -1.291362 -0.954842 3.034645 0.965984
-1.024314 -1.024314 -0.790675 -0.790675 0.308639 0.325734 -1.300000 -0.894832 3.218880 0.959499
-0.972681 -0.972681 -0.988109 -0.988109 0.306880 0.281510 -1.237050 -1.031276 3.119229 0.959713
-1.010895 -1.010895 -0.833125 -0.833125 0.299145 0.275944 -1.222563 -1.010166 2.965721 0.964573
-1.063856 -1.063856 -1.195620 -1.195620 0.276478 0.262197 -1.253299 -1.076879 3.086335 0.967547
-1.004987 -1.004987 -1.220652 -1.220652 0.302895 0.298324 -1.293859 -1.051772 3.126154 0.967744
