-1.012742 -1.012742 -1.114316 -1.114316 0.293404 0.286152 -1.300000 -1.031173 3.138788 0.962872
-1.012883 -1.012883 -1.113807 -1.113807 0.302050 0.298200 -1.284962 -1.005205 3.141558 0.963642
-1.016392 -1.016392 -1.090162 -1.090162 0.302559 0.290036 -1.274162 -1.048296 3.145677 0.964155
-1.016392 -1.016392 -1.090162 -1.090162 0.301756 0.297274 -1.299827 -1.018728 3.169009 0.969060
-1.015279 -1.015279 -1.095765 -1.095765 0.289644 0.267969 -1.278767 -1.084707 3.153132 0.960980
-1.015279 -1.015279 -1.095765 -1.095765 0.297239 0.282888 -1.271611 -1.071179 3.157930 0.967117
-1.017176 -1.017176 -1.098443 -1.098443 0.295686 0.286153 -1.285144 -1.027013 3.147773 0.961830
-1.012176 -1.012176 -1.098979 -1.098979 0.298002 0.292265 -1.299843 -1.024928 3.139785 0.962243
-1.012176 -1.012176 -1.098979 -1.098979 0.291499 0.261091 -1.217982 -1.105437 3.177836 0.968194
-1.012513 -1.012513 -1.098263 -1.098263 0.299791 0.312744 -1.297341 -0.898336 3.167671 0.963344
-1.013850 -1.013850 -1.099614 -1.099614 0.297987 0.315655 -1.300000 -0.893218 3.161583 0.962453
-1.018025 -1.018025 -1.180108 -1.180108 0.302792 0.318269 -1.300000 -0.925735 3.138188 0.964101
-1.021670 -1.021670 -1.168982 -1.168982 0.301130 0.311345 -1.300000 -0.976477 3.145083 0.966904
-1.018290 -1.018290 -1.172265 -1.172265 0.306899 0.300494 -1.278738 -1.022290 3.136088 0.964280
-1.008374 -1.008374 -1.164636 -1.164636 0.298372 0.293706 -1.289937 -1.022640 3.131260 0.963562
-1.004482 -1.004482 -1.164318 -1.164318 0.294635 0.297867 -1.299889 -0.946833 3.172663 0.960344
-1.004479 -1.004479 -1.165677 -1.165677 0.301685 0.305600 -1.300000 -0.993782 3.152050 0.966278
-1.006475 -1.006475 -1.188996 -1.188996 0.293464 0.278123 -1.274151 -1.052456 3.170220 0.962304
-1.006314 -1.006314 -1.193424 -1.193424 0.288626 0.279905 -1.299842 -1.058500 3.148099 0.964634
-1.002222 -1.002222 -1.198006 -1.198006 0.300625 0.312862 -1.298715 -0.937159 3.161529 0.962259
-0.998327 -0.998327 -1.218730 -1.218730 0.290531 0.269063 -1.247100 -1.089988 3.158953 0.961822
-1.004506 -1.004506 -1.225057 -1.225057 0.296562 0.291948 -1.283261 -1.010674 3.166434 0.963998
-1.004505 -1.004505 -1.225038 -1.225038 0.301963 0.304571 -1.286766 -0.995457 3.161140 0.966060
-1.004763 -1.004763 -1.219275 -1.219275 0.295136 0.298037 -1.299745 -1.023104 3.142656 0.961834
-1.007139 -1.007139 -1.219036 -1.219036 0.297818 0.298813 -1.285687 -0.989915 3.142340 0.962190
-1.006616 -1.006616 -1.214002 -1.214002 0.296141 0.283317 -1.254367 -1.021061 3.159219 0.962160
-1.006494 -1.006494 -1.216604 -1.216604 0.289484 0.258838 -1.210851 -1.097447 3.165358 0.960576
-1.000712 -1.000712 -1.201726 -1.201726 0.295907 0.302151 -1.300000 -0.945144 3.157212 0.962450
-1.000593 -1.000593 -1.210210 -1.210210 0.298124 0.288046 -1.281469 -1.036760 3.155845 0.966727
-1.005232 -1.005232 -1.213693 -1.213693 0.294770 0.282326 -1.280276 -1.036913 3.155521 0.963864
-0.989661 -0.989661 -1.243516 -1.243516 0.293136 0.277394 -1.252855 -1.003226 3.175707 0.961698
-0.989661 -0.989661 -1.243516 -1.243516 0.291767 0.278942 -1.283459 -1.029775 3.172300 0.963102
-0.990384 -0.990384 -1.244010 -1.244010 0.296077 0.300046 -1.299747 -0.982302 3.145816 0.957479
-0.990384 -0.990384 -1.244010 -1.244010 0.286403 0.258487 -1.240633 -1.094943 3.178103 0.964113
-0.992636 -0.992636 -1.252803 -1.252803 0.291236 0.266632 -1.248595 -1.069386 3.184376 0.962650
-0.986091 -0.986091 -1.250994 -1.250994 0.297965 0.279237 -1.267540 -1.080981 3.163202 0.965293
-0.982593 -0.982593 -1.256181 -1.256181 0.295651 0.270346 -1.256441 -1.094728 3.173733 0.968806
-0.982593 -0.982593 -1.256181 -1.256181 0.295722 0.271327 -1.241373 -1.094289 3.164283 0.965283
-0.983014 -0.983014 -1.257721 -1.257721 0.300300 0.298660 -1.290765 -0.965619 3.153721 0.955651
-0.977368 -0.977368 -1.261884 -1.261884 0.300778 0.305910 -1.299880 -0.974603 3.160880 0.965808
-0.971915 -0.971915 -1.253898 -1.253898 0.298847 0.291853 -1.287469 -1.005495 3.172614 0.967977
-0.975484 -0.975484 -1.259339 -1.259339 0.297573 0.286541 -1.281388 -1.008553 3.169363 0.961040
-0.979696 -0.979696 -1.264921 -1.264921 0.299029 0.272625 -1.225574 -1.045742 3.171241 0.958055
-0.988853 -0.988853 -1.298721 -1.298721 0.297455 0.304978 -1.300000 -0.946077 3.160802 0.964501
-0.991337 -0.991337 -1.340971 -1.340971 0.298730 0.299660 -1.285254 -1.003992 3.150139 0.966143
-0.987899 -0.987899 -1.374224 -1.374224 0.293470 0.292009 -1.300000 -1.052946 3.142773 0.965551
-0.990572 -0.990572 -1.382389 -1.382389 0.295873 0.279251 -1.242904 -1.049929 3.171130 0.960948
-0.990064 -0.990064 -1.374468 -1.374468 0.293877 0.276533 -1.262452 -1.061570 3.163928 0.961880
-0.990249 -0.990249 -1.381475 -1.381475 0.299332 0.299143 -1.279988 -0.991184 3.158894 0.960663
-0.991212 -0.991212 -1.375844 -1.375844 0.291231 0.262363 -1.231400 -1.102842 3.177768 0.968063
-0.989676 -0.989676 -1.378363 -1.378363 0.301934 0.322264 -1.297408 -0.899491 3.159919 0.964314
-0.989850 -0.989850 -1.380300 -1.380300 0.283337 0.268365 -1.286976 -1.046721 3.165069 0.962722
-0.988675 -0.988675 -1.369553 -1.369553 0.298051 0.290240 -1.269307 -1.009868 3.165378 0.964731
-0.989080 -0.989080 -1.369677 -1.369677 0.298900 0.300988 -1.300000 -1.004942 3.164230 0.961393
-0.988380 -0.988380 -1.368931 -1.368931 0.304944 0.332672 -1.299941 -0.869836 3.177697 0.959325
-1.011370 -1.011370 -1.361942 -1.361942 0.302567 0.299220 -1.288912 -1.058517 3.142472 0.959771
-1.015142 -1.015142 -1.371781 -1.371781 0.302931 0.295505 -1.294403 -1.087918 3.152826 0.966504
