-1.021262 -1.021262 -1.285446 -1.285446 0.301246 0.314757 -1.287032 -0.960516 3.163454 0.965399
-1.018925 -1.018925 -1.285008 -1.285008 0.296496 0.310404 -1.298911 -0.952808 3.164564 0.964835
-1.018339 -1.018339 -1.280833 -1.280833 0.301315 0.327983 -1.293216 -0.871935 3.173033 0.961088
-1.018261 -1.018261 -1.279906 -1.279906 0.293155 0.285998 -1.283811 -1.084399 3.164615 0.969865
-1.017090 -1.017090 -1.281911 -1.281911 0.295397 0.302935 -1.288972 -0.971432 3.170555 0.964658
-1.017090 -1.017090 -1.281911 -1.281911 0.294221 0.279091 -1.240703 -1.064558 3.159751 0.961052
-1.024121 -1.024121 -1.283940 -1.283940 0.291180 0.281420 -1.256582 -1.050698 3.163471 0.963323
-1.024121 -1.024121 -1.283940 -1.283940 0.291251 0.291630 -1.299541 -1.022442 3.181420 0.969753
-1.026607 -1.026607 -1.283860 -1.283860 0.298879 0.312222 -1.300000 -0.954932 3.166766 0.965833
-1.036417 -1.036417 -1.307463 -1.307463 0.301456 0.319638 -1.278172 -0.944866 3.167929 0.965472
-1.045943 -1.045943 -1.435464 -1.435464 0.290740 0.297012 -1.300000 -1.029231 3.169254 0.961352
-1.041522 -1.041522 -1.429299 -1.429299 0.296597 0.311002 -1.291726 -0.993219 3.164564 0.962353
-1.040619 -1.040619 -1.430806 -1.430806 0.287073 0.270016 -1.282679 -1.199089 3.147714 0.961200
-1.040619 -1.040619 -1.430806 -1.430806 0.292952 0.288125 -1.299899 -1.118078 3.175084 0.971661
-1.040619 -1.040619 -1.430806 -1.430806 0.297968 0.306764 -1.289870 -1.001587 3.162548 0.958719
-1.043494 -1.043494 -1.428630 -1.428630 0.293678 0.288256 -1.280100 -1.080926 3.167861 0.959145
-1.005549 -1.005549 -1.234592 -1.234592 0.310428 0.311820 -1.300000 -1.012319 3.167417 0.967871
-1.005549 -1.005549 -1.234592 -1.234592 0.301398 0.284706 -1.278951 -1.079007 3.153785 0.962154
-1.004100 -1.004100 -1.200975 -1.200975 0.303242 0.290474 -1.234510 -1.025663 3.139922 0.955331
-1.004100 -1.004100 -1.200975 -1.200975 0.298216 0.290412 -1.271092 -1.023493 3.162479 0.961656
-1.004813 -1.004813 -1.200063 -1.200063 0.293960 0.273643 -1.275220 -1.079430 3.168644 0.964594
-1.008300 -1.008300 -1.222074 -1.222074 0.296839 0.310422 -1.299893 -0.941254 3.164024 0.962529
-1.008300 -1.008300 -1.222074 -1.222074 0.299257 0.315154 -1.284267 -0.910834 3.167466 0.959418
-1.008282 -1.008282 -1.221955 -1.221955 0.288951 0.260377 -1.212623 -1.085721 3.182700 0.962305
-1.010219 -1.010219 -1.208573 -1.208573 0.290388 0.282377 -1.296913 -1.019933 3.168335 0.962404
-1.010013 -1.010013 -1.202296 -1.202296 0.294640 0.289522 -1.288027 -1.024564 3.147611 0.962582
-1.006834 -1.006834 -1.200668 -1.200668 0.290894 0.276745 -1.274421 -1.046609 3.165064 0.964346
-1.006834 -1.006834 -1.200668 -1.200668 0.294636 0.287928 -1.287978 -1.018805 3.165393 0.966797
-1.007496 -1.007496 -1.186008 -1.186008 0.299822 0.292819 -1.285291 -1.004390 3.159761 0.963701
-1.004316 -1.004316 -1.192199 -1.192199 0.302312 0.309592 -1.300000 -0.989783 3.155025 0.968214
-1.003024 -1.003024 -1.212437 -1.212437 0.294258 0.284542 -1.280335 -1.022880 3.181303 0.960801
-1.003024 -1.003024 -1.212437 -1.212437 0.300228 0.305805 -1.299558 -0.975811 3.169369 0.961940
-1.005192 -1.005192 -1.214562 -1.214562 0.292139 0.287765 -1.300000 -1.032947 3.166989 0.963895
-1.012163 -1.012163 -1.184934 -1.184934 0.299629 0.316483 -1.300000 -0.915239 3.182227 0.963828
-1.014201 -1.014201 -1.188880 -1.188880 0.297321 0.305050 -1.294888 -0.976137 3.173226 0.965422
-1.009506 -1.009506 -1.196390 -1.196390 0.291591 0.285045 -1.299674 -1.068475 3.155965 0.965402
-1.015504 -1.015504 -1.251545 -1.251545 0.292835 0.291739 -1.277001 -0.999081 3.180100 0.961737
-1.015920 -1.015920 -1.250553 -1.250553 0.289937 0.283855 -1.276241 -1.012938 3.174160 0.960193
-1.015771 -1.015771 -1.253018 -1.253018 0.293792 0.296368 -1.285572 -1.010423 3.164493 0.964462
-1.008169 -1.008169 -1.247380 -1.247380 0.295228 0.285355 -1.269129 -1.051367 3.169902 0.964670
-1.007679 -1.007679 -1.307323 -1.307323 0.300632 0.308776 -1.300000 -0.986413 3.174133 0.965980
-1.007679 -1.007679 -1.307323 -1.307323 0.305678 0.330901 -1.298797 -0.875113 3.171621 0.966059
-1.007679 -1.007679 -1.307323 -1.307323 0.296211 0.293196 -1.300000 -1.087654 3.147107 0.967196
-1.009209 -1.009209 -1.305738 -1.305738 0.291711 0.270313 -1.253252 -1.109139 3.169643 0.965705
-1.027974 -1.027974 -1.132670 -1.132670 0.298900 0.289574 -1.279924 -1.049449 3.173724 0.961994
-1.020643 -1.020643 -1.178726 -1.178726 0.294707 0.286562 -1.276363 -1.040656 3.153044 0.960917
-1.022633 -1.022633 -1.114894 -1.114894 0.289733 0.284181 -1.299972 -0.995898 3.172690 0.962871
-1.014466 -1.014466 -1.148425 -1.148425 0.293516 0.275396 -1.262945 -1.039843 3.178104 0.958930
-1.068719 -1.068719 -1.153514 -1.153514 0.303361 0.331510 -1.277498 -0.922111 3.145035 0.962143
-1.025326 -1.025326 -0.872806 -0.872806 0.300189 0.294520 -1.272976 -0.979045 3.148478 0.960809
-1.044509 -1.044509 -1.163950 -1.163950 0.295742 0.301498 -1.300000 -1.008776 3.154205 0.962866
-1.035069 -1.035069 -1.143827 -1.143827 0.292115 0.301043 -1.300000 -0.977664 3.140917 0.961966
-1.031289 -1.031289 -0.950047 -0.950047 0.289885 0.285358 -1.292226 -0.979091 3.128370 0.963838
-1.025809 -1.025809 -1.061701 -1.061701 0.298331 0.296188 -1.295425 -1.003849 3.135226 0.958806
-1.044400 -1.044400 -1.308438 -1.308438 0.292461 0.300189 -1.299758 -1.027915 3.164477 0.968592
-1.010177 -1.010177 -0.940535 -0.940535 0.297604 0.284601 -1.288920 -1.028373 3.170729 0.969126
-1.010620 -1.010620 -0.944861 -0.944861 0.294815 0.275697 -1.248573 -1.018097 3.165159 0.967605
