-1.010368 -0.172538 0.290039 0.286026 -1.054629 -1.070979 3.056844 0.966610
-1.073373 -0.286137 0.291651 0.313370 -1.099783 -0.988298 3.107400 0.966053
-0.905329 -0.606383 0.296226 0.290471 -1.100455 -1.078508 3.144319 0.964695
-0.988476 -0.333538 0.295304 0.303821 -1.084470 -1.010272 3.118450 0.963255
-1.002270 -0.090027 0.308685 0.315147 -1.038407 -0.977599 3.056514 0.965067
-0.916421 -0.384904 0.302513 0.303368 -1.016060 -0.959759 3.139408 0.966879
-0.900112 -0.691752 0.298448 0.310050 -1.112824 -1.005660 3.152622 0.966247
-1.130409 0.099631 0.292156 0.308276 -1.082942 -0.997056 3.055118 0.967919
-1.074848 0.091194 0.299350 0.311517 -1.038719 -0.968998 3.022947 0.965627
-0.947513 -0.435222 0.293077 0.303846 -1.057867 -0.955060 3.145599 0.959044
-0.953432 -0.372842 0.294826 0.303266 -1.083584 -1.030179 3.089861 0.966676
-1.112430 0.032150 0.287647 0.287175 -1.074536 -1.071926 3.108832 0.972570
-1.018195 -0.500390 0.291067 0.320395 -1.100920 -0.925831 3.151693 0.966033
-1.036615 -0.168716 0.294161 0.305634 -1.084053 -1.019963 3.083420 0.968263
-1.062115 -0.059672 0.296039 0.312995 -1.045614 -0.961424 3.088205 0.969423
-0.953303 -0.571006 0.283034 0.265650 -1.082820 -1.107239 3.177954 0.959781
-0.917384 -0.611265 0.295383 0.285934 -1.116693 -1.121315 3.137293 0.962098
-0.978542 -0.239930 0.298367 0.300540 -1.063768 -1.046344 3.080180 0.967192
-0.961376 -0.427338 0.282858 0.272585 -1.056295 -1.075097 3.141304 0.970819
-1.025811 -0.225797 0.298135 0.323105 -1.065036 -0.928134 3.086967 0.967447
-0.943415 -0.311205 0.303885 0.308024 -1.023628 -0.980141 3.070464 0.964651
-0.983058 -0.207226 0.296088 0.306978 -1.067236 -0.999317 3.077653 0.967061
-0.940765 -0.463541 0.291865 0.310527 -1.094070 -0.968059 3.124076 0.968507
-1.046484 -0.106341 0.289588 0.289543 -1.063799 -1.045008 3.075614 0.963903
-1.032228 -0.176621 0.297458 0.307591 -1.059432 -1.015774 3.101463 0.966591
-1.029102 -0.111502 0.308472 0.322776 -1.035662 -0.959498 3.097097 0.967174
-1.038684 -0.289235 0.288430 0.321037 -1.110587 -0.927275 3.099456 0.968591
-0.843181 -0.694150 0.305728 0.308902 -1.081774 -1.001815 3.131030 0.957868
-1.049355 -0.038790 0.307250 0.312616 -1.033595 -1.009732 3.061162 0.964056
-0.876850 -0.816034 0.304094 0.316534 -1.071125 -1.044193 3.043651 0.969324
-1.144234 0.333010 0.303360 0.297811 -1.004774 -1.050867 3.034661 0.963128
-0.884812 -0.669217 0.303713 0.310886 -1.077677 -1.026523 3.158860 0.968241
-0.884455 -0.606347 0.288253 0.275754 -1.067632 -1.090393 3.162238 0.964566
-0.985755 -0.439088 0.294985 0.300407 -1.094826 -1.047283 3.108316 0.965364
-0.987884 -0.362618 0.293695 0.312296 -1.068250 -0.964204 3.085290 0.964924
-0.834949 -1.032108 0.292494 0.311272 -1.072597 -0.944848 3.104647 0.966616
-1.143392 0.347726 0.295178 0.308754 -1.011076 -0.946685 3.023824 0.966203
-1.068138 -0.035459 0.290665 0.295420 -1.026678 -0.994407 3.073931 0.962969
-0.944601 -0.360256 0.307021 0.311839 -1.058689 -0.990525 3.086525 0.968597
-1.059889 0.110438 0.292644 0.282703 -0.972082 -0.996782 3.041338 0.961294
-1.140298 0.249777 0.295563 0.304916 -1.050169 -1.005886 3.021635 0.961307
-1.098034 0.013587 0.297408 0.317355 -1.074641 -0.986878 3.057861 0.970421
-0.950704 -0.790385 0.295444 0.301781 -1.078209 -1.031487 3.054023 0.967461
-0.955034 -0.439877 0.296453 0.292780 -1.073219 -1.042124 3.097871 0.962915
-0.879106 -0.810748 0.301242 0.315815 -1.098950 -0.990771 3.081446 0.968397
-1.008376 -0.094165 0.305936 0.333839 -1.032129 -0.876744 3.086036 0.967202
-1.081552 -0.066646 0.289632 0.297271 -1.059641 -1.017814 3.089314 0.964564
-0.968753 -0.272641 0.297847 0.287972 -1.031189 -1.067222 3.104129 0.964818
-0.983914 -0.473310 0.296420 0.314285 -1.119290 -1.017009 3.111750 0.967657
-1.134172 0.235537 0.290811 0.292223 -1.026766 -1.012231 3.042126 0.968033
-0.984644 -0.350888 0.291202 0.314298 -1.094888 -0.940672 3.110042 0.967294
-0.994892 -0.340933 0.289908 0.310015 -1.094831 -0.959421 3.105590 0.965119
-1.012590 -0.334627 0.291183 0.300393 -1.054184 -0.994890 3.151566 0.965061
-0.863676 -0.790756 0.289381 0.306879 -1.091739 -1.002939 3.121347 0.965256
-1.049028 -0.054937 0.291594 0.304109 -1.015417 -0.943235 3.089033 0.967408
-0.995275 -0.215156 0.288137 0.311423 -1.057947 -0.924075 3.092254 0.967260
-0.822931 -0.880134 0.285426 0.303296 -1.078163 -0.978830 3.082253 0.971262
-0.860881 -0.610912 0.299886 0.297846 -1.044450 -1.000650 3.135722 0.964418
-1.042132 -0.320702 0.287001 0.294921 -1.103864 -1.018988 3.100172 0.966758
-1.013676 -0.379707 0.289954 0.327959 -1.083034 -0.873740 3.096646 0.966892
-1.000086 -0.226689 0.303912 0.315963 -1.048827 -0.952410 3.045239 0.964392
-1.119543 0.210942 0.289221 0.278219 -1.015789 -1.118644 3.009399 0.971151
-0.983980 -0.297126 0.295831 0.304030 -1.072781 -1.018941 3.083747 0.965078
-0.895485 -0.664711 0.299772 0.284775 -1.093455 -1.125389 3.163028 0.964616
-0.877152 -0.733890 0.306423 0.313021 -1.117057 -1.047745 3.160667 0.969354
-1.065662 -0.085462 0.288996 0.291721 -1.066548 -1.046475 3.101093 0.971330
-1.046258 -0.512195 0.279276 0.301184 -1.140717 -1.006682 3.115086 0.970266
-0.807009 -1.220675 0.276931 0.304519 -1.152380 -0.993797 3.124778 0.975571
-0.964108 -0.271949 0.302914 0.315291 -1.053658 -0.989086 3.069969 0.965140
-1.050987 0.052411 0.289543 0.283933 -1.034897 -1.083755 3.015548 0.968318
-1.080107 0.148286 0.300143 0.290404 -1.007075 -1.085297 3.056600 0.964209
-0.844011 -0.724573 0.298905 0.293486 -1.012592 -1.068487 3.065219 0.965137
-0.996033 -0.101229 0.294574 0.293529 -1.002974 -1.003550 3.042349 0.965202
-1.049462 -0.259914 0.299189 0.319131 -1.101233 -0.973714 3.096558 0.960735
-0.997002 -0.420890 0.287882 0.289658 -1.116660 -1.045204 3.100870 0.967694
-0.839713 -0.816263 0.296421 0.327466 -1.089823 -0.901060 3.108473 0.965407
-0.961196 -0.428871 0.303315 0.313550 -1.092435 -1.001536 3.120870 0.962903
-1.100373 -0.063424 0.288866 0.295756 -1.090079 -1.070670 3.075516 0.967684
-1.022113 -0.283027 0.296574 0.310947 -1.114265 -1.061221 3.128081 0.971301
-1.016358 -0.350175 0.291664 0.300580 -1.112765 -1.032395 3.151395 0.961107
-1.037255 -0.220302 0.303835 0.314478 -1.056298 -0.970198 3.141664 0.965613
-0.901956 -0.475463 0.299189 0.307303 -1.061995 -0.935683 3.181311 0.967038
-1.007336 0.054328 0.306934 0.306980 -0.951132 -0.953967 3.029599 0.966892
-0.989762 -0.448922 0.285284 0.297125 -1.088679 -0.986523 3.140954 0.965895
-0.960858 -0.544179 0.291677 0.295490 -1.143529 -1.115288 3.096232 0.966428
-1.017248 -0.142402 0.292177 0.287896 -1.052702 -1.089800 3.040799 0.968121
-0.987201 -0.241542 0.290199 0.294038 -1.065702 -1.034426 3.072633 0.967017
-0.837788 -0.961371 0.292900 0.298267 -1.058130 -1.023171 3.040618 0.958782
-1.032762 -0.159180 0.298832 0.313401 -1.051953 -0.978513 3.060346 0.968864
-1.150351 0.419491 0.288581 0.271169 -0.958454 -1.049254 3.047642 0.966245
-0.977129 -0.264259 0.307847 0.303913 -1.024923 -1.024697 3.124449 0.961934
