-0.984380 -1.097775 -2.136654 -0.944944 0.284683 0.266176 -1.270595 -1.046248 3.184405 0.959757
-1.056533 -0.848229 -2.902649 0.118010 0.293627 0.314142 -1.264776 -0.979026 3.111247 0.964019
-1.076425 -0.612875 -2.643602 0.160930 0.291487 0.276709 -1.137074 -1.027281 3.118149 0.956030
-0.922427 -0.671319 -4.928909 -3.899183 0.319183 0.307665 -1.185542 -0.974082 3.149618 0.954384
-1.013636 -0.805516 -1.442439 -0.711736 0.314052 0.334669 -1.279655 -0.880947 3.135549 0.959090
-1.070155 -1.088197 -0.330278 -1.880402 0.298698 0.326498 -1.299084 -0.892269 3.158657 0.962762
-0.989582 -0.568053 -4.061394 -0.241084 0.292189 0.286911 -1.192316 -1.026299 3.067552 0.964254
-0.989870 -0.378784 -4.811028 -2.826926 0.297752 0.284287 -1.119872 -1.047927 3.103380 0.962487
-1.025449 -1.350989 -1.796846 0.420164 0.307887 0.300611 -1.299836 -1.063074 3.168561 0.961369
-0.937281 -1.040096 -3.466113 -1.258464 0.294203 0.272289 -1.257451 -1.059027 3.179716 0.962909
-0.999700 -0.488099 -4.404098 -4.378362 0.301379 0.300003 -1.159733 -1.020864 3.118731 0.966702
-0.930241 -1.129420 -4.210410 -1.615691 0.307544 0.293374 -1.281892 -1.008774 3.155466 0.953882
-0.911747 -2.648828 0.338060 0.296455 0.299961 0.240000 -1.300000 -1.209904 3.218880 0.951740
-0.927519 -0.950309 -4.020790 -3.515997 0.302119 0.291721 -1.274574 -1.006644 3.178914 0.958864
-0.948160 -0.933432 -0.845949 -2.044016 0.309280 0.285314 -1.272372 -1.042669 3.159680 0.962628
-0.939895 -1.102186 -4.540173 0.279991 0.302248 0.297962 -1.300000 -1.006215 3.163987 0.955139
-0.948370 -0.822197 -2.679990 -4.228874 0.314031 0.296884 -1.227377 -1.037745 3.171924 0.961995
-0.939750 -0.945906 -4.487474 -3.056904 0.295111 0.280442 -1.284962 -1.049191 3.162265 0.966322
-0.995649 -1.643351 0.540494 -1.948891 0.294199 0.259611 -1.300000 -1.143159 3.202337 0.969862
-1.095959 -0.452871 -2.216975 -2.660292 0.291278 0.288971 -1.140396 -1.067497 3.075605 0.964367
-0.999941 -0.308956 -4.541647 -4.696061 0.302974 0.311997 -1.085189 -0.902219 3.117752 0.963603
-0.969703 -1.056927 -3.595383 -2.219603 0.312385 0.324163 -1.294553 -0.947294 3.174450 0.960339
-0.988358 -0.956253 -1.002686 -2.285881 0.315529 0.301127 -1.262718 -1.046602 3.131714 0.961724
-0.969192 -0.857302 -3.338966 -0.143659 0.296646 0.274876 -1.236572 -1.104136 3.158165 0.967033
-0.954260 -1.087159 -1.106167 -4.637460 0.300184 0.295349 -1.300000 -0.978004 3.171539 0.953706
-0.958939 -1.016215 -0.501088 -2.974082 0.314243 0.319100 -1.300000 -0.894378 3.161933 0.963397
-1.025215 -1.091945 -0.489532 -3.932360 0.294874 0.287805 -1.300000 -1.046509 3.130167 0.963169
-1.019542 -0.676258 -4.999670 -2.012126 0.300080 0.317725 -1.198781 -0.936136 3.130615 0.963636
-0.941698 -0.398953 -4.085994 -4.702961 0.321638 0.315963 -1.109913 -0.920762 3.116834 0.966784
-0.998752 -1.259028 -0.747390 -2.829601 0.299266 0.269855 -1.292899 -1.142994 3.186311 0.955614
-0.998627 -0.885459 -1.883819 -4.488144 0.296338 0.300923 -1.277133 -0.968421 3.171268 0.961795
-0.966821 -1.652382 0.564461 -4.055118 0.299679 0.271337 -1.299868 -1.058180 3.218880 0.954661
-1.044067 -0.723210 -3.269110 -1.350103 0.293739 0.279469 -1.205952 -1.095525 3.117476 0.967081
-0.957795 -0.868200 -1.774733 -0.725159 0.311368 0.302135 -1.275336 -0.993061 3.148340 0.963805
-0.948134 -0.790967 -2.942782 -3.650861 0.309659 0.318589 -1.267425 -0.934461 3.156976 0.963038
-0.948581 -1.616777 -0.447937 -1.245730 0.289255 0.250556 -1.300000 -1.095980 3.215963 0.959155
-1.087766 -1.022539 -2.054248 -0.812038 0.279777 0.274873 -1.269109 -1.103239 3.159293 0.969042
-0.937325 -0.914363 -1.346071 -1.782705 0.322966 0.314570 -1.299801 -0.997214 3.146026 0.956714
-1.002191 -1.373247 -1.168424 -1.197117 0.307399 0.290343 -1.300000 -1.100640 3.169953 0.959148
-1.036853 -1.792955 0.623981 0.142634 0.291728 0.249722 -1.300000 -1.094710 3.207381 0.960055
-0.965517 -1.122935 -0.904995 -3.524893 0.309885 0.293071 -1.300000 -1.065489 3.177057 0.962510
-0.943230 -1.708297 0.206015 -1.483043 0.304122 0.261399 -1.300000 -1.138577 3.195097 0.955409
-1.050393 -0.784851 -2.007112 -3.499310 0.289529 0.295628 -1.264993 -1.031451 3.120678 0.968334
-0.941337 -1.476045 -1.204067 -0.584205 0.307852 0.263585 -1.290586 -1.167480 3.218880 0.959124
-0.979820 -0.630817 -4.565849 0.247228 0.314430 0.312120 -1.197551 -0.989798 3.110501 0.961398
-0.936844 -0.966394 -2.905331 -4.407345 0.305897 0.299558 -1.300000 -0.998841 3.142978 0.957816
-0.990616 -0.651763 -4.300483 -4.695466 0.299924 0.292085 -1.156936 -0.998560 3.144859 0.962840
-1.015160 -0.156368 -4.600949 -3.298325 0.301493 0.298472 -1.075497 -0.997948 3.047268 0.964078
-1.055735 -0.359324 -3.457482 -3.073674 0.296396 0.292544 -1.083496 -0.993426 3.093638 0.964777
-1.037756 -0.385282 -4.816997 -4.454033 0.292481 0.308345 -1.120031 -0.943115 3.092425 0.971434
-0.981507 -1.244695 -0.643948 -4.568191 0.307264 0.291089 -1.294969 -1.070837 3.171987 0.962728
-1.020158 -1.338561 -0.763819 -3.414614 0.288919 0.280037 -1.300000 -1.041093 3.186611 0.956626
-0.957810 -1.209529 -1.319456 -3.068824 0.318448 0.300110 -1.299928 -1.076769 3.190288 0.954674
-0.940084 -0.435497 -4.822291 -3.457996 0.313326 0.296379 -1.132668 -1.036931 3.133061 0.968811
-0.982396 -0.783790 -4.378714 -4.551931 0.297485 0.297363 -1.242495 -1.019515 3.142039 0.966989
-0.932937 -1.174892 -1.204403 -2.002109 0.309756 0.286093 -1.297261 -1.040501 3.161814 0.965483
-1.020502 -0.719928 -2.851295 0.993584 0.295923 0.288009 -1.198717 -0.984549 3.140827 0.964591
