-1.054600 -1.054600 -0.932949 -0.932949 0.296445 0.289751 -1.293195 -1.033761 3.155014 0.960066
-1.055764 -1.055764 -0.938694 -0.938694 0.296594 0.292342 -1.299866 -1.073718 3.145567 0.965383
-1.055762 -1.055762 -0.938874 -0.938874 0.300538 0.304577 -1.296115 -0.973166 3.167573 0.962435
-1.054395 -1.054395 -0.936212 -0.936212 0.293345 0.282305 -1.289250 -1.068145 3.142175 0.961891
-1.043268 -1.043268 -0.959090 -0.959090 0.291156 0.273095 -1.249428 -1.058671 3.163165 0.961921
-1.041436 -1.041436 -0.962230 -0.962230 0.286674 0.262481 -1.227400 -1.101113 3.156325 0.959542
-1.039687 -1.039687 -0.962747 -0.962747 0.294624 0.289580 -1.299053 -1.034084 3.144431 0.964601
-1.039726 -1.039726 -0.962794 -0.962794 0.291462 0.266480 -1.231534 -1.061895 3.164473 0.961909
-1.040726 -1.040726 -0.966430 -0.966430 0.292132 0.282177 -1.276642 -0.995701 3.174483 0.964513
-1.037943 -1.037943 -0.965586 -0.965586 0.294336 0.285048 -1.272271 -1.018975 3.145936 0.960263
-1.037698 -1.037698 -0.968651 -0.968651 0.289324 0.264171 -1.236586 -1.097428 3.158169 0.964150
-1.036293 -1.036293 -0.962480 -0.962480 0.297832 0.286101 -1.269202 -1.022601 3.156278 0.962652
-1.038280 -1.038280 -0.957962 -0.957962 0.293644 0.291421 -1.277293 -0.987571 3.166133 0.966266
-1.038280 -1.038280 -0.957962 -0.957962 0.296024 0.306295 -1.300000 -0.949740 3.162715 0.966234
-1.038996 -1.038996 -0.954094 -0.954094 0.291960 0.282865 -1.295369 -1.057394 3.143699 0.964962
-1.031972 -1.031972 -0.941444 -0.941444 0.296591 0.280148 -1.271355 -1.064701 3.156608 0.964843
-1.027217 -1.027217 -0.942293 -0.942293 0.295099 0.278996 -1.276738 -1.091804 3.139507 0.963790
-1.024907 -1.024907 -0.950926 -0.950926 0.293347 0.280920 -1.273159 -1.010166 3.162616 0.959574
-1.024732 -1.024732 -0.949035 -0.949035 0.306196 0.307555 -1.282173 -0.991845 3.152695 0.965484
-1.014104 -1.014104 -0.964740 -0.964740 0.298933 0.278629 -1.272033 -1.065330 3.159320 0.962193
-1.015795 -1.015795 -0.937675 -0.937675 0.299129 0.285519 -1.271550 -1.037775 3.162451 0.964519
-1.016283 -1.016283 -0.919512 -0.919512 0.309294 0.288621 -1.226011 -1.009192 3.176947 0.960427
-1.020605 -1.020605 -0.896583 -0.896583 0.308886 0.312333 -1.289884 -0.961192 3.136221 0.961959
-1.027338 -1.027338 -0.890876 -0.890876 0.290212 0.263944 -1.249826 -1.070376 3.157679 0.960715
-1.026168 -1.026168 -0.888218 -0.888218 0.295552 0.280999 -1.266172 -1.046942 3.150441 0.963027
-1.032933 -1.032933 -0.834069 -0.834069 0.301322 0.288444 -1.285964 -1.036433 3.143754 0.963385
-1.033276 -1.033276 -0.833123 -0.833123 0.303034 0.293287 -1.283494 -1.013020 3.150038 0.964237
-1.033527 -1.033527 -0.833264 -0.833264 0.297850 0.283472 -1.273641 -0.990105 3.165660 0.961033
-1.033483 -1.033483 -0.833228 -0.833228 0.295195 0.278364 -1.287419 -1.056054 3.147943 0.964284
-1.047338 -1.047338 -0.850437 -0.850437 0.297252 0.297032 -1.282100 -0.983047 3.157636 0.962602
-1.047524 -1.047524 -0.849822 -0.849822 0.295004 0.283985 -1.278809 -1.014801 3.156444 0.963883
-1.047524 -1.047524 -0.849822 -0.849822 0.297775 0.301562 -1.299967 -0.978361 3.143635 0.961378
-1.042814 -1.042814 -0.834286 -0.834286 0.289186 0.273391 -1.281208 -1.040913 3.164786 0.964416
-1.010323 -1.010323 -0.822124 -0.822124 0.296944 0.283154 -1.275807 -0.998247 3.157510 0.962185
-1.001048 -1.001048 -0.884649 -0.884649 0.305557 0.302009 -1.297154 -0.950208 3.158000 0.961659
-1.013506 -1.013506 -0.861218 -0.861218 0.292587 0.279054 -1.287231 -0.996032 3.163169 0.964431
-1.025886 -1.025886 -0.895534 -0.895534 0.298754 0.284100 -1.274816 -1.017951 3.143070 0.958555
-1.021949 -1.021949 -0.923556 -0.923556 0.296231 0.281366 -1.253466 -1.026796 3.144029 0.957807
-1.023753 -1.023753 -0.925727 -0.925727 0.295712 0.278414 -1.261523 -1.040489 3.156758 0.960438
-1.024895 -1.024895 -0.940868 -0.940868 0.304194 0.312927 -1.291678 -0.925077 3.151599 0.957200
-1.024895 -1.024895 -0.940868 -0.940868 0.300418 0.297602 -1.299425 -1.004582 3.142283 0.962501
-1.024243 -1.024243 -0.941177 -0.941177 0.301722 0.283533 -1.251409 -1.047290 3.161148 0.966819
-1.025683 -1.025683 -0.939118 -0.939118 0.294878 0.268814 -1.246164 -1.066120 3.160296 0.963912
-1.022119 -1.022119 -0.936113 -0.936113 0.292964 0.268856 -1.253168 -1.052626 3.162920 0.963654
-1.022119 -1.022119 -0.936113 -0.936113 0.295725 0.274373 -1.253045 -1.041999 3.156679 0.963273
-1.023331 -1.023331 -0.934759 -0.934759 0.289358 0.265178 -1.251655 -1.074092 3.152520 0.964572
-1.015958 -1.015958 -0.947814 -0.947814 0.298535 0.293344 -1.268637 -0.972094 3.152931 0.959974
-1.012970 -1.012970 -0.929802 -0.929802 0.292955 0.275941 -1.282376 -1.032239 3.155544 0.964688
-1.012970 -1.012970 -0.929802 -0.929802 0.291882 0.267505 -1.246760 -1.048815 3.163781 0.962461
-1.012970 -1.012970 -0.929802 -0.929802 0.299202 0.285962 -1.274415 -1.058744 3.139143 0.966675
-1.013929 -1.013929 -0.920112 -0.920112 0.290071 0.264960 -1.238878 -1.052004 3.171317 0.965281
-1.013929 -1.013929 -0.920112 -0.920112 0.290390 0.277720 -1.284539 -1.009511 3.157192 0.962740
-1.013995 -1.013995 -0.920028 -0.920028 0.291378 0.277254 -1.277351 -0.995618 3.165569 0.965345
-1.018673 -1.018673 -0.921825 -0.921825 0.286627 0.271738 -1.275244 -1.000854 3.163280 0.967865
-1.023015 -1.023015 -0.911500 -0.911500 0.294142 0.269059 -1.216019 -1.018381 3.176389 0.963928
-1.023015 -1.023015 -0.911500 -0.911500 0.292096 0.277907 -1.274850 -1.020426 3.141366 0.959864
-1.028910 -1.028910 -0.936347 -0.936347 0.294979 0.286106 -1.293966 -1.035276 3.133070 0.962796
