-0.951179 -0.910307 -2.068897 -3.820663 0.301852 0.275679 -1.253376 -1.098906 3.130513 0.957398
-1.020524 -0.464818 -4.998186 -3.064534 0.287488 0.266862 -1.089792 -1.043199 3.144717 0.964292
-0.935485 -1.427724 0.593130 -3.027598 0.304823 0.260168 -1.296676 -1.085291 3.183917 0.955870
-0.983165 -1.623873 -0.281702 -2.638678 0.300784 0.280453 -1.300000 -1.069648 3.203248 0.957838
-1.017873 -1.377488 -0.131665 -2.295955 0.298615 0.281112 -1.300000 -1.053554 3.157880 0.960051
-1.005762 -1.020184 -1.180834 -0.414285 0.308817 0.318253 -1.300000 -0.935753 3.146648 0.961464
-0.882334 -0.712984 -4.671299 -0.996108 0.329643 0.325243 -1.264932 -0.946467 3.153956 0.962296
-0.942506 -0.674075 -4.460912 -3.975147 0.306853 0.296628 -1.225686 -1.031827 3.126992 0.961164
-1.065060 -1.852266 0.747056 -4.792297 0.284819 0.257733 -1.299990 -1.126962 3.186435 0.964096
-0.949950 -0.838846 -2.262472 -3.326537 0.291357 0.277349 -1.238905 -0.990494 3.157804 0.964464
-0.963481 -0.854759 -2.161114 -3.429446 0.302240 0.285453 -1.244209 -1.035687 3.129386 0.959024
-0.925954 -1.713783 -0.144881 -0.555113 0.312991 0.254312 -1.263814 -1.240792 3.216895 0.959087
-0.936804 -1.426393 -1.241715 0.303885 0.310526 0.279391 -1.300000 -1.081864 3.196537 0.962251
-0.941118 -1.445443 -2.505471 -1.442031 0.306006 0.283892 -1.300000 -1.116771 3.175391 0.960386
-0.901484 -1.598621 -0.329988 -1.899735 0.309267 0.259760 -1.300000 -1.162228 3.216257 0.958231
-1.014144 -1.846506 0.669806 -1.629702 0.294998 0.271323 -1.300000 -1.082549 3.218880 0.957036
-0.949677 -1.578702 -1.874276 -2.385629 0.298929 0.268120 -1.300000 -1.168656 3.195405 0.955947
-1.030947 -0.445745 -4.649273 -4.143501 0.305033 0.311150 -1.137117 -0.987206 3.107304 0.963328
-0.988134 -1.155362 -1.962261 -3.193354 0.297109 0.285065 -1.300000 -1.081660 3.170620 0.959364
-0.926935 -1.183021 -4.599751 -2.939149 0.298981 0.272489 -1.288104 -1.090912 3.218497 0.959336
-0.971152 -1.414090 0.505151 -3.647240 0.306536 0.278950 -1.300000 -1.024321 3.192762 0.958749
-0.987108 -1.182211 -0.539302 -3.551038 0.313008 0.301178 -1.300000 -1.038221 3.160066 0.954071
-0.966562 -1.277349 -0.492600 -2.418471 0.288493 0.258781 -1.299145 -1.123482 3.193103 0.967138
-0.991455 -0.789782 -3.442430 0.454990 0.309407 0.323470 -1.248413 -0.927310 3.120781 0.964498
-0.964999 -0.985246 -2.721959 -3.373241 0.300439 0.281938 -1.276384 -1.106239 3.151337 0.964702
-1.052191 -0.976762 -1.932371 -3.005719 0.289797 0.291387 -1.254948 -1.016880 3.125485 0.965317
-1.051641 -0.498269 -4.309821 -4.334612 0.308041 0.323588 -1.128200 -0.951884 3.121210 0.963635
-0.987121 -0.861530 -2.172336 -2.153890 0.304636 0.305422 -1.261344 -0.997102 3.149163 0.965913
-0.999128 -0.969962 -0.946331 -2.134918 0.314088 0.312198 -1.283242 -1.001704 3.142697 0.963972
-1.005973 -0.784208 -3.009167 -3.938174 0.303118 0.301756 -1.248809 -1.048477 3.121816 0.962297
-1.017774 -0.846304 -1.757517 -0.891499 0.303304 0.314929 -1.249612 -0.909473 3.144047 0.964520
-1.038876 -0.877773 -1.758085 -1.151500 0.303355 0.318210 -1.252268 -0.948374 3.119951 0.968634
-0.948854 -1.173020 -0.142461 -2.727661 0.303908 0.276173 -1.300000 -1.059085 3.189850 0.964488
-1.022717 -1.031688 -2.073615 -4.426091 0.290266 0.288084 -1.271127 -1.056044 3.160649 0.965984
-0.996970 -2.187437 0.260514 -0.167090 0.307994 0.298498 -1.300000 -1.009274 3.218880 0.945411
-1.022873 -0.863454 -1.914326 -4.793478 0.300473 0.301711 -1.238802 -1.014724 3.160703 0.966323
-0.971329 -0.890251 -2.856015 -0.498696 0.306818 0.300445 -1.284621 -1.004350 3.161420 0.963806
-0.993766 -1.872741 0.925588 -2.176272 0.300852 0.259850 -1.300000 -1.169636 3.209516 0.965105
-1.039166 -0.686713 -2.776432 -1.017996 0.307121 0.309085 -1.170741 -0.982593 3.120618 0.959754
-0.956448 -1.086808 -1.771921 -2.026763 0.307023 0.283932 -1.298758 -1.163080 3.156220 0.965036
-0.929490 -1.197850 -4.901425 0.909479 0.296016 0.265943 -1.290771 -1.149873 3.216474 0.970822
-0.983238 -0.766183 -4.338371 -2.221532 0.305516 0.312480 -1.248609 -1.005009 3.125230 0.966370
-1.025643 -0.138006 -4.392424 -1.623079 0.306655 0.314505 -1.035261 -0.913133 3.037822 0.965487
-1.074123 -0.425569 -2.171182 -1.650973 0.287428 0.260852 -1.082077 -1.052727 3.131127 0.966649
-0.966956 -1.098339 -0.715632 -2.361979 0.310620 0.297750 -1.299916 -1.024953 3.174669 0.963097
-1.016375 -1.032952 -3.329392 0.156193 0.293045 0.322993 -1.279931 -0.882322 3.161616 0.965227
-0.979572 -1.380838 -0.495999 -1.127146 0.306094 0.277684 -1.300000 -1.109429 3.188967 0.960297
-1.023980 -1.317332 -0.305371 -4.968304 0.280706 0.266914 -1.300000 -1.094050 3.153117 0.966910
-1.003996 -1.239924 -0.364635 -4.389980 0.294117 0.275555 -1.299865 -1.074438 3.175811 0.962734
-1.021338 -1.072127 -2.299237 0.831320 0.308263 0.319547 -1.300000 -0.956916 3.155229 0.959675
-0.979646 -1.241310 -4.835358 -2.958426 0.296981 0.277549 -1.300000 -1.121745 3.177370 0.957470
-0.920214 -1.154594 -3.244461 -3.713360 0.310705 0.298709 -1.300000 -1.020737 3.189124 0.959636
-0.952544 -0.804496 -3.536054 -1.699840 0.314293 0.297368 -1.244079 -1.051746 3.153864 0.959416
-0.992455 -1.337053 0.679317 -3.901670 0.302465 0.270014 -1.300000 -1.106916 3.178168 0.961089
-1.035507 -0.844907 -4.850424 -2.637883 0.293091 0.301447 -1.232477 -0.991957 3.151760 0.961878
-0.991013 -1.000625 -2.667141 -3.853374 0.311259 0.299725 -1.295429 -1.088897 3.154028 0.963906
-1.023482 -0.339757 -2.163240 -3.545502 0.294688 0.275460 -1.079212 -1.012684 3.081981 0.965150
