-1.048496 -0.606851 -4.830854 0.467815 0.291344 0.292276 -1.165891 -1.028388 3.129230 0.961032
-1.002452 -1.095136 -1.103891 -2.368900 0.299321 0.287115 -1.285783 -1.049495 3.170527 0.965093
-0.998673 -0.727662 -4.385409 -4.561750 0.300212 0.300887 -1.224243 -1.014539 3.117899 0.961092
-0.910726 -1.253445 -1.229987 -3.113930 0.318428 0.286117 -1.300000 -1.119188 3.165720 0.954827
-0.956691 -1.548851 0.068487 -3.025943 0.302149 0.257777 -1.300000 -1.176235 3.213724 0.953629
-1.051411 -0.434086 -3.616890 -3.294391 0.296455 0.316805 -1.142340 -0.900382 3.105331 0.967984
-1.030641 -1.701808 -1.629402 0.681423 0.298844 0.282614 -1.299888 -1.075562 3.190143 0.953146
-0.974398 -1.248427 -0.861261 -2.235331 0.310170 0.284229 -1.300000 -1.121505 3.164522 0.960151
-0.991405 -1.726935 0.878834 -2.062312 0.307930 0.268183 -1.300000 -1.123354 3.215544 0.959975
-0.997517 -1.375715 -1.338220 -1.701996 0.302822 0.287198 -1.300000 -1.132613 3.198279 0.968938
-1.029411 -0.546706 -2.206818 -2.618571 0.304466 0.301035 -1.149463 -0.960017 3.120840 0.960914
-0.945246 -2.364642 0.976595 -1.851982 0.301758 0.241161 -1.300000 -1.270144 3.218880 0.952747
-1.046682 -0.445748 -3.783918 -2.180220 0.287068 0.291816 -1.159434 -0.987632 3.075873 0.965807
-0.963806 -1.442027 -1.459046 -0.129885 0.292195 0.256274 -1.299947 -1.138296 3.216823 0.964705
-0.934921 -1.333099 -1.970450 -0.454978 0.301468 0.264434 -1.299997 -1.146397 3.173410 0.959198
-0.939071 -1.208972 -1.847679 0.787199 0.318456 0.301276 -1.300000 -1.050381 3.161148 0.955985
-0.965395 -0.286516 -4.212040 -4.251061 0.303995 0.280919 -1.053536 -1.007544 3.087816 0.963859
-1.033305 -0.507435 -4.617384 -0.074383 0.302409 0.318843 -1.173314 -0.957014 3.087521 0.962240
-1.088598 -0.954435 -0.686154 -1.866850 0.290170 0.291400 -1.239691 -1.011385 3.133085 0.961641
-1.051031 -0.906227 -1.324841 -2.328997 0.289238 0.311965 -1.277880 -0.930914 3.121603 0.966877
-0.957951 -1.200195 0.135710 -3.384588 0.309310 0.285765 -1.300000 -1.046498 3.142177 0.960040
-0.928994 -1.057016 -1.709706 -2.141288 0.317617 0.312393 -1.300000 -0.971341 3.159177 0.961421
-1.048745 -0.518834 -2.099122 -4.919348 0.288883 0.273904 -1.121747 -1.008996 3.148201 0.961847
-1.015339 -1.660384 0.292352 -1.566134 0.296409 0.262741 -1.300000 -1.139404 3.192853 0.950532
-0.982553 -1.771776 0.976214 -2.075458 0.306828 0.267375 -1.300000 -1.128748 3.213324 0.958969
-0.976997 -1.349350 0.270336 -3.178075 0.304941 0.274493 -1.299208 -1.041354 3.180370 0.960096
-1.004937 -0.858787 -2.434984 -1.198368 0.301302 0.311945 -1.273999 -0.965960 3.127924 0.960301
-1.093821 -0.216489 -2.566435 -3.044058 0.291431 0.279006 -1.028481 -1.029954 3.064533 0.964122
-1.000066 -0.698378 -3.574881 -1.882417 0.298355 0.279974 -1.160321 -1.054755 3.144233 0.966020
-1.006501 -1.073575 -4.946604 0.394690 0.292883 0.282023 -1.299914 -1.098717 3.149655 0.965495
-0.998318 -0.878302 -1.027068 -1.681717 0.306074 0.320727 -1.274974 -0.893068 3.137065 0.963412
-1.012740 -1.058538 -2.071387 -0.754849 0.290900 0.267012 -1.265828 -1.110144 3.168996 0.964514
-0.956310 -0.960702 -1.669865 -3.085721 0.311308 0.285549 -1.253907 -1.075008 3.166461 0.959958
-1.030762 -1.453661 -0.796178 -1.050576 0.297946 0.302614 -1.299983 -0.973978 3.193578 0.957086
-0.995317 -0.824054 -1.734635 -4.293012 0.307785 0.295856 -1.227077 -1.042561 3.157106 0.964284
-1.020931 -0.548106 -4.188345 -3.771128 0.307321 0.315769 -1.191988 -0.994759 3.109484 0.964692
-0.895328 -1.542158 0.323305 -3.611390 0.312416 0.265185 -1.300000 -1.083071 3.217832 0.954189
-0.988550 -1.511062 -0.501401 -0.511900 0.282616 0.243434 -1.277951 -1.157569 3.213948 0.965120
-0.932171 -2.635490 0.049718 -0.093115 0.295920 0.240000 -1.300000 -1.257916 3.218880 0.951121
-0.958589 -1.671249 -0.162999 -4.021688 0.304161 0.271331 -1.300000 -1.166729 3.210800 0.960754
-1.004658 -0.919545 -1.082180 -3.812193 0.289014 0.275461 -1.278431 -1.057297 3.161715 0.968664
-1.007362 -0.371315 -2.624698 -2.210473 0.301982 0.291172 -1.144829 -1.021630 3.097410 0.968187
-1.006357 -0.994848 -2.148741 -2.240103 0.301841 0.307866 -1.272006 -1.001755 3.140769 0.962082
-0.949868 -1.705326 0.408377 -2.775764 0.304177 0.261774 -1.297339 -1.119686 3.218569 0.959842
-0.920983 -0.764030 -3.871768 -0.780688 0.322096 0.328542 -1.273838 -0.925534 3.149935 0.957870
-1.002471 -0.491703 -1.376983 -3.587579 0.317663 0.304430 -1.145484 -0.977535 3.100977 0.956937
-0.962044 -1.453686 -3.226235 -0.698577 0.288023 0.253572 -1.300000 -1.237994 3.218681 0.963509
-0.953761 -1.533700 0.046398 -4.230396 0.300198 0.259245 -1.300000 -1.150546 3.202371 0.960265
-1.071261 -1.145774 -1.339390 -3.314959 0.287433 0.281661 -1.289862 -1.116662 3.142930 0.961536
-0.974925 -1.244502 -0.069971 -2.345325 0.311683 0.291446 -1.300000 -1.065128 3.181689 0.967184
-1.022140 -0.668279 -4.695221 -1.338965 0.295035 0.306752 -1.214891 -0.972857 3.112160 0.961236
-1.006737 -1.204871 -0.204856 -2.963496 0.301685 0.293298 -1.300000 -1.033231 3.153625 0.964818
-1.021052 -0.703971 -4.156032 -3.589810 0.306617 0.310881 -1.235926 -1.035092 3.116732 0.960859
-0.989192 -0.811130 -2.553962 -4.638165 0.294163 0.296010 -1.250416 -0.978209 3.145591 0.965920
-0.938026 -1.831841 0.774481 -1.767120 0.304167 0.256378 -1.300000 -1.163984 3.218880 0.961837
-0.968885 -0.337319 -4.675098 0.083193 0.312472 0.307854 -1.112856 -0.947824 3.086470 0.963130
-0.969884 -0.521021 -2.392103 -1.822219 0.296015 0.276998 -1.152471 -0.983438 3.117823 0.959289
-1.002594 -2.316482 0.355497 0.258372 0.299580 0.254938 -1.300000 -1.130625 3.218880 0.949823
