-1.015067 -1.015067 -1.128775 -1.128775 0.290664 0.295558 -1.298283 -0.990452 3.032003 0.962788
-1.004938 -1.004938 -1.127956 -1.127956 0.289712 0.295701 -1.299862 -0.910822 3.137649 0.962651
-1.005059 -1.005059 -1.127137 -1.127137 0.284199 0.276862 -1.285002 -0.970485 3.028612 0.963535
-1.005059 -1.005059 -1.127137 -1.127137 0.292502 0.294682 -1.265504 -0.942113 3.218085 0.961791
-1.005059 -1.005059 -1.127137 -1.127137 0.288312 0.293233 -1.300000 -0.957913 3.022328 0.964954
-1.007152 -1.007152 -1.127594 -1.127594 0.290481 0.292785 -1.300000 -0.989010 3.218880 0.954934
-1.008392 -1.008392 -1.115256 -1.115256 0.290281 0.290762 -1.300000 -1.014531 3.218880 0.959757
-1.037537 -1.037537 -1.049744 -1.049744 0.280757 0.270955 -1.290465 -1.066657 3.218880 0.958533
-1.037104 -1.037104 -1.050669 -1.050669 0.291187 0.304136 -1.299920 -0.954761 3.211696 0.964590
-1.006345 -1.006345 -0.844998 -0.844998 0.300194 0.284593 -1.274567 -1.020879 3.049164 0.965041
-1.033638 -1.033638 -0.732748 -0.732748 0.300804 0.289348 -1.270677 -0.968855 3.029426 0.964680
-1.034952 -1.034952 -0.738283 -0.738283 0.294839 0.281582 -1.269724 -0.966186 2.971175 0.964796
-1.034717 -1.034717 -0.744102 -0.744102 0.291968 0.268357 -1.246659 -1.040411 3.170828 0.964626
-1.034717 -1.034717 -0.744102 -0.744102 0.291005 0.264247 -1.221359 -1.040486 3.154861 0.965345
-1.038273 -1.038273 -0.740060 -0.740060 0.280657 0.270654 -1.276589 -0.973022 2.960370 0.967736
-1.040936 -1.040936 -0.731193 -0.731193 0.290622 0.270646 -1.253061 -1.028408 3.207909 0.965756
-1.043694 -1.043694 -0.700402 -0.700402 0.297237 0.288063 -1.282164 -0.966197 3.043629 0.963558
-1.045272 -1.045272 -0.700837 -0.700837 0.295254 0.297256 -1.300000 -0.942969 3.153497 0.959111
-1.045627 -1.045627 -0.710665 -0.710665 0.292122 0.283296 -1.300000 -1.059490 3.218880 0.954781
-1.023442 -1.023442 -0.861874 -0.861874 0.292008 0.283260 -1.299448 -0.988878 3.115248 0.961359
-1.029207 -1.029207 -0.878968 -0.878968 0.300859 0.306032 -1.299927 -0.951065 3.113947 0.958885
-1.037100 -1.037100 -0.816146 -0.816146 0.298232 0.305730 -1.292888 -0.970927 3.218880 0.959441
-1.037052 -1.037052 -0.815946 -0.815946 0.282503 0.260489 -1.248916 -1.000836 3.186557 0.962103
-1.040504 -1.040504 -0.777538 -0.777538 0.285713 0.273751 -1.299742 -1.062058 3.218880 0.950809
-1.040756 -1.040756 -0.777135 -0.777135 0.292595 0.293599 -1.299857 -0.939202 3.204004 0.960645
-1.040900 -1.040900 -0.777525 -0.777525 0.283414 0.257505 -1.244486 -1.090563 3.189075 0.960857
-1.042250 -1.042250 -0.791629 -0.791629 0.283269 0.259065 -1.233149 -1.024309 3.136473 0.968599
-1.043184 -1.043184 -0.787988 -0.787988 0.283714 0.277901 -1.278117 -0.995328 3.108140 0.965456
-1.043184 -1.043184 -0.787988 -0.787988 0.283101 0.254608 -1.177173 -0.984027 3.073836 0.962715
-1.041881 -1.041881 -0.794368 -0.794368 0.280225 0.268649 -1.293365 -1.000712 3.090656 0.961478
-1.045218 -1.045218 -0.801466 -0.801466 0.286200 0.275859 -1.291638 -1.019366 3.198738 0.964249
-1.045109 -1.045109 -0.801654 -0.801654 0.288986 0.286049 -1.300000 -1.005650 3.215749 0.964199
-1.044577 -1.044577 -0.798519 -0.798519 0.282519 0.268569 -1.294209 -1.032174 3.218880 0.963255
-1.044577 -1.044577 -0.798519 -0.798519 0.281486 0.262213 -1.261770 -1.018905 3.207974 0.966586
-1.050648 -1.050648 -0.811026 -0.811026 0.285680 0.282586 -1.286658 -0.968229 3.002905 0.963749
-1.051015 -1.051015 -0.811289 -0.811289 0.283285 0.274483 -1.281122 -0.996040 3.118661 0.966957
-1.053987 -1.053987 -0.796499 -0.796499 0.286197 0.263484 -1.261398 -1.067767 3.163732 0.964639
-1.056393 -1.056393 -0.793462 -0.793462 0.289314 0.256930 -1.204363 -1.096151 2.969451 0.966067
-1.053232 -1.053232 -0.838202 -0.838202 0.293991 0.293410 -1.300000 -1.025784 3.218880 0.955970
-1.054296 -1.054296 -0.839348 -0.839348 0.294164 0.295265 -1.287025 -0.963785 3.155073 0.962337
-1.054745 -1.054745 -0.859493 -0.859493 0.294073 0.279474 -1.279662 -1.059327 3.218880 0.953257
-1.060514 -1.060514 -0.858763 -0.858763 0.283560 0.255242 -1.195896 -1.047080 3.145247 0.965522
-1.052550 -1.052550 -0.862993 -0.862993 0.289086 0.295854 -1.300000 -0.978222 3.218880 0.960080
-1.055961 -1.055961 -0.883712 -0.883712 0.287598 0.283303 -1.279324 -0.978861 3.148768 0.963667
-1.071618 -1.071618 -0.879398 -0.879398 0.290179 0.298169 -1.293348 -0.989517 3.163453 0.966160
-1.064197 -1.064197 -0.902304 -0.902304 0.284837 0.276686 -1.284807 -1.020878 3.189587 0.964975
-1.061412 -1.061412 -0.903657 -0.903657 0.285292 0.285526 -1.280718 -0.972904 3.207973 0.962027
-1.061412 -1.061412 -0.903657 -0.903657 0.286213 0.279822 -1.265688 -1.014075 3.217039 0.957912
-1.064754 -1.064754 -0.898866 -0.898866 0.283503 0.285337 -1.294534 -1.020290 3.218880 0.963575
-1.064754 -1.064754 -0.898866 -0.898866 0.281707 0.279542 -1.277889 -0.964796 3.131325 0.962431
-1.062136 -1.062136 -0.909596 -0.909596 0.284150 0.286476 -1.298412 -0.969445 3.050580 0.967825
-1.056396 -1.056396 -0.849369 -0.849369 0.281447 0.255500 -1.232673 -1.090089 3.056038 0.965778
-1.061580 -1.061580 -0.848239 -0.848239 0.276789 0.253791 -1.234929 -1.047474 3.212474 0.964877
-1.062969 -1.062969 -0.848024 -0.848024 0.280876 0.264020 -1.203380 -0.983335 2.995686 0.966441
-1.065700 -1.065700 -0.851166 -0.851166 0.277339 0.272893 -1.280906 -0.968576 2.969915 0.965852
-1.066548 -1.066548 -0.849610 -0.849610 0.278576 0.278038 -1.300000 -0.981124 3.049463 0.968868
-1.084119 -1.084119 -0.801015 -0.801015 0.281701 0.268713 -1.263712 -1.017441 2.996530 0.965959
