-0.985195 -0.288254 0.298463 0.298160 -1.065138 -1.031354 3.115088 0.970606
-0.881821 -0.646742 0.298819 0.315457 -1.107697 -0.970196 3.150241 0.966648
-1.074757 0.074488 0.307740 0.323766 -1.015044 -0.943613 3.060378 0.964310
-0.953745 -0.627571 0.294389 0.324006 -1.131633 -0.958214 3.156146 0.969790
-1.014150 -0.256143 0.289492 0.297294 -1.077383 -1.002292 3.091719 0.965374
-0.950723 -0.541874 0.289206 0.294968 -1.131758 -1.068307 3.125184 0.967673
-0.992272 -0.573684 0.284995 0.288910 -1.145179 -1.083898 3.141194 0.964511
-1.007123 -0.179087 0.298013 0.289381 -1.031905 -1.036157 3.098446 0.962606
-1.021352 -0.193700 0.302184 0.327468 -1.063161 -0.919990 3.110214 0.967138
-0.978084 -0.369912 0.287686 0.281442 -1.049835 -1.042913 3.125679 0.963645
-1.100257 0.194008 0.306982 0.316343 -1.016247 -0.959695 3.030332 0.961195
-0.820746 -1.130366 0.306980 0.311899 -1.011470 -0.990377 3.033375 0.964736
-0.987119 -0.339834 0.306358 0.321378 -1.068210 -0.984398 3.086673 0.970408
-0.980905 -0.366471 0.294294 0.304011 -1.073388 -1.000275 3.083098 0.967544
-0.986180 -0.192835 0.298365 0.303518 -1.019296 -0.933015 3.089982 0.959054
-0.839379 -0.745988 0.300124 0.302266 -1.007365 -0.990208 3.074463 0.964036
-0.967234 -0.264642 0.300515 0.305498 -1.050084 -1.027231 3.064509 0.966569
-1.062814 -0.079516 0.286777 0.302540 -1.073102 -0.991423 3.080607 0.968870
-0.852705 -0.545444 0.301297 0.305883 -1.081990 -1.016904 3.111073 0.964825
-1.005469 -0.091414 0.303695 0.305074 -1.009504 -0.969344 3.097181 0.963315
-1.005324 -0.251554 0.297724 0.302671 -1.074192 -1.065062 3.061643 0.969028
-0.895021 -0.315888 0.304436 0.295177 -0.981767 -0.988304 3.090385 0.962615
-0.810230 -0.684855 0.304779 0.295019 -1.053487 -1.010839 3.162312 0.961977
-0.995417 -0.336395 0.291327 0.314304 -1.083001 -0.932121 3.155207 0.971375
-1.137129 0.205078 0.287919 0.298405 -1.066844 -1.044593 3.054160 0.968562
-1.104664 0.098010 0.298956 0.310595 -1.044004 -1.022426 3.079633 0.969129
-0.936389 -0.516526 0.295078 0.313027 -1.102209 -0.998438 3.107974 0.963930
-0.906685 -0.688627 0.306349 0.327021 -1.091625 -0.967305 3.142571 0.960703
-1.084633 -0.030512 0.297859 0.299895 -1.059670 -1.048626 3.062560 0.967102
-0.944876 -0.438388 0.302153 0.321075 -1.095947 -0.995871 3.077407 0.966912
-0.776056 -1.383967 0.307472 0.337691 -1.072234 -0.912189 3.085242 0.962894
-1.012881 -0.054625 0.307483 0.314349 -1.001555 -0.952625 3.092397 0.965774
-0.922805 -0.321298 0.302099 0.296285 -1.006130 -1.018337 3.109192 0.964516
-1.056034 0.064408 0.298384 0.296294 -1.011284 -1.031995 3.034638 0.962516
-0.966396 -0.311777 0.302043 0.296240 -1.041502 -1.033006 3.114695 0.960014
-0.977703 -0.319802 0.288078 0.277771 -1.053827 -1.077431 3.080170 0.964550
-1.065533 0.127265 0.303815 0.302816 -1.003936 -1.028988 3.023294 0.971064
-1.090795 -0.298908 0.291839 0.314933 -1.150073 -0.999397 3.097417 0.965313
-1.024309 -0.120551 0.289630 0.307908 -1.039083 -0.931697 3.095463 0.964851
-0.982775 -0.277467 0.300216 0.312131 -1.074732 -0.986739 3.120020 0.970386
-0.906171 -0.474209 0.295225 0.303061 -1.043530 -0.948831 3.165378 0.965067
-1.043720 0.041480 0.303759 0.312505 -1.047564 -1.020100 3.027475 0.965279
-0.888739 -0.667698 0.289668 0.296971 -1.111651 -1.014440 3.147530 0.963347
-0.989663 -0.300712 0.298103 0.297810 -1.062964 -1.033347 3.120655 0.965671
-0.936496 -0.558824 0.292561 0.302684 -1.120977 -1.024962 3.143165 0.967978
-0.929168 -0.782148 0.296346 0.314895 -1.092146 -0.973640 3.141644 0.964910
-1.061489 0.116689 0.300457 0.312634 -1.005085 -0.952635 3.062861 0.964684
-0.890216 -0.615304 0.300238 0.315898 -1.089084 -0.965742 3.166040 0.966781
-0.748099 -0.963755 0.300494 0.323588 -1.088925 -0.944939 3.163148 0.965981
-0.969530 -0.126146 0.312383 0.307869 -0.971423 -0.984839 3.063957 0.962681
-1.009085 -0.342170 0.295228 0.315050 -1.076071 -0.950434 3.109366 0.960633
-0.922981 -0.711120 0.290310 0.295221 -1.096067 -1.062254 3.102088 0.965327
-0.971096 -0.385819 0.290976 0.286186 -1.073824 -1.063789 3.132020 0.967620
-0.945155 -0.257907 0.312458 0.313754 -1.004200 -0.964161 3.119267 0.954121
-0.946280 -0.561129 0.288629 0.301675 -1.128760 -1.020407 3.139532 0.967725
-1.049819 -0.225921 0.289486 0.303200 -1.085102 -1.020255 3.101452 0.965447
-0.879948 -0.534415 0.303388 0.311255 -1.069680 -0.980139 3.128734 0.966242
-1.034323 -0.028336 0.307681 0.321582 -1.016945 -0.940693 3.066266 0.965269
-0.972423 -0.502240 0.293657 0.311504 -1.126839 -1.003176 3.142451 0.964491
-0.890480 -0.501262 0.313640 0.317359 -1.055242 -1.020399 3.088223 0.964378
-1.025375 -0.458001 0.289606 0.298300 -1.150349 -1.089253 3.127272 0.966774
-1.012371 -0.383339 0.289752 0.305284 -1.109409 -0.999990 3.108892 0.967700
-0.985056 -0.417527 0.288499 0.303884 -1.084234 -0.989609 3.125014 0.966604
-1.153306 0.347427 0.295205 0.292331 -0.994569 -1.008122 2.993542 0.963616
-1.124354 0.144393 0.297633 0.317545 -1.054330 -0.960462 3.012756 0.964598
-1.123009 0.040723 0.290643 0.309359 -1.059550 -0.971571 3.071006 0.968474
-0.833550 -0.963231 0.288659 0.297035 -1.061249 -1.008022 3.074256 0.970902
-0.987043 -0.565420 0.286785 0.292359 -1.132204 -1.071472 3.138749 0.963048
-0.938996 -0.606258 0.289825 0.320541 -1.105944 -0.906649 3.139409 0.966142
-1.039038 -0.068824 0.299754 0.290610 -1.018512 -1.034677 3.108981 0.959560
-0.991952 -0.497688 0.290799 0.318831 -1.123183 -0.940567 3.152964 0.966773
-1.015051 -0.228891 0.288308 0.276351 -1.050427 -1.071443 3.109195 0.968882
-0.969620 -0.461516 0.299432 0.310661 -1.083355 -0.982307 3.127899 0.964435
-1.026725 -0.095333 0.308906 0.320035 -1.007541 -0.978318 3.080715 0.962718
-1.096246 0.013308 0.290548 0.297647 -1.059399 -1.019235 3.057171 0.965462
-0.938265 -0.473909 0.301366 0.304780 -1.054215 -0.999027 3.142145 0.964581
-1.060907 -0.146959 0.303351 0.315698 -1.068199 -1.003346 3.100981 0.965847
-0.940780 -0.600058 0.286415 0.282377 -1.100753 -1.070341 3.121925 0.964352
-0.877055 -0.779353 0.288288 0.294067 -1.115456 -1.027318 3.118963 0.965270
-0.948831 -0.424293 0.295155 0.294677 -1.084500 -1.045520 3.116325 0.961685
-0.961807 -0.443749 0.295665 0.305841 -1.091602 -1.001387 3.135472 0.963617
-0.870825 -1.093693 0.290599 0.281520 -1.055264 -1.057519 3.171174 0.964503
-1.034323 0.064445 0.295060 0.293498 -1.010382 -1.037663 3.051077 0.967069
-1.067977 0.026762 0.304176 0.324572 -1.059308 -0.979682 3.027911 0.968872
-1.076451 0.007552 0.296350 0.305716 -1.074767 -1.055549 3.054131 0.964128
-0.964750 -0.429392 0.292978 0.297946 -1.082467 -1.015599 3.115157 0.965964
-1.063048 0.009390 0.295576 0.315575 -1.033295 -0.932718 3.075535 0.967867
-1.134556 0.170440 0.288693 0.293718 -1.038185 -1.026461 3.047045 0.963099
-0.971144 -0.295429 0.301941 0.305068 -1.070283 -1.055828 3.054759 0.964133
-1.005744 -0.188274 0.291417 0.290533 -1.082203 -1.067653 3.054875 0.969410
-1.099027 0.171555 0.285748 0.305044 -1.043193 -0.972386 3.005037 0.974668
