-0.984107 -0.984107 -1.125508 -1.125508 0.297591 0.284147 -1.286146 -1.027537 3.062814 0.963364
-0.965582 -0.965582 -1.297016 -1.297016 0.290217 0.251023 -1.174316 -1.084438 3.117118 0.964077
-0.984454 -0.984454 -1.190411 -1.190411 0.308403 0.308264 -1.300000 -1.051757 3.218880 0.961770
-1.070159 -1.070159 -1.002947 -1.002947 0.290349 0.292649 -1.289703 -1.022604 3.214520 0.961371
-1.040234 -1.040234 -1.168029 -1.168029 0.293704 0.302788 -1.300000 -0.985230 3.112137 0.967331
-1.004191 -1.004191 -1.153238 -1.153238 0.309002 0.308877 -1.287530 -0.980346 3.070373 0.964634
-0.988764 -0.988764 -1.054517 -1.054517 0.299420 0.298747 -1.288383 -0.944878 2.990602 0.965163
-0.948648 -0.948648 -1.294823 -1.294823 0.295131 0.285891 -1.300000 -1.058538 3.218880 0.960931
-0.971140 -0.971140 -1.297067 -1.297067 0.315825 0.316133 -1.300000 -1.013426 3.078209 0.964993
-1.046621 -1.046621 -1.264558 -1.264558 0.287450 0.306887 -1.286602 -0.942674 3.170599 0.960237
-0.971269 -0.971269 -1.074466 -1.074466 0.310895 0.291750 -1.278826 -1.062278 3.198191 0.961623
-1.005977 -1.005977 -1.146636 -1.146636 0.296716 0.303038 -1.300000 -0.939758 3.156180 0.962388
-1.018283 -1.018283 -1.148903 -1.148903 0.293519 0.283250 -1.273924 -1.036540 3.190388 0.964080
-0.998774 -0.998774 -1.277914 -1.277914 0.290834 0.293856 -1.300000 -1.006558 3.165841 0.965816
-1.029820 -1.029820 -1.157091 -1.157091 0.300640 0.291061 -1.264012 -1.050252 3.147270 0.963161
-1.022862 -1.022862 -1.153434 -1.153434 0.291143 0.279293 -1.273081 -1.059743 3.218880 0.958598
-0.947756 -0.947756 -1.031476 -1.031476 0.309752 0.280909 -1.291668 -1.116580 3.171602 0.958134
-1.026820 -1.026820 -0.796286 -0.796286 0.301934 0.286192 -1.237856 -0.987057 3.051512 0.965439
-1.004244 -1.004244 -1.098165 -1.098165 0.285488 0.273143 -1.262591 -1.033252 2.971024 0.967706
-1.005356 -1.005356 -1.061003 -1.061003 0.288689 0.267834 -1.244484 -1.034013 3.130802 0.968216
-1.004410 -1.004410 -1.161615 -1.161615 0.296809 0.274160 -1.245438 -1.084758 3.217714 0.955290
-0.992567 -0.992567 -0.893663 -0.893663 0.295763 0.273128 -1.243986 -1.029191 2.979028 0.964858
-1.014755 -1.014755 -1.234255 -1.234255 0.286213 0.296027 -1.300000 -0.963484 3.204996 0.967138
-0.965719 -0.965719 -0.872699 -0.872699 0.295710 0.264453 -1.233723 -1.048682 3.046781 0.965592
-1.028166 -1.028166 -1.225459 -1.225459 0.301588 0.308782 -1.300000 -0.980500 3.076365 0.959818
-0.979652 -0.979652 -1.165579 -1.165579 0.309370 0.310097 -1.298028 -0.956620 2.988748 0.963105
-0.947799 -0.947799 -1.155352 -1.155352 0.293781 0.263725 -1.227123 -1.025067 3.091611 0.958818
-1.038090 -1.038090 -0.938901 -0.938901 0.291632 0.269686 -1.241538 -1.050863 3.166014 0.964352
-1.008308 -1.008308 -0.895641 -0.895641 0.312204 0.309752 -1.287393 -0.999486 3.075873 0.961030
-1.015054 -1.015054 -1.266329 -1.266329 0.297104 0.285539 -1.292756 -1.083779 3.202244 0.963610
-1.025986 -1.025986 -1.115057 -1.115057 0.287079 0.285177 -1.300000 -1.004210 2.975913 0.964329
-1.011216 -1.011216 -1.122905 -1.122905 0.290795 0.279277 -1.254936 -0.991983 3.152370 0.961958
-1.016499 -1.016499 -0.871871 -0.871871 0.287495 0.264675 -1.229983 -1.028572 3.213574 0.963874
-0.944295 -0.944295 -1.124972 -1.124972 0.320490 0.314706 -1.298840 -0.999959 2.957816 0.967130
-0.976199 -0.976199 -1.229269 -1.229269 0.305619 0.293342 -1.300000 -1.087500 3.218880 0.951568
-0.982610 -0.982610 -0.957448 -0.957448 0.318899 0.321843 -1.300000 -0.965186 3.166460 0.959645
-1.021666 -1.021666 -0.846948 -0.846948 0.303208 0.287422 -1.284704 -1.031157 3.183981 0.963021
-1.033890 -1.033890 -0.869005 -0.869005 0.286476 0.274463 -1.277790 -1.014221 3.004927 0.964457
-1.005585 -1.005585 -1.227707 -1.227707 0.290693 0.269049 -1.207142 -1.015046 3.009739 0.965771
-1.003583 -1.003583 -1.092766 -1.092766 0.294713 0.292353 -1.280772 -0.969461 3.050783 0.963091
-1.020258 -1.020258 -1.188532 -1.188532 0.285893 0.298659 -1.300000 -0.969081 3.218880 0.957999
-0.968560 -0.968560 -0.881546 -0.881546 0.312877 0.294301 -1.293436 -1.028489 3.181107 0.960724
-1.026518 -1.026518 -0.896647 -0.896647 0.296913 0.287216 -1.300000 -1.035973 3.218453 0.958651
-0.936454 -0.936454 -1.144461 -1.144461 0.319210 0.308073 -1.300000 -1.025659 3.218880 0.957756
-0.966226 -0.966226 -1.167454 -1.167454 0.301360 0.274485 -1.231739 -1.070749 2.971774 0.964669
-1.024264 -1.024264 -0.912797 -0.912797 0.305841 0.279294 -1.216690 -1.053859 2.995750 0.962018
-0.956420 -0.956420 -1.123761 -1.123761 0.311616 0.280299 -1.253614 -1.107746 3.196032 0.964230
-1.045244 -1.045244 -1.253719 -1.253719 0.293414 0.283741 -1.290803 -1.167804 3.218880 0.952007
-1.094188 -1.094188 -1.037817 -1.037817 0.280033 0.288065 -1.285396 -0.988732 3.044852 0.966834
-0.955282 -0.955282 -0.984991 -0.984991 0.308004 0.292466 -1.296197 -1.003106 3.113363 0.956752
-1.015754 -1.015754 -1.209478 -1.209478 0.286325 0.283031 -1.280750 -1.001117 3.218880 0.956502
-0.922115 -0.922115 -1.216147 -1.216147 0.312276 0.286017 -1.300000 -1.111934 3.218880 0.955784
-0.981723 -0.981723 -1.192331 -1.192331 0.294054 0.268205 -1.238961 -1.046625 3.200016 0.966677
-1.001093 -1.001093 -1.121517 -1.121517 0.292310 0.298511 -1.300000 -1.006220 3.218880 0.957247
-0.996205 -0.996205 -0.783262 -0.783262 0.306665 0.265183 -1.213965 -1.122517 3.142163 0.963560
-1.014327 -1.014327 -1.255571 -1.255571 0.285244 0.268288 -1.244923 -1.040148 3.020595 0.965532
-0.986895 -0.986895 -1.191272 -1.191272 0.308764 0.300902 -1.281365 -1.030561 3.174722 0.955377
