-1.015296 -1.015296 -0.877571 -0.877571 0.301939 0.279867 -1.258033 -1.058678 3.132991 0.962945
-1.015469 -1.015469 -0.877317 -0.877317 0.303031 0.278555 -1.239725 -1.059342 3.123998 0.961825
-1.021820 -1.021820 -0.887574 -0.887574 0.295949 0.281009 -1.280463 -1.025739 3.135968 0.966483
-1.021723 -1.021723 -0.896732 -0.896732 0.292306 0.280758 -1.266999 -0.999209 3.118600 0.957529
-1.026590 -1.026590 -0.779923 -0.779923 0.290813 0.277554 -1.292467 -1.019005 3.122816 0.964979
-1.027597 -1.027597 -0.783502 -0.783502 0.293861 0.267569 -1.206925 -0.995527 3.135987 0.955468
-1.029006 -1.029006 -0.758681 -0.758681 0.286982 0.263733 -1.249842 -1.020454 3.143024 0.963419
-1.030199 -1.030199 -0.761756 -0.761756 0.298212 0.299179 -1.300000 -0.954540 3.128292 0.966910
-1.028842 -1.028842 -0.760183 -0.760183 0.292487 0.273660 -1.260950 -1.005671 3.133177 0.962750
-1.044396 -1.044396 -0.800375 -0.800375 0.294050 0.284396 -1.277240 -0.998478 3.128451 0.966144
-1.047236 -1.047236 -0.795798 -0.795798 0.279175 0.266478 -1.281858 -0.995879 3.142063 0.963900
-1.047236 -1.047236 -0.795798 -0.795798 0.278222 0.259572 -1.257138 -1.035575 3.150723 0.969551
-1.049044 -1.049044 -0.808076 -0.808076 0.287558 0.278379 -1.279025 -1.013826 3.131332 0.962476
-1.051745 -1.051745 -0.774698 -0.774698 0.285137 0.260187 -1.247477 -1.080689 3.138876 0.964432
-1.052293 -1.052293 -0.771613 -0.771613 0.293111 0.291681 -1.297723 -0.977447 3.127618 0.962892
-1.055732 -1.055732 -0.778202 -0.778202 0.278174 0.267652 -1.297974 -1.026928 3.148732 0.969982
-1.055208 -1.055208 -0.778359 -0.778359 0.277819 0.262011 -1.275943 -1.031924 3.142783 0.965718
-1.055208 -1.055208 -0.778359 -0.778359 0.284430 0.278845 -1.292252 -0.985467 3.136257 0.964973
-1.055208 -1.055208 -0.778359 -0.778359 0.286004 0.282521 -1.287004 -0.974649 3.119102 0.962933
-1.049357 -1.049357 -0.750227 -0.750227 0.288805 0.266983 -1.238562 -1.049546 3.129167 0.961834
-1.034596 -1.034596 -0.778376 -0.778376 0.297970 0.292310 -1.288282 -0.937845 3.144675 0.959569
-1.038701 -1.038701 -0.783157 -0.783157 0.288709 0.270072 -1.253185 -1.022755 3.127983 0.963415
-1.040726 -1.040726 -0.768892 -0.768892 0.294071 0.282837 -1.293073 -1.042422 3.110152 0.967784
-1.045667 -1.045667 -0.762455 -0.762455 0.281079 0.257932 -1.255305 -1.099337 3.121890 0.968127
-1.045667 -1.045667 -0.762455 -0.762455 0.289775 0.289241 -1.300000 -0.951828 3.137784 0.965767
-1.045109 -1.045109 -0.759958 -0.759958 0.285170 0.273836 -1.288311 -1.012126 3.117020 0.963088
-1.045109 -1.045109 -0.759958 -0.759958 0.285489 0.260349 -1.222826 -1.033645 3.147398 0.965793
-1.044048 -1.044048 -0.767581 -0.767581 0.293377 0.293624 -1.300000 -0.968131 3.113186 0.961813
-1.043295 -1.043295 -0.745100 -0.745100 0.295216 0.282892 -1.278532 -1.020826 3.103090 0.960450
-1.034308 -1.034308 -0.690993 -0.690993 0.298233 0.283902 -1.282890 -1.030489 3.117435 0.967506
-1.031744 -1.031744 -0.704283 -0.704283 0.296377 0.272288 -1.269436 -1.035928 3.135379 0.960182
-1.031905 -1.031905 -0.703540 -0.703540 0.299692 0.279346 -1.272597 -1.020840 3.134838 0.961615
-1.030771 -1.030771 -0.728263 -0.728263 0.303513 0.298450 -1.299873 -0.993862 3.128226 0.965230
-1.033416 -1.033416 -0.729995 -0.729995 0.301019 0.276236 -1.271790 -1.053474 3.136727 0.961654
-1.036643 -1.036643 -0.727393 -0.727393 0.300706 0.284788 -1.268307 -1.020418 3.137382 0.964466
-1.035719 -1.035719 -0.723785 -0.723785 0.290731 0.271354 -1.278262 -1.006438 3.155173 0.964047
-1.035125 -1.035125 -0.725676 -0.725676 0.312661 0.301599 -1.250294 -1.036826 3.102695 0.958471
-1.035125 -1.035125 -0.725676 -0.725676 0.308486 0.292133 -1.280819 -1.037263 3.130276 0.965513
-1.046270 -1.046270 -0.776961 -0.776961 0.295749 0.282833 -1.289258 -1.038801 3.122652 0.963677
-1.046270 -1.046270 -0.776961 -0.776961 0.294004 0.283549 -1.300000 -1.019577 3.126108 0.960495
-1.044312 -1.044312 -0.780348 -0.780348 0.304433 0.301926 -1.290610 -0.973689 3.117313 0.964562
-1.038055 -1.038055 -0.809167 -0.809167 0.298906 0.300597 -1.299491 -0.962302 3.113721 0.960154
-1.038055 -1.038055 -0.809167 -0.809167 0.296480 0.291520 -1.300000 -0.998901 3.116765 0.963296
-1.002289 -1.002289 -0.987475 -0.987475 0.301239 0.297821 -1.286190 -0.977632 3.138580 0.960503
-1.001948 -1.001948 -0.987407 -0.987407 0.294824 0.276104 -1.261345 -1.036858 3.151963 0.963087
-1.001948 -1.001948 -0.987407 -0.987407 0.292589 0.273768 -1.279189 -1.049660 3.146117 0.962460
-1.000514 -1.000514 -0.991160 -0.991160 0.294753 0.265959 -1.233210 -1.094902 3.149838 0.962800
-1.013725 -1.013725 -0.990795 -0.990795 0.295568 0.286163 -1.296203 -1.016830 3.147233 0.966457
-1.013725 -1.013725 -0.990795 -0.990795 0.298758 0.296541 -1.278969 -0.989489 3.140961 0.961708
-1.015201 -1.015201 -1.028448 -1.028448 0.286642 0.260016 -1.268353 -1.136994 3.144239 0.964916
-1.015284 -1.015284 -1.027797 -1.027797 0.292229 0.262378 -1.228109 -1.101826 3.148391 0.963881
-1.015128 -1.015128 -1.027414 -1.027414 0.297369 0.274302 -1.220962 -1.050931 3.142698 0.960039
-1.000773 -1.000773 -0.979152 -0.979152 0.294844 0.279377 -1.284460 -1.031985 3.151313 0.967587
-1.002578 -1.002578 -0.976732 -0.976732 0.304921 0.296634 -1.286257 -1.012107 3.136571 0.964338
-1.002758 -1.002758 -0.973055 -0.973055 0.291749 0.269975 -1.274319 -1.078583 3.144523 0.966665
-1.002758 -1.002758 -0.973055 -0.973055 0.297403 0.282400 -1.254275 -1.020084 3.129988 0.957766
-1.006790 -1.006790 -0.967852 -0.967852 0.301247 0.287335 -1.261044 -1.023374 3.129394 0.959287
-1.012118 -1.012118 -0.981370 -0.981370 0.297448 0.285952 -1.283924 -1.024411 3.127446 0.958740
