-1.034257 -0.686733 -4.743843 -3.031698 0.296869 0.324322 -1.184875 -0.910069 3.127742 0.966360
-1.010998 -1.950842 0.800566 -4.851018 0.315517 0.373560 -1.300000 -0.755590 3.218880 0.956155
-0.952415 -1.021651 -1.360119 -3.796940 0.312173 0.303438 -1.290664 -1.011419 3.153958 0.960721
-0.919805 -0.622309 -3.676384 -4.104130 0.330174 0.320049 -1.182387 -0.940586 3.173563 0.959371
-0.935513 -0.958771 -4.354504 -4.612799 0.306330 0.287945 -1.300000 -1.131118 3.163656 0.967761
-1.006927 -0.510728 -3.732636 0.262457 0.295312 0.276291 -1.133606 -1.070551 3.097429 0.964542
-1.009411 -0.983319 -1.245918 -3.970775 0.295765 0.268468 -1.205130 -1.100735 3.166256 0.965506
-1.009062 -1.372363 -0.556425 -0.548266 0.301238 0.281740 -1.300000 -1.041885 3.146653 0.956773
-1.018975 -1.119739 -0.685835 -3.233292 0.309412 0.307741 -1.297866 -1.023935 3.147617 0.964802
-0.988827 -1.296858 -3.359086 -0.407170 0.300486 0.289940 -1.300000 -1.115469 3.186070 0.960874
-1.000267 -1.350835 -1.777736 0.990503 0.300115 0.278130 -1.300000 -1.129372 3.169269 0.963863
-1.030870 -1.674976 0.426343 -0.702743 0.291438 0.260759 -1.300000 -1.097792 3.186899 0.959458
-1.012933 -1.200822 -4.311199 -2.575817 0.304783 0.326139 -1.298023 -0.969808 3.165012 0.963642
-0.947346 -1.412663 -2.490264 0.339968 0.306300 0.276406 -1.300000 -1.112883 3.190374 0.957443
-1.025562 -0.755574 -2.442835 0.186311 0.307308 0.301191 -1.209560 -1.029391 3.107218 0.965818
-0.944654 -0.714278 -3.639209 -4.559876 0.309529 0.315379 -1.220807 -0.925391 3.147343 0.961147
-0.995133 -1.492369 -2.632198 -0.298730 0.305922 0.345811 -1.299971 -0.836884 3.201158 0.954736
-1.027864 -0.450430 -4.816741 -2.900022 0.293251 0.295073 -1.147531 -0.972433 3.135496 0.966176
-0.961834 -0.634179 -3.943175 -2.138386 0.304667 0.290672 -1.176012 -1.050364 3.083631 0.961144
-0.959573 -0.971845 -3.636989 -0.312986 0.302424 0.292832 -1.280653 -1.026084 3.160683 0.958308
-0.946975 -1.080896 -2.864690 0.551558 0.299925 0.271411 -1.280364 -1.121165 3.192983 0.960857
-1.013185 -0.985162 -0.738367 -0.912525 0.298300 0.280185 -1.244153 -1.035208 3.140523 0.961575
-0.982228 -2.419041 0.408824 0.565016 0.298789 0.245556 -1.300000 -1.202439 3.218880 0.958845
-0.989096 -0.584978 -4.517553 0.187507 0.313335 0.318925 -1.178596 -0.958156 3.110147 0.964793
-0.948672 -0.325150 -3.944979 -4.640367 0.317103 0.306115 -1.097500 -0.960128 3.121656 0.964951
-0.939847 -1.073105 -0.968096 -4.647019 0.317340 0.321701 -1.300000 -0.952025 3.175563 0.957877
-0.958057 -1.031508 -1.709438 -1.052242 0.304708 0.299327 -1.292420 -0.951792 3.170484 0.962455
-1.005909 -1.044171 -4.408624 -1.716977 0.291290 0.319273 -1.300000 -0.904198 3.143690 0.964432
-1.040341 -1.186455 -0.422038 -0.544493 0.304999 0.291679 -1.300000 -1.059176 3.180423 0.970057
-1.017122 -1.104002 -3.239523 -3.315223 0.296294 0.286559 -1.267148 -1.085965 3.200503 0.958358
-0.993109 -1.697492 0.747362 -1.404370 0.288551 0.249388 -1.300000 -1.104984 3.215628 0.959717
-0.997436 -0.230116 -3.985929 -3.549519 0.302748 0.303205 -1.065034 -0.921240 3.083794 0.965533
-1.057104 -1.677507 -0.157117 -1.508949 0.296916 0.275263 -1.300000 -1.142063 3.177726 0.963073
-1.014274 -0.400605 -3.607072 -2.932023 0.304612 0.311451 -1.137273 -0.951887 3.101161 0.968328
-1.034728 -0.901582 -3.595398 -1.541368 0.290200 0.290214 -1.242153 -1.052767 3.157370 0.967283
-0.905948 -1.299174 -2.251411 -0.758882 0.312815 0.278848 -1.300000 -1.079710 3.182253 0.957628
-0.909276 -0.795262 -2.510001 -3.495715 0.314023 0.300838 -1.259296 -0.988311 3.141779 0.960596
-0.969385 -0.433730 -4.654201 0.997555 0.297590 0.287796 -1.150159 -0.971894 3.140042 0.964354
-0.957838 -1.188554 -1.899168 -4.250629 0.289145 0.263562 -1.285912 -1.125285 3.170712 0.960289
-1.014854 -0.718584 -2.007516 -1.889013 0.309688 0.303612 -1.198370 -1.001444 3.144658 0.960634
-1.002669 -0.172778 -4.388188 -4.218881 0.304528 0.281018 -1.019496 -1.027169 3.085843 0.960012
-0.968220 -0.899624 -2.286976 0.429151 0.305805 0.283023 -1.222881 -1.057560 3.138880 0.960781
-0.971248 -1.015242 -3.758206 0.473712 0.306580 0.313507 -1.300000 -0.967610 3.167813 0.961213
-1.069274 -0.545612 -3.797246 -1.017236 0.287111 0.298664 -1.157335 -0.975501 3.105012 0.966362
-0.968248 -1.629868 -1.596239 -1.688313 0.290287 0.262588 -1.300000 -1.121156 3.218880 0.953498
-0.947783 -0.368853 -4.792603 -2.327925 0.319984 0.300617 -1.112902 -1.067637 3.085951 0.964352
-1.091102 -0.675482 -0.760845 -4.114196 0.280665 0.272818 -1.175040 -1.032803 3.133717 0.967387
-0.980633 -1.440821 0.767069 -4.512403 0.288170 0.252479 -1.300000 -1.073189 3.211145 0.960688
-0.983636 -0.961099 -3.030276 -2.874747 0.301087 0.302936 -1.278691 -1.014821 3.149702 0.963154
-0.926866 -0.801027 -4.167605 -1.385213 0.308050 0.306782 -1.248972 -0.952786 3.156422 0.963312
-1.035744 -0.476716 -4.522310 -1.555633 0.287843 0.279476 -1.121273 -1.022382 3.112106 0.966558
-0.973835 -1.277974 -3.223518 -4.975313 0.310438 0.318490 -1.300000 -0.982873 3.179017 0.956870
-0.921733 -1.794061 0.789189 -2.160807 0.312002 0.267313 -1.300000 -1.121380 3.212798 0.965404
-1.044487 -1.009119 -4.868718 -1.601249 0.285277 0.292367 -1.267007 -1.041728 3.162561 0.966494
-1.039654 -0.998532 -3.739092 0.941936 0.291253 0.298654 -1.279233 -1.026362 3.144593 0.962476
-1.020134 -0.730274 -3.520276 0.634828 0.296266 0.289942 -1.206225 -1.019543 3.160715 0.966314
-1.016273 -0.191723 -4.303607 -0.598307 0.310742 0.300507 -1.044980 -0.976407 3.070405 0.962917
