-0.951304 -0.161943 -4.838583 -3.547022 0.323162 0.312355 -1.016002 -0.930822 3.087474 0.957859
-1.031041 -0.671540 -3.231634 -2.848808 0.297588 0.294663 -1.185157 -1.027728 3.124766 0.963115
-1.053508 -0.846121 -3.517809 -0.911023 0.294127 0.301497 -1.245936 -1.034399 3.120489 0.961991
-0.954032 -0.523559 -4.389213 -3.748561 0.307619 0.282436 -1.132408 -1.035009 3.142544 0.955689
-1.099583 -0.622356 -2.114271 -2.333893 0.282174 0.291464 -1.193239 -1.002718 3.112758 0.971282
-1.008297 -1.168862 -0.568417 -2.830115 0.300108 0.283057 -1.300000 -1.060108 3.167057 0.961612
-0.959900 -0.489794 -3.294532 -1.613315 0.320433 0.296833 -1.150254 -1.036265 3.127010 0.958911
-0.972384 -0.590952 -4.609444 -4.464177 0.297423 0.272027 -1.141606 -1.077293 3.134656 0.963342
-0.970608 -0.614286 -2.145574 -0.554296 0.312419 0.301080 -1.205829 -1.018238 3.109223 0.961491
-0.954230 -1.258452 -1.370236 0.556641 0.308584 0.277726 -1.300000 -1.074242 3.194125 0.959992
-0.966048 -1.200101 -0.682994 -1.544403 0.307313 0.286448 -1.300000 -1.064721 3.170781 0.958235
-1.008796 -0.892105 -1.854840 -3.883187 0.291354 0.284402 -1.264420 -1.064809 3.119506 0.961100
-1.039819 -0.741249 -0.877792 -0.595178 0.295461 0.287142 -1.217334 -0.963322 3.121427 0.968854
-0.949171 -1.024246 -3.791900 -4.181269 0.309216 0.327425 -1.300000 -0.913509 3.177323 0.958373
-0.941829 -0.483596 -1.818076 -3.637918 0.311191 0.289332 -1.163820 -1.000123 3.115479 0.962771
-0.956641 -0.789225 -4.804859 0.906519 0.301675 0.285372 -1.213524 -1.039442 3.135922 0.965557
-0.965339 -1.073720 -4.688720 -2.669415 0.299050 0.307462 -1.300000 -0.993265 3.164792 0.963946
-1.065017 -0.359650 -4.329539 -4.450012 0.283319 0.300886 -1.112167 -0.958554 3.078750 0.966835
-1.006005 -0.734453 -2.163882 -3.253190 0.289106 0.255209 -1.123853 -1.044711 3.175718 0.958556
-0.993780 -1.042108 -1.185255 -0.355257 0.303860 0.284830 -1.276019 -1.055920 3.146056 0.961516
-0.978130 -1.315907 -0.927123 -1.907911 0.302819 0.280415 -1.300000 -1.146467 3.180016 0.964808
-0.998402 -0.354414 -4.840066 -0.861925 0.305648 0.310674 -1.109941 -0.946837 3.065930 0.964824
-0.965832 -0.523313 -3.306251 -0.482099 0.320771 0.307320 -1.165138 -0.998972 3.107512 0.957245
-0.946054 -1.696388 -0.529607 -2.910538 0.305318 0.267478 -1.300000 -1.135528 3.218427 0.953750
-1.062821 -1.345522 -2.227691 -1.157746 0.282946 0.289796 -1.300000 -1.011802 3.175932 0.959532
-1.036547 -1.718540 0.633296 -1.017230 0.303169 0.280584 -1.300000 -1.058509 3.206982 0.960177
-1.010600 -0.218037 -4.302765 -3.067621 0.304571 0.289410 -1.041361 -1.013063 3.071143 0.965242
-0.975672 -1.298637 -1.721794 -4.195746 0.284720 0.262397 -1.288403 -1.066521 3.176768 0.963497
-0.996202 -0.737032 -4.991057 -4.466466 0.297636 0.290677 -1.214789 -1.054336 3.120717 0.964796
-0.995407 -1.012518 -4.359207 -1.609246 0.302196 0.311284 -1.287618 -0.998684 3.156436 0.966686
-0.991100 -0.534548 -4.432496 -1.380127 0.300479 0.303711 -1.151455 -0.918869 3.136534 0.963905
-0.956062 -1.138686 -1.390005 -4.644835 0.312090 0.290656 -1.300000 -1.080670 3.154233 0.958960
-0.922607 -2.093889 0.546822 -0.544948 0.311527 0.259291 -1.300000 -1.134001 3.218880 0.948163
-0.982673 -1.449243 -1.655390 -0.802835 0.304080 0.311877 -1.300000 -0.970953 3.198829 0.961508
-0.966630 -0.592586 -2.875186 -2.624458 0.302044 0.285497 -1.179986 -1.035424 3.121035 0.963536
-0.999771 -0.875482 -1.246837 -1.742811 0.302735 0.310362 -1.297341 -0.961893 3.136111 0.968072
-1.035711 -0.127152 -4.718966 -2.573704 0.312778 0.305455 -1.038507 -0.996341 3.072842 0.963687
-1.047347 -0.509391 -3.968815 -0.813507 0.297730 0.303742 -1.162121 -0.977397 3.112254 0.965194
-1.020816 -0.725706 -3.634984 -2.335567 0.294254 0.288685 -1.216582 -1.031917 3.134136 0.962453
-0.916113 -1.094570 -3.366945 0.339857 0.318839 0.288426 -1.300000 -1.157141 3.180070 0.962258
-1.039770 -1.877204 -0.887120 0.954921 0.301674 0.286505 -1.300000 -1.052258 3.182054 0.954574
-1.046018 -0.600849 -1.010008 -3.456151 0.299539 0.306815 -1.198094 -0.925460 3.103051 0.963965
-0.994352 -1.031473 -4.082636 -3.392304 0.294130 0.295728 -1.300000 -1.038257 3.148672 0.965105
-1.037358 -1.334162 -4.292192 -0.539778 0.291226 0.313365 -1.300000 -0.966602 3.192794 0.961486
-0.982166 -0.348812 -3.794164 -0.659229 0.312033 0.308948 -1.102825 -0.942755 3.086990 0.956881
-1.006147 -0.501367 -2.843325 -0.957524 0.296602 0.288042 -1.151644 -0.990262 3.129572 0.966057
-0.938246 -1.748673 -1.326505 0.710523 0.308491 0.268501 -1.300000 -1.094086 3.218880 0.953820
-1.027157 -0.600605 -1.830742 -3.674512 0.293139 0.311787 -1.198050 -0.892821 3.103281 0.968268
-1.003375 -0.687048 -3.247262 0.500897 0.292229 0.292842 -1.222796 -0.966278 3.123129 0.959734
-0.939930 -0.736565 -1.930533 -1.897633 0.330660 0.333032 -1.277572 -0.930337 3.131554 0.959528
-0.978929 -0.574711 -4.431277 -3.225287 0.316454 0.318687 -1.177504 -0.996977 3.106566 0.962126
-0.981669 -1.712653 0.415087 -2.409273 0.300285 0.247971 -1.262978 -1.158266 3.218866 0.955871
-1.090164 -0.523824 -2.394298 -2.191559 0.283564 0.289703 -1.177710 -1.013488 3.093257 0.968341
-1.002149 -0.820279 -3.637452 -4.070462 0.306054 0.305853 -1.237140 -1.044904 3.118367 0.963203
-0.952544 -1.614535 -4.603166 -3.182222 0.297142 0.259620 -1.300000 -1.182136 3.192401 0.955721
-1.029831 -0.539170 -4.251256 -3.659276 0.289235 0.282366 -1.120507 -1.022006 3.143061 0.964549
-1.094161 -1.302697 -0.086553 -4.454861 0.278471 0.304850 -1.300000 -0.953905 3.177398 0.973383
