0.309091 0.304818 -0.969668 -0.967502 3.170970 0.963229
0.313100 0.319142 -0.960475 -0.925442 3.161293 0.963747
0.310312 0.317974 -0.977181 -0.930901 3.210611 0.972940
0.293982 0.305034 -1.014040 -0.955938 3.158228 0.966979
0.299889 0.288384 -0.977017 -1.089823 3.170622 0.969996
0.295323 0.293475 -0.963081 -0.964028 3.204271 0.960692
0.307317 0.310034 -0.960153 -0.967569 3.074253 0.965270
0.304614 0.296521 -0.979411 -1.042146 3.184534 0.957354
0.312694 0.310292 -0.971541 -0.971920 3.205553 0.961301
0.311276 0.323567 -0.988943 -0.920746 3.139536 0.964567
0.303315 0.312572 -0.962934 -0.907173 3.141431 0.963359
0.307345 0.286290 -0.974518 -1.041421 3.115943 0.960199
0.308209 0.313821 -1.009710 -0.988550 3.079438 0.962102
0.311582 0.304101 -0.975185 -1.002669 3.194546 0.970907
0.298242 0.301876 -0.996914 -1.007612 3.104265 0.970031
0.306149 0.305165 -0.987245 -0.974830 3.191101 0.969130
0.292676 0.301122 -1.042545 -1.006994 3.067681 0.966309
0.309159 0.323150 -0.975261 -0.893286 3.126500 0.964300
0.325429 0.313831 -1.002239 -1.049220 3.147617 0.961100
0.322219 0.300949 -0.960189 -1.040506 3.135749 0.968865
0.313826 0.328707 -0.956718 -0.889525 3.166373 0.972071
0.307881 0.308690 -1.009566 -1.044264 3.194906 0.980524
0.322080 0.323996 -0.965643 -0.920024 3.161267 0.958291
0.305478 0.280911 -0.962706 -1.098722 3.131299 0.973109
0.283637 0.272467 -0.942337 -0.973259 3.218880 0.963847
0.316562 0.302041 -0.974123 -1.057424 3.183325 0.965185
0.305535 0.294315 -0.991600 -1.051979 3.116827 0.955540
0.317548 0.308637 -0.992458 -1.014899 3.156669 0.969741
0.306166 0.313294 -0.998275 -0.978803 3.133456 0.967639
0.306096 0.302288 -0.968409 -1.024650 3.195462 0.971303
0.312244 0.310804 -0.967362 -0.984464 3.195897 0.969517
0.309994 0.304054 -0.987136 -0.996451 3.130637 0.960911
0.302590 0.305176 -0.977482 -0.970851 3.134203 0.961593
0.303219 0.315489 -0.980069 -0.964274 3.142725 0.968428
0.303084 0.299845 -0.978919 -0.990395 3.209601 0.970326
0.309880 0.311878 -0.960190 -0.951393 3.159141 0.967308
0.312327 0.306881 -0.989348 -1.011414 3.197286 0.965259
0.295439 0.309585 -0.965392 -0.888146 3.203952 0.967761
0.290115 0.297478 -1.014303 -0.996813 3.131003 0.965733
0.307831 0.297452 -0.972940 -1.031022 3.213862 0.965194
0.315243 0.289991 -0.948997 -1.088647 3.123604 0.961933
0.300007 0.281592 -0.992014 -1.105669 3.170066 0.963690
0.310156 0.307834 -0.964467 -1.025558 3.090726 0.963219
0.298714 0.294195 -0.990411 -1.020791 3.136774 0.966541
0.327127 0.316770 -0.985691 -1.063100 3.012304 0.957880
0.305147 0.308123 -1.034271 -0.975906 3.070048 0.964442
0.323944 0.318857 -0.993176 -1.024775 3.083735 0.965260
0.305601 0.292547 -0.963097 -0.987958 3.171953 0.964802
0.303695 0.299047 -1.001747 -1.045314 3.140470 0.964295
0.302533 0.304771 -1.002421 -0.985017 3.128701 0.967416
0.296826 0.292809 -0.966775 -0.959359 3.123990 0.968175
0.313068 0.307645 -0.990217 -1.035100 3.137709 0.959611
0.300531 0.286295 -0.991122 -1.095831 3.188656 0.974849
0.315247 0.299533 -0.974378 -1.053918 3.146296 0.955269
0.309792 0.283187 -0.952673 -1.091981 3.138893 0.963226
0.318946 0.314194 -0.972071 -1.025443 3.142269 0.966004
0.306456 0.317849 -0.981530 -0.930633 3.116044 0.966119
