-1.030237 -1.030237 -1.016129 -1.016129 0.299972 0.285532 -1.277109 -1.063069 3.149301 0.964243
-1.036990 -1.036990 -1.009606 -1.009606 0.300405 0.293117 -1.288072 -1.025717 3.145841 0.961456
-1.029033 -1.029033 -0.949728 -0.949728 0.308923 0.319741 -1.299734 -0.950006 3.131325 0.964916
-1.028438 -1.028438 -0.952432 -0.952432 0.300219 0.296616 -1.290810 -0.996070 3.138580 0.960654
-1.028513 -1.028513 -0.947641 -0.947641 0.300981 0.300857 -1.299837 -1.014768 3.110937 0.963768
-1.028513 -1.028513 -0.947641 -0.947641 0.303234 0.309800 -1.298656 -0.944814 3.125739 0.961770
-1.028513 -1.028513 -0.947641 -0.947641 0.294723 0.277798 -1.264825 -1.075907 3.131170 0.965730
-1.028513 -1.028513 -0.947641 -0.947641 0.301536 0.301450 -1.299645 -0.999950 3.119500 0.965115
-1.027349 -1.027349 -0.950280 -0.950280 0.298165 0.290924 -1.293586 -1.001336 3.136857 0.964622
-1.024617 -1.024617 -0.947916 -0.947916 0.296325 0.289473 -1.281530 -0.972278 3.138010 0.960657
-1.020219 -1.020219 -0.963011 -0.963011 0.297941 0.281870 -1.255632 -1.016879 3.148538 0.968213
-1.018789 -1.018789 -0.961610 -0.961610 0.295772 0.270868 -1.245879 -1.078904 3.139077 0.966296
-1.015586 -1.015586 -0.979363 -0.979363 0.288537 0.269795 -1.272954 -1.046694 3.146468 0.960587
-1.011124 -1.011124 -1.000889 -1.000889 0.305357 0.302130 -1.292775 -0.982866 3.137832 0.959704
-1.013394 -1.013394 -0.999202 -0.999202 0.300425 0.286991 -1.283804 -1.064189 3.135927 0.964851
-1.012553 -1.012553 -1.007116 -1.007116 0.298775 0.287883 -1.287664 -1.039460 3.135654 0.960857
-1.012553 -1.012553 -1.007116 -1.007116 0.298836 0.284724 -1.274734 -1.023810 3.146774 0.961499
-1.014973 -1.014973 -1.005289 -1.005289 0.300166 0.306923 -1.288519 -0.935790 3.132259 0.959845
-1.016910 -1.016910 -1.049821 -1.049821 0.293787 0.269819 -1.232746 -1.058227 3.144243 0.963274
-1.016910 -1.016910 -1.049821 -1.049821 0.295866 0.295979 -1.299759 -0.972124 3.127179 0.959405
-1.019076 -1.019076 -1.037567 -1.037567 0.301368 0.303115 -1.297886 -0.988203 3.131651 0.964367
-1.013978 -1.013978 -1.029143 -1.029143 0.296351 0.299652 -1.295906 -0.942624 3.140485 0.956491
-1.015146 -1.015146 -1.046474 -1.046474 0.293430 0.293666 -1.300000 -0.957169 3.144556 0.957768
-1.015146 -1.015146 -1.046474 -1.046474 0.293274 0.273840 -1.244307 -1.042055 3.139232 0.962655
-1.014576 -1.014576 -1.045310 -1.045310 0.295747 0.286568 -1.286687 -1.024170 3.132723 0.964471
-1.019043 -1.019043 -1.385506 -1.385506 0.287657 0.285616 -1.280562 -1.028923 3.127150 0.959856
-1.020246 -1.020246 -1.392988 -1.392988 0.296171 0.304105 -1.277785 -0.998263 3.118410 0.964068
-1.046654 -1.046654 -1.065594 -1.065594 0.306906 0.328872 -1.267940 -0.927345 3.136018 0.961530
-1.011895 -1.011895 -1.540863 -1.540863 0.289835 0.284605 -1.298085 -1.078639 3.151091 0.961622
-1.047530 -1.047530 -0.994134 -0.994134 0.301840 0.320506 -1.300000 -0.908680 3.161542 0.959737
-1.015316 -1.015316 -1.393913 -1.393913 0.298862 0.316066 -1.300000 -0.961184 3.169874 0.966756
-1.040352 -1.040352 -0.982428 -0.982428 0.291744 0.278975 -1.269171 -1.010537 3.161442 0.958151
-1.045338 -1.045338 -0.844513 -0.844513 0.290494 0.280926 -1.279013 -0.989114 3.147499 0.966310
-1.011660 -1.011660 -1.136365 -1.136365 0.299658 0.308880 -1.299568 -0.921386 3.121603 0.960251
-0.989565 -0.989565 -0.942051 -0.942051 0.298810 0.275162 -1.251296 -1.061471 3.167852 0.969573
-0.988901 -0.988901 -1.157383 -1.157383 0.288305 0.278485 -1.271431 -0.988595 3.169403 0.965202
-1.001992 -1.001992 -1.107745 -1.107745 0.297750 0.282310 -1.283807 -1.025618 3.145198 0.960860
-1.046376 -1.046376 -0.891807 -0.891807 0.297828 0.291352 -1.299907 -1.042500 3.133335 0.965546
-0.997770 -0.997770 -0.866550 -0.866550 0.299577 0.305640 -1.300000 -0.890536 3.160193 0.958538
-1.028861 -1.028861 -1.149187 -1.149187 0.289617 0.277808 -1.281939 -1.034591 3.168380 0.960625
-1.049885 -1.049885 -1.146822 -1.146822 0.290933 0.281719 -1.275013 -1.076625 3.126271 0.961898
-1.051642 -1.051642 -1.340734 -1.340734 0.290495 0.285637 -1.279067 -1.100946 3.155046 0.962804
-1.026401 -1.026401 -1.159826 -1.159826 0.294591 0.274976 -1.235755 -1.084828 3.173332 0.960338
-1.008219 -1.008219 -1.468507 -1.468507 0.294493 0.312990 -1.300000 -0.936945 3.165666 0.962411
-1.010490 -1.010490 -1.314840 -1.314840 0.290525 0.273808 -1.272097 -1.096113 3.115624 0.965374
-1.043330 -1.043330 -1.121922 -1.121922 0.288461 0.276064 -1.266385 -1.070067 3.158266 0.959841
-1.032673 -1.032673 -0.969872 -0.969872 0.287391 0.271394 -1.255753 -1.040523 3.133067 0.958889
-1.024031 -1.024031 -1.096500 -1.096500 0.299385 0.284447 -1.284277 -1.085911 3.181101 0.964456
-1.015809 -1.015809 -1.101385 -1.101385 0.291084 0.287327 -1.289815 -1.014903 3.102251 0.962867
-1.049009 -1.049009 -1.294984 -1.294984 0.303458 0.317244 -1.298657 -0.996956 3.155517 0.963318
-1.029192 -1.029192 -1.325584 -1.325584 0.291952 0.288701 -1.289492 -1.066282 3.141565 0.969523
-1.026547 -1.026547 -1.085894 -1.085894 0.298600 0.284096 -1.262755 -1.056016 3.164298 0.961199
-1.042344 -1.042344 -1.172632 -1.172632 0.296071 0.293060 -1.282953 -1.057572 3.139907 0.964413
-1.009651 -1.009651 -1.206743 -1.206743 0.286462 0.267709 -1.242182 -1.037283 3.174759 0.967207
-1.016409 -1.016409 -1.471206 -1.471206 0.297293 0.289035 -1.278824 -1.067695 3.175400 0.958720
-1.056969 -1.056969 -1.407656 -1.407656 0.298395 0.314018 -1.300000 -0.998719 3.151663 0.968813
-1.029245 -1.029245 -1.136809 -1.136809 0.294793 0.295948 -1.285386 -0.981435 3.149180 0.964754
-1.040835 -1.040835 -1.071421 -1.071421 0.301197 0.309950 -1.299893 -0.976930 3.153240 0.962365
