-1.067428 -1.067428 -0.837669 -0.837669 0.290193 0.300811 -1.293806 -0.950935 3.169740 0.965903
-1.061985 -1.061985 -0.826089 -0.826089 0.288327 0.284469 -1.292855 -1.001597 3.155765 0.966257
-1.070857 -1.070857 -0.850310 -0.850310 0.278926 0.277693 -1.300000 -0.972459 2.961266 0.967048
-1.071114 -1.071114 -0.854386 -0.854386 0.279576 0.262771 -1.236811 -1.030207 3.046562 0.966572
-1.068723 -1.068723 -0.863034 -0.863034 0.281596 0.272953 -1.265113 -0.988509 3.048651 0.965828
-1.067623 -1.067623 -0.867836 -0.867836 0.281867 0.272073 -1.281084 -1.045444 3.147359 0.966108
-1.069699 -1.069699 -0.876654 -0.876654 0.276819 0.258146 -1.258775 -1.093817 3.194599 0.967378
-1.069595 -1.069595 -0.880033 -0.880033 0.281296 0.275182 -1.267257 -1.043454 3.218880 0.957461
-1.067737 -1.067737 -0.880362 -0.880362 0.279449 0.276254 -1.297219 -1.051189 3.218880 0.962291
-1.067588 -1.067588 -0.881749 -0.881749 0.274839 0.261881 -1.293774 -1.136529 3.218880 0.962763
-1.042165 -1.042165 -0.713836 -0.713836 0.288096 0.275842 -1.282506 -0.989502 3.102906 0.966494
-1.040338 -1.040338 -0.718181 -0.718181 0.299560 0.289648 -1.285351 -0.978881 3.217206 0.954823
-1.030956 -1.030956 -0.760224 -0.760224 0.298283 0.285711 -1.299929 -1.015687 3.192041 0.960311
-1.020530 -1.020530 -0.807698 -0.807698 0.303530 0.280374 -1.271549 -1.090644 2.963337 0.966347
-1.020530 -1.020530 -0.807698 -0.807698 0.306600 0.283605 -1.287028 -1.116416 3.218850 0.961806
-1.020718 -1.020718 -0.808054 -0.808054 0.305036 0.275348 -1.228987 -1.076592 3.045952 0.962814
-1.011146 -1.011146 -0.803640 -0.803640 0.308027 0.305464 -1.297798 -0.969283 3.069726 0.966340
-1.028151 -1.028151 -0.899201 -0.899201 0.291472 0.272499 -1.256449 -1.035651 3.096862 0.968139
-1.016570 -1.016570 -0.867309 -0.867309 0.306172 0.304298 -1.300000 -0.985232 3.218880 0.956853
-1.015958 -1.015958 -0.864358 -0.864358 0.305146 0.291955 -1.300000 -1.102882 3.218880 0.958972
-1.016879 -1.016879 -0.872692 -0.872692 0.307408 0.292479 -1.260592 -1.000903 3.007396 0.962150
-1.015066 -1.015066 -0.877117 -0.877117 0.305343 0.298040 -1.287569 -1.016311 3.197691 0.959967
-1.016824 -1.016824 -0.867607 -0.867607 0.306432 0.302910 -1.299492 -1.026095 3.218880 0.953013
-1.016969 -1.016969 -0.867928 -0.867928 0.302394 0.288698 -1.286801 -1.025054 3.203195 0.959702
-1.018763 -1.018763 -0.865120 -0.865120 0.300992 0.280213 -1.271320 -1.069280 3.139439 0.966934
-1.015318 -1.015318 -0.866210 -0.866210 0.306539 0.306338 -1.297799 -0.967384 3.218880 0.959349
-1.001530 -1.001530 -0.865545 -0.865545 0.309840 0.290827 -1.300000 -1.092435 3.217037 0.960624
-1.002601 -1.002601 -0.865855 -0.865855 0.312572 0.308486 -1.294622 -0.955738 3.102543 0.960962
-1.002601 -1.002601 -0.865855 -0.865855 0.303840 0.276010 -1.225175 -1.053661 3.002569 0.964643
-1.003300 -1.003300 -0.868525 -0.868525 0.307852 0.290137 -1.300000 -1.035999 3.150858 0.959746
-0.991936 -0.991936 -0.909393 -0.909393 0.315850 0.287450 -1.248383 -1.105132 3.195072 0.963853
-0.994479 -0.994479 -0.908942 -0.908942 0.309194 0.279711 -1.268439 -1.098161 3.177824 0.961947
-0.989509 -0.989509 -0.906416 -0.906416 0.317893 0.300762 -1.271944 -1.022314 3.159261 0.964067
-0.990385 -0.990385 -0.898261 -0.898261 0.304026 0.289887 -1.254376 -0.977586 3.011510 0.962727
-0.990224 -0.990224 -0.893493 -0.893493 0.312818 0.317378 -1.299287 -0.912247 3.098078 0.966205
-0.987568 -0.987568 -0.886611 -0.886611 0.312508 0.316685 -1.300000 -0.957985 3.218880 0.955834
-0.991099 -0.991099 -0.867351 -0.867351 0.307108 0.288031 -1.276000 -1.020133 3.218880 0.955314
-0.981996 -0.981996 -0.896905 -0.896905 0.314186 0.306281 -1.286636 -0.955392 2.987354 0.965259
-0.984621 -0.984621 -0.886747 -0.886747 0.312719 0.308024 -1.300000 -0.947201 3.160731 0.956985
-0.983457 -0.983457 -0.887562 -0.887562 0.313966 0.289832 -1.239877 -1.015951 2.957662 0.961466
-0.988465 -0.988465 -0.933504 -0.933504 0.309394 0.295718 -1.297766 -1.032066 3.218880 0.947915
-0.991441 -0.991441 -0.918461 -0.918461 0.314940 0.295143 -1.300000 -1.105084 3.218880 0.958057
-0.993850 -0.993850 -0.936781 -0.936781 0.307912 0.292827 -1.297934 -1.031381 3.154893 0.960093
-0.992769 -0.992769 -0.936142 -0.936142 0.308309 0.295810 -1.299976 -1.012755 3.218880 0.950522
-0.991503 -0.991503 -0.939627 -0.939627 0.300203 0.272446 -1.226625 -1.045292 3.026515 0.964551
-0.995677 -0.995677 -0.933297 -0.933297 0.300575 0.288210 -1.300000 -1.015877 2.953569 0.962976
-0.995895 -0.995895 -0.940363 -0.940363 0.306368 0.307524 -1.300000 -0.923199 2.998983 0.964864
-0.986484 -0.986484 -0.943592 -0.943592 0.299225 0.262434 -1.219093 -1.097462 3.208976 0.965319
-0.988533 -0.988533 -0.949631 -0.949631 0.311664 0.286427 -1.252030 -1.080041 3.040885 0.966105
-0.986985 -0.986985 -0.948567 -0.948567 0.320190 0.288693 -1.219956 -1.064992 3.027065 0.961897
-0.990997 -0.990997 -0.940563 -0.940563 0.317702 0.307643 -1.278497 -0.997959 3.014687 0.961919
-1.048847 -1.048847 -0.990805 -0.990805 0.285386 0.272536 -1.273557 -1.064291 3.218080 0.963825
-1.038693 -1.038693 -0.985630 -0.985630 0.294229 0.296542 -1.300000 -1.054014 3.218880 0.960846
-1.022947 -1.022947 -0.955632 -0.955632 0.283757 0.272976 -1.299788 -1.010669 3.101253 0.964925
-1.026548 -1.026548 -0.956414 -0.956414 0.296595 0.306180 -1.300000 -0.960106 3.211746 0.967306
-1.035221 -1.035221 -0.965760 -0.965760 0.284364 0.274164 -1.299614 -1.039430 3.130212 0.967873
-1.034671 -1.034671 -0.967851 -0.967851 0.290684 0.293609 -1.289918 -0.975306 3.096136 0.965931
