-1.054169 -1.169015 -1.908844 -1.820717 0.299605 0.318498 -1.300000 -0.976712 3.163498 0.962218
-1.101667 -1.372120 0.295225 -2.553099 0.284690 0.278963 -1.296796 -1.051898 3.203600 0.962011
-1.048438 -0.940355 -3.935208 -3.190468 0.290574 0.308556 -1.272586 -0.999916 3.131125 0.961866
-0.971700 -1.022054 -0.605740 -4.641519 0.310959 0.312748 -1.298271 -0.946117 3.172550 0.958125
-1.002731 -2.103143 0.517900 -0.022624 0.290505 0.242671 -1.300000 -1.170863 3.202718 0.960661
-1.021540 -0.976628 -2.744028 -1.606725 0.290929 0.277590 -1.242356 -1.101364 3.151190 0.962742
-0.949247 -0.543134 -2.054843 -3.824417 0.316586 0.301068 -1.178037 -0.995104 3.117842 0.964836
-1.015203 -0.800165 -4.406136 -3.209784 0.285974 0.311362 -1.256838 -0.905663 3.139669 0.966423
-0.959865 -0.657089 -3.492394 -4.473580 0.315914 0.320456 -1.225482 -0.952094 3.133508 0.961015
-1.030866 -0.801699 -2.358559 -2.457824 0.292744 0.327992 -1.237201 -0.847156 3.149713 0.966148
-0.988538 -1.534691 -0.848636 -3.129405 0.309601 0.288519 -1.300000 -1.097498 3.218825 0.946700
-1.087859 -0.574321 -3.980757 0.522720 0.290770 0.308436 -1.154392 -0.945104 3.117478 0.966999
-0.988411 -0.853617 -1.131715 -3.058115 0.322320 0.329128 -1.247543 -0.894318 3.174152 0.954587
-1.047228 -1.311537 -1.544427 -0.108283 0.301981 0.340746 -1.300000 -0.858416 3.212557 0.964432
-1.085264 0.014086 -4.932994 -1.523074 0.291122 0.291529 -0.969008 -0.975743 3.041842 0.965606
-0.979697 -0.676508 -2.619507 -4.799028 0.301708 0.296293 -1.232255 -1.007461 3.128182 0.959908
-1.054067 -0.455965 -4.732656 -2.055797 0.285446 0.283998 -1.139309 -1.033819 3.110455 0.962496
-1.072395 -0.564377 -3.903822 0.069140 0.288558 0.297122 -1.184342 -1.042466 3.087795 0.964739
-0.932494 -0.820470 -2.228885 -4.179360 0.321233 0.302379 -1.191215 -0.993473 3.171755 0.959507
-1.009701 -0.775928 -4.589633 0.634468 0.301342 0.289740 -1.196403 -1.059676 3.145702 0.958855
-0.988731 -0.688174 -3.723615 -2.481227 0.301394 0.288423 -1.206310 -1.040233 3.135572 0.967877
-0.962343 -1.206796 -1.601625 0.309294 0.301300 0.274418 -1.300000 -1.082311 3.172198 0.963002
-0.949934 -0.933684 -2.725263 -1.641674 0.306591 0.313993 -1.285304 -0.916599 3.165929 0.954917
-1.027865 -1.268524 -1.647555 -2.796518 0.289367 0.300846 -1.300000 -1.018642 3.180278 0.958235
-1.075527 -1.319630 0.624178 -2.716190 0.282584 0.270725 -1.300000 -1.056543 3.181350 0.962519
-0.962628 -0.475073 -4.649962 -3.198059 0.314001 0.306076 -1.155769 -1.020937 3.107437 0.968398
-1.003309 -0.812657 -0.728031 -3.913760 0.307590 0.296121 -1.221675 -0.993663 3.121626 0.961290
-0.996971 -0.235182 -4.800799 0.133944 0.307397 0.318057 -1.080878 -0.884429 3.083298 0.962452
-0.966902 -0.443959 -3.718576 0.808082 0.318888 0.304258 -1.126917 -1.002189 3.139093 0.971544
-1.047438 -0.580719 -1.681692 -0.794249 0.290505 0.281159 -1.198786 -1.021352 3.089234 0.967366
-1.002366 -1.142719 -0.977073 -2.986211 0.281804 0.244258 -1.213543 -1.137503 3.206513 0.966978
-0.970208 -1.559431 -0.102298 -3.032994 0.300924 0.268937 -1.300000 -1.109376 3.166448 0.955983
-0.996123 -1.090353 -1.192796 -2.391654 0.296859 0.277473 -1.270201 -1.072919 3.164350 0.962692
-0.960104 -0.591988 -3.951802 -4.158224 0.314276 0.326339 -1.215196 -0.907964 3.126207 0.960510
-0.973613 -1.901644 0.714608 -0.922223 0.300042 0.247854 -1.300000 -1.162875 3.218880 0.953786
-1.049283 -0.961606 -1.696491 -2.512631 0.295996 0.307220 -1.298101 -1.023073 3.120399 0.967570
-1.026579 -1.416497 -2.419614 -4.225147 0.286802 0.295664 -1.300000 -0.993135 3.184624 0.961011
-0.996922 -0.797274 -2.343114 -0.620155 0.298866 0.279466 -1.210207 -1.045183 3.148994 0.962545
-0.935797 -0.844204 -1.768053 -3.864505 0.312154 0.291494 -1.250613 -1.028805 3.125390 0.957359
-0.928073 -0.870311 -3.900949 -0.102048 0.305209 0.294828 -1.244351 -1.004558 3.160479 0.963253
-0.967781 -1.310195 -3.886452 0.285450 0.300961 0.298954 -1.300000 -1.032886 3.189975 0.963388
-1.004732 -0.771623 -1.779264 -2.868683 0.313490 0.335904 -1.229495 -0.872030 3.135848 0.960158
-0.971359 -1.506704 -0.021985 0.081718 0.321076 0.295123 -1.299713 -0.982462 3.181716 0.948501
-1.044305 -0.850625 0.016464 -3.607373 0.299021 0.294353 -1.257812 -0.987601 3.113737 0.967480
-0.975671 -0.913067 -2.554377 -1.499712 0.297049 0.297685 -1.252767 -0.966924 3.151255 0.964181
-0.980794 -0.796434 -1.971580 -3.073792 0.298331 0.298291 -1.266927 -0.957351 3.129520 0.961163
-0.976159 -0.805764 -3.077718 -1.873490 0.302406 0.311834 -1.257234 -0.938716 3.158830 0.961771
-0.963179 -1.219747 -2.956618 -1.474881 0.300809 0.284340 -1.300000 -1.065451 3.196044 0.959074
-1.044269 -0.860936 -2.136600 -3.053670 0.285481 0.281475 -1.254328 -1.082237 3.134251 0.969940
-1.079378 -0.706721 -3.793685 -2.961868 0.284079 0.290950 -1.180618 -0.994341 3.132544 0.960535
-0.963550 -0.566519 -3.324923 -3.177010 0.320659 0.323239 -1.193571 -0.944665 3.120090 0.959313
-1.024541 -0.403647 -4.676658 0.093784 0.313663 0.314261 -1.125074 -0.999390 3.080533 0.956945
-0.990945 -0.791400 -1.657555 -0.691335 0.306995 0.297765 -1.219045 -0.985401 3.142415 0.966675
-1.011238 -1.221564 -0.373717 -3.184721 0.294613 0.276030 -1.287294 -1.083412 3.191419 0.964064
-0.986864 -0.662598 -4.009438 -4.560141 0.300437 0.314729 -1.224241 -0.927606 3.127993 0.970133
-0.944171 -0.562208 -4.460804 -0.507244 0.309271 0.299741 -1.185332 -1.012280 3.132324 0.966710
-0.948691 -1.073876 -1.851478 -0.631596 0.304717 0.291724 -1.299920 -1.028178 3.159870 0.960143
