0.319165 0.309497 -0.984270 -1.026698 3.087728 0.966642
0.318977 0.315565 -1.000664 -0.994646 3.125837 0.964487
0.294503 0.297401 -0.992138 -0.946419 3.147193 0.965515
0.312689 0.304520 -1.024174 -1.029261 3.149803 0.960687
0.307749 0.310531 -0.967991 -0.933558 3.164959 0.965730
0.323463 0.304747 -0.985263 -1.076020 3.217289 0.962893
0.309117 0.309027 -1.012657 -0.986711 3.152794 0.957932
0.310447 0.284956 -0.920286 -1.010275 3.144821 0.962007
0.308619 0.317346 -1.054393 -0.957542 3.121828 0.971145
0.299878 0.303590 -0.989673 -1.000267 3.152423 0.971145
0.313961 0.325899 -0.946101 -0.883047 3.193901 0.960337
0.313315 0.311218 -1.015477 -1.068349 3.124510 0.972693
0.310395 0.316589 -0.962397 -0.929119 3.138404 0.963629
0.312449 0.303624 -0.995983 -1.030612 3.135023 0.960597
0.318836 0.314497 -0.983100 -0.983241 3.131693 0.960594
0.301441 0.303867 -0.951301 -0.920603 3.207551 0.962729
0.323328 0.315995 -0.999293 -1.010845 3.070719 0.960966
0.298215 0.289000 -0.976273 -1.001377 3.190529 0.970373
0.319602 0.336645 -0.939134 -0.854291 3.184930 0.964678
0.318535 0.311028 -0.964705 -1.018186 3.138583 0.970648
0.301733 0.301506 -0.967150 -0.952088 3.218093 0.966650
0.309633 0.304142 -0.972038 -1.004778 3.213466 0.962734
0.307386 0.301295 -1.008765 -1.046808 3.114878 0.964311
0.308289 0.314355 -1.048436 -0.985481 3.040022 0.963036
0.306650 0.302671 -0.974265 -0.977826 3.161027 0.963814
0.315415 0.308161 -0.975676 -1.031116 3.066154 0.967919
0.308665 0.318634 -1.016034 -0.996601 3.105989 0.966378
0.297178 0.310927 -0.971985 -0.887761 3.179157 0.969374
0.313066 0.306964 -0.998678 -1.008539 3.096009 0.962503
0.303341 0.309348 -0.994067 -0.995809 3.157095 0.969341
0.309654 0.310849 -0.991492 -1.001268 3.102564 0.961088
0.314228 0.306942 -0.991036 -1.037543 3.163427 0.968324
0.321504 0.302831 -0.986065 -1.064586 3.125145 0.963583
0.313868 0.314729 -1.005847 -1.017518 3.106003 0.963864
0.306402 0.307908 -0.975928 -0.946493 3.195696 0.963668
0.302380 0.297564 -0.977824 -0.971899 3.162673 0.963491
0.311482 0.296839 -0.980461 -1.048976 3.097362 0.960976
0.306031 0.302705 -1.006723 -1.060977 3.188868 0.975898
0.315013 0.316467 -1.007361 -1.012105 3.056490 0.965717
0.316302 0.331736 -0.978489 -0.894329 3.134163 0.961365
0.306671 0.307435 -1.035288 -0.993699 3.089070 0.969822
0.315891 0.316878 -0.988129 -0.972179 3.107049 0.962333
0.314379 0.312201 -1.025233 -1.045542 3.128062 0.971352
0.308174 0.312495 -1.001241 -0.997962 3.070191 0.969991
0.307634 0.291391 -0.980807 -1.041989 3.171422 0.967194
0.303209 0.301467 -1.007889 -0.989039 3.135105 0.971291
0.296047 0.290621 -1.029660 -1.093372 3.120352 0.969579
0.307668 0.324873 -0.971069 -0.881687 3.170917 0.968177
0.297558 0.293360 -1.031975 -1.105674 3.130803 0.969067
0.299967 0.310601 -1.002918 -0.960728 3.155347 0.971252
0.302231 0.294644 -1.001338 -1.071423 3.162380 0.973195
0.309857 0.288079 -0.934393 -1.036533 3.109073 0.959673
0.319310 0.306168 -0.990070 -1.018204 3.126027 0.961121
0.305451 0.310587 -0.989433 -0.980432 3.139055 0.966425
0.296380 0.298884 -1.002650 -1.007594 3.118654 0.968068
0.305779 0.306459 -0.989058 -0.985513 3.149309 0.976197
0.308698 0.314936 -0.963997 -0.938363 3.176522 0.974243
