0.329427 0.323832 -1.009959 -1.030746 3.070049 0.963384
0.291408 0.287994 -1.035693 -1.057259 3.135688 0.967192
0.289607 0.280910 -0.998941 -1.020931 3.215929 0.964362
0.309514 0.314973 -1.049590 -1.034887 3.131894 0.969387
0.304221 0.306789 -0.994699 -0.974588 3.125955 0.965819
0.310627 0.327969 -0.967188 -0.885728 3.183570 0.968757
0.300113 0.276468 -1.008739 -1.107698 3.106455 0.961184
0.314521 0.329639 -0.974296 -0.911679 3.064619 0.967680
0.298705 0.290151 -0.978392 -0.998778 3.218679 0.969891
0.309311 0.305890 -0.961793 -0.987744 3.178816 0.964892
0.312946 0.302904 -0.970887 -0.993045 3.202115 0.966352
0.303667 0.310980 -0.946854 -0.946665 3.167095 0.971101
0.307870 0.316134 -0.953734 -0.913861 3.184020 0.962385
0.319592 0.302174 -0.981604 -1.076459 3.101103 0.966130
0.304483 0.310627 -0.963841 -0.904946 3.209675 0.961105
0.303154 0.322608 -0.970449 -0.834595 3.107870 0.966343
0.309279 0.317269 -0.999996 -0.955259 3.124142 0.962892
0.305787 0.307877 -1.019846 -0.978673 3.086130 0.963618
0.308852 0.288718 -0.927468 -0.987759 3.196630 0.957641
0.297465 0.287703 -0.971562 -1.012021 3.156274 0.969035
0.301297 0.294601 -0.998287 -1.054766 3.131253 0.967681
0.311588 0.305805 -0.975846 -1.005296 3.098587 0.965345
0.320310 0.308728 -0.977991 -1.028825 3.166552 0.968731
0.296543 0.296830 -0.985220 -0.950496 3.160434 0.964540
0.308063 0.307003 -0.975108 -0.972572 3.094433 0.965217
0.304033 0.308190 -1.003633 -0.968374 3.131917 0.968568
0.304681 0.304323 -1.041273 -1.015057 3.133418 0.965609
0.303722 0.302047 -0.980618 -0.995523 3.189895 0.969844
0.297722 0.286220 -0.974059 -1.038408 3.129873 0.963180
0.296058 0.271756 -0.958478 -1.092818 3.217470 0.967989
0.301469 0.305795 -1.014362 -0.989464 3.110969 0.967392
0.311660 0.343722 -0.939336 -0.820279 3.148555 0.962351
0.308310 0.302061 -1.000231 -0.988168 3.069028 0.957581
0.301239 0.295779 -0.975019 -1.019093 3.162366 0.964861
0.304456 0.316520 -0.967987 -0.923349 3.173223 0.968194
0.296617 0.305759 -0.993500 -0.946399 3.153276 0.969522
0.299563 0.306336 -0.960091 -0.972965 3.202396 0.976605
0.312289 0.315479 -1.033286 -1.005986 3.105175 0.956868
0.294757 0.291223 -1.011054 -1.036879 3.063613 0.968729
0.311854 0.325527 -1.011644 -0.957074 3.072267 0.962676
0.306575 0.298504 -0.979206 -1.014471 3.171704 0.968761
0.310392 0.310226 -0.996407 -1.032189 3.105358 0.952721
0.302764 0.300196 -0.986229 -0.991164 3.206030 0.966285
0.312869 0.314846 -1.004315 -1.003339 3.116897 0.968089
0.309186 0.313935 -0.969460 -0.946942 3.218880 0.963485
0.310732 0.302917 -0.974297 -1.001369 3.181685 0.960855
0.317434 0.313604 -0.986490 -1.005928 3.093848 0.957605
0.311393 0.299241 -1.027036 -1.115117 3.147434 0.971075
0.307851 0.305015 -0.976336 -1.019843 3.195863 0.968852
0.311503 0.317565 -0.967260 -0.937133 3.132468 0.958622
0.305819 0.322543 -0.955957 -0.871426 3.156546 0.963293
0.292507 0.298149 -1.000637 -0.988968 3.113394 0.972153
0.316394 0.314410 -1.033982 -1.060426 3.042869 0.964397
0.298835 0.289603 -0.965931 -1.009984 3.192957 0.968913
0.315630 0.324772 -0.988218 -0.951970 3.218880 0.973208
0.299313 0.300857 -1.019876 -1.031777 3.092309 0.969778
0.304480 0.307897 -0.978382 -0.972373 3.138395 0.967302
