-1.097605 0.072808 0.288554 0.303573 -1.066188 -0.990214 3.061471 0.969737
-0.985557 -0.408905 0.304009 0.321272 -1.153164 -1.043958 3.080595 0.969417
-0.972201 -0.268569 0.293816 0.293949 -1.024518 -1.015948 3.061405 0.961081
-0.988171 0.001636 0.309087 0.315016 -0.993809 -0.953059 3.034157 0.968612
-1.009279 -0.346181 0.299573 0.309717 -1.096080 -1.022422 3.095540 0.965964
-0.978292 -0.300740 0.294794 0.292005 -1.053709 -1.070826 3.110749 0.968193
-1.031700 -0.220504 0.299603 0.287595 -1.036672 -1.076182 3.090508 0.961566
-1.026126 -0.076443 0.294106 0.309526 -1.043177 -0.978310 3.054668 0.963086
-0.885829 -0.820967 0.293477 0.310193 -1.054649 -0.968311 3.064549 0.967131
-1.025064 -0.173921 0.307656 0.321473 -1.047807 -0.971802 3.076469 0.963707
-0.977913 -0.281258 0.293656 0.283506 -1.048862 -1.048276 3.094963 0.960902
-0.983302 -0.576815 0.283797 0.303058 -1.128465 -0.980936 3.168021 0.969688
-1.238843 0.578299 0.291505 0.335139 -1.092099 -0.884788 3.158506 0.970857
-1.003512 -0.245519 0.292166 0.273574 -1.045503 -1.109056 3.124214 0.968184
-0.997294 -0.245860 0.298909 0.312241 -1.076100 -1.018223 3.056967 0.963295
-1.065642 -0.044424 0.294489 0.307220 -1.100270 -1.063867 3.030500 0.969138
-0.947577 -0.665399 0.289493 0.304896 -1.178433 -1.079429 3.123889 0.965510
-1.012271 -0.149361 0.302254 0.316433 -1.043345 -0.944561 3.073956 0.964413
-0.891237 -0.516984 0.305778 0.313806 -1.067333 -0.974148 3.114684 0.963212
-0.976437 -0.389510 0.301030 0.306727 -1.070034 -1.018868 3.084629 0.963858
-1.071139 0.123009 0.304214 0.305804 -0.997785 -1.021050 3.051595 0.969334
-0.826596 -0.877841 0.297208 0.283500 -0.999004 -1.078282 3.061753 0.969304
-1.038513 -0.151295 0.299283 0.319171 -1.045542 -0.922359 3.108831 0.964277
-1.045182 0.045964 0.305681 0.316795 -1.004431 -0.948353 3.042069 0.965387
-0.981145 -0.410538 0.292891 0.306611 -1.090293 -0.981404 3.120329 0.961192
-0.929041 -0.651146 0.298499 0.307258 -1.122554 -1.027415 3.158658 0.959054
-0.826647 -1.100527 0.295952 0.298761 -1.122064 -1.061807 3.161710 0.959300
-1.019361 0.038615 0.308617 0.309240 -1.000264 -1.040773 3.055657 0.968608
-1.135418 0.333317 0.299729 0.298095 -0.969444 -1.000922 3.075017 0.970551
-1.040400 -0.098150 0.295723 0.311245 -1.042565 -0.944663 3.112687 0.967590
-1.008632 -0.228557 0.296276 0.301839 -1.048485 -1.007116 3.110359 0.967249
-0.879644 -0.736178 0.292436 0.291243 -1.042101 -1.024410 3.120386 0.964821
-1.044795 -0.031542 0.296745 0.299623 -1.041699 -1.012411 3.056875 0.963650
-1.007951 -0.289519 0.285791 0.290391 -1.062138 -1.007582 3.102863 0.966493
-0.952289 -0.723332 0.288693 0.316062 -1.088560 -0.931956 3.098234 0.972569
-1.025514 -0.193961 0.297639 0.313347 -1.063491 -0.986618 3.074326 0.970238
-1.219738 0.488568 0.297366 0.310375 -1.031154 -0.982466 3.012704 0.968565
-0.993840 -0.261272 0.303666 0.327481 -1.094591 -0.928172 3.068132 0.968160
-0.984423 -0.485562 0.293836 0.309143 -1.130699 -1.005756 3.116335 0.960778
-0.983497 -0.505073 0.290927 0.312432 -1.117734 -0.981031 3.132950 0.970386
-1.050119 0.040687 0.299242 0.320794 -1.023513 -0.913254 3.076319 0.970368
-1.017751 -0.177336 0.297397 0.310240 -1.063630 -0.978201 3.074768 0.962719
-0.741499 -1.561976 0.292922 0.300729 -1.081229 -1.038940 3.067739 0.966097
-1.066116 -0.188497 0.292121 0.309760 -1.088035 -0.982438 3.086069 0.966088
-0.982487 -0.440329 0.290658 0.307340 -1.114788 -0.999790 3.108874 0.967127
-0.959825 -0.330652 0.292856 0.296686 -1.041429 -0.973895 3.095146 0.963791
-1.025418 -0.093315 0.293789 0.293902 -1.021461 -0.982594 3.089655 0.964689
-1.030887 -0.049772 0.300786 0.307354 -1.027669 -0.988343 3.058904 0.963245
-1.094491 0.130445 0.286555 0.285342 -0.994319 -1.009106 3.031761 0.970120
-1.067402 -0.157557 0.293020 0.318694 -1.073091 -0.939539 3.124622 0.969939
-1.060899 0.058072 0.303360 0.308376 -1.003375 -1.012735 3.073385 0.972670
-1.025648 0.039848 0.301577 0.292160 -0.995285 -1.053401 3.033014 0.968289
-1.032554 -0.150112 0.298891 0.306956 -1.099726 -1.008937 3.075366 0.967832
-0.977874 -0.349163 0.295142 0.298385 -1.062774 -1.042862 3.053570 0.961296
-1.142752 0.402126 0.309525 0.314483 -1.005863 -1.022242 3.004633 0.971086
-0.998126 -0.446458 0.286041 0.303885 -1.106161 -0.988403 3.155652 0.962250
-0.965626 -0.521117 0.298284 0.315146 -1.124801 -1.010317 3.137187 0.966815
-0.995844 -0.082543 0.306052 0.301341 -1.016861 -1.043967 3.073700 0.968689
-1.067221 -0.104040 0.290290 0.300487 -1.071734 -1.021704 3.067788 0.969400
-0.929014 -0.645570 0.294465 0.309496 -1.148260 -1.047148 3.136026 0.959528
-1.148405 0.424618 0.305487 0.319137 -0.999634 -0.963356 3.025478 0.965954
-1.118371 0.281466 0.306103 0.304414 -1.006066 -1.028222 2.994421 0.959409
-0.951453 -0.517264 0.296476 0.306817 -1.124131 -1.055529 3.135726 0.964593
-1.116877 0.286648 0.299481 0.312747 -1.046924 -1.003960 2.978395 0.971283
-1.034500 -0.232416 0.295150 0.314176 -1.078151 -0.973227 3.114340 0.969527
-0.890999 -0.945999 0.292553 0.300535 -1.064440 -1.013463 3.130826 0.969117
-0.957607 -0.667151 0.295943 0.312735 -1.152970 -1.047622 3.137632 0.965264
-0.838697 -0.983691 0.297789 0.317998 -1.133457 -1.009518 3.139831 0.960947
-0.975096 -0.477518 0.299703 0.323078 -1.086852 -0.928994 3.150683 0.965467
-1.068751 0.064695 0.292376 0.296509 -1.049498 -1.060511 3.040940 0.968811
-0.959306 -0.425281 0.304996 0.294833 -1.055569 -1.091691 3.115958 0.963089
-1.016355 -0.094175 0.305354 0.299407 -1.006648 -1.043434 3.051413 0.961855
-1.039371 0.045134 0.302297 0.308156 -0.989037 -0.985007 3.039083 0.966402
-0.960210 -0.513033 0.294133 0.320752 -1.105250 -0.920133 3.119206 0.963899
-0.956149 -0.648416 0.295267 0.319657 -1.145094 -0.979523 3.150506 0.963597
-0.922908 -0.523133 0.295543 0.306992 -1.067335 -0.959169 3.120761 0.966241
-1.029613 -0.043788 0.299346 0.302572 -1.001859 -0.966596 3.076144 0.967589
-0.974390 -0.506822 0.288860 0.313205 -1.105708 -0.946751 3.136282 0.968436
-0.998264 -0.330220 0.296225 0.303426 -1.098952 -1.020069 3.108215 0.961488
-0.914778 -0.633375 0.285145 0.288737 -1.109259 -1.049214 3.176688 0.966626
-1.032351 -0.061415 0.288201 0.292883 -1.017133 -0.994938 3.090970 0.968101
-1.038414 -0.257503 0.286219 0.296822 -1.099467 -1.053330 3.103894 0.964713
-0.897171 -0.599506 0.303879 0.305467 -1.111605 -1.061786 3.134146 0.962321
-1.010638 -0.009982 0.302747 0.303230 -0.992681 -0.961395 3.046347 0.959696
-1.091863 0.016670 0.295351 0.311393 -1.074140 -0.988166 3.082161 0.971595
-1.146536 0.064435 0.294345 0.327399 -1.074471 -0.942013 3.093172 0.971122
-0.939447 -0.508736 0.290480 0.275699 -1.097734 -1.116706 3.146824 0.961879
-0.947249 -0.367949 0.297109 0.303369 -1.068444 -1.002733 3.097861 0.967165
-1.096335 0.069554 0.307673 0.322055 -1.036242 -0.958485 3.099004 0.966405
-0.962216 -0.760646 0.301650 0.307482 -1.037082 -0.988949 3.125972 0.971239
-0.929610 -0.465357 0.307796 0.324722 -1.044230 -0.914400 3.138910 0.960129
-1.059787 0.046531 0.305336 0.327873 -0.993561 -0.863539 3.084931 0.962965
