-1.015538 -0.134009 0.300061 0.306682 -1.039262 -0.987725 3.104258 0.967817
-1.086509 -0.088465 0.293220 0.301821 -1.085240 -1.067509 3.041766 0.969159
-1.087102 0.189346 0.293022 0.292520 -1.001950 -0.998531 3.034673 0.967143
-1.074277 -0.376438 0.284938 0.318043 -1.100175 -0.927409 3.146294 0.970140
-1.024326 -0.060890 0.293912 0.301121 -1.020712 -0.952608 3.072919 0.964124
-0.925014 -0.511232 0.307894 0.316383 -1.046558 -0.970579 3.143985 0.963152
-0.835609 -0.939924 0.300621 0.301584 -1.078215 -1.037630 3.123846 0.962625
-0.842773 -0.849232 0.298159 0.294363 -1.105254 -1.095414 3.105856 0.964253
-1.033434 -0.044390 0.300030 0.302112 -1.026114 -1.015565 3.083956 0.961814
-0.933325 -0.204156 0.307624 0.312830 -0.998847 -0.954558 3.088970 0.964577
-0.992767 -0.303632 0.290444 0.283010 -1.056837 -1.065274 3.109243 0.966725
-0.814304 -0.932108 0.297285 0.302306 -1.054625 -0.990208 3.110767 0.965437
-0.992092 -0.129712 0.303793 0.302423 -0.973267 -0.989087 3.067116 0.959510
-0.936207 -0.462984 0.294975 0.307114 -1.064590 -1.002092 3.090052 0.967891
-0.909056 -0.682599 0.295557 0.305689 -1.171585 -1.081224 3.137351 0.967829
-0.960040 -0.511680 0.287783 0.324809 -1.085886 -0.846940 3.165329 0.965432
-0.874634 -0.828185 0.282538 0.298181 -1.112634 -0.982861 3.132517 0.966001
-1.066096 0.072308 0.302104 0.302300 -1.005510 -0.992776 3.061048 0.966133
-0.882687 -0.730058 0.302415 0.309577 -1.021044 -0.999275 3.047873 0.968443
-1.078303 0.050963 0.292802 0.301143 -1.035505 -1.002266 3.067970 0.967673
-0.993338 -0.280885 0.299236 0.292329 -1.076427 -1.064815 3.101146 0.964250
-1.074571 -0.087906 0.290600 0.288261 -1.051925 -1.024150 3.088085 0.963218
-1.069852 0.172674 0.307706 0.311551 -0.985203 -0.984892 3.068681 0.966782
-1.139326 0.023765 0.297253 0.320073 -1.095350 -1.001690 3.076515 0.969766
-1.018699 -0.415995 0.302263 0.318644 -1.133025 -1.028522 3.141459 0.971171
-1.151834 0.200255 0.289296 0.299536 -1.040057 -0.961685 3.067666 0.965434
-1.080118 -0.026318 0.284668 0.295391 -1.086892 -1.017210 3.075136 0.973354
-0.926840 -0.392525 0.295083 0.296513 -1.058028 -1.002443 3.129587 0.962737
-0.961173 -0.388828 0.297755 0.284506 -1.064017 -1.128210 3.113630 0.966465
-1.042986 -0.246765 0.280982 0.296287 -1.110709 -1.013413 3.097457 0.972254
-0.966841 -0.590199 0.292547 0.319181 -1.104887 -0.962796 3.151652 0.962173
-0.919331 -0.764811 0.295305 0.329400 -1.115015 -0.897607 3.185189 0.970264
-0.820607 -0.847822 0.287219 0.307412 -1.164023 -1.024917 3.139106 0.966304
-0.929634 -0.510293 0.297369 0.300660 -1.064285 -1.037267 3.118293 0.964483
-1.028338 -0.410856 0.291813 0.310923 -1.144944 -1.012039 3.130526 0.966703
-0.913890 -0.432498 0.294442 0.292498 -1.056293 -1.031475 3.141942 0.961782
-1.043681 0.026855 0.312130 0.312930 -1.013903 -1.046272 3.090798 0.966888
-0.958840 -0.390686 0.314608 0.337931 -1.046281 -0.887906 3.131756 0.962320
-1.055613 -0.117174 0.293300 0.297203 -1.088741 -1.069379 3.083511 0.965318
-0.862914 -0.594412 0.302263 0.318365 -1.056243 -0.927546 3.141859 0.966464
-0.943562 -0.510584 0.305551 0.321604 -1.077073 -0.966329 3.144946 0.967025
-1.007217 -0.214173 0.287618 0.295991 -1.057879 -0.985648 3.094183 0.968322
-0.964396 -0.587525 0.292774 0.283946 -1.103977 -1.111487 3.140525 0.964107
-1.116608 0.152163 0.287904 0.303141 -1.047272 -0.959562 3.042900 0.968345
-1.039897 -0.011259 0.300345 0.317995 -1.074533 -0.994850 3.001815 0.971051
-1.003741 -0.047612 0.297843 0.281818 -0.963803 -1.040723 3.061134 0.966468
-1.008672 -0.194722 0.295257 0.312115 -1.059465 -0.981665 3.064542 0.970881
-1.048755 -0.169593 0.290542 0.304524 -1.081227 -1.002722 3.085645 0.964212
-1.069611 0.127832 0.292944 0.297076 -1.027517 -0.986725 3.055667 0.969133
-1.003637 -0.331932 0.295466 0.311890 -1.096739 -1.031150 3.087975 0.970422
-0.823178 -0.850471 0.288708 0.286805 -1.098327 -1.098045 3.099228 0.966307
-0.995493 -0.223397 0.300855 0.301339 -1.047763 -1.038776 3.106400 0.964011
-0.936951 -0.437850 0.293596 0.305335 -1.095718 -0.969785 3.098568 0.961591
-0.993967 -0.316028 0.297810 0.299391 -1.080715 -1.062828 3.091862 0.968123
-1.049386 0.125796 0.301761 0.304478 -1.009388 -0.986892 3.044384 0.966940
-1.064057 0.038672 0.293298 0.292647 -1.048550 -1.067197 3.015067 0.964752
-0.964049 -0.135681 0.306643 0.309169 -0.988720 -0.965824 3.075614 0.964507
-0.969849 -0.563422 0.286361 0.302550 -1.131592 -1.066538 3.123849 0.968590
-0.941859 -0.532269 0.290328 0.297887 -1.097118 -1.001434 3.151077 0.963815
-0.908938 -0.823724 0.290097 0.297599 -1.108957 -1.037971 3.146378 0.969019
-0.944070 -0.424283 0.301490 0.320227 -1.040604 -0.934904 3.118743 0.968219
-0.993191 -0.266725 0.294632 0.276324 -1.049727 -1.133589 3.086991 0.966893
-1.017798 -0.075951 0.299501 0.316720 -1.023714 -0.935273 3.098887 0.966167
-1.069232 0.072898 0.296976 0.314463 -1.013092 -0.942726 3.054917 0.964298
-1.014846 -0.381984 0.295204 0.319405 -1.106898 -0.992236 3.097270 0.967008
-1.083538 -0.237506 0.290988 0.303357 -1.120130 -1.043200 3.111652 0.969695
-1.016392 -0.274197 0.294990 0.303896 -1.078916 -1.003794 3.105290 0.963004
-1.206183 0.220618 0.295848 0.316818 -1.079364 -1.005516 3.034613 0.971026
-0.991908 -0.352001 0.300648 0.320594 -1.061679 -0.946123 3.086797 0.963195
-0.966136 -0.621128 0.292927 0.307777 -1.114768 -1.027058 3.143789 0.968853
-1.012740 -0.355394 0.281979 0.282151 -1.084512 -1.044333 3.130819 0.966256
-1.005428 -0.481819 0.290264 0.310670 -1.151515 -1.008380 3.112810 0.965567
-0.829248 -0.956415 0.287139 0.283725 -1.097316 -1.088505 3.135459 0.962316
-1.006469 -0.160101 0.290088 0.287284 -1.014316 -0.993454 3.086028 0.963457
-1.024210 -0.232553 0.290351 0.303853 -1.064383 -0.978295 3.096871 0.965487
-1.015873 -0.599521 0.291442 0.319281 -1.189909 -1.005893 3.145111 0.969126
-0.979574 -0.330153 0.289041 0.295268 -1.082068 -1.031703 3.105034 0.966340
-1.027346 -0.090866 0.309258 0.315981 -1.026597 -0.985238 3.078208 0.963697
-0.985256 -0.324291 0.292901 0.301331 -1.058850 -0.977395 3.129084 0.967267
-1.008082 -0.095335 0.304040 0.312044 -1.025384 -0.985611 3.011492 0.963117
-0.994683 -0.336279 0.290426 0.310114 -1.089794 -0.944319 3.105959 0.963449
-1.043636 -0.112701 0.296406 0.313626 -1.066856 -0.980429 3.093904 0.966265
-1.076421 -0.116172 0.291451 0.317390 -1.096986 -0.943240 3.088081 0.969314
-0.883662 -0.901173 0.290150 0.304693 -1.075442 -0.996288 3.097938 0.968654
-0.914637 -0.849381 0.289980 0.305378 -1.062825 -0.992552 3.096062 0.966586
-1.015249 -0.125597 0.297777 0.308867 -1.045415 -1.002528 3.028393 0.961411
-1.015326 -0.348619 0.302129 0.321087 -1.100377 -0.963135 3.114047 0.960501
-0.942084 -0.433589 0.300491 0.294915 -1.056014 -1.046399 3.139992 0.965334
-1.023521 -0.068940 0.306757 0.309633 -1.021446 -1.014541 3.080217 0.961610
-0.943411 -0.434078 0.300903 0.316451 -1.102312 -1.025181 3.079343 0.969571
-0.837314 -0.825855 0.298884 0.297446 -1.068192 -1.027080 3.111144 0.961794
-1.022732 -0.146023 0.297037 0.311360 -1.032180 -0.977101 3.119963 0.968312
