-0.834859 -1.260556 0.293015 0.292619 -0.995990 -0.975376 3.025485 0.964516
-0.958608 -0.281502 0.298359 0.293446 -1.083643 -1.121927 3.062699 0.969072
-1.038220 -0.006662 0.293901 0.297425 -1.035026 -1.042875 2.993979 0.963340
-0.981410 -0.333359 0.296535 0.287873 -1.024632 -1.036856 3.114968 0.962609
-0.914173 -0.728065 0.301033 0.318614 -1.051925 -0.919620 3.100858 0.958703
-1.057371 -0.134138 0.292098 0.298016 -1.105877 -1.075115 3.071256 0.968573
-1.072416 0.057760 0.298800 0.295197 -1.050354 -1.059614 3.045651 0.966128
-1.083443 0.081143 0.298779 0.308388 -1.026410 -0.978354 3.090291 0.967450
-1.040416 -0.104375 0.291010 0.298010 -1.057105 -1.010542 3.066323 0.963067
-1.045333 -0.271516 0.291278 0.307678 -1.135059 -1.055817 3.083882 0.970972
-1.072286 -0.060102 0.293476 0.309229 -1.061899 -0.984827 3.064546 0.965024
-1.038416 -0.072851 0.285669 0.270468 -1.008462 -1.090218 3.097004 0.970815
-1.039208 -0.224832 0.296412 0.308768 -1.086941 -1.009313 3.089292 0.963334
-0.889199 -0.524535 0.313569 0.320505 -1.056165 -0.975097 3.129170 0.964574
-0.954643 -0.455449 0.290004 0.311551 -1.088649 -0.931583 3.139847 0.966960
-1.012803 -0.367293 0.306308 0.313830 -1.110128 -1.048630 3.089916 0.966064
-1.066665 -0.139395 0.293913 0.305034 -1.059605 -0.981012 3.095162 0.964105
-0.895559 -0.585106 0.305102 0.311381 -1.093726 -0.986140 3.119440 0.963622
-0.951469 -0.358093 0.309905 0.320029 -1.045892 -0.968315 3.127053 0.966063
-0.936319 -0.600676 0.299253 0.307781 -1.097750 -1.057990 3.129402 0.961422
-0.953991 -0.405296 0.295710 0.286744 -1.071227 -1.044839 3.139924 0.962816
-1.065533 -0.055243 0.291942 0.304387 -1.053313 -0.991133 3.085352 0.964008
-1.166686 0.278308 0.298859 0.307943 -1.033180 -1.011893 3.047040 0.971593
-1.167509 0.488993 0.302271 0.307334 -0.970909 -0.931474 3.008067 0.968305
-1.039823 -0.007734 0.294222 0.291341 -1.015290 -1.022091 3.112594 0.966428
-0.935417 -0.767642 0.297708 0.312487 -1.027738 -0.939709 3.110923 0.963443
-1.037047 -0.215349 0.300536 0.330831 -1.034721 -0.905081 3.099749 0.966073
-1.030538 -0.023297 0.292333 0.291471 -1.034681 -1.060583 3.061297 0.962412
-0.988329 -0.362322 0.287173 0.297261 -1.094859 -1.013400 3.109588 0.970135
-1.029617 0.049220 0.304400 0.308715 -1.019985 -0.979446 3.042583 0.967587
-0.973947 -0.163937 0.297639 0.302897 -1.004223 -0.943871 3.098180 0.964537
-0.992351 -0.428716 0.286503 0.296203 -1.127373 -1.053747 3.105027 0.964709
-1.130389 0.259068 0.300478 0.310414 -1.005097 -0.965802 3.035358 0.959922
-1.001938 -0.246978 0.294180 0.275930 -1.009300 -1.081917 3.115798 0.964260
-0.918571 -0.672466 0.289388 0.275677 -1.121704 -1.152801 3.139039 0.960146
-0.977217 -0.107205 0.302402 0.292717 -0.972976 -1.043723 3.071582 0.963929
-1.074819 0.247733 0.321839 0.335827 -0.963358 -0.907618 3.034310 0.967692
-1.005161 -0.305992 0.298184 0.322114 -1.109109 -0.966802 3.074643 0.968269
-1.020260 -0.188848 0.293152 0.298519 -1.063512 -1.042593 3.064948 0.963338
-1.065603 -0.338970 0.288262 0.309678 -1.113665 -0.991709 3.112126 0.967017
-1.028227 -0.218323 0.290739 0.293635 -1.051166 -1.037696 3.097884 0.964208
-0.991365 -0.418518 0.287742 0.292983 -1.120158 -1.085771 3.078909 0.965950
-0.975857 -0.659572 0.282381 0.307065 -1.181547 -1.038368 3.116670 0.969702
-0.895650 -0.625698 0.291243 0.288632 -1.084402 -1.054083 3.087225 0.960538
-0.992150 -0.452976 0.290656 0.320889 -1.131973 -0.932917 3.112398 0.968231
-1.171087 0.435127 0.288846 0.293752 -1.051861 -1.051900 3.009584 0.972014
-0.975133 -0.306373 0.298107 0.316281 -1.060641 -0.969318 3.078167 0.965134
-1.004123 -0.175313 0.299463 0.296974 -1.012910 -1.007505 3.087409 0.965460
-0.935130 -0.481548 0.298435 0.302448 -1.073064 -1.019497 3.103758 0.965101
-1.010690 -0.119418 0.307097 0.326963 -1.031043 -0.929370 3.111145 0.966746
-1.142611 0.346918 0.291161 0.276914 -0.955485 -1.014643 3.023050 0.967366
-0.989520 -0.273812 0.294605 0.311110 -1.078885 -0.981529 3.090571 0.961616
-0.960378 -0.508467 0.305357 0.329119 -1.091933 -0.931885 3.161611 0.962320
-1.035161 -0.233325 0.292156 0.298943 -1.096365 -1.033989 3.130863 0.967131
-0.952182 -0.730898 0.298039 0.302446 -1.046477 -1.043091 3.120787 0.960223
-0.918778 -0.528811 0.295014 0.302944 -1.062523 -0.971137 3.184586 0.964543
-0.950383 -0.391805 0.303668 0.304130 -1.054671 -1.035925 3.135251 0.966913
-0.885495 -0.563945 0.297660 0.310929 -1.103236 -0.993561 3.145132 0.967624
-0.888434 -0.590536 0.299741 0.314653 -1.092889 -0.984887 3.117712 0.965031
-0.987048 -0.207410 0.296953 0.300684 -1.037343 -1.009520 3.066451 0.965265
-1.034289 -0.047264 0.296118 0.295702 -1.047270 -1.073078 3.055243 0.967456
-1.051212 0.193017 0.303495 0.299448 -0.975369 -1.036532 3.001741 0.966627
-1.008843 -0.264485 0.291460 0.294555 -1.053848 -1.001126 3.135565 0.965890
-1.014585 -0.161594 0.299434 0.310429 -1.029094 -0.962313 3.092947 0.966898
-0.976745 -0.376768 0.295014 0.301008 -1.122281 -1.047995 3.096099 0.968615
-0.986544 -0.359238 0.295329 0.311334 -1.076607 -0.979157 3.141421 0.967978
-0.987662 -0.421380 0.288466 0.281060 -1.108200 -1.111470 3.122712 0.965980
-1.053973 -0.145260 0.286556 0.299528 -1.093787 -1.009461 3.066926 0.966705
-0.887556 -0.614329 0.290859 0.292643 -1.083392 -0.994488 3.145456 0.967766
-0.993883 -0.191100 0.288648 0.290091 -1.040851 -1.004441 3.099245 0.970926
-0.964557 -0.425601 0.294077 0.295145 -1.050265 -1.012427 3.140210 0.960733
-0.971444 -0.343321 0.298262 0.296515 -1.072560 -1.041975 3.109589 0.962025
-0.934167 -0.426459 0.290220 0.290344 -1.054165 -1.008847 3.126128 0.962027
-0.913607 -0.498275 0.305427 0.323081 -1.064039 -0.921978 3.138104 0.965252
-1.054271 0.069484 0.301241 0.292318 -1.012446 -1.050490 3.052916 0.960748
-0.857738 -1.218197 0.309794 0.315443 -1.006744 -0.988502 3.054965 0.967787
-1.072820 -0.072618 0.300707 0.309361 -1.087227 -1.092322 3.062477 0.967815
-1.057251 0.030522 0.291389 0.301006 -1.030697 -0.957544 3.057009 0.961533
-0.926258 -0.416236 0.297184 0.312805 -1.071625 -0.970490 3.095048 0.960536
-0.931291 -0.524885 0.300299 0.306296 -1.085536 -1.004065 3.147497 0.964396
-1.034510 -0.178888 0.301642 0.314127 -1.070705 -1.003215 3.078306 0.956194
-0.929612 -0.368564 0.307487 0.307964 -1.064279 -1.023279 3.118131 0.971801
-0.957169 -0.287942 0.307723 0.303842 -1.046469 -1.019654 3.125605 0.964136
-1.022524 -0.185051 0.283890 0.283037 -1.058312 -1.038461 3.089636 0.970694
-0.919180 -0.665566 0.296892 0.307266 -1.128797 -1.021342 3.146222 0.964625
-0.989768 -0.442811 0.292485 0.303960 -1.124730 -1.029895 3.127475 0.970383
-0.966127 -0.370891 0.298261 0.297113 -1.060050 -1.061742 3.082137 0.967786
-0.951385 -0.378442 0.296884 0.290553 -1.039159 -1.032981 3.118276 0.965983
-0.934619 -0.656417 0.285192 0.289924 -1.123719 -1.066219 3.136086 0.967246
-0.947316 -0.260282 0.302172 0.297464 -1.023076 -1.035649 3.075558 0.968732
-1.082088 0.207046 0.296471 0.310830 -1.009908 -0.938604 3.020079 0.967618
