-1.013354 -0.134967 0.291113 0.280881 -1.003443 -1.028293 3.104612 0.969412
-0.871500 -0.448002 0.296392 0.275857 -0.991345 -1.037655 3.147554 0.966630
-0.928076 -0.784260 0.299246 0.290899 -1.013858 -0.997616 3.106959 0.958964
-0.907239 -0.818017 0.305424 0.311512 -1.025340 -0.940414 3.125906 0.967093
-0.910764 -0.580639 0.305056 0.312758 -1.119293 -1.052916 3.124509 0.963893
-1.114378 0.162871 0.292830 0.295945 -1.050351 -1.060202 3.028318 0.969589
-1.040658 -0.060215 0.294296 0.294125 -1.029464 -1.011778 3.099055 0.964116
-0.983567 -0.267437 0.289637 0.267632 -1.000586 -1.082806 3.114368 0.963228
-1.030716 -0.154287 0.297794 0.297021 -1.047301 -1.009991 3.077712 0.963068
-1.062679 -0.124209 0.294541 0.315673 -1.082246 -0.936730 3.076815 0.967238
-1.044147 -0.066422 0.292872 0.307698 -1.042210 -0.959981 3.078175 0.968767
-0.853845 -0.774966 0.286998 0.283479 -1.032991 -1.035457 3.090860 0.971853
-0.828202 -0.756627 0.290858 0.305142 -1.058157 -0.988743 3.064176 0.970673
-0.976813 -0.238936 0.298996 0.302043 -1.026110 -0.978775 3.115357 0.961614
-1.010591 -0.119641 0.290787 0.294439 -1.038263 -1.015154 3.055607 0.968502
-1.024368 -0.282218 0.284950 0.298497 -1.092248 -1.014039 3.099527 0.970663
-0.964423 -0.469895 0.288243 0.292908 -1.124921 -1.055712 3.112134 0.967354
-0.891230 -0.877489 0.289888 0.296633 -1.118696 -1.054610 3.124753 0.972506
-1.015966 -0.381140 0.284690 0.294045 -1.102518 -1.024359 3.114047 0.969577
-0.923553 -0.776181 0.283878 0.285762 -1.079708 -1.024897 3.129790 0.965811
-0.968487 -0.511080 0.292424 0.302549 -1.095235 -0.968148 3.146043 0.961975
-1.054200 -0.026372 0.295155 0.299254 -1.054114 -1.026616 3.098699 0.967221
-1.050412 -0.192968 0.293028 0.298616 -1.105699 -1.079985 3.087762 0.965639
-0.966212 -0.520368 0.292329 0.296694 -1.111838 -1.054443 3.121765 0.967165
-0.999741 -0.220650 0.293987 0.316190 -1.064814 -0.917944 3.074310 0.967381
-0.939729 -0.616141 0.294522 0.315390 -1.127014 -0.965932 3.124370 0.961834
-1.031170 -0.251631 0.290214 0.299763 -1.075998 -1.021122 3.112869 0.966001
-0.931859 -0.793514 0.295352 0.327371 -1.095416 -0.926777 3.099566 0.968607
-0.988646 -0.446649 0.301100 0.321798 -1.120255 -1.000988 3.097360 0.964833
-0.947911 -0.592613 0.296917 0.305472 -1.141725 -1.050432 3.091578 0.961239
-1.071967 0.034531 0.296306 0.294713 -1.056709 -1.065156 3.051531 0.963220
-0.948431 -0.389216 0.294508 0.285916 -1.021649 -1.053038 3.132709 0.967471
-0.946286 -0.331190 0.310981 0.314494 -1.067763 -1.014322 3.094096 0.959693
-1.043198 0.014878 0.303608 0.313719 -1.029005 -0.979372 3.063466 0.966808
-1.186430 0.247299 0.290064 0.299387 -1.091435 -1.053036 3.040163 0.971834
-1.001788 -0.278929 0.289838 0.287050 -1.075266 -1.052139 3.094721 0.965167
-1.077117 -0.004989 0.296919 0.308695 -1.048945 -0.948102 3.097798 0.969378
-1.014807 -0.228833 0.300993 0.322388 -1.036423 -0.936536 3.110229 0.968934
-0.904531 -0.397243 0.305523 0.296864 -1.013016 -1.019264 3.149701 0.960872
-0.918707 -0.657869 0.287333 0.292141 -1.118589 -1.066131 3.148307 0.965843
-0.979871 -0.322415 0.286389 0.290422 -1.075305 -1.015427 3.138844 0.966042
-0.918926 -0.879971 0.286066 0.290843 -1.085671 -1.041221 3.134122 0.969654
-0.911850 -0.689946 0.304790 0.308502 -1.122614 -1.058163 3.136838 0.961698
-1.052086 -0.025080 0.303117 0.302370 -1.046220 -1.047033 3.089113 0.967059
-1.045779 -0.196923 0.292417 0.311501 -1.080459 -0.981223 3.114994 0.967831
-1.084631 0.182825 0.299277 0.311369 -1.032158 -1.009139 2.975745 0.958993
-1.119935 0.111278 0.298029 0.305535 -1.062004 -1.032055 3.067249 0.971910
-1.026868 -0.215539 0.288911 0.297735 -1.096303 -1.029759 3.091734 0.967063
-0.922882 -0.556921 0.307246 0.330764 -1.094107 -0.916118 3.142002 0.964935
-0.992210 -0.172375 0.289220 0.304838 -1.070657 -0.995557 3.027752 0.966928
-1.122723 0.117730 0.288971 0.301233 -1.039148 -0.978087 3.049576 0.969931
-1.037516 -0.133397 0.292425 0.297400 -1.058087 -1.034638 3.045286 0.964233
-1.026128 -0.313916 0.286679 0.301569 -1.080601 -0.984796 3.115197 0.967571
-1.050233 -0.268653 0.287732 0.296243 -1.086168 -1.013706 3.133362 0.966123
-0.845070 -0.824572 0.286535 0.293888 -1.111002 -1.070169 3.107955 0.969807
-1.143445 0.153575 0.301730 0.306358 -1.080657 -1.079431 3.030571 0.966278
-0.959640 -0.290050 0.306736 0.304520 -1.016021 -1.007300 3.097117 0.966371
-0.909816 -0.466400 0.306256 0.320037 -1.057373 -0.955781 3.133459 0.967994
-0.835622 -0.758692 0.300772 0.301854 -1.069893 -1.030456 3.119638 0.964843
-0.971317 -0.127705 0.306594 0.316827 -1.004993 -0.936258 3.067911 0.962620
-1.000613 -0.222243 0.297219 0.306295 -1.032161 -0.997374 3.076495 0.964593
-0.880788 -0.804783 0.302208 0.321187 -1.020647 -0.919876 3.093405 0.966435
-1.057644 0.171375 0.305278 0.301231 -0.959629 -1.023821 3.007480 0.968372
-0.863960 -0.779212 0.304226 0.290332 -0.964781 -1.039796 3.005841 0.969895
-0.905531 -0.479891 0.296939 0.309902 -1.074218 -0.954268 3.130961 0.968016
-0.916408 -0.492270 0.298033 0.280865 -1.046423 -1.082462 3.135934 0.964921
-0.910790 -0.715245 0.302767 0.295566 -1.040306 -1.010464 3.140170 0.961356
-0.972681 -0.213891 0.301584 0.300341 -1.008222 -0.981854 3.118801 0.961037
-1.119665 0.149365 0.291571 0.307747 -1.035050 -0.997644 3.029691 0.964185
-1.064852 -0.035105 0.289401 0.299534 -1.065687 -0.993076 3.071143 0.965453
-0.956632 -0.542805 0.292352 0.305596 -1.137410 -1.034446 3.102298 0.967697
-0.958984 -0.197635 0.285368 0.284574 -1.054222 -1.032971 3.070400 0.971042
-1.044928 -0.236520 0.287694 0.285399 -1.096939 -1.060177 3.109030 0.968358
-1.120057 -0.035312 0.290607 0.318589 -1.080705 -0.948636 3.075659 0.968449
-0.931500 -0.462019 0.304438 0.313798 -1.034215 -0.948403 3.108421 0.965461
-1.027111 -0.082206 0.299803 0.302410 -1.042773 -1.034545 3.101736 0.967794
-0.935575 -0.328875 0.303021 0.306076 -1.034951 -0.979348 3.112817 0.966522
-1.050875 -0.078167 0.293252 0.308254 -1.061444 -0.978097 3.092536 0.965888
-0.850645 -0.612567 0.303979 0.297450 -1.047255 -1.035383 3.147389 0.963644
-0.943629 -0.350826 0.294253 0.293168 -1.060337 -1.013808 3.103090 0.962985
-1.065819 0.055544 0.303356 0.321919 -1.019147 -0.922717 3.032410 0.963192
-1.116575 0.054173 0.290406 0.300709 -1.061625 -0.999381 3.066146 0.965760
-1.075385 -0.102606 0.292964 0.311281 -1.062795 -0.969711 3.094095 0.967803
-1.000788 -0.373329 0.288705 0.301959 -1.091260 -0.974207 3.144209 0.965547
-0.982500 -0.278610 0.284744 0.281573 -1.054515 -1.050690 3.102980 0.970331
-0.980016 -0.372514 0.287761 0.295552 -1.081308 -0.983941 3.134719 0.966065
-1.022014 -0.076697 0.288771 0.287435 -1.031650 -1.026875 3.075908 0.965929
-0.919824 -0.633098 0.286625 0.298211 -1.117960 -1.001167 3.156468 0.968054
-1.077719 0.029143 0.295641 0.294561 -1.022678 -1.019396 3.074526 0.966122
-0.923228 -0.344264 0.308383 0.291828 -1.018311 -1.076056 3.128039 0.963368
-0.904130 -1.144450 0.314830 0.319347 -1.042639 -0.970672 3.116488 0.963389
