-0.816031 -1.029778 0.295616 0.294066 -1.044766 -1.048809 3.065556 0.965083
-1.066335 -0.073633 0.288316 0.292764 -1.059640 -1.023730 3.084183 0.968188
-1.085679 -0.080504 0.291923 0.288912 -1.041693 -1.083689 3.092037 0.965837
-0.943781 -0.547630 0.286783 0.302528 -1.116517 -0.991121 3.118563 0.967509
-0.886210 -0.619312 0.300904 0.324846 -1.088983 -0.935069 3.140347 0.968072
-0.956444 -0.543645 0.282566 0.279599 -1.098759 -1.096120 3.122054 0.967959
-1.019526 -0.314707 0.290154 0.300261 -1.108449 -1.041562 3.079702 0.966727
-0.954311 -0.494491 0.297468 0.310314 -1.118360 -1.001960 3.136578 0.967310
-1.030914 -0.296751 0.295056 0.312749 -1.111735 -1.006130 3.086055 0.969910
-0.963541 -0.590206 0.296971 0.320563 -1.166077 -1.001788 3.102666 0.965718
-0.886051 -0.987510 0.286730 0.277756 -1.148700 -1.166834 3.116858 0.965622
-1.028476 -0.250584 0.294179 0.301783 -1.092187 -1.059967 3.099281 0.969691
-0.985733 -0.312972 0.291210 0.302223 -1.062612 -0.967315 3.120205 0.965575
-1.039986 -0.085723 0.300637 0.319647 -1.036416 -0.935392 3.050444 0.964047
-0.927085 -0.671041 0.295851 0.297370 -1.135239 -1.085760 3.133752 0.961030
-1.099014 0.104089 0.290548 0.305011 -1.062791 -1.002628 3.022173 0.967453
-0.883411 -0.873086 0.290236 0.306964 -1.062458 -0.992109 3.027806 0.969587
-0.887211 -0.398351 0.317543 0.319631 -0.985544 -0.941149 3.092858 0.960776
-1.008386 -0.238206 0.283410 0.303997 -1.059537 -0.935189 3.097441 0.970450
-0.921324 -0.596187 0.297046 0.278463 -1.092210 -1.159481 3.132750 0.959473
-0.994331 -0.380253 0.289666 0.300488 -1.112582 -1.032063 3.102733 0.969996
-1.034480 -0.028896 0.296169 0.307674 -1.033224 -0.939964 3.084801 0.963979
-0.991717 -0.331273 0.290520 0.290315 -1.078753 -1.043412 3.115356 0.966677
-1.037911 -0.167062 0.288082 0.289470 -1.085935 -1.102214 3.053980 0.967143
-0.983310 -0.162643 0.302490 0.311733 -1.024608 -0.972294 3.052836 0.964829
-0.908234 -0.606571 0.306118 0.335859 -1.087308 -0.907182 3.134758 0.963516
-1.118758 0.196841 0.301351 0.311068 -1.039383 -1.013578 3.030210 0.968412
-1.035036 -0.068971 0.295131 0.310469 -1.051366 -0.967880 3.038997 0.966878
-1.150125 0.227958 0.292662 0.309562 -1.064884 -0.987648 3.015544 0.967105
-0.977886 -0.480646 0.286313 0.305763 -1.114387 -0.958537 3.124755 0.965837
-0.963203 -0.971349 0.286491 0.305730 -1.120934 -0.994443 3.113997 0.967750
-1.028325 -0.455787 0.288540 0.317200 -1.129888 -0.983870 3.115671 0.974399
-0.927712 -0.707344 0.289658 0.311670 -1.116855 -0.979174 3.114415 0.966970
-0.982885 -0.170848 0.298298 0.300084 -1.052323 -1.002833 3.076654 0.964094
-1.023795 -0.331383 0.289552 0.314400 -1.123909 -0.964130 3.122905 0.968899
-1.041539 -0.148008 0.294619 0.301929 -1.100900 -1.084362 3.054700 0.966645
-0.990699 -0.287454 0.291973 0.275010 -1.032254 -1.096036 3.124243 0.964139
-1.022429 -0.221870 0.291917 0.299036 -1.092817 -1.099767 3.075115 0.969210
-1.074280 -0.153557 0.288095 0.316334 -1.120653 -0.985085 3.067140 0.972735
-1.100810 0.161089 0.290713 0.283559 -1.020783 -1.028634 3.082876 0.968876
-1.074780 -0.111586 0.296116 0.318371 -1.069729 -0.974230 3.106959 0.965783
-1.027575 -0.101443 0.302689 0.298855 -1.018099 -1.008168 3.081390 0.962747
-0.986017 -0.205741 0.297557 0.297962 -1.038578 -1.015419 3.127817 0.966899
-0.952247 -0.801087 0.295659 0.296682 -1.047937 -1.041879 3.124935 0.969863
-1.005604 -0.497829 0.293851 0.323177 -1.111791 -0.929500 3.122785 0.971326
-0.912560 -0.560382 0.303834 0.296558 -1.067507 -1.065177 3.126458 0.960757
-0.869482 -1.144526 0.303273 0.300144 -1.093348 -1.040485 3.115258 0.958912
-0.972227 -0.349928 0.302886 0.323844 -1.081035 -0.959236 3.088064 0.961272
-1.003322 -0.235369 0.308944 0.317357 -1.058507 -1.011297 3.122078 0.968041
-1.058222 -0.049675 0.286985 0.282392 -1.032657 -1.040949 3.069891 0.965659
-1.126514 0.164827 0.291576 0.282290 -1.029567 -1.090134 3.014727 0.970154
-0.887166 -0.653653 0.293171 0.307720 -1.120670 -0.994172 3.162037 0.966671
-0.961116 -0.578345 0.295186 0.320306 -1.121292 -0.964509 3.150742 0.966983
-0.999856 -0.259664 0.287821 0.283066 -1.066343 -1.048403 3.101002 0.963718
-1.037392 -0.153997 0.286545 0.292304 -1.073816 -1.028192 3.096655 0.968380
-0.993847 -0.255492 0.286942 0.288023 -1.054794 -1.049517 3.094264 0.964454
-0.927746 -0.385565 0.301149 0.296740 -1.020195 -0.984652 3.123827 0.959129
-0.932321 -0.428614 0.312962 0.321559 -1.052734 -0.961571 3.102493 0.957730
-0.995699 -0.235222 0.303323 0.305625 -1.040728 -1.011962 3.112550 0.968067
-0.930120 -0.434512 0.293541 0.301294 -1.071866 -0.980409 3.112476 0.968503
-1.030118 -0.099696 0.311758 0.316667 -1.023041 -1.004856 3.107773 0.968632
-1.062478 -0.193869 0.288266 0.300456 -1.120373 -1.022238 3.120171 0.970126
-0.939796 -0.497558 0.293403 0.305731 -1.084886 -0.983187 3.128701 0.964619
-0.982475 -0.283326 0.289140 0.289809 -1.086686 -1.052952 3.083023 0.966035
-1.052992 -0.015679 0.306678 0.318518 -1.033550 -0.955751 3.084500 0.965004
-0.958506 -0.522047 0.300555 0.313585 -1.106299 -1.007936 3.109920 0.961146
-1.135533 0.338583 0.306586 0.310270 -0.981052 -0.967036 3.024123 0.964560
-1.136321 0.317686 0.303086 0.303670 -1.002500 -0.999035 3.025801 0.964340
-0.961933 -0.618688 0.294747 0.313933 -1.136497 -1.003751 3.151029 0.961628
-0.997713 -0.454463 0.293874 0.296023 -1.149990 -1.118877 3.103389 0.965186
-1.012492 -0.214310 0.293164 0.284855 -1.043018 -1.076364 3.099089 0.967311
-1.026652 -0.066020 0.299570 0.317846 -1.050480 -0.945901 3.058438 0.968585
-1.122264 0.139755 0.288874 0.307757 -1.050296 -0.976315 3.043316 0.969694
-0.937630 -0.620555 0.297047 0.310175 -1.123413 -1.015468 3.138686 0.964644
-0.947475 -0.708841 0.301611 0.322239 -1.095099 -0.990473 3.130450 0.962716
-1.001093 -0.225327 0.297862 0.321406 -1.057970 -0.922066 3.092210 0.968998
-0.905620 -0.751806 0.295289 0.309076 -1.051948 -0.976762 3.094172 0.969828
-1.064160 -0.115341 0.300894 0.315822 -1.099914 -1.033842 3.044153 0.960073
-1.031372 -0.134032 0.290119 0.312319 -1.070506 -0.956036 3.064596 0.966605
-1.053058 -0.309173 0.282826 0.311326 -1.109977 -0.973675 3.076825 0.970162
-1.120275 0.286235 0.297527 0.298086 -0.998968 -0.986979 3.016439 0.967529
-1.018812 -0.432835 0.285349 0.301722 -1.127181 -1.004596 3.096344 0.964610
-1.144315 0.120559 0.288471 0.312881 -1.081243 -0.985354 3.069496 0.971189
-1.127398 0.214175 0.302555 0.313201 -0.998254 -0.961798 3.043038 0.967200
-0.996038 -0.515171 0.291078 0.297631 -1.153485 -1.104332 3.127061 0.966250
-1.003632 -0.205548 0.301126 0.313126 -1.060160 -0.976560 3.070484 0.968301
-0.916091 -0.522919 0.301682 0.311003 -1.055395 -0.989094 3.114564 0.963903
-1.138453 0.386615 0.309636 0.306185 -0.980959 -0.993014 3.019020 0.966168
-1.079779 -0.065078 0.298638 0.320690 -1.065831 -0.967516 3.064106 0.966310
-1.162845 0.310718 0.296598 0.304960 -1.040773 -1.007368 3.027921 0.969256
-1.027869 0.017095 0.292912 0.295090 -1.025493 -0.990745 3.062480 0.961563
-1.001772 -0.178750 0.299458 0.303290 -1.018878 -0.988400 3.107549 0.971549
