-1.057163 -0.151827 0.284137 0.304451 -1.083655 -0.936144 3.089693 0.967962
-1.070798 -0.132702 0.289974 0.312140 -1.067379 -0.949956 3.093827 0.966585
-0.849041 -1.090125 0.286861 0.302460 -1.095081 -1.033298 3.072333 0.971252
-1.036696 -0.153604 0.298247 0.308361 -1.061756 -1.013827 3.055830 0.964708
-1.058069 -0.135692 0.301277 0.327522 -1.048693 -0.918897 3.102282 0.966650
-1.037422 -0.130574 0.297795 0.302089 -1.068704 -1.017555 3.066387 0.964186
-1.008177 -0.312156 0.290428 0.294775 -1.073340 -1.013944 3.136185 0.965964
-0.923729 -0.425268 0.304382 0.298595 -1.055256 -1.060868 3.115008 0.967953
-1.116434 0.099304 0.289641 0.289350 -1.041073 -1.010378 3.059612 0.965387
-0.871184 -0.892353 0.289832 0.290960 -1.063980 -1.113340 2.999520 0.964850
-0.986765 -0.415811 0.289623 0.310310 -1.118766 -0.972892 3.132847 0.969886
-0.919891 -0.676206 0.288396 0.278783 -1.107233 -1.102718 3.145472 0.963253
-1.007579 -0.298343 0.298263 0.307459 -1.090693 -1.011172 3.115263 0.962114
-1.034013 -0.089264 0.294834 0.299946 -1.046926 -1.013600 3.076631 0.961837
-0.903455 -0.397619 0.303697 0.303384 -1.045567 -1.019609 3.101879 0.965401
-0.986509 -0.441177 0.292735 0.294787 -1.083141 -1.044903 3.149967 0.962768
-1.016573 -0.386001 0.292828 0.297719 -1.109986 -1.078490 3.134546 0.968474
-0.946635 -0.402343 0.300709 0.302519 -1.045773 -0.983530 3.129980 0.963029
-1.126135 0.068476 0.296129 0.315084 -1.055323 -0.955134 3.080205 0.970421
-0.985860 -0.287463 0.302575 0.318966 -1.051875 -0.932618 3.117939 0.963054
-1.057033 -0.081005 0.301951 0.310599 -1.074318 -1.052254 3.060950 0.962502
-0.849271 -0.793284 0.296654 0.285920 -1.047233 -1.072486 3.101924 0.962072
-0.874537 -0.800095 0.306198 0.317745 -1.058673 -1.009185 3.088738 0.968234
-1.003960 -0.477141 0.281771 0.305305 -1.121148 -0.989418 3.122141 0.969227
-1.058756 -0.186799 0.302581 0.327244 -1.056849 -0.944964 3.115295 0.969444
-1.061878 -0.085298 0.292295 0.299069 -1.060956 -1.018691 3.066756 0.960512
-0.884460 -0.815404 0.289509 0.293085 -1.059633 -1.057346 3.082585 0.967726
-0.861834 -0.834646 0.290158 0.292586 -1.052524 -1.039747 3.096129 0.969585
-0.933084 -0.505400 0.295364 0.305050 -1.085685 -0.984884 3.139400 0.957511
-1.120981 0.196921 0.300122 0.295830 -1.007558 -1.056976 3.050808 0.968376
-0.928442 -0.492528 0.298729 0.316000 -1.086759 -0.966787 3.127445 0.968313
-0.988849 -0.103285 0.306292 0.290541 -0.987715 -1.060765 3.108801 0.964105
-1.052028 -0.030552 0.294233 0.299519 -1.022477 -0.964569 3.089865 0.965336
-1.099752 0.055042 0.292482 0.308326 -1.059464 -0.975856 3.062539 0.966141
-1.144947 0.179373 0.291395 0.298522 -1.069202 -1.054091 3.050285 0.968956
-1.059499 -0.145764 0.297166 0.310700 -1.064482 -0.954445 3.123463 0.962261
-0.895027 -0.703263 0.293467 0.288868 -1.047469 -1.034839 3.130074 0.965791
-0.960607 -0.522082 0.305124 0.326902 -1.117693 -0.969411 3.133522 0.965739
-1.046491 -0.160706 0.295049 0.314260 -1.081304 -0.957062 3.065112 0.969123
-1.070925 -0.169942 0.293301 0.298726 -1.087551 -1.039858 3.089099 0.967008
-1.114310 0.256913 0.287561 0.278172 -0.991699 -1.045368 3.035704 0.967556
-1.024988 -0.127525 0.303576 0.304602 -1.048344 -1.040591 3.067586 0.965611
-0.943933 -0.348612 0.299307 0.302597 -1.062727 -0.996808 3.083509 0.962824
-0.920624 -0.707639 0.302075 0.310962 -1.046218 -0.949599 3.089025 0.963241
-1.031432 -0.077154 0.294043 0.292165 -1.026853 -1.038119 3.105552 0.964403
-1.041765 -0.026440 0.301952 0.310138 -1.032067 -0.962373 3.055420 0.962489
-1.038338 -0.282748 0.292750 0.309901 -1.083257 -0.967192 3.099863 0.968009
-0.949589 -0.381201 0.289932 0.298530 -1.057594 -1.003322 3.113082 0.963490
-1.081295 0.105874 0.295851 0.314162 -1.032491 -0.953184 3.017449 0.969327
-0.970554 -0.231829 0.301127 0.310033 -1.023569 -0.989914 3.082510 0.961719
-0.856175 -0.960129 0.299068 0.309108 -1.035680 -0.965311 3.102495 0.965612
-0.982526 -0.245797 0.286470 0.274986 -1.011593 -1.036799 3.074049 0.965091
-0.947274 -0.226052 0.304062 0.307164 -1.000715 -0.950604 3.068755 0.961528
-0.798026 -1.079389 0.302186 0.308912 -1.037681 -0.981447 3.055117 0.969541
-0.908640 -0.510073 0.307881 0.318846 -1.078385 -0.988101 3.117006 0.967088
-0.880575 -0.718947 0.295398 0.290887 -1.092132 -1.044417 3.138512 0.963772
-0.929780 -0.603122 0.296030 0.308334 -1.133177 -1.021319 3.129880 0.967880
-0.974399 -0.500594 0.287996 0.281107 -1.113192 -1.083799 3.119266 0.964309
-1.002502 -0.166585 0.292569 0.298769 -1.038247 -0.989932 3.088483 0.966675
-1.035956 -0.212637 0.300300 0.323245 -1.069727 -0.941377 3.088271 0.961659
-1.032638 -0.418951 0.285995 0.308512 -1.146025 -0.990777 3.107785 0.969067
-1.081981 -0.094884 0.289154 0.306502 -1.059478 -0.940564 3.118176 0.967910
-0.909650 -0.513519 0.302328 0.309890 -1.084148 -1.000720 3.155708 0.963438
-1.042406 -0.173654 0.290869 0.268037 -1.057747 -1.160224 3.095882 0.959542
-1.008547 -0.227908 0.300800 0.327017 -1.052306 -0.925405 3.118865 0.965921
-0.914722 -0.445831 0.301981 0.295844 -1.036991 -1.059865 3.114977 0.966174
-0.983290 -0.336119 0.294817 0.288638 -1.071151 -1.046054 3.082829 0.966010
-0.980972 -0.095321 0.308202 0.302652 -0.978820 -1.009872 3.078618 0.965985
-1.005139 -0.295857 0.295108 0.297639 -1.063155 -1.041064 3.092305 0.965461
-0.965928 -0.534869 0.297127 0.311280 -1.098988 -1.022978 3.139854 0.969362
-0.932369 -0.547156 0.296672 0.317571 -1.080002 -0.946204 3.121547 0.960734
-0.940497 -0.530647 0.293491 0.298591 -1.105976 -1.025682 3.109200 0.954693
-1.049717 -0.098201 0.286319 0.302155 -1.067365 -0.992453 3.034371 0.969481
-1.090948 -0.148531 0.289908 0.308050 -1.075218 -0.991519 3.090629 0.967595
-1.103232 -0.057296 0.289100 0.301554 -1.084534 -1.011567 3.089304 0.973242
-1.046321 -0.212778 0.294791 0.308787 -1.076712 -0.986710 3.093878 0.968415
-0.939790 -0.260380 0.302456 0.299322 -1.024600 -1.004788 3.091064 0.965905
-1.016370 -0.161588 0.295347 0.276242 -1.024710 -1.096967 3.109760 0.965012
-0.940153 -0.694645 0.285288 0.299689 -1.136693 -1.010194 3.162577 0.963815
-1.055023 -0.335633 0.300247 0.327396 -1.116328 -0.967308 3.122220 0.965873
-1.003447 -0.330321 0.297395 0.309363 -1.092369 -1.023981 3.071874 0.964717
-0.908400 -0.515663 0.297248 0.307074 -1.067211 -0.968974 3.137234 0.964547
-0.927717 -0.533332 0.298579 0.312655 -1.071391 -0.960048 3.132874 0.964829
-1.034154 0.076643 0.304263 0.303346 -0.985637 -0.987581 3.025237 0.965889
-1.006998 -0.266002 0.295914 0.305406 -1.080851 -0.980564 3.095616 0.962823
-0.971676 -0.391580 0.290501 0.301425 -1.112719 -1.030824 3.101692 0.964495
-0.843835 -0.876909 0.294031 0.312716 -1.079168 -0.944753 3.126857 0.962380
-1.037537 -0.474220 0.280587 0.291729 -1.154525 -1.077444 3.116095 0.967596
-1.085145 0.045245 0.292804 0.313334 -1.033956 -0.913667 3.103665 0.967859
-1.108690 0.205377 0.296156 0.298783 -1.038092 -1.036002 3.026757 0.968845
-1.068379 0.048325 0.297457 0.298215 -1.021194 -1.002299 3.104421 0.964862
-0.960663 -0.419844 0.289685 0.289655 -1.080293 -1.057876 3.110080 0.969280
