-0.983730 -0.147810 0.311780 0.313365 -1.023553 -1.017869 3.063147 0.969294
-0.999609 -0.221027 0.294160 0.308780 -1.092235 -1.019877 3.041294 0.967836
-1.132154 0.231784 0.288006 0.297347 -1.020042 -0.965507 3.033631 0.969683
-1.132755 0.380034 0.300446 0.301358 -0.991027 -0.988873 3.011307 0.971045
-1.055725 -0.070397 0.287606 0.302142 -1.054124 -0.991593 3.061306 0.969163
-0.917804 -0.691402 0.304333 0.328705 -1.136557 -0.968506 3.121850 0.961251
-0.964079 -0.310913 0.301826 0.319431 -1.049132 -0.907547 3.102991 0.963258
-0.987051 -0.280580 0.290627 0.297323 -1.064975 -0.981659 3.099390 0.967995
-0.988130 -0.333578 0.300830 0.296559 -1.047122 -1.058122 3.123675 0.969353
-0.987637 -0.312349 0.302419 0.318051 -1.098435 -0.997974 3.082348 0.961658
-0.945065 -0.417348 0.307139 0.316523 -1.038086 -0.935360 3.124344 0.961633
-0.927884 -0.358969 0.302794 0.325707 -1.027689 -0.927732 3.088796 0.959106
-0.864926 -0.662930 0.304758 0.299942 -1.095814 -1.097663 3.114318 0.961238
-0.921059 -0.431105 0.300046 0.293783 -1.036203 -1.037916 3.122385 0.963762
-0.875897 -1.055805 0.300964 0.300257 -1.048294 -1.021137 3.124687 0.965138
-1.036861 -0.017771 0.307050 0.320079 -1.033967 -0.978602 3.077132 0.967273
-0.920814 -0.416150 0.307307 0.321116 -1.068311 -1.000068 3.054676 0.963565
-0.975210 -0.158196 0.315648 0.332049 -1.031454 -0.926700 3.115267 0.965800
-1.136397 0.230266 0.295913 0.311464 -1.020362 -0.923304 3.059757 0.964274
-0.956218 -0.421573 0.292317 0.316967 -1.077109 -0.901103 3.118938 0.966397
-0.978967 -0.449449 0.282153 0.297904 -1.087018 -0.971345 3.131597 0.965583
-1.035367 0.015383 0.301949 0.305520 -1.016716 -0.977595 3.038140 0.958249
-1.062505 -0.176787 0.294049 0.309843 -1.111048 -1.039621 3.061206 0.964824
-1.068470 -0.056997 0.291751 0.301522 -1.057833 -0.999384 3.068624 0.966423
-1.068932 -0.002377 0.296318 0.303904 -1.047430 -1.040717 3.009954 0.963537
-1.045482 -0.117039 0.301603 0.329594 -1.034111 -0.908137 3.083686 0.963538
-1.102945 0.303749 0.311065 0.314053 -0.985628 -0.981914 3.007357 0.967035
-1.065976 -0.269019 0.297644 0.315866 -1.116304 -1.011016 3.075362 0.966681
-1.128892 0.087202 0.282439 0.287023 -1.073797 -1.016353 3.012135 0.970050
-0.979697 -0.573469 0.281425 0.291479 -1.159280 -1.085994 3.126480 0.972804
-0.947798 -0.320710 0.299985 0.303831 -1.061725 -0.992055 3.091292 0.964463
-0.984109 -0.127702 0.298894 0.300216 -1.034453 -1.030766 3.059218 0.970380
-1.017685 -0.097143 0.296109 0.296591 -1.069947 -1.106756 3.018062 0.968986
-1.046528 -0.066421 0.286172 0.297759 -1.034403 -0.948341 3.105548 0.966684
-0.911280 -0.627463 0.299079 0.324222 -1.102339 -0.939578 3.139722 0.967180
-1.005100 -0.482268 0.291690 0.312431 -1.125195 -0.993263 3.126716 0.964919
-1.096779 0.057216 0.292027 0.306508 -1.029096 -0.944077 3.040559 0.963274
-0.883866 -0.753000 0.290293 0.306548 -1.058037 -0.979733 3.022945 0.969207
-1.082882 -0.147405 0.299069 0.330571 -1.056608 -0.895898 3.093732 0.965042
-1.084167 0.016297 0.285885 0.295846 -1.070065 -0.979958 3.067985 0.973541
-0.925134 -0.708929 0.289266 0.302177 -1.047765 -0.989237 3.039020 0.968392
-0.948013 -0.466969 0.298264 0.320237 -1.105557 -0.950471 3.130522 0.969380
-0.989999 -0.229238 0.296020 0.293916 -1.030949 -1.047135 3.086874 0.965899
-0.947495 -0.510202 0.287206 0.299112 -1.100296 -0.991901 3.131904 0.966089
-1.002788 -0.501428 0.291176 0.317278 -1.137529 -0.978600 3.112850 0.965557
-1.066962 -0.360932 0.281242 0.284596 -1.111104 -1.065534 3.108713 0.967372
-1.146462 0.308635 0.298809 0.308821 -1.051465 -1.026088 3.029688 0.970249
-1.026312 -0.165153 0.296733 0.297419 -1.039232 -0.986648 3.097395 0.960040
-1.056954 0.005701 0.292264 0.301670 -1.084224 -1.066291 3.025916 0.968939
-1.049608 0.011837 0.304116 0.312516 -1.010669 -0.995782 3.030686 0.964118
-0.995493 -0.387854 0.284247 0.278497 -1.064060 -1.059177 3.145526 0.965416
-0.827862 -0.922240 0.286424 0.295621 -1.106793 -1.008090 3.139475 0.971308
-0.970419 -0.296674 0.300482 0.301296 -1.097731 -1.051777 3.092257 0.965615
-0.924065 -0.725424 0.306982 0.320588 -1.058263 -0.992855 3.083995 0.961032
-0.849735 -0.725896 0.310490 0.321373 -1.039665 -0.955036 3.110723 0.962961
-0.811485 -0.977704 0.317697 0.350607 -1.028151 -0.854884 3.114603 0.962478
-1.055688 -0.056957 0.293029 0.298213 -1.066928 -1.041192 3.038709 0.968538
-0.984401 -0.351635 0.299292 0.309123 -1.096132 -1.023435 3.079977 0.965612
-1.055050 -0.475651 0.289947 0.319897 -1.144280 -0.962728 3.123335 0.966526
-0.939954 -0.449706 0.292067 0.295734 -1.093658 -1.052887 3.149902 0.966695
-0.849541 -0.847403 0.292833 0.308839 -1.113199 -0.970560 3.156101 0.965079
-0.993333 -0.241144 0.300109 0.298212 -1.041501 -1.064797 3.083712 0.965466
-0.917107 -0.496206 0.311445 0.319543 -1.056400 -0.998379 3.101882 0.964199
-1.002496 -0.239555 0.294399 0.301471 -1.038521 -0.957877 3.084622 0.964489
-1.033176 -0.001783 0.303433 0.312856 -1.013287 -0.940605 3.087298 0.964296
-1.000703 -0.219426 0.292273 0.277009 -1.011794 -1.126523 3.081567 0.966304
-0.948376 -0.648815 0.287586 0.314045 -1.146516 -1.001847 3.105021 0.964498
-1.068643 -0.162022 0.290017 0.315093 -1.050173 -0.937676 3.074832 0.965980
-1.016060 -0.129342 0.290553 0.302075 -1.088965 -1.035306 3.061860 0.970782
-1.046695 -0.160121 0.284467 0.281734 -1.048789 -1.037455 3.096295 0.967615
-0.939807 -0.606358 0.287048 0.282045 -1.101124 -1.096279 3.141499 0.965413
-1.047740 -0.011563 0.295376 0.313446 -1.053936 -0.997439 3.037640 0.963997
-1.081504 -0.002746 0.293621 0.302951 -1.056374 -1.013354 3.063527 0.959832
-1.002984 -0.215697 0.297973 0.297580 -1.067436 -1.083706 3.085061 0.965458
-0.994745 -0.203843 0.291929 0.296862 -1.057064 -0.974091 3.094708 0.965211
-1.100039 0.058640 0.292541 0.302935 -1.035565 -0.961909 3.108952 0.963842
-1.029772 -0.271662 0.300641 0.317839 -1.086574 -0.983382 3.091902 0.966071
-1.077326 0.073979 0.303852 0.307753 -1.036965 -1.048239 3.059245 0.965554
-1.122843 0.189563 0.291363 0.312531 -1.042545 -0.942858 3.035321 0.964274
-0.996682 -0.174588 0.300621 0.314196 -1.040910 -0.962334 3.059362 0.968321
-0.933372 -0.486430 0.307064 0.331480 -1.079677 -0.927485 3.107408 0.966618
-0.994194 -0.352971 0.291871 0.284644 -1.068992 -1.053560 3.130496 0.965929
-1.002604 -0.194285 0.299185 0.293207 -1.043937 -1.052908 3.095130 0.963331
-0.998622 -0.225357 0.295664 0.294960 -1.058098 -1.077312 3.067117 0.970110
-1.014558 -0.166991 0.299939 0.324009 -1.028879 -0.892643 3.073925 0.966310
-0.953744 -0.607434 0.294865 0.322649 -1.110515 -0.956692 3.158639 0.968160
-0.985496 -0.442708 0.294657 0.324581 -1.092429 -0.916830 3.142014 0.964566
-0.917750 -0.877947 0.287777 0.298701 -1.117939 -1.032999 3.141177 0.968733
-0.817481 -1.294379 0.289172 0.304930 -1.122685 -1.008703 3.134909 0.968647
-0.942308 -0.708341 0.288636 0.301623 -1.111105 -1.025759 3.127283 0.962099
-0.989150 -0.334887 0.304428 0.311816 -1.052268 -0.972772 3.083105 0.960130
-0.998670 -0.499315 0.291018 0.317624 -1.114081 -0.968845 3.120901 0.961133
