-1.116567 0.286037 0.292125 0.307421 -1.020173 -0.966263 3.018470 0.969337
-0.945800 -0.457706 0.286911 0.288908 -1.069517 -1.021259 3.140800 0.968853
-0.864438 -0.704837 0.289301 0.301333 -1.095890 -0.995653 3.112848 0.966180
-1.014150 -0.204851 0.293536 0.316941 -1.073682 -0.943450 3.090283 0.966928
-1.031031 -0.396654 0.302530 0.340571 -1.097775 -0.899053 3.106161 0.968203
-0.998191 -0.149542 0.313399 0.307316 -1.013315 -1.034807 3.072735 0.963274
-1.115923 0.152699 0.287653 0.297748 -1.038690 -1.006809 3.047049 0.972343
-0.844944 -0.890763 0.288519 0.307846 -1.060453 -0.969467 3.030737 0.968492
-0.903147 -0.743212 0.287479 0.291371 -1.027936 -1.013240 3.050622 0.969599
-0.911977 -0.590257 0.302747 0.303179 -1.101686 -1.062105 3.151505 0.963401
-1.031436 -0.279732 0.292010 0.301454 -1.094120 -1.035460 3.090665 0.965400
-1.098998 0.200012 0.299743 0.304825 -0.997787 -0.978498 3.013548 0.962848
-1.061301 0.060432 0.292616 0.286174 -0.997508 -1.031879 3.074437 0.966750
-1.042239 -0.138748 0.292274 0.292137 -1.061711 -1.030095 3.108554 0.967482
-0.910303 -0.534451 0.305760 0.328454 -1.083233 -0.911452 3.149720 0.965923
-0.954134 -0.434807 0.303539 0.297585 -1.068788 -1.076220 3.114524 0.965976
-1.090192 0.075340 0.306683 0.311687 -1.025433 -1.007349 3.083581 0.962735
-0.928089 -0.494054 0.296976 0.301408 -1.064805 -1.001428 3.125334 0.966279
-1.012502 -0.257142 0.292381 0.285656 -1.049921 -1.084834 3.091158 0.962795
-0.866519 -0.777418 0.297642 0.305572 -1.048988 -1.009915 3.097517 0.963943
-1.096491 -0.092703 0.289770 0.289262 -1.057471 -1.064244 3.097344 0.969026
-0.996693 -0.371314 0.287321 0.294131 -1.096022 -1.003831 3.102641 0.967501
-1.092632 -0.007069 0.290810 0.292149 -1.049338 -1.060420 3.015393 0.966334
-1.022926 -0.243509 0.301738 0.316497 -1.069980 -1.000905 3.112929 0.968874
-1.000887 -0.402371 0.286118 0.299848 -1.109303 -1.003634 3.150347 0.968319
-1.057903 -0.279785 0.288495 0.308522 -1.148369 -1.009490 3.107616 0.967911
-1.071368 0.094835 0.305387 0.317218 -1.025781 -0.939019 3.045509 0.965344
-1.040817 -0.024689 0.297122 0.304389 -1.015915 -0.997214 3.047137 0.968723
-0.896868 -0.618803 0.303497 0.311138 -1.097888 -1.021151 3.116328 0.965334
-0.984180 -0.425891 0.286843 0.286299 -1.091505 -1.060639 3.115110 0.965376
-0.967019 -0.333371 0.298687 0.296313 -1.031930 -1.040215 3.077678 0.965794
-0.976111 -0.519321 0.290337 0.306391 -1.129703 -0.995446 3.112967 0.964046
-0.957802 -0.453144 0.289189 0.303826 -1.087565 -0.985714 3.123465 0.964180
-0.956461 -0.305566 0.300020 0.286370 -1.030205 -1.065487 3.094065 0.966466
-1.096645 0.251435 0.299451 0.299765 -0.978378 -0.984078 3.050152 0.966078
-0.983118 -0.210999 0.290497 0.284078 -1.027518 -1.080514 3.053569 0.963552
-0.868007 -1.011453 0.297033 0.295739 -1.012640 -1.006171 3.087764 0.968758
-0.851888 -0.875371 0.294758 0.306652 -1.046763 -0.991626 3.055335 0.965485
-1.095100 -0.145169 0.284394 0.301775 -1.105672 -1.017028 3.076946 0.967136
-0.976297 -0.431567 0.299002 0.315737 -1.083207 -0.970836 3.138190 0.969362
-1.007471 -0.109068 0.299559 0.300052 -1.033033 -1.040145 3.053692 0.971429
-0.968391 -0.321996 0.305115 0.326530 -1.055585 -0.927905 3.107758 0.969074
-0.979576 -0.126580 0.302935 0.297462 -1.025081 -1.039215 3.045179 0.968698
-1.030178 -0.221881 0.291432 0.299895 -1.067240 -1.015644 3.097394 0.967705
-1.134939 0.216036 0.304628 0.316657 -1.026242 -1.016459 3.025308 0.976271
-0.939406 -0.439074 0.298214 0.310411 -1.082896 -1.007094 3.096027 0.962644
-0.893639 -0.815978 0.298775 0.303812 -1.062787 -0.987776 3.136731 0.966323
-1.009214 -0.140520 0.299285 0.296171 -1.036379 -1.023308 3.076984 0.959258
-1.005074 -0.492073 0.297099 0.326778 -1.110536 -0.935538 3.134566 0.963326
-1.070078 -0.223731 0.291061 0.301609 -1.119356 -1.062700 3.090368 0.968595
-1.049778 0.148035 0.304534 0.296741 -0.981589 -1.000049 3.041362 0.968324
-0.921314 -0.553518 0.296975 0.312215 -1.110569 -0.994051 3.123893 0.965898
-0.875385 -0.708875 0.290880 0.285029 -1.077583 -1.075353 3.149660 0.964428
-0.871207 -0.605977 0.305347 0.319208 -1.081432 -0.966413 3.122092 0.966810
-0.918393 -0.566211 0.298984 0.314998 -1.104285 -0.976573 3.131028 0.967083
-0.933135 -0.792969 0.293562 0.286069 -1.071933 -1.054988 3.152271 0.966215
-1.083425 -0.096277 0.295925 0.305598 -1.083261 -1.035752 3.055315 0.962182
-1.065547 -0.101346 0.295163 0.306925 -1.047893 -0.998523 3.098530 0.966365
-1.056455 0.001831 0.301998 0.296208 -1.033038 -1.076702 3.086050 0.966327
-0.913892 -0.577590 0.296242 0.310463 -1.098953 -0.980229 3.110996 0.959692
-1.137807 0.141312 0.298029 0.316437 -1.049061 -0.958831 3.074925 0.967648
-1.064867 -0.105747 0.291467 0.291542 -1.061583 -1.074274 3.101816 0.966543
-1.013960 -0.215575 0.294013 0.293990 -1.055075 -1.009840 3.086902 0.965818
-0.910856 -0.557042 0.297947 0.315036 -1.080638 -0.958014 3.111287 0.961338
-0.778959 -1.126623 0.292527 0.287977 -1.067357 -1.041169 3.143857 0.966137
-1.083833 0.187555 0.293336 0.280512 -0.983899 -1.042898 3.071226 0.963424
-1.086525 0.210188 0.313169 0.321844 -0.980638 -0.966403 3.029473 0.967063
-1.050274 -0.115192 0.298503 0.311999 -1.047576 -0.978873 3.073588 0.965233
-0.985572 -0.231547 0.297199 0.304072 -1.041706 -1.005219 3.086057 0.963478
-0.951445 -0.278589 0.306847 0.325007 -1.061736 -0.975555 3.025048 0.967185
-0.959480 -0.533257 0.291026 0.305948 -1.107403 -1.001703 3.095614 0.968028
-1.013838 -0.180763 0.297297 0.316757 -1.057232 -0.938843 3.092494 0.968396
-0.871873 -0.624081 0.303235 0.306474 -1.088486 -0.995470 3.156829 0.962989
-0.989304 -0.035996 0.307068 0.298385 -0.995198 -1.036769 3.052246 0.971721
-1.126487 0.203375 0.291074 0.304086 -1.022743 -0.949657 3.059267 0.965955
-0.943891 -0.347757 0.294905 0.294569 -1.040036 -1.028695 3.140875 0.969692
-0.921161 -0.582639 0.295255 0.299621 -1.095138 -1.048988 3.129599 0.967000
-0.998949 -0.396758 0.294897 0.301663 -1.108957 -1.048143 3.130543 0.960936
-0.982800 -0.367982 0.303550 0.318304 -1.059436 -0.981751 3.127324 0.965028
-0.966305 -0.407572 0.295563 0.295415 -1.055644 -1.022485 3.103836 0.964173
-0.977717 -0.266985 0.290442 0.283481 -1.021016 -1.019229 3.102614 0.962292
-1.011075 -0.171490 0.296010 0.296123 -1.033718 -1.016651 3.068464 0.966540
-0.852581 -0.933504 0.301466 0.321688 -1.022519 -0.913843 3.071743 0.965827
-0.882443 -0.866197 0.298185 0.307194 -1.038928 -0.986153 3.052287 0.965423
-0.983764 -0.531284 0.283853 0.295193 -1.111896 -0.986848 3.158753 0.965392
-0.863385 -0.976418 0.287176 0.307936 -1.110957 -0.976917 3.144850 0.967492
-1.162817 0.338016 0.296753 0.308948 -1.033698 -0.971343 3.009426 0.967432
-0.857679 -0.812430 0.293466 0.297420 -1.028367 -1.020206 3.013891 0.968656
-0.972616 -0.444633 0.296887 0.296744 -1.097813 -1.074871 3.136184 0.961966
-1.069909 0.102606 0.299660 0.307197 -1.019072 -1.024058 3.025827 0.963975
-1.053770 -0.265384 0.303112 0.324880 -1.117551 -0.985733 3.110469 0.969513
