-1.062471 -0.107928 0.298997 0.320719 -1.079303 -0.953763 3.057731 0.967024
-1.083572 0.044133 0.303750 0.309871 -1.099333 -1.091900 3.019258 0.964405
-0.999717 -0.310019 0.289754 0.306047 -1.046617 -0.926322 3.097969 0.965415
-0.920511 -0.609654 0.291550 0.310657 -1.124436 -0.977482 3.136102 0.966079
-0.961576 -0.370940 0.297302 0.312666 -1.063757 -0.974111 3.092047 0.967381
-0.925309 -0.698835 0.293716 0.291256 -1.157333 -1.136491 3.145869 0.963740
-1.033102 -0.308549 0.295232 0.319647 -1.103967 -0.976297 3.090121 0.968305
-0.984513 -0.457834 0.284760 0.285627 -1.132927 -1.152516 3.073329 0.967807
-1.018492 -0.280415 0.290777 0.295749 -1.086762 -1.054577 3.103249 0.966277
-1.031908 -0.010450 0.298533 0.296483 -1.028012 -1.048205 3.052713 0.962001
-1.002900 -0.287688 0.298184 0.307254 -1.063888 -0.972979 3.107613 0.967807
-0.855341 -0.758511 0.299127 0.307003 -1.064123 -1.044441 3.060851 0.965974
-0.977607 -0.294643 0.306926 0.306130 -1.048301 -1.020832 3.099468 0.962141
-1.031844 -0.100600 0.306333 0.303914 -1.035834 -1.025036 3.050473 0.960516
-0.939666 -0.333862 0.309127 0.310278 -1.081141 -1.069490 3.052759 0.967098
-1.020633 -0.130389 0.302672 0.302166 -1.036045 -1.016594 3.069484 0.964152
-0.910950 -0.611934 0.304727 0.317230 -1.126355 -1.002012 3.130887 0.962587
-0.988208 -0.506419 0.290682 0.306557 -1.140020 -1.038220 3.112285 0.962543
-1.037065 -0.228374 0.290459 0.300622 -1.064794 -0.996361 3.127407 0.967938
-0.914346 -0.772897 0.292233 0.316773 -1.085647 -0.925370 3.113368 0.964853
-0.903346 -0.581571 0.296320 0.293547 -1.085167 -1.061684 3.129093 0.964366
-0.965001 -0.365662 0.301219 0.306171 -1.053221 -0.985028 3.123986 0.968410
-1.073755 0.078109 0.304222 0.303951 -1.025613 -1.048253 3.056786 0.967297
-0.981151 -0.079171 0.300476 0.296356 -0.998712 -1.036105 3.060190 0.967535
-0.964257 -0.480251 0.297048 0.333171 -1.077200 -0.876998 3.141588 0.965550
-0.985844 -0.389139 0.285774 0.286402 -1.085658 -1.033736 3.099113 0.966495
-0.911578 -0.571487 0.306991 0.319732 -1.081263 -0.961904 3.157035 0.965576
-1.001771 -0.166057 0.306228 0.326289 -1.046532 -0.919974 3.075873 0.959461
-1.043381 -0.074972 0.294960 0.298853 -1.054838 -1.033282 3.038625 0.970903
-1.113520 0.117468 0.304212 0.328955 -1.043404 -0.948846 3.009827 0.969451
-0.948564 -0.595223 0.285653 0.313983 -1.088310 -0.933488 3.106079 0.968153
-1.147151 0.296598 0.290795 0.294745 -1.014800 -1.000291 3.026623 0.966905
-1.073418 -0.144643 0.290133 0.298776 -1.074921 -1.039789 3.066504 0.966647
-1.084511 -0.080157 0.292595 0.311340 -1.081081 -0.982110 3.100305 0.968713
-0.996506 -0.288493 0.292868 0.307686 -1.054536 -0.956328 3.104256 0.961927
-1.090507 0.106362 0.300586 0.318441 -1.030269 -0.946178 3.046873 0.968347
-1.027495 -0.092510 0.289274 0.295377 -1.039492 -1.011596 3.071372 0.971618
-1.003549 -0.138408 0.298531 0.301471 -0.993293 -0.963141 3.132883 0.965711
-1.072283 -0.184555 0.287495 0.305102 -1.113733 -1.027440 3.092954 0.969383
-1.059121 0.011962 0.289420 0.288891 -1.037190 -1.042230 3.086060 0.968982
-1.118162 0.059048 0.292712 0.312806 -1.051530 -0.953546 3.083104 0.966882
-0.874953 -0.766052 0.290316 0.306782 -1.067725 -0.995750 3.065325 0.964871
-1.084421 -0.029581 0.298251 0.304789 -1.046449 -0.996102 3.119923 0.966069
-0.895724 -0.957915 0.294375 0.293683 -1.049343 -1.041783 3.089839 0.956802
-1.010936 -0.199876 0.285114 0.268579 -1.013917 -1.054119 3.085225 0.964756
-0.858170 -1.061133 0.291548 0.308064 -1.068227 -0.975460 3.059864 0.970810
-0.924156 -0.436825 0.298252 0.308904 -1.059932 -0.969821 3.097829 0.960887
-1.020082 -0.236437 0.289165 0.291395 -1.073220 -1.029557 3.091218 0.966067
-0.940506 -0.574678 0.296282 0.317597 -1.122295 -0.978735 3.154222 0.965405
-0.897656 -0.457717 0.297283 0.277046 -1.015228 -1.067559 3.143002 0.961981
-1.020939 -0.166168 0.294398 0.297933 -1.074232 -1.071849 3.043527 0.969822
-0.959607 -0.377137 0.302506 0.300406 -1.067797 -1.045580 3.118842 0.967065
-1.126441 0.114754 0.291965 0.302241 -1.026914 -0.968383 3.081578 0.963943
-1.147382 0.344312 0.306775 0.318862 -1.001322 -0.946074 3.025213 0.968414
-0.990132 -0.129719 0.294580 0.298433 -1.024506 -0.987402 3.058704 0.970235
-1.031473 -0.147526 0.297257 0.324794 -1.040117 -0.881928 3.116056 0.965472
-1.008770 -0.171182 0.295927 0.287540 -1.047174 -1.064281 3.108503 0.968189
-1.027552 -0.307693 0.284414 0.309303 -1.100473 -0.958411 3.108689 0.969748
-0.953783 -0.497686 0.295833 0.306476 -1.093986 -0.994517 3.129467 0.961585
-0.985401 -0.390979 0.305553 0.324267 -1.069630 -0.950936 3.115881 0.966075
-0.994283 -0.181606 0.298500 0.292359 -1.009525 -1.001318 3.093186 0.963855
-0.980936 -0.393500 0.287124 0.295078 -1.111157 -1.076150 3.079698 0.967199
-1.031085 -0.264640 0.297203 0.301115 -1.075600 -1.054723 3.079940 0.964571
-0.904803 -0.736610 0.297999 0.309835 -1.094096 -1.017504 3.084251 0.966865
-0.831071 -1.203727 0.293326 0.289415 -1.079862 -1.074400 3.092394 0.963291
-0.838146 -1.068673 0.295686 0.300419 -1.085564 -1.022393 3.094023 0.963407
-1.133296 0.170867 0.290525 0.292347 -1.036025 -1.033594 3.038003 0.967737
-0.981104 -0.329840 0.297582 0.309404 -1.066245 -0.991531 3.106739 0.968659
-0.977131 -0.429133 0.292301 0.312341 -1.101473 -0.974076 3.104532 0.963346
-0.936305 -0.608971 0.292446 0.300274 -1.125476 -1.018389 3.157406 0.965736
-0.988780 -0.474701 0.294255 0.324373 -1.170926 -0.983974 3.113149 0.970028
-1.140645 0.001183 0.288984 0.305503 -1.073486 -0.985741 3.096828 0.967368
-1.065522 -0.189316 0.295214 0.313136 -1.083475 -0.990726 3.096297 0.969484
-0.988657 -0.088502 0.289424 0.285957 -1.019641 -0.981555 3.119003 0.963915
-1.031817 -0.326940 0.287473 0.293837 -1.095890 -1.026023 3.113888 0.966313
-1.040204 -0.219625 0.305749 0.327973 -1.070753 -0.953992 3.095082 0.968925
-0.953149 -0.451168 0.299089 0.308821 -1.090329 -1.005329 3.094399 0.965660
-0.910797 -0.624161 0.302107 0.301330 -1.096449 -1.038876 3.126012 0.961171
-0.927730 -0.749057 0.305127 0.318534 -1.120893 -1.020166 3.108318 0.964319
-0.973430 -0.523339 0.285880 0.307137 -1.086711 -0.932683 3.143401 0.967009
-1.110394 0.323221 0.289577 0.279813 -0.977845 -1.048006 3.040642 0.971887
-0.943733 -0.408676 0.290254 0.296302 -1.057791 -0.986528 3.108035 0.969655
-1.031723 -0.171738 0.288720 0.293399 -1.062635 -0.990646 3.065981 0.967758
-1.102178 -0.022849 0.292203 0.312106 -1.092428 -1.007019 3.067347 0.971166
-1.054802 -0.253646 0.300919 0.324839 -1.081895 -0.945831 3.116609 0.963911
-0.948229 -0.524279 0.295315 0.316215 -1.136047 -0.983568 3.101504 0.963237
-0.896273 -0.605299 0.285703 0.282443 -1.077162 -1.029837 3.127079 0.963590
-0.832735 -0.729601 0.288758 0.297850 -1.095670 -1.008252 3.118617 0.968967
-1.001294 -0.337637 0.296223 0.311969 -1.089018 -1.006295 3.053889 0.966970
-1.056738 -0.141647 0.295693 0.310226 -1.050454 -0.969926 3.057990 0.961902
-0.895534 -0.572582 0.302819 0.301005 -1.065796 -1.025060 3.160373 0.964627
