-0.957501 -0.376123 0.283727 0.287350 -1.071280 -1.008447 3.119827 0.967620
-1.005219 -0.348535 0.298153 0.313369 -1.066690 -0.976056 3.131775 0.967690
-0.892259 -0.770670 0.298015 0.322484 -1.082812 -0.931255 3.128446 0.965870
-1.031315 -0.376404 0.285613 0.307054 -1.094212 -0.989313 3.113355 0.967526
-0.907990 -0.706484 0.280050 0.280792 -1.080184 -1.034659 3.145090 0.971025
-1.032824 -0.199235 0.291111 0.313231 -1.056032 -0.944885 3.101539 0.966293
-0.841502 -0.922946 0.289401 0.302902 -1.078087 -1.004079 3.090505 0.969426
-0.883619 -0.895102 0.291122 0.305350 -1.066736 -0.972270 3.089782 0.963002
-1.174542 0.269860 0.288863 0.296441 -1.051488 -1.021794 3.032127 0.968979
-0.942490 -0.521058 0.296834 0.305386 -1.089925 -1.017085 3.100163 0.958781
-0.945847 -0.526136 0.292236 0.292990 -1.101560 -1.070534 3.128597 0.966735
-0.968660 -0.354683 0.297725 0.321719 -1.053577 -0.890537 3.118971 0.967176
-0.977540 -0.379494 0.290999 0.303464 -1.082858 -0.978023 3.116542 0.957341
-0.998994 -0.371082 0.292514 0.300685 -1.078080 -0.999553 3.123517 0.963637
-0.890632 -0.959692 0.290443 0.291915 -1.077105 -1.030597 3.137058 0.963912
-0.929918 -0.514419 0.287970 0.298332 -1.085314 -1.014230 3.103605 0.969730
-0.945285 -0.460624 0.295002 0.300767 -1.066260 -1.007211 3.110499 0.962797
-0.901940 -0.555013 0.294010 0.301332 -1.074016 -0.992682 3.167293 0.966894
-0.950955 -0.371826 0.289086 0.286785 -1.036968 -0.991207 3.135670 0.965950
-0.911784 -0.411129 0.307673 0.306787 -1.048585 -1.022692 3.129332 0.966474
-1.029305 -0.148911 0.295194 0.306597 -1.054971 -0.983278 3.077625 0.966142
-1.092991 0.141409 0.291312 0.290052 -1.063438 -1.026878 3.058772 0.968092
-1.079535 -0.053786 0.296110 0.310722 -1.084724 -1.041583 3.070871 0.972135
-0.994704 -0.367148 0.290362 0.293922 -1.086765 -1.021974 3.111076 0.966192
-1.140025 0.239741 0.287162 0.298389 -1.056215 -1.033085 3.036013 0.967829
-1.098665 0.182528 0.298727 0.296459 -1.039734 -1.100636 3.044962 0.967383
-0.995626 -0.059663 0.309842 0.297302 -0.991467 -1.034234 3.106554 0.966868
-0.988532 -0.317410 0.294395 0.292033 -1.067962 -1.058959 3.099434 0.961829
-1.057124 0.080974 0.287206 0.284528 -1.036994 -1.085008 3.030991 0.968530
-1.015995 -0.275451 0.297025 0.316075 -1.094529 -0.980662 3.103628 0.970104
-0.940893 -0.558767 0.309590 0.331013 -1.086092 -0.921968 3.165441 0.966498
-0.910852 -0.625034 0.299548 0.310590 -1.109176 -0.993048 3.143858 0.959335
-0.901805 -0.592426 0.303174 0.322052 -1.093025 -0.952023 3.109387 0.965835
-1.089002 0.020489 0.298949 0.309617 -1.060250 -1.001804 3.059665 0.963631
-1.044184 -0.323731 0.286217 0.316576 -1.090174 -0.931005 3.151337 0.970843
-1.082903 -0.068120 0.284598 0.305282 -1.070962 -0.978585 3.075067 0.969983
-0.964571 -0.247244 0.296395 0.310806 -1.034840 -0.943673 3.079884 0.961225
-1.024203 -0.016713 0.297855 0.301270 -1.023148 -1.003886 3.048165 0.969668
-0.973190 -0.273743 0.299000 0.310573 -1.072780 -0.980694 3.110018 0.970864
-0.854540 -0.992480 0.293533 0.288811 -1.036606 -1.044432 3.102939 0.960849
-1.075530 0.079147 0.291946 0.282547 -1.011685 -1.082897 3.018302 0.965724
-1.035423 0.084888 0.313048 0.308626 -0.981892 -1.022052 3.033989 0.968527
-0.892151 -0.865916 0.311300 0.320918 -1.019944 -0.979325 3.008405 0.963394
-0.963495 -0.556511 0.299812 0.308499 -1.129616 -1.044310 3.123031 0.964336
-0.992647 -0.454837 0.286394 0.291813 -1.098724 -1.042082 3.124182 0.963659
-1.074658 -0.052697 0.293374 0.302512 -1.044105 -0.994891 3.077448 0.968899
-0.993034 -0.266554 0.287492 0.295470 -1.087281 -1.032413 3.083794 0.968568
-1.135380 0.313236 0.302274 0.302532 -1.010653 -1.026767 3.000590 0.964974
-0.901811 -0.531201 0.309436 0.342043 -1.080278 -0.840720 3.150020 0.963528
-1.153020 0.269680 0.297747 0.302829 -1.055456 -1.028075 3.012884 0.960810
-0.965146 -0.333055 0.291010 0.304793 -1.087074 -0.975724 3.123916 0.963393
-0.998333 -0.374863 0.291192 0.311186 -1.100242 -0.965219 3.128288 0.968207
-0.993437 -0.555414 0.286320 0.292712 -1.135856 -1.071888 3.122854 0.964729
-1.026786 -0.340875 0.285513 0.289931 -1.094848 -1.044017 3.093538 0.968929
-1.003764 -0.165809 0.296065 0.299694 -1.051458 -0.985439 3.108742 0.972305
-1.005236 -0.509326 0.285519 0.291903 -1.161097 -1.120501 3.104539 0.966903
-0.959308 -0.210324 0.305385 0.305184 -1.044814 -1.014850 3.074799 0.965213
-1.039188 -0.024359 0.288382 0.293218 -1.061486 -1.047924 3.067272 0.973826
-1.116461 0.047574 0.288992 0.308478 -1.061254 -0.964152 3.041507 0.967407
-1.082829 0.115098 0.297343 0.318638 -1.041268 -0.917141 3.060561 0.968986
-0.975953 -0.141714 0.305761 0.309736 -1.051127 -1.050202 3.032530 0.968001
-0.972045 -0.521874 0.288069 0.308690 -1.179364 -1.006077 3.130371 0.969804
-0.900573 -0.716770 0.291073 0.303806 -1.146089 -1.070445 3.110877 0.967021
-0.955207 -0.693235 0.274687 0.279961 -1.148974 -1.066863 3.161678 0.968286
-1.041557 -0.163262 0.286083 0.299063 -1.067726 -1.005184 3.097011 0.971555
-0.993230 -0.204426 0.288167 0.273143 -1.022408 -1.060279 3.096238 0.966456
-0.978866 -0.170270 0.301245 0.293164 -1.007298 -1.023606 3.083513 0.966604
-1.070133 -0.026314 0.299893 0.328169 -1.054801 -0.914888 3.062319 0.967709
-0.947598 -0.368477 0.301481 0.304017 -1.065944 -1.029596 3.086664 0.966386
-1.030206 -0.000320 0.297101 0.309591 -1.029735 -0.977741 3.035392 0.971927
-0.953250 -0.639323 0.281421 0.313121 -1.115447 -0.900792 3.147097 0.964473
-0.962119 -0.171661 0.307430 0.314638 -1.022362 -0.985593 3.062025 0.969274
-0.934574 -0.423572 0.307660 0.323228 -1.095651 -0.986408 3.113850 0.969140
-0.791269 -1.173887 0.299178 0.295959 -1.081584 -1.054242 3.133587 0.965208
-0.861784 -0.660718 0.312626 0.327412 -1.084749 -0.956202 3.143526 0.962292
-0.953236 -0.675528 0.287302 0.307903 -1.202144 -1.077729 3.128296 0.967972
-1.097947 0.115964 0.296006 0.313407 -1.032785 -0.960652 3.036289 0.965435
-0.808767 -1.240665 0.291508 0.308521 -1.063748 -1.001829 3.037630 0.971855
-0.986545 -0.424076 0.288457 0.300467 -1.115219 -1.005424 3.103627 0.969332
-0.820413 -1.068580 0.292265 0.298533 -1.056686 -0.995431 3.125037 0.964949
-0.926570 -0.535929 0.310415 0.324748 -1.092352 -0.969877 3.115084 0.962955
-0.907129 -0.701886 0.309748 0.320236 -1.088453 -1.008084 3.111088 0.963843
-1.023608 -0.396463 0.288851 0.318636 -1.118745 -0.959454 3.139518 0.971727
-1.020071 -0.341434 0.285265 0.289972 -1.092378 -1.078644 3.122876 0.967901
-1.010245 -0.364834 0.290854 0.318844 -1.103430 -0.920701 3.160895 0.967412
-0.945174 -0.568167 0.297546 0.306658 -1.086778 -1.006497 3.164035 0.967439
-1.163160 0.307861 0.297968 0.301387 -1.037904 -1.021110 3.045876 0.964827
-0.936251 -0.460912 0.286145 0.272006 -1.069137 -1.079055 3.135918 0.962370
-1.090300 0.214642 0.296400 0.306888 -1.004243 -0.958421 3.023947 0.967308
-0.977431 -0.316429 0.294751 0.303884 -1.062063 -0.975891 3.123707 0.964738
-0.965536 -0.708931 0.289152 0.281982 -1.061724 -1.052596 3.121449 0.963790
-0.907061 -0.588947 0.286004 0.271863 -1.075682 -1.115750 3.124665 0.966999
