-0.933490 -0.561338 0.311443 0.314914 -1.101919 -1.015472 3.150734 0.969082
-0.935345 -0.450437 0.298985 0.300134 -1.067351 -1.020982 3.118460 0.964266
-0.876015 -0.694133 0.299612 0.293406 -1.130853 -1.151290 3.130074 0.959696
-1.028423 -0.102794 0.299180 0.298199 -1.030076 -1.033914 3.098238 0.965884
-0.993064 -0.256824 0.302094 0.320362 -1.054277 -0.933542 3.120225 0.962258
-0.983770 -0.127363 0.308977 0.310858 -1.006514 -0.991134 3.079140 0.959184
-1.043345 -0.028632 0.300377 0.290528 -1.034669 -1.072270 3.093294 0.966366
-1.031943 0.055460 0.302845 0.303903 -1.012704 -1.018374 3.022549 0.968419
-1.049844 0.063039 0.286452 0.299550 -1.025522 -0.968066 3.055661 0.966778
-1.104821 0.244384 0.302004 0.310795 -0.999784 -0.996987 3.016395 0.966113
-0.897094 -0.428780 0.297541 0.299305 -1.069522 -1.030700 3.085792 0.967001
-1.040072 -0.166729 0.293027 0.308443 -1.043393 -0.959756 3.084551 0.961146
-0.985120 -0.118052 0.296768 0.300513 -1.012541 -0.987968 3.099109 0.967670
-1.094453 -0.041176 0.290097 0.297776 -1.082907 -1.065433 3.059811 0.964486
-1.018495 -0.305290 0.296506 0.312605 -1.103576 -1.009302 3.116863 0.967139
-1.074697 0.139009 0.310504 0.313559 -1.001857 -1.012291 3.059661 0.965641
-0.992244 -0.474036 0.296906 0.302169 -1.119570 -1.076047 3.106286 0.964509
-0.911441 -0.777575 0.295905 0.300454 -1.135919 -1.077726 3.105179 0.963435
-1.077045 -0.070682 0.286497 0.303805 -1.098482 -0.988222 3.063725 0.972482
-1.013037 -0.000542 0.310672 0.328611 -1.008759 -0.894433 3.056735 0.964616
-0.805135 -1.041948 0.303632 0.290732 -0.989466 -1.034122 3.055970 0.962875
-1.042072 -0.180518 0.294756 0.305848 -1.080840 -1.001543 3.081690 0.964990
-1.015489 -0.211690 0.304616 0.321808 -1.061522 -0.951021 3.102845 0.966823
-0.891473 -0.502875 0.306103 0.320499 -1.043419 -0.930098 3.126352 0.964576
-0.727348 -1.286329 0.300146 0.304028 -1.056964 -0.971510 3.128678 0.964489
-0.961788 -0.122492 0.302314 0.296669 -0.982140 -1.031816 3.037959 0.964414
-0.951276 -0.425126 0.293216 0.289915 -1.080333 -1.036788 3.096999 0.961526
-0.971958 -0.275403 0.294344 0.305609 -1.047244 -0.959497 3.100803 0.960305
-1.033057 0.049751 0.300693 0.285635 -0.983391 -1.046984 3.039378 0.967877
-0.981407 -0.267402 0.298340 0.317969 -1.042536 -0.923043 3.036660 0.965803
-1.052471 -0.145415 0.292394 0.317509 -1.072022 -0.962897 3.042681 0.967988
-0.916577 -0.683331 0.303154 0.329885 -1.122475 -0.959096 3.137264 0.965349
-0.959821 -0.387590 0.300407 0.294763 -1.072199 -1.054857 3.133411 0.963378
-0.943683 -0.392592 0.302978 0.305868 -1.057269 -0.999721 3.106894 0.961335
-1.003092 -0.327161 0.289251 0.309139 -1.097615 -0.958946 3.126604 0.967144
-1.054970 -0.160762 0.299447 0.304058 -1.058983 -1.047544 3.087935 0.970474
-1.046105 -0.061853 0.290198 0.287426 -1.042986 -1.055663 3.048238 0.966656
-0.925609 -0.552694 0.295616 0.314013 -1.092616 -0.945062 3.165239 0.962747
-1.053794 -0.010827 0.299861 0.306207 -1.031116 -0.986923 3.077526 0.965477
-1.102407 0.086452 0.293087 0.302582 -1.044921 -1.016467 3.091078 0.970177
-1.048987 -0.355400 0.300343 0.323067 -1.122181 -0.991289 3.134782 0.964241
-1.075053 -0.242103 0.287118 0.308303 -1.117052 -0.991602 3.059315 0.973005
-0.990972 -0.331693 0.293484 0.304874 -1.076763 -0.996550 3.081737 0.964536
-1.018242 -0.182139 0.291415 0.302115 -1.070990 -0.971363 3.086823 0.967614
-0.958003 -0.582963 0.289383 0.301797 -1.113328 -1.008241 3.120935 0.962709
-1.045539 -0.313247 0.287046 0.308184 -1.110675 -0.985985 3.097802 0.967545
-0.850095 -0.962183 0.290588 0.329002 -1.097693 -0.866156 3.121273 0.965539
-0.994091 -0.416686 0.289075 0.310066 -1.095351 -0.962075 3.102080 0.965309
-1.098068 0.216071 0.298386 0.289796 -0.974046 -1.016397 3.057326 0.968491
-0.969592 -0.424543 0.299993 0.312013 -1.084920 -1.027903 3.110196 0.968206
-1.043785 -0.036505 0.300010 0.317493 -1.013343 -0.935734 3.071651 0.965169
-0.966617 -0.555672 0.286285 0.297234 -1.165417 -1.093732 3.123356 0.970190
-0.907662 -0.587885 0.297810 0.305859 -1.120061 -1.050860 3.136005 0.967550
-1.005111 -0.485478 0.287768 0.300247 -1.152612 -1.047735 3.122035 0.965472
-1.006028 -0.277603 0.287872 0.290006 -1.074762 -1.030560 3.091061 0.966701
-1.011104 -0.208106 0.287852 0.289276 -1.048419 -1.014824 3.113356 0.967202
-0.910018 -0.742247 0.293247 0.318928 -1.033924 -0.892335 3.123381 0.966675
-0.969748 -0.401524 0.298555 0.311740 -1.086598 -1.016139 3.123205 0.967885
-0.788785 -1.054720 0.296396 0.304901 -1.088015 -0.999333 3.128560 0.963657
-0.928530 -0.497559 0.308726 0.334891 -1.088291 -0.900377 3.131133 0.960180
-1.050291 -0.235419 0.293109 0.299810 -1.093303 -1.056297 3.082785 0.962171
-0.963395 -0.410648 0.297518 0.303336 -1.079874 -1.042068 3.120246 0.969144
-0.895134 -0.995919 0.300098 0.321868 -1.093353 -0.942304 3.122716 0.967112
-0.912683 -0.935544 0.291561 0.287819 -1.086133 -1.092844 3.119858 0.969224
-1.020636 -0.559902 0.284345 0.311837 -1.159844 -1.013361 3.137531 0.970855
-0.957791 -0.110092 0.303011 0.299962 -0.992556 -1.002492 3.091621 0.968121
-1.143193 0.258626 0.299174 0.308355 -1.045265 -1.010492 3.051960 0.968275
-0.927612 -0.486358 0.288443 0.306592 -1.103328 -0.968720 3.149681 0.965143
-0.967471 -0.374233 0.300846 0.299588 -1.051785 -1.031532 3.127477 0.963279
-1.004446 -0.183148 0.300451 0.311823 -1.023135 -0.973615 3.064472 0.964455
-1.036165 -0.158397 0.295627 0.305724 -1.067428 -0.999882 3.075349 0.963198
-1.020141 -0.176471 0.285527 0.283695 -1.007738 -1.007137 3.117137 0.967170
-0.881715 -0.742783 0.284815 0.290879 -1.036693 -0.991423 3.103008 0.968263
-0.844574 -0.844446 0.286587 0.303143 -1.044945 -0.928102 3.115109 0.968317
-1.050754 -0.144525 0.294275 0.289013 -1.056022 -1.075303 3.104944 0.963283
-0.867910 -0.625281 0.297395 0.306131 -1.094964 -1.010392 3.159364 0.967064
-0.894430 -0.531024 0.290005 0.297515 -1.112079 -1.019074 3.133436 0.966822
-0.955837 -0.576242 0.298054 0.311199 -1.143222 -1.039221 3.147020 0.967064
-0.820802 -0.885169 0.290658 0.283940 -1.135730 -1.139740 3.154238 0.965693
-0.892119 -0.676501 0.303390 0.307828 -1.101018 -1.038986 3.157836 0.967171
-0.913495 -0.319385 0.311885 0.317845 -1.011231 -0.956965 3.114270 0.963958
-0.905175 -0.586751 0.301143 0.289447 -1.081553 -1.093150 3.115926 0.962886
-1.015646 -0.267795 0.293875 0.322621 -1.072339 -0.916904 3.084775 0.964024
-0.924728 -0.517032 0.304743 0.303114 -1.065913 -1.059653 3.143576 0.965169
-0.957132 -0.374103 0.288827 0.282908 -1.050436 -1.052572 3.100554 0.966091
-0.842321 -0.935079 0.297936 0.315678 -1.069060 -0.948955 3.082044 0.965677
-0.809090 -0.984283 0.294715 0.294581 -1.042944 -1.033000 3.081134 0.964468
-1.041213 -0.131162 0.292993 0.315776 -1.049960 -0.936140 3.108773 0.970094
-0.860252 -0.812017 0.288083 0.301493 -1.074582 -0.997015 3.092554 0.967981
-1.031499 -0.073726 0.294095 0.298385 -1.024952 -0.967205 3.078750 0.964092
-0.864607 -0.829310 0.292379 0.299940 -1.038565 -0.980901 3.066405 0.964307
