-1.051077 0.052599 0.304817 0.312533 -1.035561 -1.000549 3.034462 0.963113
-1.020615 -0.405320 0.285413 0.303984 -1.117148 -0.999896 3.118453 0.971326
-1.008245 -0.214546 0.303137 0.309959 -1.065617 -1.080858 3.036898 0.963146
-1.086719 0.071504 0.294884 0.294057 -1.036547 -1.042685 3.062085 0.969491
-1.079255 0.126082 0.302377 0.314693 -1.021695 -0.968391 3.057981 0.968235
-0.924767 -0.455162 0.300247 0.295119 -1.055768 -1.007309 3.150540 0.960682
-0.903300 -0.673698 0.286668 0.302788 -1.139615 -0.998306 3.176709 0.967125
-1.002069 -0.137019 0.298120 0.320285 -1.027320 -0.902866 3.113086 0.963875
-0.980275 -0.527046 0.290720 0.289215 -1.108410 -1.091642 3.154755 0.963645
-1.076017 0.092984 0.294806 0.298944 -1.024664 -1.011217 3.059694 0.971100
-1.078072 0.167498 0.298771 0.286817 -0.980301 -1.036886 3.084142 0.964730
-0.834785 -0.915221 0.301515 0.300062 -1.001067 -1.021345 3.057450 0.963360
-0.835147 -1.153526 0.302627 0.301127 -1.004341 -1.004986 3.072303 0.970276
-1.007648 -0.111704 0.304723 0.305607 -1.036574 -1.032290 3.049866 0.961131
-1.146339 0.116309 0.293887 0.285753 -1.067244 -1.120370 3.042748 0.966963
-1.079184 -0.098020 0.290001 0.289147 -1.078097 -1.104243 3.064312 0.970105
-0.964660 -0.342220 0.307031 0.309881 -1.048263 -1.018419 3.068504 0.963007
-0.943009 -0.558219 0.305632 0.321992 -1.098166 -0.985639 3.125411 0.961559
-0.876146 -0.752074 0.308636 0.330396 -1.092845 -0.918363 3.161470 0.966198
-0.966578 -0.346199 0.295103 0.287655 -1.053054 -1.063661 3.107587 0.964107
-0.931415 -0.526586 0.297987 0.309858 -1.120562 -0.989339 3.135012 0.961569
-0.861359 -0.822617 0.300187 0.305525 -1.108550 -1.046951 3.126471 0.965659
-0.885287 -0.629446 0.296271 0.304055 -1.093700 -1.013708 3.143919 0.969284
-1.081162 0.167144 0.295007 0.289159 -1.008648 -1.059437 3.047379 0.963045
-1.166258 0.424507 0.307709 0.304589 -0.989701 -1.018936 3.030634 0.968436
-1.030521 -0.031850 0.305549 0.309956 -0.999101 -0.962447 3.039521 0.959965
-0.917845 -0.745915 0.302033 0.308470 -1.050294 -1.029944 3.010767 0.969993
-1.028558 -0.226104 0.305201 0.321341 -1.053023 -0.978962 3.085207 0.962368
-1.113329 0.148426 0.287954 0.298876 -1.052824 -1.018627 3.023475 0.969660
-0.937957 -0.633189 0.292573 0.315572 -1.127305 -0.960402 3.089933 0.965756
-1.049167 -0.192623 0.287104 0.308205 -1.084452 -0.952533 3.058012 0.969740
-1.063815 0.120084 0.300196 0.301918 -1.016777 -1.052989 3.021776 0.967752
-0.925201 -0.664906 0.296367 0.313240 -1.124602 -1.005108 3.139335 0.965141
-1.111958 0.068453 0.290944 0.277065 -1.021387 -1.063106 3.056693 0.964639
-1.104339 0.013062 0.294502 0.308530 -1.050638 -1.015259 3.070328 0.965721
-0.974127 -0.376035 0.295794 0.316059 -1.074526 -0.944100 3.095347 0.963947
-1.085108 -0.138804 0.290543 0.299642 -1.103979 -1.048904 3.086616 0.968882
-0.998496 -0.202714 0.295637 0.294602 -1.035567 -1.023544 3.100736 0.966317
-1.035795 -0.371346 0.289860 0.317479 -1.136996 -0.958829 3.144888 0.968501
-0.920994 -0.560823 0.285423 0.287613 -1.098174 -1.054752 3.125736 0.968218
-0.872310 -0.578555 0.298795 0.283097 -1.093445 -1.109761 3.092746 0.964286
-0.957018 -0.259419 0.314546 0.307359 -1.050167 -1.098299 3.077375 0.960814
-0.894919 -0.715838 0.322811 0.327239 -1.031079 -0.965780 3.113339 0.962348
-1.062584 0.128133 0.302269 0.310097 -1.014344 -0.963655 3.025250 0.966087
-0.962001 -0.389678 0.292132 0.293128 -1.066775 -1.001335 3.126647 0.967931
-1.025303 -0.228767 0.299789 0.308302 -1.057252 -1.017951 3.104478 0.971520
-0.926480 -0.793061 0.291871 0.295264 -1.090345 -1.054656 3.087724 0.966940
-1.070169 -0.109346 0.292107 0.306187 -1.064526 -1.003180 3.090783 0.965899
-1.047843 -0.193342 0.297308 0.301737 -1.067064 -1.037427 3.111788 0.966592
-0.887882 -0.752102 0.301880 0.323005 -1.068332 -0.956807 3.091719 0.961268
-1.079168 -0.127800 0.287662 0.288791 -1.095071 -1.115606 3.058961 0.969570
-0.973330 -0.418456 0.300461 0.304897 -1.073038 -1.001383 3.160459 0.965806
-1.057546 -0.016446 0.299940 0.313943 -1.036955 -0.965756 3.046230 0.960423
-1.020691 -0.244357 0.295910 0.312123 -1.070511 -0.971781 3.105809 0.965237
-0.896054 -0.864846 0.294749 0.310903 -1.068879 -0.965917 3.107088 0.963470
-1.021391 -0.132440 0.292629 0.310788 -1.048109 -0.937107 3.056708 0.966174
-0.958751 -0.701355 0.292971 0.302991 -1.038542 -0.969769 3.063170 0.969124
-0.988428 -0.434231 0.305708 0.318633 -1.095592 -1.009330 3.136699 0.965830
-1.046091 -0.193233 0.292051 0.308014 -1.083000 -0.996981 3.072284 0.972154
-1.012709 -0.302614 0.299008 0.314749 -1.082525 -0.986701 3.078836 0.962612
-0.878263 -0.866006 0.298352 0.309317 -1.086320 -1.020541 3.085202 0.967722
-0.992155 -0.435422 0.287709 0.316373 -1.082665 -0.937526 3.142483 0.970935
-0.941666 -0.449201 0.294883 0.318753 -1.075296 -0.932225 3.119262 0.960053
-0.759296 -1.129422 0.287291 0.284575 -1.079538 -1.067404 3.125396 0.967125
-0.908896 -0.754818 0.296327 0.310106 -1.072889 -0.966499 3.124460 0.964910
-0.910362 -1.011895 0.290222 0.293779 -1.075673 -1.009576 3.135702 0.966358
-1.057762 -0.069685 0.306826 0.319282 -1.056021 -1.002943 3.045563 0.958556
-0.748662 -1.318877 0.304639 0.304767 -1.060883 -1.068066 3.059868 0.966838
-1.074020 -0.032028 0.293164 0.302519 -1.087962 -1.061934 3.047477 0.973302
-1.115783 -0.042102 0.288233 0.308153 -1.076171 -0.979100 3.100594 0.967874
-0.986930 -0.370231 0.286374 0.289294 -1.096396 -1.068905 3.124374 0.969700
-0.918819 -0.596054 0.286110 0.301485 -1.108261 -0.949016 3.144086 0.968480
-1.019094 0.066318 0.299973 0.299467 -0.977923 -0.950093 3.064094 0.966927
-0.965664 -0.264565 0.309146 0.323637 -1.036410 -0.941263 3.108821 0.965689
-1.048099 0.149645 0.298281 0.285859 -0.965970 -1.042135 3.055489 0.962794
-1.087472 -0.000965 0.293501 0.301249 -1.064742 -1.056030 3.078104 0.967944
-1.057345 -0.094511 0.286849 0.285412 -1.033039 -1.019534 3.065767 0.966142
-0.961273 -0.273253 0.309152 0.317653 -1.022929 -0.934515 3.093969 0.965137
-0.989964 -0.235416 0.287604 0.290905 -1.061189 -0.983266 3.108670 0.968309
-1.102649 -0.041181 0.286647 0.290425 -1.096106 -1.088937 3.033356 0.970391
-1.082683 0.066467 0.304997 0.314711 -1.032122 -0.981785 3.066296 0.970346
-0.967848 -0.279191 0.285684 0.286069 -1.037649 -0.993316 3.116761 0.968680
-0.867889 -0.701890 0.284310 0.277947 -1.027109 -1.059130 3.115289 0.973709
-0.974944 -0.367920 0.302708 0.315290 -1.076766 -0.997380 3.092267 0.964346
-0.983022 -0.314074 0.289956 0.300475 -1.059142 -0.976051 3.083575 0.965210
-1.020296 -0.372057 0.288039 0.293282 -1.087869 -1.043427 3.122873 0.965606
-0.930453 -0.573791 0.300439 0.310234 -1.121068 -1.030505 3.106291 0.964355
-1.040452 -0.184364 0.293507 0.304140 -1.076645 -1.003271 3.090569 0.962602
-0.934278 -0.562251 0.293099 0.290489 -1.104769 -1.072317 3.127282 0.960718
-0.982802 -0.395449 0.293203 0.289838 -1.091976 -1.069744 3.106630 0.962420
-1.162566 0.299820 0.283790 0.293281 -1.013657 -0.971754 3.048847 0.972223
-1.127522 0.317330 0.303518 0.311997 -1.000943 -0.982444 3.009023 0.968786
