-1.039945 -0.314545 0.287961 0.298360 -1.104550 -1.045010 3.102380 0.973360
-1.030341 -0.058280 0.293192 0.299322 -1.019683 -0.965379 3.100550 0.968894
-0.969840 -0.646088 0.287006 0.288738 -1.164248 -1.113951 3.136513 0.967551
-1.089372 -0.076578 0.289282 0.310276 -1.110985 -0.969141 3.084640 0.967793
-1.028552 -0.335480 0.299940 0.318579 -1.123829 -0.999123 3.077764 0.964612
-1.137707 0.202166 0.305779 0.321490 -1.024496 -0.940139 3.059962 0.962950
-0.944947 -0.384613 0.302329 0.314070 -1.090747 -1.012938 3.105807 0.967892
-0.996219 -0.143046 0.304022 0.302946 -1.023712 -0.994732 3.090673 0.965460
-0.978472 -0.429749 0.300401 0.303814 -1.115177 -1.063033 3.142916 0.967460
-0.904668 -0.689016 0.297403 0.299149 -1.109521 -1.047779 3.141971 0.959714
-0.812309 -1.207597 0.297340 0.297626 -1.123289 -1.057035 3.131104 0.960494
-1.075731 -0.070386 0.286247 0.300717 -1.067843 -0.971294 3.103022 0.971880
-1.084323 0.092355 0.298521 0.284343 -1.010609 -1.099162 3.055821 0.967381
-0.938642 -0.397079 0.301716 0.304403 -1.074813 -1.038925 3.090226 0.965400
-1.095680 0.194187 0.298592 0.311241 -1.012608 -0.924106 3.035541 0.969062
-1.136686 0.187301 0.300757 0.307372 -1.030389 -1.017343 3.042211 0.967457
-1.054357 -0.141273 0.291140 0.296621 -1.094986 -1.056479 3.085250 0.967966
-0.934077 -0.587845 0.298820 0.312966 -1.104917 -0.971129 3.137732 0.959707
-0.950207 -0.476715 0.298025 0.317000 -1.091278 -0.974381 3.129613 0.969048
-0.827933 -1.098490 0.289284 0.278363 -1.069776 -1.055199 3.148475 0.960916
-1.052215 0.038325 0.305116 0.312447 -1.017015 -0.976096 3.077964 0.963130
-0.912853 -0.588977 0.307336 0.330698 -1.086428 -0.939483 3.167284 0.968627
-1.005237 -0.460915 0.290921 0.299495 -1.104563 -1.030567 3.133140 0.963981
-0.895234 -0.856975 0.292085 0.306971 -1.127740 -1.018868 3.119676 0.965826
-1.029097 -0.155003 0.291458 0.296227 -1.068989 -1.042852 3.074757 0.967488
-0.859507 -0.833584 0.291406 0.294894 -1.058506 -1.035713 3.084665 0.968187
-0.965035 -0.372482 0.306523 0.310380 -1.057487 -1.001405 3.107248 0.961702
-1.011362 -0.164391 0.292956 0.284029 -1.040103 -1.070306 3.085086 0.969271
-0.844881 -1.083436 0.302431 0.321135 -1.049649 -0.948568 3.069222 0.967327
-0.933473 -0.481303 0.287301 0.304700 -1.077647 -0.927661 3.131282 0.963201
-0.908056 -0.441986 0.302472 0.304977 -1.018728 -0.967328 3.141240 0.964898
-1.004927 -0.179241 0.293557 0.292282 -1.070355 -1.067710 3.066419 0.967167
-1.064455 -0.045087 0.296859 0.305521 -1.037815 -0.979306 3.083180 0.967373
-0.930378 -0.564347 0.303020 0.320623 -1.098696 -0.955601 3.150240 0.967926
-1.010503 0.027499 0.304568 0.320193 -1.018262 -0.979442 2.988788 0.965929
-1.095573 -0.003669 0.291218 0.305091 -1.062466 -0.986222 3.058193 0.967272
-0.908497 -0.529388 0.301248 0.297601 -1.088880 -1.063372 3.107244 0.969921
-1.100330 0.242923 0.296005 0.292482 -0.989168 -1.032519 3.024914 0.971436
-1.000339 -0.249577 0.290576 0.312010 -1.081030 -0.950490 3.094539 0.967115
-1.014256 -0.354672 0.298477 0.315791 -1.112333 -0.982694 3.124716 0.964106
-1.051171 -0.177194 0.283545 0.297289 -1.113855 -1.050614 3.102489 0.971683
-1.070906 -0.057933 0.289083 0.301951 -1.070968 -0.991683 3.088026 0.972905
-1.051627 0.005114 0.300997 0.310126 -1.026677 -0.965425 3.077191 0.966070
-1.048603 -0.147872 0.290174 0.302409 -1.076849 -1.021563 3.061573 0.968778
-1.056096 -0.272105 0.284698 0.291575 -1.134773 -1.094920 3.123838 0.964687
-1.084625 -0.111654 0.293472 0.326777 -1.057326 -0.894735 3.131384 0.965781
-0.978810 -0.451482 0.290879 0.304884 -1.150851 -1.041669 3.099613 0.964415
-0.938689 -0.745926 0.295880 0.316156 -1.120047 -0.979467 3.119797 0.967956
-0.977545 -0.315732 0.290527 0.295403 -1.053849 -0.993212 3.073047 0.961209
-0.975582 -0.434666 0.296097 0.304067 -1.110969 -1.028960 3.133636 0.969611
-0.858649 -0.690632 0.295743 0.287779 -1.105272 -1.051910 3.185041 0.963501
-0.937627 -0.488056 0.296039 0.299593 -1.068694 -0.983927 3.144978 0.965031
-1.028716 -0.232367 0.303487 0.321701 -1.100398 -1.003116 3.061783 0.963393
-0.972170 -0.100619 0.304027 0.291747 -0.979041 -1.055518 3.032900 0.962414
-0.912097 -0.556733 0.300665 0.292431 -1.086223 -1.080274 3.133453 0.961457
-0.877618 -0.666798 0.311227 0.328587 -1.071082 -0.959771 3.171573 0.963540
-0.946166 -0.314079 0.304291 0.311454 -1.045852 -0.972900 3.096432 0.961184
-0.872907 -0.904240 0.303021 0.299243 -1.037911 -1.044228 3.096102 0.965453
-0.913171 -0.707525 0.300640 0.306752 -1.091194 -0.996914 3.091546 0.966086
-0.920588 -0.409860 0.296751 0.302417 -1.053264 -0.978109 3.085860 0.962680
-0.755273 -1.191566 0.297494 0.297474 -1.033562 -1.012155 3.087073 0.963728
-1.052100 -0.148720 0.287959 0.284075 -1.051832 -1.070409 3.084929 0.964859
-0.861074 -0.722817 0.291921 0.303657 -1.073524 -0.994070 3.092153 0.968514
-0.847250 -0.952245 0.295744 0.309901 -1.048138 -0.973045 3.079095 0.960721
-1.002374 -0.301566 0.290207 0.308968 -1.117419 -0.999739 3.072437 0.965020
-0.964344 -0.338160 0.301903 0.300224 -1.058228 -1.044348 3.111858 0.964687
-0.975410 -0.667943 0.291086 0.308520 -1.159782 -1.042905 3.138517 0.965022
-0.960884 -0.419293 0.301356 0.300825 -1.082189 -1.080291 3.094495 0.962185
-0.999107 -0.019244 0.310026 0.312130 -1.005309 -0.983248 3.039630 0.960205
-0.966331 -0.268548 0.304713 0.303854 -1.047561 -1.041438 3.095035 0.963899
-0.928197 -0.663078 0.294621 0.313132 -1.101720 -0.971775 3.170447 0.965894
-1.047640 0.040931 0.306768 0.315852 -1.038009 -1.006010 3.012628 0.967646
-0.920709 -0.643269 0.293316 0.306304 -1.137099 -1.013354 3.128427 0.961546
-0.984217 -0.387584 0.291369 0.315649 -1.051962 -0.918854 3.118455 0.964026
-1.073251 -0.019502 0.295742 0.301147 -1.094113 -1.067450 3.044400 0.968499
-1.182893 0.471042 0.299584 0.300643 -0.992507 -0.988085 3.011914 0.969843
-1.010240 -0.248886 0.295881 0.307919 -1.054264 -0.972701 3.097610 0.964302
-0.976948 -0.527794 0.289075 0.315445 -1.129825 -0.955069 3.131835 0.970473
-0.910321 -0.790955 0.286217 0.297604 -1.139254 -1.052577 3.119409 0.970530
-1.088347 -0.219302 0.281598 0.285256 -1.099641 -1.060159 3.136983 0.968682
-0.968908 -0.667791 0.289748 0.318758 -1.142053 -0.977516 3.142604 0.965974
-1.034030 -0.112259 0.296368 0.292803 -1.047839 -1.064875 3.096603 0.966773
-1.177806 0.296361 0.298306 0.312311 -1.041124 -0.972841 3.032199 0.964643
-1.083713 0.279104 0.310434 0.308685 -0.967022 -1.003752 3.020461 0.969258
-0.947671 -0.479940 0.295420 0.274380 -1.065659 -1.149220 3.121537 0.967250
-0.950933 -0.402095 0.302422 0.306122 -1.069586 -1.014181 3.118927 0.965137
-1.018995 0.090647 0.295878 0.295792 -0.987310 -0.991662 3.025242 0.967107
-1.047620 0.193542 0.296789 0.301640 -0.984784 -0.978862 3.039569 0.968144
-0.897781 -0.663560 0.302245 0.308701 -1.093537 -1.025845 3.166920 0.965577
-1.011892 -0.732832 0.290119 0.285353 -1.129516 -1.094381 3.163223 0.961989
-1.006974 -0.269336 0.297299 0.315327 -1.065034 -0.996475 3.069718 0.969367
-0.997703 -0.397411 0.299385 0.321485 -1.100369 -0.949178 3.118136 0.962282
