-1.018140 -0.346975 0.290776 0.299671 -1.141755 -1.126627 3.070799 0.970576
-0.847014 -0.869108 0.295956 0.307756 -1.101004 -1.022499 3.092400 0.963910
-0.936517 -0.472762 0.302147 0.321050 -1.104008 -0.972248 3.108792 0.958058
-0.957027 -0.464557 0.296859 0.311927 -1.076645 -0.942161 3.122105 0.965836
-0.983119 -0.285811 0.299898 0.308936 -1.061306 -0.998145 3.089451 0.963037
-0.967674 -0.521765 0.295814 0.304555 -1.128860 -1.051325 3.115633 0.964886
-0.785172 -0.947928 0.292190 0.294449 -1.135294 -1.107083 3.108605 0.964044
-0.958571 -0.205128 0.300132 0.305859 -1.045172 -1.020836 3.045479 0.966177
-1.158313 0.223260 0.287749 0.292270 -1.038880 -1.034211 3.027482 0.968195
-1.092843 0.123096 0.297967 0.295660 -1.027631 -1.060064 3.031589 0.968818
-0.980498 -0.374715 0.297208 0.302033 -1.082532 -1.042355 3.094204 0.967512
-0.959713 -0.368764 0.285956 0.300430 -1.081619 -0.970541 3.090669 0.967177
-1.092616 0.057351 0.289646 0.301792 -1.052821 -1.001429 3.050444 0.970638
-0.935429 -0.501046 0.296244 0.299619 -1.073197 -1.031157 3.128806 0.965343
-1.099137 0.103881 0.289843 0.303041 -1.048073 -0.965444 3.063729 0.970691
-1.060849 -0.155379 0.289662 0.308463 -1.092463 -0.979739 3.087036 0.969153
-1.152407 0.128241 0.296836 0.321725 -1.058555 -0.944597 3.045312 0.969378
-1.009697 -0.134751 0.302467 0.320670 -1.060008 -0.944799 3.077284 0.966410
-0.948147 -0.432011 0.292177 0.304670 -1.071247 -0.982302 3.111299 0.964800
-1.074115 0.030428 0.299106 0.302247 -1.036621 -1.012467 3.061178 0.965377
-0.889759 -0.549569 0.301729 0.288760 -1.067623 -1.083197 3.136323 0.962964
-0.977743 -0.629559 0.289186 0.306252 -1.158143 -1.031967 3.121244 0.968124
-0.961748 -0.763961 0.291013 0.314053 -1.162365 -1.016159 3.112355 0.967611
-0.974486 -0.365971 0.302497 0.319691 -1.069685 -0.949638 3.081513 0.957726
-1.039149 -0.241482 0.289027 0.284591 -1.084227 -1.074779 3.072643 0.961592
-0.955344 -0.557720 0.282995 0.295269 -1.127262 -1.037955 3.114488 0.968621
-0.998183 -0.295599 0.291311 0.310074 -1.100771 -0.978171 3.094052 0.967556
-1.015257 -0.208092 0.288857 0.309111 -1.090496 -0.998706 3.063713 0.968817
-0.937734 -0.495064 0.298803 0.302939 -1.102694 -1.031714 3.091019 0.969021
-1.088223 0.029387 0.301286 0.312327 -1.052452 -1.004518 3.063588 0.965787
-1.160579 0.408506 0.304828 0.316399 -1.008227 -0.957573 2.976950 0.968183
-1.021228 -0.044138 0.296380 0.299272 -1.027724 -1.001522 3.059463 0.966203
-1.154396 0.165622 0.295180 0.313054 -1.053179 -0.986426 3.039929 0.969097
-1.113365 0.126635 0.293939 0.298605 -1.043249 -1.029260 3.052557 0.967980
-1.126100 0.094148 0.292099 0.289019 -1.024697 -1.043145 3.100372 0.964106
-0.955477 -0.581907 0.295114 0.313269 -1.117286 -0.999026 3.156364 0.964516
-0.962074 -0.231116 0.313017 0.342389 -1.043331 -0.908742 3.068281 0.964504
-0.874684 -0.649832 0.303236 0.316130 -1.084973 -0.971298 3.137446 0.963683
-1.085308 -0.066788 0.286908 0.292362 -1.069827 -1.044851 3.038104 0.966565
-0.994844 -0.222595 0.296979 0.306941 -1.050320 -0.958870 3.115424 0.959693
-0.963671 -0.442875 0.297509 0.323992 -1.080785 -0.913485 3.119432 0.962556
-0.988783 -0.386852 0.289230 0.282594 -1.085525 -1.066382 3.127707 0.964365
-0.905207 -0.518407 0.299190 0.291969 -1.097274 -1.105885 3.122818 0.958621
-0.989679 -0.118373 0.303504 0.321463 -1.003973 -0.920584 3.080894 0.969791
-0.960277 -0.392568 0.294415 0.298449 -1.085926 -1.033191 3.100627 0.967068
-1.037104 -0.312767 0.298139 0.309241 -1.115590 -1.056443 3.096470 0.969166
-1.021534 -0.290439 0.297725 0.316338 -1.072810 -0.969368 3.113861 0.966463
-0.911525 -0.533146 0.295174 0.300802 -1.062265 -0.989825 3.099930 0.962347
-1.033676 -0.141340 0.288748 0.287127 -1.066141 -1.126022 3.004148 0.964970
-1.031725 -0.277471 0.289026 0.299836 -1.081921 -1.017658 3.105968 0.962879
-1.093805 0.055119 0.286050 0.285206 -1.044855 -1.033721 3.052017 0.970744
-0.966071 -0.448555 0.297414 0.307848 -1.127416 -1.048706 3.056103 0.962812
-0.870595 -0.885722 0.300267 0.307616 -1.086488 -1.044718 3.083757 0.967010
-1.006598 -0.285921 0.291613 0.292166 -1.100395 -1.099213 3.058912 0.971960
-1.078498 -0.100681 0.294599 0.308616 -1.069055 -1.000234 3.083445 0.966614
-1.011869 -0.110167 0.301905 0.276444 -1.003085 -1.114499 3.125270 0.964017
-1.078666 -0.015749 0.293716 0.291619 -1.066699 -1.091991 3.048501 0.962562
-1.003141 -0.281485 0.294701 0.308520 -1.077100 -0.971055 3.097931 0.964073
-1.119240 0.241130 0.295488 0.299492 -1.002361 -0.971147 3.050639 0.963630
-0.730149 -1.295888 0.292479 0.300937 -1.039124 -1.022561 3.013988 0.965530
-0.967057 -0.398053 0.306218 0.296108 -1.064786 -1.089174 3.111439 0.961004
-0.998434 -0.501076 0.302521 0.322788 -1.130426 -0.991049 3.127927 0.960951
-1.061166 0.030889 0.300248 0.305152 -1.019215 -0.997041 3.063306 0.966580
-0.823454 -0.879525 0.304527 0.325781 -1.033622 -0.960718 3.048195 0.969338
-0.866600 -0.887815 0.304199 0.321749 -1.008346 -0.951732 3.058651 0.966082
-1.024036 -0.307814 0.284515 0.301655 -1.111211 -1.006019 3.081419 0.963531
-1.034199 -0.008021 0.296838 0.306443 -1.025649 -0.976297 3.025751 0.966933
-0.860034 -0.802540 0.297840 0.310566 -1.020463 -0.949403 3.036512 0.966604
-0.911814 -0.387202 0.309153 0.307182 -1.020738 -0.974760 3.107444 0.962510
-0.978384 -0.414752 0.305342 0.304306 -1.072426 -1.032978 3.145296 0.959530
-0.893974 -0.612023 0.294424 0.283482 -1.076998 -1.060712 3.159395 0.967490
-0.988432 -0.280690 0.298948 0.320956 -1.048140 -0.909827 3.098616 0.964628
-0.986503 -0.230831 0.294097 0.291908 -1.051573 -1.024012 3.085203 0.963369
-0.956757 -0.553508 0.289486 0.302624 -1.128369 -1.009264 3.128667 0.967107
-1.006834 -0.211476 0.295728 0.307317 -1.053870 -0.991697 3.051603 0.958680
-1.118561 0.322822 0.305940 0.315376 -0.974699 -0.916970 3.020721 0.965021
-0.947827 -0.447932 0.300455 0.306173 -1.116089 -1.063630 3.130663 0.962332
-1.046729 -0.127216 0.288981 0.292148 -1.070977 -1.046299 3.064007 0.967167
-1.010687 -0.196115 0.301112 0.318385 -1.075362 -0.996648 3.061083 0.963953
-0.840892 -1.006376 0.294848 0.291842 -1.068127 -1.068870 3.093542 0.969382
-0.931161 -0.548502 0.297140 0.305056 -1.094484 -1.002002 3.140864 0.963059
-1.065218 -0.038734 0.294163 0.313646 -1.076904 -0.986810 3.010564 0.968324
-0.992183 -0.309531 0.294600 0.298617 -1.073562 -1.042177 3.091340 0.960987
-0.908084 -0.628622 0.289982 0.308995 -1.106449 -0.971334 3.152323 0.965006
-0.897764 -0.721224 0.284292 0.285102 -1.112564 -1.038812 3.159434 0.965259
-0.953169 -0.569394 0.279397 0.292146 -1.120407 -1.024262 3.133722 0.966650
-0.948044 -0.614957 0.293519 0.320413 -1.110509 -0.961315 3.134761 0.965927
-0.842444 -0.849672 0.294671 0.326930 -1.113647 -0.930390 3.142909 0.966470
-0.972530 -0.274681 0.302956 0.322196 -1.041300 -0.916260 3.124516 0.964770
-1.008287 -0.230825 0.296941 0.314385 -1.055777 -0.949295 3.089481 0.962603
-0.995011 -0.422448 0.296385 0.323541 -1.128077 -0.949989 3.123742 0.969488
