1.248762383300167957e-02
1.051958893792171411e-02
1.003221847590853900e-02
1.040618232465547258e-02
1.051470348133129798e-02
1.038180658846841846e-02
9.673068491125917656e-03
9.393730300867231611e-03
9.224328556951261540e-03
9.594534942611110742e-03
1.028377365617289506e-02
9.195442183404064357e-03
1.002724962894476629e-02
1.200942685126408019e-02
1.174314600241235622e-02
1.392095501577426606e-02
1.597226554972505305e-02
1.376114774804620966e-02
1.403806856177768590e-02
1.627182676377395346e-02
1.788363993867387106e-02
1.987621092297508704e-02
2.301333608202320302e-02
2.664139847109621081e-02
2.322828432517316799e-02
2.584503375134840006e-02
3.142167950619797340e-02
3.098705618301237502e-02
3.700702312573705965e-02
3.811536047449787246e-02
4.024568118659477278e-02
3.990003603079738531e-02
4.389460055408146016e-02
4.387258721922025068e-02
5.144951765742897948e-02
5.473894297030841571e-02
5.667134971935208765e-02
6.206866529117153336e-02
6.445180854983062479e-02
6.348113425389975695e-02
6.983379476868703528e-02
7.156376997921089222e-02
7.394046584021324309e-02
7.673804482533849725e-02
7.816861689716836370e-02
8.222006960489874894e-02
8.456443392401821746e-02
8.864640043574210926e-02
9.280414393785521576e-02
9.779440169104816616e-02
9.863799906693829223e-02
1.022753150256010962e-01
1.075573370388167166e-01
1.068965385736836832e-01
1.097762420720636845e-01
1.166886235877593186e-01
1.210225242345669971e-01
1.255898968541027394e-01
1.281506265646598364e-01
1.285784774260903818e-01
1.325744516235042303e-01
1.349980373637535702e-01
1.405265486378126372e-01
1.423886104148692489e-01
1.456409436915042654e-01
1.514992828203499953e-01
1.527992912114266855e-01
1.541075067344959415e-01
1.583470565606179270e-01
1.617194377137186612e-01
1.642514084575766864e-01
1.708455675333832302e-01
1.736036533435945384e-01
1.739403031244183273e-01
1.810836640745734361e-01
1.831748262894740131e-01
1.869876428472645180e-01
1.894552686419569421e-01
1.903849994482462449e-01
1.952022394399025307e-01
1.998623024590488184e-01
2.031201284571809984e-01
2.072416174544006173e-01
2.126799281038318501e-01
2.136748306988077439e-01
2.168098050361605411e-01
2.209332425761235952e-01
2.238643291168022353e-01
2.283310562659517651e-01
2.298771719841130601e-01
2.329484290727346363e-01
2.380439312702853916e-01
2.418138312482056296e-01
2.430615900008150643e-01
2.466794562878295849e-01
2.511091623708670562e-01
2.524643814089146399e-01
2.579495763856992641e-01
2.598086132753690825e-01
2.641758478232807406e-01
2.670012070745716448e-01
2.707614489051120010e-01
2.725735144614711003e-01
2.780475319528799560e-01
2.803964676443801429e-01
2.809700809677005973e-01
2.858654876859125782e-01
2.885257067271453923e-01
2.922140953968510590e-01
2.947967973378337603e-01
2.978598729400079304e-01
3.007047568950388938e-01
3.035690594213439342e-01
3.073578983344883442e-01
3.120071242953402768e-01
3.131493486791597780e-01
3.163835845854495177e-01
3.213344347183418326e-01
3.243799108831226796e-01
3.261111853536841076e-01
3.292267490371372229e-01
3.315051051126732262e-01
3.346079519754976972e-01
3.365793197938308778e-01
3.410666564514743815e-01
3.452197071005133622e-01
3.475270662701739344e-01
3.491676102225511058e-01
3.530675691473141864e-01
3.570191970368196688e-01
3.584440702088545483e-01
3.615604703103426076e-01
3.652258413178438579e-01
3.674497296558451032e-01
3.691952267354523531e-01
3.730347745092537082e-01
3.771937978231836297e-01
3.794481047715595468e-01
3.819213408297087442e-01
3.845575945409729912e-01
3.879469598949807918e-01
3.901386889485661258e-01
3.932991821351565220e-01
3.967402358941861107e-01
3.992655951117579649e-01
4.027053561627700895e-01
4.045132825404035293e-01
4.071392947253890116e-01
4.105002561964961605e-01
4.134554073422253007e-01
4.146437368834727799e-01
4.174693438408684787e-01
4.206547773799972356e-01
4.235084198378881171e-01
4.260403518461393646e-01
4.291262873926261490e-01
4.303284024850466682e-01
4.331580731675385709e-01
4.386167367755945956e-01
4.399204899126816226e-01
4.430754055394844348e-01
4.451489212596004830e-01
4.471554761402156131e-01
4.498174593214228634e-01
4.519813835204561925e-01
4.559112495935612186e-01
4.589201884763709494e-01
4.607343205576726053e-01
4.624381580112285062e-01
4.655545804039078472e-01
4.688228306857357142e-01
4.719345295169896648e-01
4.744811125692989795e-01
4.768338362387558593e-01
4.790343716480329750e-01
4.814974690109869448e-01
4.839422782101130416e-01
4.858744058095180174e-01
4.880926132976805554e-01
4.907394316751194641e-01
4.918814874835107376e-01
4.945380171046336870e-01
4.986321573075081504e-01
5.004155105174814544e-01
5.024723197786435946e-01
5.047764732869697291e-01
5.076121900467694958e-01
5.097872741589568601e-01
5.127461781284463616e-01
5.138389026300549389e-01
5.171020983493054279e-01
5.191431341486690831e-01
5.216130761230824975e-01
5.243466382831734052e-01
5.260522468158567166e-01
5.288153776762115621e-01
5.307024858663159650e-01
5.328374476913643187e-01
5.360439944637864773e-01
5.377666370970903831e-01
5.402694692720999559e-01
5.416220463819193531e-01
5.438196906699821476e-01
5.465368578776880204e-01
5.483493026323019714e-01
5.504323754432044469e-01
5.541473823253177944e-01
5.555890420842795052e-01
5.571035996757000008e-01
5.594674014920666405e-01
5.620088046639903911e-01
5.630469506983021288e-01
5.655470921953003050e-01
5.685838574196768747e-01
5.698078383680834635e-01
5.722148646019349361e-01
5.744212320927215565e-01
5.767561745745817259e-01
5.787118119646047498e-01
5.807088562130455767e-01
5.828939603579821327e-01
5.850821678824534855e-01
5.863137244284477578e-01
5.885930243171829668e-01
5.921375685918779386e-01
5.924346920777976422e-01
5.957652094112102503e-01
5.971048246434308426e-01
5.996644509520748789e-01
6.016197081144512016e-01
6.024239066032622825e-01
6.047498880835898705e-01
6.065831662474281405e-01
6.095099369758502084e-01
6.113487083775013264e-01
6.119903589747959227e-01
6.141958273370040633e-01
6.167770312663051202e-01
6.190179245935170105e-01
6.212580408459396075e-01
6.220790452853462993e-01
6.241853956539960002e-01
6.260367022070785215e-01
6.280324698376393844e-01
6.298634909876732468e-01
6.315630483744970602e-01
6.338964758431906432e-01
6.355131168044133583e-01
6.374853547389754960e-01
6.394654359743323635e-01
6.407722480861540726e-01
6.426588903159404786e-01
6.443020915098860435e-01
6.463005121297846767e-01
6.482286504118074388e-01
6.502921040500256877e-01
6.521188402246225202e-01
6.540858408209266894e-01
6.549365732287933950e-01
6.566556898710271817e-01
6.587880145534148468e-01
6.603861524595677768e-01
6.628505051217438160e-01
6.643005849611475222e-01
6.651937778532739376e-01
6.669919747938011234e-01
6.689246061172104962e-01
6.710464151455741710e-01
6.723055660684914558e-01
6.736917835389604203e-01
6.762829556416326549e-01
6.778291901085188309e-01
6.797785513634709842e-01
6.808773281614804995e-01
6.815529119879822906e-01
6.844481569512168573e-01
6.862010899356840721e-01
6.876162225400318517e-01
6.895575362439662070e-01
6.907030081069933658e-01
6.919132009247180859e-01
6.942111052434654095e-01
6.970268060850272063e-01
6.966570558791039813e-01
6.984191707258751158e-01
7.002899207654235125e-01
7.017945785068425701e-01
7.036453602726155943e-01
7.054931412813256753e-01
7.068983995506534779e-01
7.077733333435429763e-01
7.095990996359948788e-01
7.113459522001217561e-01
7.132498229593404737e-01
7.141890234101327950e-01
7.160278868693525922e-01
7.174535729949326202e-01
7.198507934629416738e-01
7.203684235844373118e-01
7.217945363829144645e-01
7.241297238765382893e-01
7.255488424739294784e-01
7.266292513036095579e-01
7.282414750270183035e-01
7.297134178185248343e-01
7.308602812808936422e-01
7.323676941272206919e-01
7.329782449774018271e-01
7.348279319440720325e-01
7.363175348646455731e-01
7.378754520482232460e-01
7.394083551543600974e-01
7.408124479678268592e-01
7.424633960078160788e-01
7.431282030594359433e-01
7.449633089628205918e-01
7.468138650162343684e-01
7.478889981068962411e-01
7.496036444621846373e-01
7.508026574967499034e-01
7.518742959692424899e-01
7.538055430389384304e-01
7.551803419782950888e-01
7.565115987146954213e-01
7.577350551880529528e-01
7.588086007689736068e-01
7.608520940517990994e-01
7.619227280477780528e-01
7.630672103866105171e-01
7.644842996434456639e-01
7.660238182341356783e-01
7.669354146794676863e-01
7.682652610975206908e-01
7.695465476625926726e-01
7.711853245442354954e-01
7.720662862287555051e-01
7.735139607308211263e-01
7.749445381605998273e-01
7.763221209820672097e-01
7.772337284461879880e-01
7.789564948200425887e-01
7.804627871111071702e-01
7.813603619256755950e-01
7.822485976986199852e-01
7.835533503556635360e-01
7.851322198109194073e-01
7.861356867669236914e-01
7.882375980405248450e-01
7.888458463516947461e-01
7.903510848742514305e-01
7.913808216540733076e-01
7.922167695085452488e-01
7.931987056039412343e-01
7.947219929645871206e-01
7.958527965543403804e-01
7.966059084768385423e-01
7.982113222412173803e-01
7.994741589543319371e-01
8.008204454511914649e-01
8.015208285155314138e-01
8.026126353313260964e-01
8.038120115830029722e-01
8.052833599801924036e-01
8.065428387591301318e-01
8.079798499326115158e-01
8.087344974186144730e-01
8.099138815855969620e-01
8.108972187587574210e-01
8.121404748487752734e-01
8.128828301013445445e-01
8.146540474734236259e-01
8.156403618179323134e-01
8.168564848494629382e-01
8.174969617520311260e-01
8.184429189628444901e-01
8.196889177756143674e-01
8.205234414694807521e-01
8.217735228932473435e-01
8.231284644797929317e-01
8.239153864205674971e-01
8.249249963231590765e-01
8.263204898867413384e-01
8.273982828198644945e-01
8.281804339056421105e-01
8.290385204953290010e-01
8.302875240708296189e-01
8.311081186755164829e-01
8.325921678948566829e-01
8.335409232580550665e-01
8.348706986139831088e-01
8.359336560266531491e-01
8.370975317860868126e-01
8.376939989413639820e-01
8.388696119529011064e-01
8.399772002974970064e-01
8.402848540774192632e-01
8.420387780893970886e-01
8.431070817082674251e-01
8.441006680248491767e-01
8.445812432857253693e-01
8.459785367146770430e-01
8.467310598054900161e-01
8.474911075512112646e-01
8.489540186533058863e-01
8.497565617913419578e-01
8.509011904700333195e-01
8.517290408607586238e-01
8.527183464917795774e-01
8.534921180222689863e-01
8.545393352393086950e-01
8.556898061067174099e-01
8.562083352365651434e-01
8.573555765044622579e-01
8.585499869017563235e-01
8.587727909627917988e-01
8.598119253063102319e-01
8.610977423943841913e-01
8.618951649941415383e-01
8.627741567185693849e-01
8.638181083749774114e-01
8.649733299560221633e-01
8.660882170739475638e-01
8.666536971115113008e-01
8.676089332557165301e-01
8.685296171931419229e-01
8.695564606402065300e-01
8.700323542610537420e-01
8.709202131241856604e-01
8.722209103371848515e-01
8.728914885217504693e-01
8.738187603257766556e-01
8.744989089108320401e-01
8.752797718874911759e-01
8.762388618203449386e-01
8.774054212966013733e-01
8.783390040382763608e-01
8.790820207948476517e-01
8.804576050910839502e-01
8.808350712115091685e-01
8.817344984605387515e-01
8.824429356416269021e-01
8.832328609428219401e-01
8.840652690762419441e-01
8.845811247431010216e-01
8.856040583226250096e-01
8.864642514217330183e-01
8.879891340620815754e-01
8.882064218572637282e-01
8.888866536230848325e-01
8.896695544046258064e-01
8.905965215817461811e-01
8.915763667747779175e-01
8.922734192597756575e-01
8.930972676861602677e-01
8.942383332816338237e-01
8.947844055486336989e-01
8.953141808490575615e-01
8.962326014582197020e-01
8.971608191665957355e-01
8.977975051587718802e-01
8.990506109330320683e-01
8.995458536380884773e-01
9.001555979271735897e-01
9.009785984987567220e-01
9.019579464077887021e-01
9.021324226818739911e-01
9.027962505495539247e-01
9.039237243698958757e-01
9.042542552850563187e-01
9.054883236528104007e-01
9.066910442494997557e-01
9.070824158835059103e-01
9.074520181066225710e-01
9.086791671192364639e-01
9.094594084209564055e-01
9.100689320554554707e-01
9.106707927485986342e-01
9.118082984726012530e-01
9.125248477118611534e-01
9.132994881823922606e-01
9.139618886553425581e-01
9.141795877747119770e-01
9.155184094266899386e-01
9.161695570832053548e-01
9.165511624316726724e-01
9.173637642058430908e-01
9.179854406399304834e-01
9.189094608509542628e-01
9.190192455266666949e-01
9.198956002060660886e-01
9.209299909269488271e-01
9.216961411208320909e-01
9.219863562171914939e-01
9.230447939785311195e-01
9.236822537259381516e-01
9.248210531375272714e-01
9.258277104253213041e-01
9.262238339176209756e-01
9.262393021176741348e-01
9.254955047744403140e-01
9.256268103935962888e-01
9.265405753163153957e-01
9.285978461314072785e-01
9.311136247607969540e-01
9.333021540629724555e-01
9.339509875680397366e-01
9.332841666990772111e-01
9.318324983817783957e-01
9.303806067921576162e-01
9.303397126406172113e-01
9.314423808207168420e-01
9.343251690044097613e-01
