7.417057666545876504e-01
7.409667586705336317e-01
7.407973963620143598e-01
7.411365070436832792e-01
7.414737840399865387e-01
7.415273079544439927e-01
7.415502782211684796e-01
7.415263697741782956e-01
7.413903699556739779e-01
7.413830389238565965e-01
7.413627413296163260e-01
7.412171894678106776e-01
7.413498369181350522e-01
7.416386189631570813e-01
7.416720905463209945e-01
7.419722902359420225e-01
7.422388738890307591e-01
7.419057330717166998e-01
7.418610450240725740e-01
7.420840949928667607e-01
7.422102534931201978e-01
7.424769794561106862e-01
7.428596406330093549e-01
7.434261683778212726e-01
7.429425246877110478e-01
7.432971854167834680e-01
7.440870537854489264e-01
7.438568605724023008e-01
7.446572516702406608e-01
7.448476552689535790e-01
7.450468259599355436e-01
7.447851560923612890e-01
7.453239205714317084e-01
7.454884562531671754e-01
7.466713663592750017e-01
7.470397354380727828e-01
7.471168550627846905e-01
7.479557367354910946e-01
7.484215436334838989e-01
7.479781410712614820e-01
7.489925045814264104e-01
7.491671327275262193e-01
7.493779832301679100e-01
7.496523099245676613e-01
7.496872837400821998e-01
7.504928540540619641e-01
7.508263585502379378e-01
7.513255461920776979e-01
7.521027803142622536e-01
7.525805932713093283e-01
7.525839436118549886e-01
7.534133421806633590e-01
7.542418388964773346e-01
7.541034009740303912e-01
7.542553770236046784e-01
7.548838040742819055e-01
7.557126352640425315e-01
7.570487630683132574e-01
7.570238186946969261e-01
7.565115194123137599e-01
7.574959801510801061e-01
7.575681530622104809e-01
7.583002144048546223e-01
7.589755580066431806e-01
7.591264755012206988e-01
7.593101619910899158e-01
7.607969486700103534e-01
7.604865873368905627e-01
7.613204435861633534e-01
7.614270555442078647e-01
7.621989218308111713e-01
7.634395123626086521e-01
7.633356266867514783e-01
7.634943978942613230e-01
7.647134838057425554e-01
7.645791210019022843e-01
7.654581003103890779e-01
7.657652943911233967e-01
7.658591224509754269e-01
7.674002395873594784e-01
7.682805784441022467e-01
7.677572230260524266e-01
7.687473979139949343e-01
7.702216992068159351e-01
7.693422722043535833e-01
7.692521716214065775e-01
7.699980182979434540e-01
7.705093925053980719e-01
7.716423477593479241e-01
7.711455149437118628e-01
7.715693359065667334e-01
7.731065852637553082e-01
7.735139477794231722e-01
7.738601672499453299e-01
7.745885467021339510e-01
7.755957633091000725e-01
7.749897347655583246e-01
7.765316389297096666e-01
7.763105083711698828e-01
7.768392886949332388e-01
7.776778669886852402e-01
7.783537554845745277e-01
7.783642693916961175e-01
7.788385638178908499e-01
7.790051223343437137e-01
7.801580434585700941e-01
7.806465819758348079e-01
7.807242714866349242e-01
7.819451399931071078e-01
7.816297819333374308e-01
7.821583688760915809e-01
7.822451948572270997e-01
7.826513613961254556e-01
7.835090369241243247e-01
7.846910793999272160e-01
7.843268224514454712e-01
7.848522524754997232e-01
7.857159620911015052e-01
7.857820936907543574e-01
7.862067864484300062e-01
7.875495717375353699e-01
7.874554772253632429e-01
7.877928352928940114e-01
7.885596129004192045e-01
7.893295582386969933e-01
7.897142803322914073e-01
7.904593292649745306e-01
7.905829577025923482e-01
7.911908603908868187e-01
7.913942384271880348e-01
7.916812632384021553e-01
7.928855455389585138e-01
7.927853625056432429e-01
7.930792917967671718e-01
7.935856490084922665e-01
7.945232719457793191e-01
7.945256125444138950e-01
7.952286824097860585e-01
7.965400619221223444e-01
7.963835446688573017e-01
7.967881805295712327e-01
7.977067501982966213e-01
7.978412277075279668e-01
7.983825891819830156e-01
7.987341195849069209e-01
7.989114055857924335e-01
7.997520831806762542e-01
8.002050675584571060e-01
8.013182112237743349e-01
8.008513573172051370e-01
8.014720176920836492e-01
8.010624962083540135e-01
8.021757360346383203e-01
8.026548389800374217e-01
8.024612936710230349e-01
8.039417384991132121e-01
8.039011525678223524e-01
8.045212472016998184e-01
8.045769941277879367e-01
8.052180045213481741e-01
8.055998449709739218e-01
8.060961540275876080e-01
8.068243342098193605e-01
8.071995162219329778e-01
8.082557329636023136e-01
8.080559117548514747e-01
8.078841836958742251e-01
8.086309030865966863e-01
8.092973842508169868e-01
8.094436671750219192e-01
8.101378775877756677e-01
8.108447732945811559e-01
8.109265030672244690e-01
8.114911269895896950e-01
8.119517430348327514e-01
8.122337597193113323e-01
8.126070061336815309e-01
8.130530185800768361e-01
8.130456573111097818e-01
8.136520798848326796e-01
8.141853054809469192e-01
8.144980033007372944e-01
8.151728398799233943e-01
8.159524707780698716e-01
8.161154404646366878e-01
8.161909832651317309e-01
8.162449069721005035e-01
8.169989251474638614e-01
8.172354801978888306e-01
8.181954680837342231e-01
8.185259872353602972e-01
8.184360104579109230e-01
8.190174988207838958e-01
8.193750610433787607e-01
8.198409652998663866e-01
8.199352272229788463e-01
8.209547712646033668e-01
8.211149205175287680e-01
8.215406855672326980e-01
8.214983836291580577e-01
8.221899856468896095e-01
8.227191182782473966e-01
8.229167195043991523e-01
8.232160889186368458e-01
8.235469682305199823e-01
8.236772698185355068e-01
8.243047444930333700e-01
8.247663549849620912e-01
8.252188174239397656e-01
8.254838541336125823e-01
8.258434213923691036e-01
8.265938589861585584e-01
8.266125108629828189e-01
8.268878691084812216e-01
8.277088022450608262e-01
8.280814614318900979e-01
8.283082954553036004e-01
8.283189849902002910e-01
8.289938042450313294e-01
8.293367465885010947e-01
8.292587421184133278e-01
8.297123387162221864e-01
8.307196919492055853e-01
8.307592582098548561e-01
8.308904366974019240e-01
8.314618682696910401e-01
8.318958447184283678e-01
8.321526113892697696e-01
8.324796510128344984e-01
8.328480494301424564e-01
8.331887682611026635e-01
8.333675746783869576e-01
8.338731651936243106e-01
8.345192024017265009e-01
8.344350562561413387e-01
8.350037230207462136e-01
8.352342910592365222e-01
8.355403066728309680e-01
8.360515858096612130e-01
8.363619478248633943e-01
8.364880515471760924e-01
8.369013964477108880e-01
8.372618750925490128e-01
8.375721688215385097e-01
8.379838696120868180e-01
8.382938517799842781e-01
8.386881773748758873e-01
8.390150226085070218e-01
8.388080794886341174e-01
8.392605628850011712e-01
8.396982603788457622e-01
8.400048152255537026e-01
8.403413282972149734e-01
8.403387206455336100e-01
8.410041190044716952e-01
8.415351569287520261e-01
8.415150821174554041e-01
8.418519061140636861e-01
8.425375328392036289e-01
8.427809667794418091e-01
8.427755491859155734e-01
8.431443164903035248e-01
8.437659875060609105e-01
8.439464265396545706e-01
8.441213355861759693e-01
8.445827708124009625e-01
8.448981560484287723e-01
8.449484687902404367e-01
8.452534021225706073e-01
8.456337402217277699e-01
8.458538762596715666e-01
8.462533485395127286e-01
8.464918011799693609e-01
8.468477554325114509e-01
8.472856976380017668e-01
8.474220177434612644e-01
8.474856462753918018e-01
8.478663917637221381e-01
8.484211205257696786e-01
8.486252475685569507e-01
8.487417785127046033e-01
8.489803943761485838e-01
8.492313683257235457e-01
8.495471478596725579e-01
8.500705540557459416e-01
8.500884077298584973e-01
8.500079416127264142e-01
8.504789911374734945e-01
8.508877737250226669e-01
8.510197813720065119e-01
8.512079681456977687e-01
8.514515301638826417e-01
8.516259334984951357e-01
8.520533200465497670e-01
8.524240076563961432e-01
8.526791187110481784e-01
8.529071137541212044e-01
8.532366795225502232e-01
8.536774115966687670e-01
8.538040775809602190e-01
8.537811344847334727e-01
8.538100843372880000e-01
8.541686965407913057e-01
8.546715801414720426e-01
8.548756761892558620e-01
8.550391171589093453e-01
8.552742960096305636e-01
8.556820333053185568e-01
8.557692779426798735e-01
8.558411890708160774e-01
8.563355823262258637e-01
8.567900129593229996e-01
8.566768636019165273e-01
8.567792803567642057e-01
8.570231282538383066e-01
8.570647487538275433e-01
8.572944512927953564e-01
8.577068235642145710e-01
8.578712261866731081e-01
8.581168553757863027e-01
8.583607845522166491e-01
8.585309836445971232e-01
8.588309032403972365e-01
8.589626235988228053e-01
8.590441959556562868e-01
8.593810345090797664e-01
8.597834901256521389e-01
8.601700410630982452e-01
8.601476086432107149e-01
8.603377721224378938e-01
8.604472984386764001e-01
8.604951520924647435e-01
8.607153267966315413e-01
8.607999538477909551e-01
8.609609118448366960e-01
8.611078723321352602e-01
8.615515203593010485e-01
8.617130601620047736e-01
8.618653347920228747e-01
8.622122402481652292e-01
8.623716129108455197e-01
8.624588564998780793e-01
8.626593474270234374e-01
8.626275230534550253e-01
8.628423263239279883e-01
8.632240180782632111e-01
8.635586337616470987e-01
8.634744406102561332e-01
8.635706650866572520e-01
8.636501199894943692e-01
8.639810295186945988e-01
8.642605986906193305e-01
8.641520308049662757e-01
8.640559482365248734e-01
8.643599841569993281e-01
8.646400539087817361e-01
8.647898365418213995e-01
8.649080668984904241e-01
8.650207411072535768e-01
8.653177756321582814e-01
8.655378861931012358e-01
8.654856007690336916e-01
8.655850771402066046e-01
8.658507031574542712e-01
8.657552288002741125e-01
8.658733663683071402e-01
8.661060761532087815e-01
8.662533537897614266e-01
8.664827215090875612e-01
8.666118941352590754e-01
8.666933088846502375e-01
8.666565648911510600e-01
8.669956419347545351e-01
8.670103856742410464e-01
8.671554998461969976e-01
8.672929435753029548e-01
8.673957742453575204e-01
8.675409723127688322e-01
8.676766398282518278e-01
8.676940709683453878e-01
8.677988536010431408e-01
8.678468610934014782e-01
8.679488282951752787e-01
8.681457318649096200e-01
8.680874998105356788e-01
8.681351567935901015e-01
8.682786306723359049e-01
8.683384440867349952e-01
8.683671085580134674e-01
8.682777329924757925e-01
8.685278234703802669e-01
8.686687927589402669e-01
8.688062541210497258e-01
8.689771178185331513e-01
8.690633606540609790e-01
8.689442114611901635e-01
8.691245441514615644e-01
8.691311216935402317e-01
8.692538777821801066e-01
8.693655949072024436e-01
8.694840967598740367e-01
8.694346022976329191e-01
8.693034982817580136e-01
8.693337790437815071e-01
8.696192806304742229e-01
8.693522718143361638e-01
8.696319807036028138e-01
8.696046382370598016e-01
8.695553324524304406e-01
8.695620602056970405e-01
8.695411181672912937e-01
8.696841161504784701e-01
8.696212039548900652e-01
8.695516696153667846e-01
8.696017662262813808e-01
8.697901498094937622e-01
8.696856673677584304e-01
8.698589945753393282e-01
8.696517944993813476e-01
8.697593255350678509e-01
8.697079862411645212e-01
8.696810952844592491e-01
8.697865531096473646e-01
8.696303172560164718e-01
8.698203702060964826e-01
8.695787606447364926e-01
8.698344393104561201e-01
8.697062035845526395e-01
8.695722819296882733e-01
8.695227281679155373e-01
8.696076868476521060e-01
8.696169773425824756e-01
8.696535659157010878e-01
8.695260911595155129e-01
8.694278043834684500e-01
8.695674579032589557e-01
8.695525626464788438e-01
8.694999948900321574e-01
8.693027104024626528e-01
8.692917589420297020e-01
8.690666822499915067e-01
8.692509829391691367e-01
8.689747594002794617e-01
8.687736672595223197e-01
8.689410934713106549e-01
8.687930870020106333e-01
8.689227791768798781e-01
8.689213131026610748e-01
8.687931984390242501e-01
8.685011956362792551e-01
8.685047677249941867e-01
8.684941743279849247e-01
8.683040103453707470e-01
8.681084744625207072e-01
8.681378999703656119e-01
8.677991774204346642e-01
8.679074514094522463e-01
8.677574213294824146e-01
8.676476836886888311e-01
8.673553304727767976e-01
8.673814294532453673e-01
8.672888466064985202e-01
8.671260169355812231e-01
8.668320175527859384e-01
8.666518155585682948e-01
8.668070625832374754e-01
8.666489677468131037e-01
8.666853361950630497e-01
8.663062495337503499e-01
8.661584271205521324e-01
8.658629612816280963e-01
8.655410144161018726e-01
8.654413064105561659e-01
8.652047260069984924e-01
8.648546703102053534e-01
8.650098424677113984e-01
8.647965989557414579e-01
8.645003410191737236e-01
8.642199923769140479e-01
8.640635742440221367e-01
8.638462366494367162e-01
8.634851792795074088e-01
8.635870920278000407e-01
8.630440098929957893e-01
8.626807096465084479e-01
8.625456315858057721e-01
8.622283935829776480e-01
8.619003991895886063e-01
8.617328380175313107e-01
8.612558360229433108e-01
8.614149631127909768e-01
8.608347613552935762e-01
8.606307613957199232e-01
8.600509114800215515e-01
8.596863440187557659e-01
8.596410996431056439e-01
8.594421693190205103e-01
8.587152267796454019e-01
8.583746678876160718e-01
8.576765600617470842e-01
8.569706910097445451e-01
8.564307026614881302e-01
8.568309305586665481e-01
8.575950579089017811e-01
8.574121004209521724e-01
8.566393168206191122e-01
8.555493479181310867e-01
8.538333787160677923e-01
8.519022161642425539e-01
8.510033182888214753e-01
8.507947554453516581e-01
8.509149643565578902e-01
