1.733097870807518565e-02
1.530567399729059787e-02
1.478789761337077208e-02
1.483325868520738583e-02
1.442917058711062385e-02
1.412397234840637519e-02
1.289670896381892549e-02
1.245062732535416605e-02
1.236788053494395842e-02
1.296144035853092659e-02
1.405375581033549252e-02
1.246000524572188177e-02
1.355569252766002097e-02
1.622284884881412814e-02
1.571232868269597377e-02
1.855772071613952245e-02
2.129265818418295611e-02
1.857387118981975588e-02
1.897675581198962277e-02
2.197685276282458980e-02
2.434255214985459048e-02
2.671438115032349556e-02
3.108753681031058147e-02
3.518183967875351120e-02
3.118314883104437996e-02
3.456518632885128423e-02
4.125206528646587628e-02
4.156387367731743943e-02
4.901139129711220427e-02
4.996905603263768897e-02
5.300553775158707570e-02
5.391166993304503940e-02
5.875131300591791839e-02
5.818493417244629401e-02
6.629257343488703658e-02
7.078274289397894214e-02
7.435944663382342001e-02
8.024670542135665940e-02
8.266826324609789778e-02
8.270560866930383448e-02
8.965918728955513117e-02
9.214564704111545546e-02
9.546059916256038891e-02
9.895520442177374587e-02
1.013834028236203222e-01
1.066633310199967821e-01
1.103140700590397594e-01
1.143410259978921706e-01
1.179181662232875599e-01
1.249378424667144244e-01
1.264999306746805441e-01
1.297516476988813394e-01
1.357069649888925644e-01
1.352439474643104544e-01
1.398543277912860927e-01
1.471709173838440798e-01
1.521163150897899552e-01
1.567694744341531221e-01
1.603420872508580508e-01
1.620527395013463823e-01
1.666735583281733213e-01
1.696020392025838208e-01
1.764632460731015151e-01
1.775296187131218673e-01
1.827373261841982177e-01
1.878629526351947299e-01
1.893665406350077962e-01
1.932009224076183806e-01
1.976330343558813929e-01
2.007545260759374395e-01
2.031670147664370873e-01
2.102748742649407365e-01
2.142742396199698307e-01
2.142923017786727835e-01
2.222943473810703452e-01
2.248476544730808879e-01
2.290919684472920437e-01
2.314068344119949161e-01
2.346921544735602883e-01
2.380301266300877683e-01
2.429478904121881722e-01
2.464549482421662385e-01
2.502328697073661345e-01
2.555961755644124422e-01
2.587997856143009479e-01
2.635578314057731575e-01
2.669706576003134657e-01
2.699686991659068780e-01
2.737230438726046544e-01
2.767613060810866221e-01
2.808833907172123001e-01
2.857032956040133076e-01
2.896121877472597750e-01
2.916878925544987844e-01
2.955931618516589032e-01
2.984701670490212400e-01
3.011054041280137872e-01
3.056996527149117848e-01
3.085892118914979609e-01
3.137064374918200893e-01
3.191473298500787092e-01
3.205406218291599330e-01
3.241089951101912559e-01
3.281157721060448118e-01
3.316215734181651720e-01
3.327580859175800487e-01
3.366896869470727416e-01
3.413262437950333461e-01
3.451020537922189213e-01
3.484126948895440723e-01
3.500941375886197360e-01
3.533527627327487930e-01
3.567218344472301572e-01
3.606236824330458779e-01
3.638834505244848416e-01
3.669040156223438709e-01
3.714682720146599837e-01
3.744577052182119781e-01
3.771123113932816073e-01
3.800149844644158947e-01
3.828379051881637962e-01
3.856994308121449166e-01
3.911431925488242367e-01
3.925139639183767293e-01
3.955509265974249677e-01
3.993992019530627768e-01
4.017191308202037181e-01
4.047744115379030005e-01
4.085591604762462414e-01
4.111417564061871643e-01
4.149847975800204924e-01
4.176505073310412541e-01
4.194156071051067802e-01
4.232269439911804931e-01
4.256803660750122509e-01
4.292064515899998156e-01
4.314780277263295938e-01
4.347898795509662073e-01
4.373664249525572867e-01
4.406434646293911905e-01
4.433484967147623412e-01
4.460593171695529935e-01
4.492840108517544562e-01
4.526063975958025676e-01
4.547087835242201725e-01
4.581586452246342311e-01
4.604353303232668337e-01
4.624264683603906967e-01
4.656033416636438660e-01
4.681864735183778325e-01
4.703968442337707612e-01
4.731176621547261152e-01
4.765027218937551434e-01
4.794283715878088215e-01
4.814117314462069697e-01
4.837612611304815124e-01
4.861935901128049409e-01
4.889311148641247717e-01
4.929412369266341631e-01
4.949902168165612459e-01
4.975470578561103641e-01
5.001683593088117608e-01
5.018495358232147874e-01
5.039859427737163333e-01
5.060135420428577557e-01
5.088618101912577574e-01
5.124232016345279250e-01
5.149827403756469524e-01
5.180156870702483651e-01
5.198590082151798297e-01
5.219290782100736159e-01
5.236159532089375013e-01
5.268869062560110894e-01
5.293084332101004597e-01
5.315533105242705725e-01
5.341102124062990786e-01
5.359876032408468216e-01
5.387111667824294736e-01
5.413325200012896188e-01
5.439235220419267325e-01
5.460920905023504135e-01
5.476217036115055281e-01
5.500847864606638327e-01
5.526564629784742610e-01
5.549061076145117566e-01
5.570378282436819761e-01
5.590260485179553429e-01
5.610563439607614278e-01
5.637022496580691433e-01
5.650737235255991475e-01
5.680094480218674802e-01
5.703768143394245538e-01
5.717799603169219091e-01
5.746732500636445584e-01
5.767313560551157181e-01
5.780928793526181053e-01
5.810948781714730949e-01
5.822508659015672716e-01
5.851084798263653797e-01
5.860851061755413260e-01
5.887880919690584580e-01
5.911522311566578258e-01
5.923603997316339020e-01
5.950812576790844854e-01
5.969745509542410122e-01
5.989514818037811050e-01
6.019954604477247839e-01
6.043825986312539866e-01
6.052381243313210701e-01
6.074003753029940667e-01
6.092956124702014753e-01
6.108887044719528703e-01
6.133168075309017864e-01
6.143813656604404372e-01
6.166821534018868123e-01
6.192386165754265592e-01
6.208318307708098338e-01
6.226051867466422252e-01
6.247578999144205447e-01
6.258657362390576129e-01
6.271328931145903063e-01
6.299081131197623584e-01
6.317998874905110807e-01
6.331331815397177598e-01
6.347326720412808099e-01
6.363658609375576480e-01
6.374651463881321201e-01
6.396467998853918591e-01
6.424934646018845008e-01
6.443046336326888612e-01
6.463267929213438734e-01
6.476998085784856363e-01
6.493680614006807073e-01
6.508350630158170613e-01
6.527312847425013054e-01
6.544061250117862993e-01
6.556352296592848905e-01
6.578481409542811242e-01
6.600278916648447680e-01
6.615629724822666979e-01
6.624401603712927189e-01
6.647737935408025711e-01
6.667629516251626365e-01
6.678211788199983623e-01
6.690355848890697787e-01
6.707162281967578021e-01
6.726689843565089033e-01
6.741104715369548028e-01
6.758947321095644112e-01
6.775332208318544103e-01
6.789660335284963821e-01
6.808569609996278915e-01
6.826009256930730684e-01
6.840147779742113965e-01
6.849588389235793384e-01
6.873722195756438724e-01
6.886836673211397253e-01
6.898838514810418099e-01
6.909628786109556220e-01
6.931493078227275451e-01
6.942814856711341243e-01
6.956207879512074088e-01
6.974619228843127461e-01
6.995602927255930581e-01
6.999758803920124173e-01
7.013541254228563560e-01
7.034257065236634299e-01
7.040816652654053875e-01
7.056464143050618087e-01
7.077908012008187200e-01
7.087923996925110659e-01
7.103365883670176295e-01
7.114879173693805514e-01
7.130904662988569731e-01
7.147909224921640270e-01
7.160174208526468576e-01
7.168426998794547034e-01
7.187214570608030373e-01
7.198463965139915155e-01
7.210518188569554621e-01
7.229380570576102727e-01
7.235575885902154614e-01
7.252647088836057243e-01
7.267646157569440657e-01
7.276852768947754679e-01
7.291922565094048903e-01
7.307106170056512084e-01
7.322136872989237766e-01
7.331077036197073404e-01
7.347049379743789688e-01
7.358250128894107123e-01
7.375401528853769983e-01
7.385166235586138050e-01
7.403545002025785360e-01
7.409389606804799300e-01
7.420192517747014049e-01
7.431594201397789812e-01
7.447837696559728160e-01
7.461509235086249969e-01
7.468420834595415059e-01
7.487205794722774366e-01
7.498930519621919144e-01
7.503120841123080975e-01
7.523460040905532997e-01
7.528550223951548936e-01
7.543747615093288061e-01
7.558757882627576974e-01
7.568078604836233625e-01
7.580251099422141703e-01
7.590385908478022303e-01
7.605609642443750262e-01
7.614900465293901188e-01
7.628731579501313309e-01
7.638504335336848694e-01
7.647854003488839814e-01
7.657792987639483462e-01
7.671172503098909745e-01
7.683899562779447079e-01
7.694624213876150032e-01
7.702589103057010389e-01
7.715342178927413475e-01
7.729014654684163155e-01
7.737628038132996489e-01
7.752878392943138852e-01
7.758819770337129773e-01
7.768128441956509977e-01
7.782080553063821515e-01
7.788245510885458689e-01
7.805775440160952483e-01
7.818567188390496137e-01
7.825563052818873544e-01
7.836927565437024068e-01
7.846258917651998122e-01
7.856006414960855500e-01
7.863779524772119833e-01
7.879125082850333417e-01
7.892072493926921561e-01
7.900497191135403829e-01
7.907350135308505168e-01
7.917346531367047691e-01
7.928523606942095014e-01
7.937811461318224904e-01
7.947285015303752198e-01
7.954813926704358273e-01
7.966141144463781965e-01
7.981057432528173567e-01
7.988099691309926698e-01
7.994249787720039135e-01
8.010416745084920631e-01
8.018076969798741960e-01
8.025144146062388462e-01
8.038535919507918681e-01
8.044796967779770380e-01
8.054342176060316216e-01
8.068585491358943873e-01
8.076790088261143197e-01
8.080391089984303443e-01
8.093086389485938392e-01
8.096480537373674791e-01
8.111980082695978700e-01
8.121091013011902948e-01
8.128786673799013318e-01
8.136216409665887328e-01
8.150402778907208656e-01
8.159015216887199884e-01
8.165553067340591831e-01
8.173642401135842173e-01
8.180399495616070826e-01
8.193251812308310900e-01
8.198936501351483663e-01
8.208144011582391153e-01
8.216747851720356266e-01
8.225546325836705641e-01
8.242419982344761920e-01
8.249291433209768876e-01
8.251924242598462911e-01
8.258218785779689597e-01
8.269841464664360320e-01
8.279940017926460394e-01
8.287738947142337942e-01
8.300440668623439988e-01
8.305207004601621312e-01
8.313502539388859525e-01
8.320789880875455458e-01
8.329906430359284020e-01
8.339555597041016233e-01
8.350646959462489916e-01
8.353374976425600451e-01
8.363091882703082014e-01
8.371776249636941891e-01
8.380322100693704535e-01
8.386826817180570437e-01
8.392406238387729589e-01
8.402807925615800588e-01
8.407409146635640429e-01
8.422069831075379431e-01
8.429568266558328249e-01
8.436079702933493296e-01
8.443341011834619714e-01
8.452116597800555242e-01
8.456307138214897989e-01
8.462313374905469088e-01
8.474455367675801654e-01
8.482312662274722470e-01
8.488740651842492380e-01
8.496940488347365372e-01
8.500152034645498400e-01
8.512908001927855794e-01
8.520752216845215443e-01
8.531363343456159765e-01
8.537496500950320089e-01
8.541505099488947428e-01
8.551155322145863602e-01
8.555531351316445487e-01
8.562504223363422984e-01
8.569906168171176342e-01
8.575931204097547722e-01
8.587776779025588780e-01
8.594814209058121435e-01
8.602617059670057964e-01
8.611462022880980172e-01
8.610226973750794155e-01
8.622952975957884902e-01
8.631158117777844030e-01
8.639693957437688532e-01
8.643863543606804534e-01
8.651713281955992763e-01
8.655603536129443665e-01
8.667848218085562051e-01
8.672760887872462687e-01
8.681062519884563677e-01
8.683053285031878676e-01
8.691705040959771811e-01
8.698580555439322515e-01
8.704017302136509704e-01
8.714309445855143998e-01
8.719652878252819317e-01
8.723131435244387832e-01
8.730549282429581615e-01
8.741273649519455402e-01
8.747190804316479218e-01
8.750332432923666470e-01
8.758109292995688300e-01
8.764728832678335690e-01
8.764840919895853233e-01
8.778764893865428354e-01
8.786458804250539822e-01
8.793452698984992599e-01
8.794108870084583751e-01
8.803010471882501964e-01
8.812935786717243092e-01
8.821490241446946490e-01
8.822763950920191611e-01
8.830570076115620282e-01
8.834596709472535281e-01
8.841043716831401555e-01
8.851974733528032990e-01
8.858434600305664652e-01
8.859177850383740394e-01
8.865809744474397736e-01
8.868974673977814138e-01
8.879570896238487832e-01
8.887486973408137425e-01
8.891675345361934601e-01
8.899857144337572912e-01
8.901918899130136786e-01
8.909221937842562999e-01
8.914396306855794094e-01
8.919874994719216854e-01
8.925565258570182792e-01
8.935158455052634174e-01
8.939002236570476878e-01
8.945953831321622474e-01
8.947716851658430448e-01
8.955892053883387494e-01
8.961107447925158453e-01
8.964849154390072128e-01
8.977479031283721600e-01
8.976608381663647718e-01
8.984319328413115091e-01
8.990834359854440461e-01
8.992909874668949533e-01
9.005848016543602785e-01
9.007538902148978233e-01
9.014407846764033172e-01
9.017384483823337460e-01
9.023242657877676987e-01
9.029079620918846194e-01
9.032664812172579438e-01
9.046260691514776964e-01
9.043020358921073365e-01
9.047748704194435998e-01
9.049209127657710239e-01
9.058725125318697335e-01
9.070095375223803380e-01
9.082208052842460910e-01
9.087363149366152193e-01
9.092141352925352527e-01
9.088650441086254528e-01
9.089397017456878336e-01
9.090780618360818632e-01
9.090878921371053911e-01
9.107965319897332046e-01
9.125826505402204747e-01
9.147303880448991453e-01
9.154131268093614882e-01
9.148988862654421350e-01
9.133822583107052973e-01
9.118053345426363476e-01
9.116293255561754849e-01
9.128768884821301111e-01
9.154781337159261234e-01
