2.074626932479568114e-02
1.862773542719738801e-02
1.807004590399532984e-02
1.790212225206774810e-02
1.713249299143879828e-02
1.670594802348576366e-02
1.510186714803209498e-02
1.452918785886863490e-02
1.450141012238304571e-02
1.527367316103610609e-02
1.664242551169385978e-02
1.467338176273079789e-02
1.598697085995741743e-02
1.914756023865262641e-02
1.851652214070649560e-02
2.178755351041880561e-02
2.499474530883930359e-02
2.209595104883761013e-02
2.259737201289569244e-02
2.606515726608609959e-02
2.900303367509888749e-02
3.153227298219560965e-02
3.676782480314930851e-02
4.094285602703421484e-02
3.684162625333309987e-02
4.072969532909678086e-02
4.791673710570724248e-02
4.900991807989708154e-02
5.707035477071895763e-02
5.801573934766520585e-02
6.152681193769291013e-02
6.358966794379923571e-02
6.884624387820355296e-02
6.815137647254825015e-02
7.593704097213908877e-02
8.128267306460582042e-02
8.604649874264405640e-02
9.185401640559522074e-02
9.439166508001653466e-02
9.527499084902438242e-02
1.021880519321339692e-01
1.052141695632975854e-01
1.092927560477772314e-01
1.129554056718753696e-01
1.158560571317561599e-01
1.224171430865832882e-01
1.271545189524770636e-01
1.306089148913537612e-01
1.339633978448069584e-01
1.418395631449296257e-01
1.438892943928669066e-01
1.468532905092189977e-01
1.532820712501413718e-01
1.532109274538321353e-01
1.587685022735131346e-01
1.653315742851941272e-01
1.706983608607672565e-01
1.754420429854708918e-01
1.797206263413761163e-01
1.826711581869924217e-01
1.871160030327727597e-01
1.906894276455985970e-01
1.969890320746619516e-01
1.994980754561747893e-01
2.042931420018659350e-01
2.084621348960803700e-01
2.115456165399175192e-01
2.165677316352557225e-01
2.202108169799234794e-01
2.239048535305491749e-01
2.261355241446377229e-01
2.336812472716353339e-01
2.385344810089927714e-01
2.380665692009886758e-01
2.465094300023963347e-01
2.491467498762131860e-01
2.527848999096036220e-01
2.561253675856917100e-01
2.606410970538550753e-01
2.628661767076104216e-01
2.679724181289760976e-01
2.719277151097616030e-01
2.748379286159191026e-01
2.801205267181395842e-01
2.845489633257002882e-01
2.895286130782799283e-01
2.931068676450959143e-01
2.964023793244189298e-01
3.001686891103816923e-01
3.030432866141439252e-01
3.076699284270589807e-01
3.119835507484081671e-01
3.149158643896617926e-01
3.183655395927353360e-01
3.222565223625313280e-01
3.245826355555784803e-01
3.283056633038765604e-01
3.323783574469459934e-01
3.348833279855677469e-01
3.399172060241759663e-01
3.457836802885928540e-01
3.476956093598241870e-01
3.520775360908509066e-01
3.541787462302765088e-01
3.580225666493003223e-01
3.596741825967873507e-01
3.641099059347003841e-01
3.681442426714789939e-01
3.726918386751675305e-01
3.760046935403608681e-01
3.776861109213546785e-01
3.807847723082732339e-01
3.841462080808736301e-01
3.882179528627454079e-01
3.900169952883901781e-01
3.933774270040635290e-01
3.986412416884311249e-01
4.006625938863283554e-01
4.035934656304471790e-01
4.067931672282870115e-01
4.098558506335818197e-01
4.127404154734161112e-01
4.188045641908542116e-01
4.205447945587554304e-01
4.219767996770649732e-01
4.255541060646779727e-01
4.282374303285226835e-01
4.317925218060424397e-01
4.358463476990190877e-01
4.376195063433314658e-01
4.415986936657119166e-01
4.439531412449739811e-01
4.457317211484830288e-01
4.497303720632679913e-01
4.518889012529386795e-01
4.563184780137909402e-01
4.584199921718273285e-01
4.609195008579409780e-01
4.640777622461226826e-01
4.663489556592824714e-01
4.690805896229007232e-01
4.721608163987686124e-01
4.746958357348381452e-01
4.785260847698512565e-01
4.800337173536070035e-01
4.825122757474771817e-01
4.853938143069706501e-01
4.878215871341862186e-01
4.897517861508548509e-01
4.931475372911922062e-01
4.962298539414410348e-01
4.981531354271486745e-01
5.017017400071617228e-01
5.034079082233621216e-01
5.063076412595093334e-01
5.086614597749159472e-01
5.113267217637413875e-01
5.136224469755972244e-01
5.157875339414546012e-01
5.188232540222966760e-01
5.211027041939142457e-01
5.240654149336644307e-01
5.260446982851657571e-01
5.279193298908253507e-01
5.301390427671482941e-01
5.321297183397795116e-01
5.353749445866693435e-01
5.378373648275663887e-01
5.406795809267731512e-01
5.421107448736840473e-01
5.443638565842000565e-01
5.458844739443453609e-01
5.495463035655897555e-01
5.512330877084887781e-01
5.534683705999973169e-01
5.556869509495030446e-01
5.575666778894018405e-01
5.603136714469006963e-01
5.625885373299130965e-01
5.649651683462898477e-01
5.668570302679093453e-01
5.684202781633169721e-01
5.707392805675030045e-01
5.731087241035953683e-01
5.750392981142805615e-01
5.772925093571270594e-01
5.789575766324148720e-01
5.814367116803214053e-01
5.834313098658691077e-01
5.858228607093283191e-01
5.875756093113178036e-01
5.897389831031311092e-01
5.917707617942348230e-01
5.941932614494365161e-01
5.957780288867414731e-01
5.975265310221898885e-01
5.998896862759299786e-01
6.014034488253501287e-01
6.029837683581711349e-01
6.049097047997890053e-01
6.069744341594381920e-01
6.093419064968437215e-01
6.104233860659123989e-01
6.125867154629088818e-01
6.141348913901394369e-01
6.167435321464490583e-01
6.181857369049991169e-01
6.208359995395515973e-01
6.226185004922593080e-01
6.239516922990197001e-01
6.249330833166869548e-01
6.274056478849717733e-01
6.290585509141898291e-01
6.310119214291312062e-01
6.329439878452324253e-01
6.341673427535361451e-01
6.360331643736329976e-01
6.383493357129927936e-01
6.395508672292167240e-01
6.411218855218422386e-01
6.421160574174186175e-01
6.447747845379958598e-01
6.469445813444258953e-01
6.475577236620760901e-01
6.498831576171946178e-01
6.515529321983042355e-01
6.523008707745155954e-01
6.543469313693569545e-01
6.557072916996790068e-01
6.573297770566213227e-01
6.590294457492764657e-01
6.603464094433821874e-01
6.621630683603383360e-01
6.642211407334253082e-01
6.652956303109189840e-01
6.668522515116207527e-01
6.677429441233462271e-01
6.696694878496234349e-01
6.715364683093260068e-01
6.725018128301178955e-01
6.736959165214301271e-01
6.754426892353109224e-01
6.774598759131784664e-01
6.793652365560076678e-01
6.796803872070888985e-01
6.815728652789380115e-01
6.836186789345951587e-01
6.845939513524672559e-01
6.866144699054379519e-01
6.873970196060860127e-01
6.889484143674549088e-01
6.909729108675221054e-01
6.921654316936561857e-01
6.935003392123350041e-01
6.944379595238752145e-01
6.958195769364519112e-01
6.971204947941441743e-01
6.987431586073336032e-01
6.999219109285840235e-01
7.020102158076226839e-01
7.035839873982092652e-01
7.045100076759766017e-01
7.053441287224569978e-01
7.066082710909097342e-01
7.078788919802270208e-01
7.093827941072566867e-01
7.112406548800292994e-01
7.121036914420151298e-01
7.134768880204405139e-01
7.147869851077293113e-01
7.163654350582779884e-01
7.173069457173382180e-01
7.181538306785423265e-01
7.201260797891017029e-01
7.209282757015083032e-01
7.229092102412190135e-01
7.243371594604475217e-01
7.250278784184943648e-01
7.265176628717917584e-01
7.272689098031817068e-01
7.285315008687759386e-01
7.300911037971953288e-01
7.312024078285916939e-01
7.318699917040154546e-01
7.337406940316096859e-01
7.345987297976541708e-01
7.366112231527652821e-01
7.369655067250078240e-01
7.387250039172031935e-01
7.391945334379971255e-01
7.404513957911504907e-01
7.412658394188069710e-01
7.427103266004461135e-01
7.438430729963385613e-01
7.451750390877701635e-01
7.459578248735190265e-01
7.476263194146289814e-01
7.481104003904692767e-01
7.493510344981408888e-01
7.503552036996972152e-01
7.522684754817696717e-01
7.525881900489337362e-01
7.536259996785547033e-01
7.546576327448079047e-01
7.564199125573521920e-01
7.576974664529707582e-01
7.582426139137762311e-01
7.596323224140226760e-01
7.602883065263081885e-01
7.616712724298657644e-01
7.628173228873488254e-01
7.633764250905862303e-01
7.646772807867044941e-01
7.655065375971245034e-01
7.668250619093609499e-01
7.672210825977385795e-01
7.684577999086842359e-01
7.693418320533027543e-01
7.705850406447154466e-01
7.713856089636068614e-01
7.723692572561986491e-01
7.734450095178209139e-01
7.748605626683879866e-01
7.754852265378331388e-01
7.767611047209730391e-01
7.774390351908574415e-01
7.787387389652529190e-01
7.795731916862554955e-01
7.803876877758538777e-01
7.808097967957530194e-01
7.826528847065017391e-01
7.829510423620291704e-01
7.845787386845572975e-01
7.851111712035050427e-01
7.859590639018293468e-01
7.868421858907309607e-01
7.883400679508827391e-01
7.887919600240539397e-01
7.899876869927656697e-01
7.910209505151820641e-01
7.915970191819989843e-01
7.927632455953849133e-01
7.930866483776227716e-01
7.939368398607343780e-01
7.950833909383919762e-01
7.956527256009118254e-01
7.969592209612964551e-01
7.979159848451032877e-01
7.984808577092685766e-01
7.999431503833660528e-01
7.999881072736692023e-01
8.011178058502467225e-01
8.020931573770728740e-01
8.028063825000780751e-01
8.038650729844095677e-01
8.051612555986430442e-01
8.057310805318885771e-01
8.065447609560456588e-01
8.073591127249751809e-01
8.076806564168115266e-01
8.091421493855629476e-01
8.097284722395291512e-01
8.105432392879785564e-01
8.113282254483188405e-01
8.119118302988378444e-01
8.131114622115176438e-01
8.137509124033326380e-01
8.150375375364662389e-01
8.150741761506137273e-01
8.162462662073052266e-01
8.168951110151018158e-01
8.179977641708293667e-01
8.186077868958957504e-01
8.195116832437130405e-01
8.202904063963964987e-01
8.211990353497482520e-01
8.216877791084737925e-01
8.223753773892304997e-01
8.233314465512606706e-01
8.240945243348231086e-01
8.245233878795095173e-01
8.257195453047109224e-01
8.265046087456430213e-01
8.267710116305176937e-01
8.277200290921155057e-01
8.289155017582268137e-01
8.292533622520791292e-01
8.302772412698011806e-01
8.311069265360384595e-01
8.318838352724745588e-01
8.324346284268897556e-01
8.328098720297812951e-01
8.336268866502529740e-01
8.345458709239208517e-01
8.353585018551369368e-01
8.362228649454683804e-01
8.368481408646576414e-01
8.368948100334067108e-01
8.380249824294899730e-01
8.392450902675137048e-01
8.401950367038344414e-01
8.400697309213158714e-01
8.409686547966220838e-01
8.416430655994470156e-01
8.420118805997095501e-01
8.427302121844271188e-01
8.440270321437024492e-01
8.442022754076949909e-01
8.451955430071849129e-01
8.463507520122702799e-01
8.465555772508159826e-01
8.470473057960752339e-01
8.480353549564990656e-01
8.486363788906328143e-01
8.495292421345277400e-01
8.502455415076798362e-01
8.507577402017894030e-01
8.510324821966390729e-01
8.521047597100361859e-01
8.525332275170001139e-01
8.535688276528694551e-01
8.543473601062604450e-01
8.547349491684462786e-01
8.549635485429757376e-01
8.557055580848712539e-01
8.566963563281331240e-01
8.570496730591685708e-01
8.577799308472782158e-01
8.581109464686261790e-01
8.590186062140324763e-01
8.598162241182970567e-01
8.603156575165397113e-01
8.612004556987387094e-01
8.617361190255899972e-01
8.623527828038320964e-01
8.627134862073634336e-01
8.634825386679461090e-01
8.641683670176086851e-01
8.644169525719359592e-01
8.647437253580985139e-01
8.661051907076530165e-01
8.666854063357232185e-01
8.671246837807626839e-01
8.678338690822720025e-01
8.685316084691433458e-01
8.687722036311293916e-01
8.693568198008453374e-01
8.703256838335480250e-01
8.706273723837970602e-01
8.715048300185951335e-01
8.721680669827311938e-01
8.725795442585259076e-01
8.728731137795545658e-01
8.736986585032964214e-01
8.742110509161410414e-01
8.749754521565759058e-01
8.754388617247428339e-01
8.760335219225930947e-01
8.765129033449677864e-01
8.768276410734856530e-01
8.775444486679845335e-01
8.782455084183448113e-01
8.790355687589045397e-01
8.793045797990407531e-01
8.801918041388810954e-01
8.804906098951686966e-01
8.813481116804514626e-01
8.817750126568988378e-01
8.825636963801177792e-01
8.827513479723488876e-01
8.833680379686821293e-01
8.839922860634846780e-01
8.840163309234030375e-01
8.844153895612647531e-01
8.852397654425696594e-01
8.861726372583896838e-01
8.864280458611066837e-01
8.872605802334403435e-01
8.878962931677090165e-01
8.881912904692947919e-01
8.885536227295708356e-01
8.891409314962112065e-01
8.899614551002745788e-01
8.904730142896001288e-01
8.901970437085013899e-01
8.910797167518849093e-01
8.915167683148365052e-01
8.922616085818788623e-01
8.925718174764638579e-01
8.930745339002609251e-01
8.935693833578061129e-01
8.943526721948912295e-01
8.945929255223076249e-01
8.954594188387430265e-01
8.959522995823757663e-01
8.971123409823679173e-01
8.974438561215701826e-01
8.979804968210554073e-01
8.976008091803980848e-01
8.974838848162430827e-01
8.977656188879425958e-01
8.980028398652852850e-01
8.994950124650280543e-01
9.012923166204787062e-01
9.033231753806546527e-01
9.040449286601386358e-01
9.033927036793801824e-01
9.019630349642362432e-01
9.002214334155966835e-01
9.003439329999090024e-01
9.014660784024516316e-01
9.037268377078226944e-01
