1.986324827165617327e-02
1.776945965940793931e-02
1.722407210898273602e-02
1.711211449529917439e-02
1.643783142230469813e-02
1.604355334869630306e-02
1.453636022731842788e-02
1.399956435071961561e-02
1.395605734923477566e-02
1.468152814136807621e-02
1.598003404493862981e-02
1.410896407072445222e-02
1.535965877535947106e-02
1.838996192999656915e-02
1.778126093715243564e-02
2.094638656769641158e-02
2.403123069248529545e-02
2.116152912342013012e-02
2.163554311088784765e-02
2.498828743525242924e-02
2.777214185752275091e-02
3.026673265308542013e-02
3.527088621380484318e-02
3.944928665890598540e-02
3.534418111944805790e-02
3.910687347510411610e-02
4.618342126416428300e-02
4.704989505684776391e-02
5.498578910393689401e-02
5.591922802547903693e-02
5.932449174419149318e-02
6.106722888091915130e-02
6.623231836247966964e-02
6.553043399140505432e-02
7.345331690616110909e-02
7.858339075527054352e-02
8.302947411960989732e-02
8.890374220867586219e-02
9.139049291853584833e-02
9.204752039085298265e-02
9.899622594132219400e-02
1.018734620425270215e-01
1.057603272498912200e-01
1.093935703902715884e-01
1.121929727699648577e-01
1.184050467772896215e-01
1.228711317781234214e-01
1.264803954459585988e-01
1.298473002038720292e-01
1.375708540775090472e-01
1.394864784934080892e-01
1.425517487657783633e-01
1.488488270973361838e-01
1.486471082533145638e-01
1.539904665599310940e-01
1.607946991911109458e-01
1.660481698559473085e-01
1.707838857489625273e-01
1.748706422932790605e-01
1.774989740931206539e-01
1.820253916988561482e-01
1.853940767677857981e-01
1.919467763997121379e-01
1.939262638365983060e-01
1.989565016895482596e-01
2.033516548225771936e-01
2.059702710375697632e-01
2.107630751458284268e-01
2.146692145299397003e-01
2.181210788651213039e-01
2.204775113736965053e-01
2.279007598591841210e-01
2.324831230611885124e-01
2.321150242717212597e-01
2.405728768088095382e-01
2.431127515581657517e-01
2.469832762068215337e-01
2.499838023839428269e-01
2.542679396087537680e-01
2.567430103793177931e-01
2.617499479925077810e-01
2.655515597433153463e-01
2.686881118917134881e-01
2.740625936161467102e-01
2.782556069445578095e-01
2.831666237186409307e-01
2.866651567005187862e-01
2.898859894382591063e-01
2.935587192574720117e-01
2.965091421040689235e-01
3.010408954978070484e-01
3.055060250609839545e-01
3.086525961576181976e-01
3.118827646728222769e-01
3.156881120675067987e-01
3.180434916876962448e-01
3.215790781858690606e-01
3.257450314869954067e-01
3.283454244510597420e-01
3.335009048766427453e-01
3.393994887170330155e-01
3.409756295272546311e-01
3.453047231417505913e-01
3.477856773323775852e-01
3.516551656704166584e-01
3.530779903394223318e-01
3.573751254183262782e-01
3.616885908168490649e-01
3.660574584629038841e-01
3.692770082826740685e-01
3.708926609454050727e-01
3.741365958225209010e-01
3.774650850306559002e-01
3.814972596714298891e-01
3.835362810848463311e-01
3.869289147079916225e-01
3.921498285630236058e-01
3.942566805191409229e-01
3.971477605262837551e-01
4.002694905348428978e-01
4.031462383595510457e-01
4.061984186751528836e-01
4.122535468376240519e-01
4.138393525449242660e-01
4.156403162340385760e-01
4.193155316220982254e-01
4.218512492971464578e-01
4.252329365473642153e-01
4.292589552607753989e-01
4.311006774325387703e-01
4.352450604316320804e-01
4.376592137916734959e-01
4.392495345673178009e-01
4.433069359734295722e-01
4.455066574584382044e-01
4.498905235871181185e-01
4.518393466384655888e-01
4.545001720921502675e-01
4.576307787558376861e-01
4.602687190983782983e-01
4.628337136327107526e-01
4.658883571405280088e-01
4.684930975233251860e-01
4.722626338027487436e-01
4.739836329584777852e-01
4.766549995977551468e-01
4.794905774368103391e-01
4.818098655865343805e-01
4.840653164453991297e-01
4.873154661321432712e-01
4.901623073980950207e-01
4.921941942751583143e-01
4.958142234233103851e-01
4.976413865773811618e-01
5.003709688244051268e-01
5.027306677144539604e-01
5.054144690851485322e-01
5.078001953080010233e-01
5.103836027987536106e-01
5.132460405697965022e-01
5.154625384521556164e-01
5.185460071690761730e-01
5.204389146198606930e-01
5.222942428640723334e-01
5.244308026086694774e-01
5.264065771792445503e-01
5.299918769458595857e-01
5.324332818557868663e-01
5.352800236335523154e-01
5.370363879424028264e-01
5.390117757705654711e-01
5.405567621512582521e-01
5.443069139115791488e-01
5.461151423833672247e-01
5.482482876099598057e-01
5.506364013141402669e-01
5.524219524914566470e-01
5.551827705280909520e-01
5.576542702280173902e-01
5.600241158137917452e-01
5.618071904526678040e-01
5.635975397136273601e-01
5.660300600562266915e-01
5.684704736008727721e-01
5.702098467047939101e-01
5.725598582145101645e-01
5.740421565081917921e-01
5.766511151968113369e-01
5.789441783654921680e-01
5.808522321003387612e-01
5.827927807736795751e-01
5.853188706557346244e-01
5.871322337878169817e-01
5.897024443452497655e-01
5.914466752841798236e-01
5.929232157487230870e-01
5.955376098348075242e-01
5.969724208693814038e-01
5.987725730269339852e-01
6.003124028453548089e-01
6.026571763818822092e-01
6.050756871667750669e-01
6.061339508735926751e-01
6.084203693774045130e-01
6.099001651705698857e-01
6.127498493696874604e-01
6.142730477732443184e-01
6.169100209135642832e-01
6.184701945337794937e-01
6.202559843933367345e-01
6.212566536769742465e-01
6.236034163439335698e-01
6.254982764785637084e-01
6.271696640851250892e-01
6.290290989878559724e-01
6.305994031199836369e-01
6.324493190720840152e-01
6.346202487594782005e-01
6.361678485320017007e-01
6.376497770717750591e-01
6.381988204572447421e-01
6.409314444160333357e-01
6.433971102093022365e-01
6.437777135257123362e-01
6.461930384130210037e-01
6.478358084990450960e-01
6.486294355206757567e-01
6.506950014068252353e-01
6.527133167997841712e-01
6.540841895210168788e-01
6.558976340381528214e-01
6.572818287782931090e-01
6.593160725358419016e-01
6.607831177569710723e-01
6.623326527254004281e-01
6.637072116911371111e-01
6.645002234552022102e-01
6.666989025398302182e-01
6.687186990918243534e-01
6.699934083866149193e-01
6.711260743764505543e-01
6.726933092329034913e-01
6.748386768722544060e-01
6.766958396296548495e-01
6.773027591087853461e-01
6.791746331552013238e-01
6.810018262442392167e-01
6.817969789985116602e-01
6.842217886416049888e-01
6.849337345362195295e-01
6.863542665983721758e-01
6.887356005248551627e-01
6.899966535247753496e-01
6.908528028016909239e-01
6.927212608233839219e-01
6.940237992072628703e-01
6.951413048153941565e-01
6.966260348392310231e-01
6.976742645316705849e-01
6.998948517653310608e-01
7.012558088895001207e-01
7.025563060458398512e-01
7.037507827833848761e-01
7.050331240248445264e-01
7.063106754738943671e-01
7.076424526672804305e-01
7.093494561522397657e-01
7.103466350924088069e-01
7.120338846944487265e-01
7.133917398335399840e-01
7.144953270131498835e-01
7.162323114376901723e-01
7.166630602036982989e-01
7.186153816757001600e-01
7.198920646783157906e-01
7.213633871769554728e-01
7.228812435827680627e-01
7.237722272627925557e-01
7.251404841112626398e-01
7.259926345098491884e-01
7.271389269946082479e-01
7.285596288744161653e-01
7.298574585431127915e-01
7.308720980194474137e-01
7.323655444595007502e-01
7.334153815729667070e-01
7.352949312933729775e-01
7.357140274746666320e-01
7.371314324768937221e-01
7.379680697825595770e-01
7.390751672266877570e-01
7.402224518172719758e-01
7.415243553612071992e-01
7.428760057961254493e-01
7.440557862512939824e-01
7.449481435548659380e-01
7.462887637029694821e-01
7.472308878507770702e-01
7.483600325839563361e-01
7.493800446485733291e-01
7.514715512917514717e-01
7.515738258740030098e-01
7.526558867619290716e-01
7.541954211333417035e-01
7.558824797160018649e-01
7.570583141998088461e-01
7.576648087401574028e-01
7.586727662901779912e-01
7.597824821686373076e-01
7.609888981716755874e-01
7.619105937372299131e-01
7.627704071747390957e-01
7.640751662902434127e-01
7.646729514928375382e-01
7.660486803055073235e-01
7.668736533866479244e-01
7.680491703978981066e-01
7.688501273725414364e-01
7.698656517550961365e-01
7.708049882604764980e-01
7.721141052891229428e-01
7.733458588869204231e-01
7.744831861725677280e-01
7.752590462991917342e-01
7.761666657488630605e-01
7.773761354816600688e-01
7.782715734061227408e-01
7.794538235956832706e-01
7.802916142006089961e-01
7.808550689558779734e-01
7.823041553004734805e-01
7.829234000293184836e-01
7.842676414988833944e-01
7.852693694636821986e-01
7.860632079244017634e-01
7.868406876307905140e-01
7.881549729787482583e-01
7.888823928899829641e-01
7.899397876556123466e-01
7.909260234168966619e-01
7.917049319951149355e-01
7.928362522937790757e-01
7.932589593467664901e-01
7.942516329533328978e-01
7.952815338595997652e-01
7.963227677951603134e-01
7.973899221222405798e-01
7.981607024748457180e-01
7.991423433450024483e-01
8.001445495717084411e-01
8.007799141775133744e-01
8.015933884825302558e-01
8.027196572825032739e-01
8.033116795660959486e-01
8.043205923239331590e-01
8.059184206334879530e-01
8.064931710496577866e-01
8.068831697914272683e-01
8.080751497929853366e-01
8.084303893432288612e-01
8.097517776522232813e-01
8.104345430127969374e-01
8.113819753537596657e-01
8.120503634104712098e-01
8.127465732889276318e-01
8.138147099640444804e-01
8.143684072830210674e-01
8.158138179546053914e-01
8.160551154400346174e-01
8.169984213097144510e-01
8.179409131817639844e-01
8.190589343453500426e-01
8.190483692466595800e-01
8.204389119783691564e-01
8.213491121292293418e-01
8.219394817010852172e-01
8.226513264099432066e-01
8.234651254101872375e-01
8.240152440136931933e-01
8.248812940490053425e-01
8.259523984099385041e-01
8.267570097544100216e-01
8.273713537645605021e-01
8.278204175295462708e-01
8.292222582921938701e-01
8.302320314273408108e-01
8.306952700126575273e-01
8.313873481915774466e-01
8.322165955396204629e-01
8.333936475023115964e-01
8.336312367880325258e-01
8.343799207200689461e-01
8.354015364238851493e-01
8.356954184186222712e-01
8.365556020882368715e-01
8.375982611999407412e-01
8.383267049596841991e-01
8.381401127990926181e-01
8.394877953234773926e-01
8.408671736401324148e-01
8.413377380529335481e-01
8.415259525737216473e-01
8.425812690899278090e-01
8.431729489431493141e-01
8.437620336677880140e-01
8.444132687361911582e-01
8.453447886848469706e-01
8.454406538680250272e-01
8.466061649751202012e-01
8.475964761891091603e-01
8.483022853564472499e-01
8.487388365587389405e-01
8.490763862869712408e-01
8.501664598103778614e-01
8.509024978183064025e-01
8.517173617115652018e-01
8.525683751713772907e-01
8.529369239128159474e-01
8.539322732169938313e-01
8.542376803421464215e-01
8.551972465136924439e-01
8.559580979526597577e-01
8.562850756263701291e-01
8.569293713148570246e-01
8.574655723753054071e-01
8.583896591561550604e-01
8.585402865424812680e-01
8.595424224714720562e-01
8.600009064926843472e-01
8.608469671511879140e-01
8.615215616217182237e-01
8.622559992479951196e-01
8.628871469682185547e-01
8.630133431027425805e-01
8.639289591900203291e-01
8.647856599204903905e-01
8.652850702536920569e-01
8.656744374829973276e-01
8.661253106041687522e-01
8.669540980913003070e-01
8.678516848135393591e-01
8.684330684834047354e-01
8.688501182407413204e-01
8.697790566437952897e-01
8.703118160227432121e-01
8.705889459018831822e-01
8.713897540968392752e-01
8.718631311786054772e-01
8.725473519972338776e-01
8.734392608260534985e-01
8.739812495148179261e-01
8.743248529206673059e-01
8.751095341858339260e-01
8.756835916103281603e-01
8.763775697191391600e-01
8.771272513531975790e-01
8.772388994270401419e-01
8.781585824908927362e-01
8.786465670896541624e-01
8.787412943861683257e-01
8.798183622957025385e-01
8.801977404938959859e-01
8.813413931042856087e-01
8.813372454211599871e-01
8.820564439035639692e-01
8.826572315682738035e-01
8.835928585026791016e-01
8.837611568924458316e-01
8.848106424676377424e-01
8.847572535227034018e-01
8.854041342030585238e-01
8.862595609420289566e-01
8.859966950991039480e-01
8.866002567257870171e-01
8.874127934971661746e-01
8.882990927003849846e-01
8.886859451954047806e-01
8.893382892300247811e-01
8.899688220727515198e-01
8.902049863729644130e-01
8.908387790050340538e-01
8.914129642831680744e-01
8.917023185956658438e-01
8.923980084949820757e-01
8.925479425458349159e-01
8.933193341191955072e-01
8.936213810057480611e-01
8.946156337045541029e-01
8.950468911632936120e-01
8.953414148657237170e-01
8.961236440237467793e-01
8.964124255883413328e-01
8.971235438415959829e-01
8.977072557403341646e-01
8.982564545473507023e-01
8.995272457950265199e-01
8.995759464255566051e-01
9.004141518016176571e-01
9.001131198801607392e-01
8.997558693776636085e-01
8.994338070884478897e-01
9.004261793174407336e-01
9.018775388989911379e-01
9.033981769269261441e-01
9.054327890609805696e-01
9.061721345658838578e-01
9.057793500179375235e-01
9.041949705262805059e-01
9.027190620795711995e-01
9.024988054429506912e-01
9.036382905755183659e-01
9.060188819424914719e-01
