1.849600837614110566e-02
1.644149186240051810e-02
1.591143892307644858e-02
1.588509322413831845e-02
1.535996320054951354e-02
1.501153051433903353e-02
1.365984635124519071e-02
1.317125992631733300e-02
1.310618517482723885e-02
1.375697338616423300e-02
1.494362241532118211e-02
1.322507058951940574e-02
1.439030864986269240e-02
1.722397304951104810e-02
1.666461200587053895e-02
1.965907476785579144e-02
2.255131725848076238e-02
1.975207089627114415e-02
2.018464256551903008e-02
2.335010922435244371e-02
2.590422828414833123e-02
2.833701900384040170e-02
3.299669350251963756e-02
3.714412976949177381e-02
3.307990533851496578e-02
3.663856840546338145e-02
4.351632996987593593e-02
4.406550284863675754e-02
5.176094274472189255e-02
5.269563044467559521e-02
5.591096302337222185e-02
5.718919707240081168e-02
6.218426081995225008e-02
6.153654542131732630e-02
6.959136629059027579e-02
7.437803055743912040e-02
7.834854296725045353e-02
8.425742115790058051e-02
8.669593962454018310e-02
8.701584782782875727e-02
9.398517487597461695e-02
9.664724024580392814e-02
1.002268480271247125e-01
1.037997684903701479e-01
1.064145976427458007e-01
1.120958594847130535e-01
1.161250568158808810e-01
1.199732141620568765e-01
1.234226890042830205e-01
1.308086276378132851e-01
1.325353118865910396e-01
1.357107413324498690e-01
1.418216938199760302e-01
1.414535097525141116e-01
1.464216573754527073e-01
1.535394099449469696e-01
1.586261962483499210e-01
1.633239438599060067e-01
1.671260102605572895e-01
1.692412272125873030e-01
1.738563704935963683e-01
1.769630607291784452e-01
1.837602451784612345e-01
1.851335359579904527e-01
1.903619084467068068e-01
1.951379874437954021e-01
1.971044015785494707e-01
2.014250334205329451e-01
2.056651326780659650e-01
2.088779074966281846e-01
2.113096675022945181e-01
2.185507376378967304e-01
2.227848525965070436e-01
2.226257885162652161e-01
2.308857595566169985e-01
2.334053084949263002e-01
2.375468052433080957e-01
2.401067228571221734e-01
2.439121749111885507e-01
2.468247658557547464e-01
2.517656737201818817e-01
2.553756017332726169e-01
2.588805865561379926e-01
2.642860245861025081e-01
2.679749330010140485e-01
2.728215021813671926e-01
2.762224340691806779e-01
2.793089537483138263e-01
2.829965343208903361e-01
2.860412630769131881e-01
2.903495202428099664e-01
2.950384265839961495e-01
2.985999027068013678e-01
3.012585863156301835e-01
3.050999097626275192e-01
3.076376399913683946e-01
3.107356674233007765e-01
3.151228015665886728e-01
3.178717970719078245e-01
3.230874814740094525e-01
3.288569880955021785e-01
3.301929146495004574e-01
3.341842183983548265e-01
3.374817219990748907e-01
3.411846977109920798e-01
3.424081927455884244e-01
3.464720525462706702e-01
3.510529449149699666e-01
3.551032894403968743e-01
3.583303387491543202e-01
3.599406747416767915e-01
3.632528105057664658e-01
3.666007134216192620e-01
3.705512945171355321e-01
3.731980133879354011e-01
3.764895089142386575e-01
3.814165071682155683e-01
3.839600285551032499e-01
3.866918188041024163e-01
3.896997129360485479e-01
3.924641238511873964e-01
3.955323090615523451e-01
4.013471996341120840e-01
4.027190585029501446e-01
4.052233922750306250e-01
4.090238751394870143e-01
4.114049374566817185e-01
4.146041052269285321e-01
4.184834220396356219e-01
4.206506406659851760e-01
4.247959233510660293e-01
4.273197906101939281e-01
4.288639827214102973e-01
4.328988968145561778e-01
4.352542621324155814e-01
4.392183741431749944e-01
4.411792836489244474e-01
4.442610259747313828e-01
4.471376258783232305e-01
4.502283919721488670e-01
4.528070298376312697e-01
4.556798012021413546e-01
4.586204749282540294e-01
4.621019130171466482e-01
4.640865882516454488e-01
4.672139792191180030e-01
4.697569564131179320e-01
4.718746989893407018e-01
4.746911184674872941e-01
4.775258998429422475e-01
4.800474714225604345e-01
4.824148236747303198e-01
4.859786808153746529e-01
4.883667834476807523e-01
4.906212350521337862e-01
4.929452544838247019e-01
4.955659937369726875e-01
4.982001718484249109e-01
5.015413037994647105e-01
5.040053287352356248e-01
5.063509354989448319e-01
5.092532445383514128e-01
5.109839595728743467e-01
5.129516731792904682e-01
5.150552098770170284e-01
5.173867564709077049e-01
5.211159174044831532e-01
5.235879002844033847e-01
5.265713515942532785e-01
5.285108567074542352e-01
5.303195246497505178e-01
5.319134482994133384e-01
5.355023816515005475e-01
5.377379943165292442e-01
5.397810382313690258e-01
5.423237123649752300e-01
5.440707854898415574e-01
5.467827413684485105e-01
5.494638494525280192e-01
5.519432771694117168e-01
5.539197160164346379e-01
5.555900733153862348e-01
5.581045358624922015e-01
5.606335894788204710e-01
5.625484180856837879e-01
5.648000188682711364e-01
5.664431222429751056e-01
5.688690816818749996e-01
5.714733746740801035e-01
5.728448203593259347e-01
5.753240315949335049e-01
5.779437904226637501e-01
5.794666610907648341e-01
5.823440517246865067e-01
5.841302023149382849e-01
5.854232576140849797e-01
5.883344567302267736e-01
5.895912017461455434e-01
5.919837695871545957e-01
5.931486693268973598e-01
5.957035891494593116e-01
5.982149148814857043e-01
5.992774030123610984e-01
6.017465499801436524e-01
6.034343500582252107e-01
6.058772084921240086e-01
6.082601372565158426e-01
6.107511064714384874e-01
6.117849644356253558e-01
6.141431736561950849e-01
6.153959191682739638e-01
6.172960843176279466e-01
6.196533054129607088e-01
6.209432457604728839e-01
6.228232105384091666e-01
6.250575808086360485e-01
6.268801929117220340e-01
6.287874610301884548e-01
6.306573816661307230e-01
6.319419949782222323e-01
6.326266035198540028e-01
6.354242420257115720e-01
6.378071612026152692e-01
6.386078996971583654e-01
6.407433294165778559e-01
6.422062160884242088e-01
6.432809965284175258e-01
6.451605864513285660e-01
6.480251115883369772e-01
6.494465749623945516e-01
6.514487605321930275e-01
6.527938135383318796e-01
6.546313891514905503e-01
6.557880460638508824e-01
6.579924446909228841e-01
6.592625465950615604e-01
6.603309836376735076e-01
6.626530445831368965e-01
6.647214843297756248e-01
6.663278759451825017e-01
6.673031161058101679e-01
6.691723142621313070e-01
6.711894093208737866e-01
6.727042491407660973e-01
6.737078054925140780e-01
6.753935425535410042e-01
6.771310026533516879e-01
6.782524417144486506e-01
6.805219566863784930e-01
6.817463591355439334e-01
6.830355972091638472e-01
6.852474438108896448e-01
6.866544868894343123e-01
6.877254728717684396e-01
6.895059984553912891e-01
6.913723571052937666e-01
6.925578352392921522e-01
6.936525476978168125e-01
6.947973515477413597e-01
6.969500122973143474e-01
6.980947759367194250e-01
6.994260216011102260e-01
7.014438930076469791e-01
7.029898614116365518e-01
7.040729356940512718e-01
7.050513467012662350e-01
7.068287202765880517e-01
7.077441102275932039e-01
7.093719533784457187e-01
7.111723464855275179e-01
7.119254427769365901e-01
7.141098249333311943e-01
7.144791965405878909e-01
7.164401294309952206e-01
7.182065693248322891e-01
7.188272186803120745e-01
7.202211928364693483e-01
7.218250331667873665e-01
7.231586949390198527e-01
7.239678145951228272e-01
7.254075970654426664e-01
7.261225715309703732e-01
7.278539752541206553e-01
7.292395555536239637e-01
7.301945479510016934e-01
7.316715880895605650e-01
7.331981911222257287e-01
7.343235149614699697e-01
7.350387320716883499e-01
7.366288452383088492e-01
7.378072926229484185e-01
7.392247118566234176e-01
7.403605931752008651e-01
7.420085418611948036e-01
7.427837951883193846e-01
7.439837562760629464e-01
7.448045376607994594e-01
7.465546034534470410e-01
7.475804866898139167e-01
7.485062405135544106e-01
7.505500024712727924e-01
7.509764888647224579e-01
7.519913936742003147e-01
7.542231537356590687e-01
7.546744780382398377e-01
7.563013127333536589e-01
7.574255044600082254e-01
7.580198104562522188e-01
7.598408626812954703e-01
7.605042520716699395e-01
7.615008850853777211e-01
7.627316747064935010e-01
7.641347221684097191e-01
7.646387058788441937e-01
7.655364733182097314e-01
7.669711482572900696e-01
7.681962228667872372e-01
7.693532474961736201e-01
7.701004657339268755e-01
7.710000285392618613e-01
7.726582644758898111e-01
7.738359592732635406e-01
7.746114071110459243e-01
7.758611918872309055e-01
7.762610814621061506e-01
7.779702230560068266e-01
7.786518476272077383e-01
7.796128880152479734e-01
7.808876728435748538e-01
7.820110495929460948e-01
7.830042390613181080e-01
7.840484986625392283e-01
7.848195660571621879e-01
7.860402341840228013e-01
7.871384104504656198e-01
7.880678475374902625e-01
7.892631966488058426e-01
7.900071314325332050e-01
7.906876165975654791e-01
7.918631300198794021e-01
7.929899163859155387e-01
7.939848526157367026e-01
7.945502279451426286e-01
7.952552230754246221e-01
7.964896844824649325e-01
7.979824903431051997e-01
7.988513290652068388e-01
7.991317281174604714e-01
8.009751432404581539e-01
8.016527606766297165e-01
8.023212851765662013e-01
8.032007089188377691e-01
8.041755962389963708e-01
8.049539958837905740e-01
8.061175308697174913e-01
8.073440847845679835e-01
8.078745189710615504e-01
8.087785367357807065e-01
8.095464659886288938e-01
8.105196841629926929e-01
8.117130539275695389e-01
8.123045071858083777e-01
8.129127108902721721e-01
8.140166636688461743e-01
8.148424361555174356e-01
8.154520053160320137e-01
8.164173643776780898e-01
8.172838159717550344e-01
8.181945606918263891e-01
8.187364943651559424e-01
8.200129037599382942e-01
8.209329964493573550e-01
8.212818755157360595e-01
8.227089299598998595e-01
8.237135532718334874e-01
8.241154537456201190e-01
8.247438342406328005e-01
8.257041835806334662e-01
8.264335862119311926e-01
8.271198003347997041e-01
8.286732213622798326e-01
8.293475965964387520e-01
8.299091357189313234e-01
8.305298613719517276e-01
8.317328569333117816e-01
8.326287917356850476e-01
8.336760235158483523e-01
8.337422480811809145e-01
8.348386125883701103e-01
8.357669464874531995e-01
8.366103543059506542e-01
8.369448638391472350e-01
8.379776912908158959e-01
8.383315564921502983e-01
8.390781617689129224e-01
8.402709752738632965e-01
8.408842214748649679e-01
8.414430577446192494e-01
8.423457206856419521e-01
8.434117894773079938e-01
8.437944401943525685e-01
8.442463052281748981e-01
8.451104814149168476e-01
8.459271227653295533e-01
8.470980780175630942e-01
8.478430334218944875e-01
8.477312123967648549e-01
8.487095053359525743e-01
8.495355501156798272e-01
8.506354496672551280e-01
8.514234930839610360e-01
8.520289582773465931e-01
8.522113892820796233e-01
8.534574974375737089e-01
8.539062961324985768e-01
8.549449908570493362e-01
8.554662230302058079e-01
8.562277937380236015e-01
8.568585382661602079e-01
8.577559308866721244e-01
8.586171889997096240e-01
8.585503591044141292e-01
8.595083206768566741e-01
8.607447207749626683e-01
8.609358595399304592e-01
8.615704204839427227e-01
8.620201878601584378e-01
8.628050821557237127e-01
8.639508418928448785e-01
8.643173772596780546e-01
8.651172709498531344e-01
8.656292708396118307e-01
8.659787321933652970e-01
8.670157668129249151e-01
8.675827932593759284e-01
8.687471047438920513e-01
8.689722828650965347e-01
8.693817034241817510e-01
8.698837736515744323e-01
8.706458653222917121e-01
8.718211249862964918e-01
8.723781147944202896e-01
8.726672422936294637e-01
8.735129456055727992e-01
8.735943083749013738e-01
8.742525763120867488e-01
8.756237108143669623e-01
8.759235251553415535e-01
8.762468994827128377e-01
8.773212228897780962e-01
8.780781167915915342e-01
8.785594249526624822e-01
8.788199111424774834e-01
8.798989903752834074e-01
8.805986692957705753e-01
8.810980009906660415e-01
8.817602902360250905e-01
8.825729248758473755e-01
8.830049522812590812e-01
8.833900925695037376e-01
8.839731348180758230e-01
8.845651254773609917e-01
8.854822974868103991e-01
8.858261181896388559e-01
8.865422580465210922e-01
8.867786103267719655e-01
8.875296568193574709e-01
8.879331749399408391e-01
8.884938008352075700e-01
8.892525260124766184e-01
8.896032204427511969e-01
8.906952257360761793e-01
8.909778995809641833e-01
8.914550196701788165e-01
8.918927816507856710e-01
8.926564444249361907e-01
8.929588897281390825e-01
8.938174589636836975e-01
8.939739887703727073e-01
8.947275850594685886e-01
8.954105546372601587e-01
8.962240354066114412e-01
8.962836705540175863e-01
8.968749734496532788e-01
8.975315295399407534e-01
8.977095393877422280e-01
8.985096850719089812e-01
8.993408320002846956e-01
8.994860276560768808e-01
9.002907006548112046e-01
9.007367510207692218e-01
9.010992985028479785e-01
9.016559080770050194e-01
9.022792697918546878e-01
9.030870117662754826e-01
9.041765860454370474e-01
9.047370584788619885e-01
9.051293368098923819e-01
9.048504446974692250e-01
9.047958430944579300e-01
9.045020555942445695e-01
9.048635604290216072e-01
9.066648448543029870e-01
9.083049544424784960e-01
9.101808587284184737e-01
9.110560524400775906e-01
9.105459284465182712e-01
9.095055620546581565e-01
9.079435601802650080e-01
9.074913471654849628e-01
9.087907501112333364e-01
9.109243110527250886e-01
