8.362542042455676713e-03
2.596403735678366482e-03
1.400630694526024947e-03
4.382134487126095740e-03
7.608928891788583129e-03
8.464703076281984706e-03
9.327776172715719627e-03
9.387561689968331596e-03
8.280723485021177985e-03
7.845579550893872281e-03
7.149939392616322387e-03
6.661087723811394933e-03
7.360623378092604266e-03
8.607659605223659527e-03
9.293683855480830772e-03
1.048013917925825871e-02
1.128802834985560485e-02
1.037505241303538633e-02
9.681132385936749851e-03
9.792479292376386757e-03
9.713114390282303126e-03
1.031315158320715401e-02
1.146531376712787813e-02
1.327575259175862651e-02
1.259234904034050966e-02
1.385592677182083052e-02
1.586164554584698280e-02
1.511786442921691544e-02
1.695548043821576076e-02
1.718276090672200135e-02
1.757504645683584041e-02
1.678099756442988713e-02
1.818076802474373130e-02
1.898673975788017429e-02
2.215018332398038109e-02
2.319659539136409432e-02
2.358764761841968330e-02
2.576757775236222098e-02
2.703325868422528158e-02
2.571043111460339162e-02
2.830790091085269577e-02
2.868209721311484536e-02
2.917714738362768914e-02
2.988992580574085373e-02
2.998416684911984695e-02
3.254178887333952774e-02
3.369004865386029945e-02
3.487497588454475939e-02
3.684270115615902175e-02
3.806919664169301776e-02
3.810541914712117090e-02
4.069322906894648484e-02
4.259019858446019824e-02
4.245219609386521181e-02
4.282541132491611557e-02
4.393681421817768190e-02
4.638642830380218518e-02
5.101126354324296563e-02
5.043704063578809127e-02
4.848791194835213453e-02
5.198328730539673870e-02
5.165316044178056010e-02
5.414578134065993475e-02
5.551301800268580722e-02
5.674295620281537278e-02
5.548678776466151735e-02
6.096854663993304252e-02
6.072415839648653835e-02
6.290162054523217028e-02
6.263022397413875453e-02
6.540629211849598168e-02
6.908174283389734160e-02
6.846270534220420811e-02
6.959113732258188911e-02
7.289677333500989287e-02
7.188036649434784153e-02
7.409353232199700212e-02
7.447190892086520686e-02
7.590277656169616693e-02
8.166690855553883355e-02
8.401775403089496719e-02
8.051933973222989704e-02
8.359823192387408342e-02
8.847680529978592390e-02
8.485785417360164340e-02
8.582188504302690202e-02
8.765991559400139466e-02
8.834139621971351386e-02
9.191279667585668112e-02
8.863760460231018268e-02
9.150625167848268349e-02
9.809705255009161518e-02
9.831086186680355887e-02
9.863387021181889425e-02
1.017008930706470304e-01
1.059987239639671730e-01
9.996245414672000340e-02
1.080368038531043101e-01
1.077686335081206731e-01
1.082296748957836535e-01
1.128215315083645892e-01
1.116440714715465909e-01
1.118121203488315063e-01
1.136221970229848721e-01
1.137518471532220216e-01
1.194812474025118837e-01
1.196837223786454130e-01
1.199516320731691954e-01
1.247697337435705878e-01
1.241057239850811011e-01
1.246576753263658466e-01
1.227792930054062426e-01
1.229278153506171423e-01
1.259830711714099993e-01
1.338358007276157502e-01
1.331242118071832847e-01
1.317282713302162789e-01
1.348984409883269842e-01
1.336922299171885153e-01
1.342156979098187430e-01
1.416934535861778532e-01
1.431266505863064697e-01
1.409646105613796552e-01
1.435459304175727702e-01
1.468703631810664156e-01
1.498986536882798981e-01
1.510352348607238160e-01
1.507579495385654167e-01
1.528080496297951896e-01
1.508154827718500846e-01
1.537085031364625876e-01
1.597529810607006828e-01
1.572751932819091147e-01
1.581858436228187614e-01
1.602679816111274858e-01
1.600931146442974018e-01
1.629867613397320003e-01
1.685795854755618439e-01
1.682400414542941369e-01
1.729550920866804731e-01
1.721129584379891830e-01
1.736924308455691235e-01
1.731859854034086543e-01
1.772094565141193179e-01
1.789079727351849392e-01
1.786243520452546474e-01
1.812892052905736018e-01
1.827097185351728437e-01
1.839803702534885677e-01
1.834041483066832234e-01
1.877295193230473502e-01
1.832675015856518597e-01
1.920001860297534391e-01
1.883991201206872412e-01
1.900740869787418408e-01
1.950324546558209748e-01
1.942459428436938695e-01
1.969328745098549716e-01
1.932879677879031366e-01
1.955125789607379261e-01
2.023308578758475085e-01
2.045975365301108129e-01
2.068533291941791197e-01
2.052319762473602816e-01
2.065711049720875270e-01
2.083109301887136333e-01
2.086754201887890681e-01
2.082538183723796343e-01
2.102318931127441226e-01
2.123645149335816051e-01
2.142537809090617473e-01
2.179831975447411585e-01
2.192888600109610397e-01
2.213936892731739881e-01
2.215677580724760842e-01
2.223407060719153616e-01
2.252914675127095090e-01
2.241370897727005818e-01
2.267943246056257356e-01
2.294547467698246634e-01
2.274031367192297926e-01
2.315936936243167821e-01
2.342851827112583385e-01
2.348913819650098045e-01
2.363931386473348828e-01
2.370558193964983351e-01
2.358457649295478409e-01
2.411397924328410880e-01
2.427668321938208917e-01
2.424260974422537684e-01
2.448211998646587229e-01
2.472176350600696904e-01
2.457477639547941684e-01
2.476746952635470178e-01
2.514222708394405204e-01
2.480495734146113684e-01
2.518657481742357929e-01
2.576248642137215494e-01
2.560649803818727532e-01
2.546867131254909600e-01
2.586911166488513047e-01
2.632228474306030352e-01
2.636796368991177197e-01
2.618086211220354009e-01
2.629958196199380649e-01
2.640703330186066067e-01
2.671335657367139849e-01
2.680691850202560622e-01
2.682940787001562577e-01
2.681634896554730418e-01
2.705127461137321054e-01
2.761527304731342669e-01
2.760684960559725010e-01
2.768234118085773909e-01
2.806065146414604694e-01
2.812924697881793445e-01
2.825509036033080346e-01
2.841246897388132742e-01
2.866005743357577518e-01
2.875189445829606227e-01
2.853959206473060672e-01
2.880605375076452090e-01
2.924766996739959768e-01
2.937714341053579425e-01
2.944824674011437549e-01
2.932878097270056883e-01
2.967314516164925031e-01
2.987647595921371080e-01
2.980676959549301563e-01
3.009680993475475352e-01
3.063526786593387952e-01
3.000116609548950097e-01
3.088293307178581193e-01
3.094950897712264171e-01
3.047492882844941575e-01
3.119931323931169342e-01
3.081219177369772799e-01
3.108668563029028387e-01
3.159079918702622503e-01
3.159831841601287716e-01
3.155284809055247108e-01
3.198921980084280525e-01
3.179978150706314621e-01
3.225977871462681890e-01
3.209744350579952776e-01
3.206003280757949714e-01
3.252213799875915412e-01
3.258568594686302999e-01
3.256998045013566045e-01
3.285129803383978753e-01
3.301863182108516481e-01
3.302359648138900039e-01
3.315591200493945845e-01
3.334641117782073949e-01
3.358430829813645047e-01
3.346730697863148363e-01
3.364062493399007092e-01
3.407571686211826045e-01
3.412499575328692969e-01
3.414627750748326362e-01
3.417431174190945775e-01
3.444289857453651238e-01
3.487271697353752642e-01
3.491347540153579843e-01
3.502984579712596358e-01
3.524528784783730329e-01
3.535181960187163130e-01
3.531131423512510747e-01
3.539421523399812752e-01
3.565911210767462869e-01
3.582473997975553215e-01
3.577364277534028636e-01
3.598236965232064488e-01
3.625720518371026158e-01
3.644372787468412311e-01
3.649485492887249993e-01
3.651573764387089360e-01
3.677948210108491489e-01
3.707275935117494980e-01
3.695723846754100927e-01
3.715617571633052507e-01
3.729763456266010913e-01
3.723136683226906940e-01
3.738390291875826610e-01
3.777082670015567412e-01
3.799420088866047318e-01
3.793757960016794772e-01
3.809231687401115618e-01
3.830283942850027934e-01
3.838971363785980140e-01
3.841488251686963062e-01
3.844255932744682358e-01
3.862738137997023813e-01
3.885570078032040686e-01
3.869807995397316902e-01
3.882198248895267212e-01
3.933044414080552609e-01
3.970062704891825223e-01
3.970434056758079255e-01
3.963996778458116488e-01
3.979190008248878474e-01
3.987145890173132146e-01
3.985792578550593213e-01
4.020834346375853352e-01
4.025702658196507744e-01
4.038161847621210554e-01
4.077080585123559198e-01
4.084499282854977542e-01
4.081947279395881645e-01
4.092888488230231325e-01
4.113874626478344898e-01
4.131661281688049359e-01
4.144030325930715963e-01
4.159337580727748285e-01
4.160982249367575769e-01
4.164067882145852662e-01
4.177547725155293379e-01
4.192472693037129217e-01
4.201122452909247240e-01
4.214937707535109657e-01
4.229740431145553869e-01
4.232018558923703599e-01
4.253834915966750452e-01
4.296083712125866594e-01
4.293567195382347323e-01
4.290694539645409367e-01
4.315979341349517329e-01
4.328613434905460022e-01
4.338715873545755941e-01
4.353653625898330493e-01
4.373890339422312756e-01
4.379707984045039248e-01
4.384237488590572163e-01
4.392947839801910059e-01
4.420172750432852515e-01
4.422271893059271930e-01
4.423775864771281041e-01
4.457378368939980406e-01
4.481941898794341572e-01
4.475421625338402709e-01
4.479292418811215426e-01
4.502989812841759476e-01
4.499324133755011612e-01
4.508945590182816821e-01
4.536317815900909323e-01
4.562679113192398828e-01
4.572759787134035858e-01
4.573479833469938360e-01
4.583922142655479925e-01
4.608983366868564246e-01
4.625480496001121988e-01
4.640402284790859366e-01
4.647027901513947068e-01
4.654730152262681608e-01
4.656990498125898603e-01
4.667695360553211770e-01
4.684332127070943708e-01
4.709393168329968904e-01
4.727633356761471450e-01
4.721679843313900671e-01
4.718625498910107297e-01
4.758607569657477554e-01
4.787119866131104851e-01
4.789700697120991002e-01
4.781041114568270745e-01
4.780652600419909026e-01
4.807230460288466900e-01
4.833850571760930914e-01
4.839058915499663827e-01
4.850633447931144704e-01
4.869347489992196798e-01
4.880923791574225401e-01
4.877598949901933989e-01
4.896932090201158716e-01
4.918371656179569285e-01
4.925967353742785604e-01
4.934589834061640090e-01
4.953169451931671574e-01
4.967590572661400028e-01
4.968650598492160841e-01
4.979014927806987845e-01
5.012400157729881567e-01
5.021365688461245647e-01
5.015648382595252475e-01
5.025273624471192635e-01
5.042003942761731361e-01
5.061379597774630090e-01
5.071658332935090607e-01
5.084049489536556221e-01
5.094861595444359903e-01
5.111720723105804831e-01
5.128295716109069202e-01
5.134629181405163667e-01
5.144025673197558657e-01
5.150839556260775609e-01
5.158136411741811589e-01
5.176764601757535278e-01
5.191266419040659885e-01
5.210316686049996093e-01
5.221976001430619352e-01
5.220654518854542792e-01
5.231148432856214114e-01
5.246811282041851099e-01
5.264919959948227701e-01
5.271887303485935927e-01
5.282521721259249015e-01
5.294131404612565373e-01
5.301465108927735370e-01
5.317065620403282900e-01
5.330612792889100060e-01
5.340528812295816108e-01
5.352514979092233283e-01
5.363015268352618881e-01
5.380822756416505648e-01
5.396332029357903126e-01
5.412307574480483829e-01
5.418829410762384668e-01
5.428476620660226404e-01
5.443041127836115711e-01
5.450213183198131528e-01
5.462301424576555542e-01
5.473318001270828237e-01
5.478863253890042806e-01
5.494026522913547650e-01
5.505545112767196159e-01
5.523450125539767219e-01
5.535476302240298629e-01
5.548507489364693512e-01
5.555810081776196840e-01
5.570218741218890823e-01
5.577060148481283175e-01
5.587193487093290445e-01
5.599550712339204095e-01
5.609341321151231075e-01
5.622391701766229488e-01
5.633802381596965114e-01
5.648059526849255052e-01
5.657886874567952251e-01
5.666280730118208320e-01
5.666756347765634638e-01
5.680191996020482748e-01
5.700424496536592445e-01
5.717660274750406835e-01
5.729577969857008179e-01
5.739937822363343489e-01
5.752534986589337151e-01
5.760037452404604963e-01
5.769840897675933000e-01
5.786034679923043322e-01
5.793882022366648732e-01
5.804300097028586292e-01
5.821608824944995986e-01
5.841989209100583169e-01
5.847080581658459231e-01
5.846805470516561742e-01
5.850277308351234939e-01
5.868155814747307852e-01
5.884600166344936545e-01
5.895183948797617646e-01
5.900385040170899043e-01
5.908641031395628351e-01
5.913587124250130334e-01
5.937075191098519777e-01
5.960782573940422990e-01
5.983881255592411463e-01
5.985987572598041595e-01
5.991204749480251168e-01
6.005494860717717209e-01
6.013847794801049362e-01
6.027549533365356149e-01
6.036200348255014170e-01
6.046855527486242332e-01
6.063838006717439111e-01
6.072060102422615069e-01
6.086208295447469441e-01
6.091621313794868264e-01
6.100992230596152810e-01
6.115157087377320888e-01
6.121061663175361156e-01
6.136110655979100104e-01
6.144724973672959223e-01
6.158589758456100016e-01
6.168662358285564862e-01
6.175061033377040598e-01
6.184680234390054210e-01
6.194869306320640590e-01
6.202687616357271949e-01
6.210398569291047943e-01
6.223524888790928911e-01
6.233406561690063574e-01
6.255452451011705994e-01
6.278980578663950762e-01
6.297418045823054422e-01
6.311824953195009913e-01
6.329434292782754046e-01
6.339683181939913537e-01
6.339677116675089819e-01
6.314020892579013111e-01
6.281442962254414342e-01
6.256798363956903586e-01
6.271611575434282715e-01
6.343900184971683620e-01
6.453213798545885949e-01
6.561313403288602242e-01
6.621651123519931570e-01
6.601801130586509858e-01
6.493398667430012594e-01
6.337671701321515583e-01
6.212715568456029791e-01
6.175209740304783423e-01
6.265987639241878959e-01
6.443394083701451391e-01
