1.056925661777145808e-02
8.566147408968369237e-03
8.076594397574351353e-03
8.612165158772557352e-03
8.952276817839804890e-03
8.893913319262293504e-03
8.397302054212539557e-03
8.182529624522009645e-03
7.962253728389961926e-03
8.243857984851705664e-03
8.751098483739283562e-03
7.855965139696505575e-03
8.585633856135400921e-03
1.029242194927278316e-02
1.013855866512133191e-02
1.201701386060043120e-02
1.377839119883654366e-02
1.183748529556134972e-02
1.204574958076072046e-02
1.392326399552317254e-02
1.523453655474137081e-02
1.699564725882166810e-02
1.963121387815547694e-02
2.292428557651656623e-02
1.989970602467075467e-02
2.217397092500872011e-02
2.714113635265106433e-02
2.650971137470733985e-02
3.177444254080102198e-02
3.287870752257480989e-02
3.462624337021631693e-02
3.393573922887090089e-02
3.746228091632416990e-02
3.771025862447135307e-02
4.466810680983456655e-02
4.743284274807754719e-02
4.881506250989125356e-02
5.377013594145681197e-02
5.610557510004344356e-02
5.480910006246409588e-02
6.063891102250097004e-02
6.208490563689891828e-02
6.406216411905590880e-02
6.643808342757644148e-02
6.743581303072590516e-02
7.119891773342579278e-02
7.317006443234994051e-02
7.688996436563177994e-02
8.107074832744214088e-02
8.511625203250822169e-02
8.570660709525927679e-02
8.942360080803407607e-02
9.430906159113164322e-02
9.367878938723427085e-02
9.579611304237188596e-02
1.018148996831579889e-01
1.059607616714287326e-01
1.105493567118996101e-01
1.126019671617133067e-01
1.124837033008104642e-01
1.162655992388362952e-01
1.182991109714439243e-01
1.228801277819802501e-01
1.255426897474387904e-01
1.275425963946749397e-01
1.328767374864567585e-01
1.351518867049490702e-01
1.354302978500739885e-01
1.393782294992630399e-01
1.426077731301302054e-01
1.453060097989890276e-01
1.515349869795860061e-01
1.534890893083138697e-01
1.538707066863863326e-01
1.605350560476447030e-01
1.621023793005448854e-01
1.658205385385932706e-01
1.684553212368709307e-01
1.687240574638965707e-01
1.738449952509844854e-01
1.784123514279054856e-01
1.810322591286283866e-01
1.850917425564459762e-01
1.905996570063299422e-01
1.905876342255932721e-01
1.923845548212680945e-01
1.966635292557651349e-01
1.997958346001744434e-01
2.044807779490678823e-01
2.050947425763542942e-01
2.075912528301106508e-01
2.128015387122643431e-01
2.159449072930279823e-01
2.175607212981392757e-01
2.207194876868388556e-01
2.254455550403127173e-01
2.271839312143548173e-01
2.321459244871132421e-01
2.327842274007919376e-01
2.371062858673268769e-01
2.391685933196685820e-01
2.438122159077109330e-01
2.452733311668349736e-01
2.502913227587387213e-01
2.518209339352127651e-01
2.524121876282370835e-01
2.580741705617636272e-01
2.595622597470337301e-01
2.634065939686358049e-01
2.654249809091331347e-01
2.684089582632186444e-01
2.711059575733129057e-01
2.736348999068887733e-01
2.782503407423498332e-01
2.822081382543630834e-01
2.821286616978935791e-01
2.861233170553544869e-01
2.911271951512037215e-01
2.936865024307042105e-01
2.949100994577025237e-01
2.980812826104220492e-01
3.004026073935552876e-01
3.031024451147714682e-01
3.051253682865039951e-01
3.101557595946548562e-01
3.140543797576253460e-01
3.162716981384349757e-01
3.175420229690361640e-01
3.208874385623686765e-01
3.247405762491088477e-01
3.258727476348810548e-01
3.292997389595854196e-01
3.330224078951538047e-01
3.344674948590215524e-01
3.359080146566474911e-01
3.409418985321991391e-01
3.442901797744300496e-01
3.465236500111547047e-01
3.492442945611453076e-01
3.510762910450890839e-01
3.546174485126353804e-01
3.568050810930006866e-01
3.600555177783242855e-01
3.635014844198871664e-01
3.654855292407258038e-01
3.683529022040991641e-01
3.706320654016147520e-01
3.737537499472028957e-01
3.773404407586484210e-01
3.793576127694158195e-01
3.809609178847848110e-01
3.841082816295447455e-01
3.862546864032789795e-01
3.886455656380399248e-01
3.924179326080141084e-01
3.950947720525390672e-01
3.961723366474517172e-01
3.989855329915219517e-01
4.042327640454647097e-01
4.055360587230990022e-01
4.087161686534475646e-01
4.107352081528309884e-01
4.129246444126315474e-01
4.155094778889185658e-01
4.181134484455798495e-01
4.213006285588882238e-01
4.239478181581802230e-01
4.260413711913054180e-01
4.277720636002465548e-01
4.300581741187995410e-01
4.336036098089475210e-01
4.376081592533207498e-01
4.387694802517698722e-01
4.415824430145455781e-01
4.438703432908085444e-01
4.459125467825753586e-01
4.485247011705380538e-01
4.506422752824568168e-01
4.529307367762346326e-01
4.553518093743593731e-01
4.571341426804151342e-01
4.596884890239230081e-01
4.629060785231388087e-01
4.655113077865944970e-01
4.669452436900548009e-01
4.697609215240931557e-01
4.724365987785715260e-01
4.749259149543947900e-01
4.775577073646876669e-01
4.787890168095526588e-01
4.820385868894113135e-01
4.828897832433947657e-01
4.858724728728504583e-01
4.891096914194077994e-01
4.904445282788676974e-01
4.935152473325362110e-01
4.953165166897138261e-01
4.985097457271225885e-01
5.002352510065616320e-01
5.030051313210271990e-01
5.049806517844972475e-01
5.059251898022968374e-01
5.090298893201389285e-01
5.115562150039965061e-01
5.130830231314896794e-01
5.156284325410559477e-01
5.184361460368088759e-01
5.199790675766563508e-01
5.227175502591646650e-01
5.246092793569955282e-01
5.270593138871955130e-01
5.279482498800384116e-01
5.301324755326652927e-01
5.335533865829072964e-01
5.348345547356263552e-01
5.372528276792307711e-01
5.397283705594704273e-01
5.413657793221431369e-01
5.433417830437378138e-01
5.461412993695038409e-01
5.489702379727735559e-01
5.506462184626279566e-01
5.526479696934428754e-01
5.541076831110168799e-01
5.571651340782847184e-01
5.586201465447875325e-01
5.610713216643349321e-01
5.635092988584372575e-01
5.652969488426677902e-01
5.667768922557548938e-01
5.690226324078875297e-01
5.711208143692886319e-01
5.728125100429068972e-01
5.753821101578023844e-01
5.775609567672609357e-01
5.784988558042082341e-01
5.802636139934008730e-01
5.827173703328650811e-01
5.853393323432168893e-01
5.872028125116380837e-01
5.890389756025781187e-01
5.907351147177852813e-01
5.926660660016377369e-01
5.950541089894402225e-01
5.970951758756017913e-01
5.989852565078159774e-01
6.010495540240020640e-01
6.029336293371212463e-01
6.043508444338392405e-01
6.067610975693579212e-01
6.082545715090281746e-01
6.098734695508146730e-01
6.116501853767388752e-01
6.137454979130279042e-01
6.161473748436785414e-01
6.179176921345134188e-01
6.199564297967053994e-01
6.212967463220880893e-01
6.230527115961532747e-01
6.252943220461115725e-01
6.269356253424344105e-01
6.287294433676945404e-01
6.304816404718056599e-01
6.326514312255087091e-01
6.345061840565201505e-01
6.367180187383290058e-01
6.385720652071656955e-01
6.400205607215633252e-01
6.418405086755896161e-01
6.436341002871983630e-01
6.456473083027156612e-01
6.477757822033421986e-01
6.491346286703795210e-01
6.509817655362144517e-01
6.521173104667944420e-01
6.536650433688063755e-01
6.558662296927884050e-01
6.581525578260035703e-01
6.598999338257253156e-01
6.607060914448090738e-01
6.627932579465380947e-01
6.650126611503004437e-01
6.669244411725370192e-01
6.679923448059499336e-01
6.688123236570936436e-01
6.713068345211222754e-01
6.735069761971753666e-01
6.749402477536033951e-01
6.763513771900864224e-01
6.780115732643112736e-01
6.800780584635881532e-01
6.813026685728034160e-01
6.831031310082888997e-01
6.857285840584850245e-01
6.863514829850114740e-01
6.872122678274392715e-01
6.892051102526938200e-01
6.912086827519128285e-01
6.927783911755055479e-01
6.945174769953277316e-01
6.964016607748039212e-01
6.978162906857524606e-01
6.995396885330520398e-01
7.013222272855905715e-01
7.028453089384174568e-01
7.040033794624711572e-01
7.052758308991425862e-01
7.067194606690239134e-01
7.084677782199562124e-01
7.097373070427076547e-01
7.111612468099626216e-01
7.132656649582043151e-01
7.145736227293885134e-01
7.161018404781074320e-01
7.173906057771958222e-01
7.194032932420119097e-01
7.215025309445415314e-01
7.234778015680126684e-01
7.244397068754322433e-01
7.254599127599421493e-01
7.269820211007366195e-01
7.281325350835481380e-01
7.303755692530513599e-01
7.316919323441923861e-01
7.329373595923298623e-01
7.346077570462828943e-01
7.363150138975314007e-01
7.379214261560984589e-01
7.386560444171954565e-01
7.394556770532575429e-01
7.418035001494353020e-01
7.432605537312872990e-01
7.444541640603468124e-01
7.453034018223974044e-01
7.472515687445858701e-01
7.487441029180734731e-01
7.499656637113170099e-01
7.510494527763006412e-01
7.523589729741583243e-01
7.535488037475501777e-01
7.553790111972530363e-01
7.567624765927076780e-01
7.577800024140026736e-01
7.598062501905344934e-01
7.607751411490173421e-01
7.622260453045285322e-01
7.630187319589083472e-01
7.647432845219492847e-01
7.657662953910455705e-01
7.677928847247443844e-01
7.689424168445242458e-01
7.703401497990874924e-01
7.719415817134922531e-01
7.728736581856913146e-01
7.744869484632023182e-01
7.756668238527251180e-01
7.769120033258003488e-01
7.780599992716338287e-01
7.791332138072077917e-01
7.805165155707112223e-01
7.817967059525406937e-01
7.835507376407749858e-01
7.842781286914164429e-01
7.857194586735540831e-01
7.871605708063995621e-01
7.888085821362023076e-01
7.895211841942676445e-01
7.905815181333030184e-01
7.919043806288162957e-01
7.929464427588981401e-01
7.943757815608362138e-01
7.958349540394898947e-01
7.972397667906043761e-01
7.984568032678780458e-01
8.001248520981569801e-01
8.007163528245203610e-01
8.018647114504683371e-01
8.033591473444178233e-01
8.043644163509371392e-01
8.055649207989784566e-01
8.071502326612248757e-01
8.081109147250464808e-01
8.091922778078773915e-01
8.108473029800794540e-01
8.114419899354307075e-01
8.131358428437436281e-01
8.143593989822827117e-01
8.152326232205480139e-01
8.164397001961186673e-01
8.177919815068831477e-01
8.185340574578974238e-01
8.195600458215572814e-01
8.207101862273948889e-01
8.224904396460854805e-01
8.234915017326964737e-01
8.242543228619629847e-01
8.256425242430384115e-01
8.267023491348751696e-01
8.276697039960145830e-01
8.288095588887290921e-01
8.298678206896371590e-01
8.308796745802530248e-01
8.318213177897701982e-01
8.327015099822606681e-01
8.342441887635417830e-01
8.353362740183999380e-01
8.361317149482785371e-01
8.373154138459782958e-01
8.387920032409184046e-01
8.402266902777034696e-01
8.409016023953305163e-01
8.419938756188423135e-01
8.429438473886884386e-01
8.441478068605993146e-01
8.453650609887083389e-01
8.462358447038227371e-01
8.473183817197756929e-01
8.480882406782302985e-01
8.489733803877039797e-01
8.496096989919470488e-01
8.512061679741621534e-01
8.523981908900302162e-01
8.539013491725337968e-01
8.544146300913573189e-01
8.548764554550167816e-01
8.567024209384938027e-01
8.572628340972040517e-01
8.582719614100398076e-01
8.597984228919481886e-01
8.605978834119712984e-01
8.617286468121767573e-01
8.627482819754399568e-01
8.638717327978473470e-01
8.646847949662357369e-01
8.656819722666722061e-01
8.662379740669353678e-01
8.677914359345567652e-01
8.686593829396318522e-01
8.696363244055702602e-01
8.702124248081026803e-01
8.709575920966682316e-01
8.719382392857717434e-01
8.730707850778445245e-01
8.742114254603333690e-01
8.752583342928080823e-01
8.756076630251869997e-01
8.768234313331083607e-01
8.776289366999011632e-01
8.784314670207353792e-01
8.797500745666182453e-01
8.805243244426621541e-01
8.814300338436467097e-01
8.826421846038197128e-01
8.836717280437504929e-01
8.845799441523664042e-01
8.853130642726567689e-01
8.861316121952594882e-01
8.867714597938115562e-01
8.878757327972242042e-01
8.890618293137525496e-01
8.897531682804763475e-01
8.910251777757055569e-01
8.914760449168590561e-01
8.922811398628983648e-01
8.932206647920106768e-01
8.939905519065054484e-01
8.951929799739823945e-01
8.961094251710741698e-01
8.970722768742609432e-01
8.977510122717170526e-01
8.985546488997067094e-01
8.989969970886687589e-01
9.005019525564980087e-01
9.011553912811058886e-01
9.018259444402532132e-01
9.023443842009670757e-01
9.033656073730379488e-01
9.041402061735932527e-01
9.053114728299617164e-01
9.061419785379786207e-01
9.070178181872711187e-01
9.083635845176636359e-01
9.084864964246694985e-01
9.096147282730058237e-01
9.102216897290437148e-01
9.108579697077074933e-01
9.118758067024560487e-01
9.122923236130590086e-01
9.134093082544875175e-01
9.142353531916840303e-01
9.150310208449121685e-01
9.165812777809305700e-01
9.171387526106559163e-01
9.173234549977230534e-01
9.184492269404654907e-01
9.199643774689625353e-01
9.205639025724504654e-01
9.211694907084567729e-01
9.214564158334739297e-01
9.211929416254998060e-01
9.211920490172015308e-01
9.218645111775688461e-01
9.240667277591768647e-01
9.267262840918957245e-01
9.294052125084378835e-01
9.302347361623074518e-01
9.295827273233295829e-01
9.278750059531202243e-01
9.264969499967067312e-01
9.259685613693723338e-01
9.276883139950782287e-01
9.309588381239861654e-01
