1.885950585872413210e-02
1.679528967108784993e-02
1.626028826873792896e-02
1.621118110368028817e-02
1.564746651463793173e-02
1.528839473795962772e-02
1.389307282266094568e-02
1.339241573261775765e-02
1.333340059613396557e-02
1.400361290017575547e-02
1.521971835351528836e-02
1.345925684425229932e-02
1.464671989818413893e-02
1.753326399635066896e-02
1.695940603168433203e-02
2.000132473563817279e-02
2.294632095943033995e-02
2.012481872009638795e-02
2.056786958253639316e-02
2.378540493420018553e-02
2.639942318744906841e-02
2.885013042418035564e-02
3.360134005455706757e-02
3.776215289022717692e-02
3.368129089025171524e-02
3.729646601991061516e-02
4.423011413370315364e-02
4.486004498019411507e-02
5.262679393189313715e-02
5.355925477578405564e-02
5.682721592601322480e-02
5.822960602204875491e-02
6.327187631573730209e-02
6.260582449756268986e-02
7.063346354006809491e-02
7.551011571406263112e-02
7.960941281205742570e-02
8.551915815595076409e-02
8.796650190959603988e-02
8.837246687244337817e-02
9.534099881811021471e-02
9.806335559319977191e-02
1.017271090454390792e-01
1.053173070914013992e-01
1.079856127033415325e-01
1.138059354381585203e-01
1.179522072803846355e-01
1.217415058451626064e-01
1.251614089142271402e-01
1.326488448987903079e-01
1.344260836509360568e-01
1.375767822852008715e-01
1.437372425724706970e-01
1.434073786929228322e-01
1.484819254141390710e-01
1.555241583873831213e-01
1.606562251214626036e-01
1.653674857407722021e-01
1.692444915607013434e-01
1.714943098939733512e-01
1.760953446164464364e-01
1.792668818356887850e-01
1.860165273362944793e-01
1.875262255836839809e-01
1.927253089355612792e-01
1.973956027154814274e-01
1.995267472861419200e-01
2.039876423331031807e-01
2.081491781545325159e-01
2.114100143817863320e-01
2.138360515565370101e-01
2.211243554949870460e-01
2.254429584306024137e-01
2.252254536379344474e-01
2.335582313746733252e-01
2.360742654360970805e-01
2.401586463885871103e-01
2.428201728127358516e-01
2.467693587810218248e-01
2.495600114909526102e-01
2.545106423047602817e-01
2.581661631018432046e-01
2.615739041835485890e-01
2.669864137808219406e-01
2.708200898095554643e-01
2.756860056982421980e-01
2.791016198306023877e-01
2.822237556251048773e-01
2.858979691158204384e-01
2.889245250663818321e-01
2.932936321940606827e-01
2.979307653949554990e-01
3.013778115664116353e-01
3.042110441313906066e-01
3.080323477251267206e-01
3.104978723839135202e-01
3.137282862962982311e-01
3.180510763681084763e-01
3.207546817188412502e-01
3.259786084002300188e-01
3.318090352404269305e-01
3.331734207544957971e-01
3.372801753701611949e-01
3.403503360339894535e-01
3.441073604254041851e-01
3.453760870383074666e-01
3.494946280397021598e-01
3.540265752638474539e-01
3.581675583380825589e-01
3.613767918183184991e-01
3.629786281166017536e-01
3.662884889725064319e-01
3.696280514297510811e-01
3.735987312731661181e-01
3.760658273124619089e-01
3.794070747172443858e-01
3.844307487454922678e-01
3.868427143564492354e-01
3.896146149132120318e-01
3.926531849880061653e-01
3.954246644637776642e-01
3.985205686740906361e-01
4.044253184706445570e-01
4.058342673076595908e-01
4.081509789117883646e-01
4.119261176911065414e-01
4.143423220128713003e-01
4.175822961751338713e-01
4.215028467227889819e-01
4.235602875467183170e-01
4.277431090459082874e-01
4.302311416036953551e-01
4.317574330011849093e-01
4.358212360214491765e-01
4.381311130628190997e-01
4.422305059371332003e-01
4.441523037067011681e-01
4.471254864791712191e-01
4.500925139092886718e-01
4.530785835750488211e-01
4.556340278349779171e-01
4.585656028899569026e-01
4.614025728755640210e-01
4.649630496923811696e-01
4.668957317646968419e-01
4.699010948240670005e-01
4.725226787022323016e-01
4.746968454227131762e-01
4.773770444274497704e-01
4.803266517419665371e-01
4.829345675675051353e-01
4.851956966162843665e-01
4.887929408163310674e-01
4.910071303528331099e-01
4.933795063130779757e-01
4.957155322176396428e-01
4.983732600336175933e-01
5.009488679238026654e-01
5.040725778342316499e-01
5.066575837000516502e-01
5.089473753159279301e-01
5.119245774627223522e-01
5.136973236572436319e-01
5.156174048441954927e-01
5.177260836450013892e-01
5.199268185295945477e-01
5.236660248467641665e-01
5.261185404113444264e-01
5.290566468830593116e-01
5.310117194649074390e-01
5.328123434786045109e-01
5.343836711486548152e-01
5.380453077730485978e-01
5.401780505984096203e-01
5.422106254009606552e-01
5.447229491442731053e-01
5.464714237038292843e-01
5.491912737149872159e-01
5.518385948134136854e-01
5.542923959163554848e-01
5.561863050181320434e-01
5.579159410778430361e-01
5.604391932796286557e-01
5.629322598478641027e-01
5.647530143246367595e-01
5.670578439114801750e-01
5.686104146339640009e-01
5.711403227368058166e-01
5.736879091095554717e-01
5.751444389914069921e-01
5.774681531183454286e-01
5.801185029616869882e-01
5.817000991208961524e-01
5.845190176800916237e-01
5.862777901514036882e-01
5.875971899340688420e-01
5.904471064065623942e-01
5.917335473069222918e-01
5.939644112257875808e-01
5.952118360314195833e-01
5.977363096794690023e-01
6.002289057670201489e-01
6.012867212406435291e-01
6.036852858158688884e-01
6.053003259966587279e-01
6.079221645115400197e-01
6.100072714197863899e-01
6.125652261648938390e-01
6.137104652660986259e-01
6.159825837486405664e-01
6.171233682063688164e-01
6.191410041994285240e-01
6.214132017477138614e-01
6.227953913930815988e-01
6.246003068220287169e-01
6.266772742147784792e-01
6.285426667284024216e-01
6.305064773969455416e-01
6.323078216594173462e-01
6.336416133695237374e-01
6.342021176036712893e-01
6.369716588074433306e-01
6.394621516912153414e-01
6.400989360221006619e-01
6.423697968952321036e-01
6.438645830363013411e-01
6.448666353360086312e-01
6.467747516343181902e-01
6.494777905488758885e-01
6.508312368665805092e-01
6.527982867419238611e-01
6.541680482223297677e-01
6.560803330910289777e-01
6.572230576177510164e-01
6.593413830840784140e-01
6.605752779715373668e-01
6.615866719209445579e-01
6.638735038695338098e-01
6.659577115515459278e-01
6.675241511740404032e-01
6.685412706175002384e-01
6.702706209489471822e-01
6.723373694556546987e-01
6.739843002498119295e-01
6.749153940222124559e-01
6.766096563382423268e-01
6.783509516503322123e-01
6.793298663657034719e-01
6.817238503354863255e-01
6.827931281388306406e-01
6.840929386664917899e-01
6.863951911127422756e-01
6.877464100456063267e-01
6.886859562815159652e-01
6.906550306125822658e-01
6.923252543723052987e-01
6.934594199232928524e-01
6.946352773168352757e-01
6.957679683676474269e-01
6.979269632724155459e-01
6.990884676910807949e-01
7.004654261837913731e-01
7.023251538083203904e-01
7.037725752816250679e-01
7.049660300868930696e-01
7.059701010001653287e-01
7.077049716135707103e-01
7.086580262179567047e-01
7.103946598804238288e-01
7.120254673534932577e-01
7.127407587168551606e-01
7.150428103217845166e-01
7.152604313447517015e-01
7.172672212988671081e-01
7.189511625064944900e-01
7.196676097439009823e-01
7.211743266478680692e-01
7.226057650882711236e-01
7.239565012696352886e-01
7.247321411751641573e-01
7.260607776623513310e-01
7.269201335041788337e-01
7.285701546646612403e-01
7.299126116687620902e-01
7.309673106415955912e-01
7.323845385512082196e-01
7.339559024436626000e-01
7.349052277896629404e-01
7.356806017753615423e-01
7.371871075482904212e-01
7.382666440205406522e-01
7.396444702332131138e-01
7.408566661928891461e-01
7.423771988949644518e-01
7.432432075535152505e-01
7.444249724417119074e-01
7.453223017302416098e-01
7.469290465823739122e-01
7.479140431143329604e-01
7.488483345107469491e-01
7.509689812840442125e-01
7.512484627752019639e-01
7.523396318821139461e-01
7.544708457111248823e-01
7.551994318044482624e-01
7.566887173398743061e-01
7.576687192409703453e-01
7.583170790468591882e-01
7.601159479401338182e-01
7.608045894831593214e-01
7.617109397540069438e-01
7.629251008149209312e-01
7.643289643563824232e-01
7.647360286350270986e-01
7.657268030138882908e-01
7.671630117593072340e-01
7.683452007365552117e-01
7.694300371152094087e-01
7.701362207328411591e-01
7.710788563039864263e-01
7.727315715982774336e-01
7.739427384166716051e-01
7.747623272982171461e-01
7.758837970291367903e-01
7.763420563426657317e-01
7.780807123608839415e-01
7.786739471690045100e-01
7.797850536305097613e-01
7.808793472168776839e-01
7.818887755215888635e-01
7.829148190895979242e-01
7.839856981084603049e-01
7.847933587788062937e-01
7.860602664623310698e-01
7.871175578824377572e-01
7.879038531768475240e-01
7.891561198560294033e-01
7.898519039613839388e-01
7.906671688361780470e-01
7.917631640235365253e-01
7.929047377923725826e-01
7.938780043785831353e-01
7.943572564780895240e-01
7.951834132581470094e-01
7.963600774880545963e-01
7.977929689991168916e-01
7.986857418798564145e-01
7.990639300135340406e-01
8.007387869642159650e-01
8.014533866464315093e-01
8.021337267145060013e-01
8.029358954015529681e-01
8.040055170613000790e-01
8.047163979360809627e-01
8.057834760406312746e-01
8.071518334806832007e-01
8.077397602662217402e-01
8.084319134677500074e-01
8.094066405757256444e-01
8.101427182859876064e-01
8.114296694975543511e-01
8.120232004580469898e-01
8.126816350335925865e-01
8.136395364613322467e-01
8.144808620191519299e-01
8.151426247636506250e-01
8.160622478035246541e-01
8.171111446871249795e-01
8.177671563292213675e-01
8.184638180165663135e-01
8.196634086728377122e-01
8.206412444811796991e-01
8.207813564259922590e-01
8.222111445644343375e-01
8.232070792632124601e-01
8.236502475667962786e-01
8.243698121744007512e-01
8.252924600835593871e-01
8.258348381841037478e-01
8.266736992191282551e-01
8.281367060283166825e-01
8.288735068872425948e-01
8.293635068451052916e-01
8.299337028285647122e-01
8.312928563223296319e-01
8.321860799859622793e-01
8.331174244759259606e-01
8.332339460951786458e-01
8.343046590246394612e-01
8.353570231724473105e-01
8.359726287367642561e-01
8.364898539570724267e-01
8.375563162414192409e-01
8.377611921588578037e-01
8.385483478280063574e-01
8.397390816567184002e-01
8.403401040678016853e-01
8.406793799160966474e-01
8.417594462713416936e-01
8.428622398554818096e-01
8.432932206388481511e-01
8.436580549840020371e-01
8.444965057853234258e-01
8.453208868426805855e-01
8.463976562533904735e-01
8.471208076722995806e-01
8.471852298111235413e-01
8.478935212822071854e-01
8.488427099314719282e-01
8.498929342599468306e-01
8.507229373837859043e-01
8.513069995601127982e-01
8.513476680721976386e-01
8.527556925063365378e-01
8.531941349148450815e-01
8.541899594489152925e-01
8.548937451858340530e-01
8.555352736567296557e-01
8.561909568685917016e-01
8.570284297907239113e-01
8.578491099087522942e-01
8.579685022337497635e-01
8.586594006201500040e-01
8.599179033949120310e-01
8.600328454757110164e-01
8.608129545702692953e-01
8.611382412513530760e-01
8.620065975775930145e-01
8.630249081831827818e-01
8.633954646526703636e-01
8.642025825552204221e-01
8.648290503735036605e-01
8.650882684651353127e-01
8.659527551538483969e-01
8.666590510150510296e-01
8.678253356748781844e-01
8.681149390774013375e-01
8.684160244262711936e-01
8.689062567391360181e-01
8.697348615681272932e-01
8.708748551941514204e-01
8.713347450530108951e-01
8.716700956105192244e-01
8.725731719385531049e-01
8.728040331694993936e-01
8.733012496451556528e-01
8.746527033969205833e-01
8.748666169124525993e-01
8.753156701569970721e-01
8.762975411943496606e-01
8.770464093349105150e-01
8.773752672536596631e-01
8.779064652379642286e-01
8.788267136918601619e-01
8.796576892581049467e-01
8.801044366291526089e-01
8.806141280791357495e-01
8.814291213506522116e-01
8.819500389235033211e-01
8.822386529079848660e-01
8.829572762354483961e-01
8.835589447746879932e-01
8.843985413701089815e-01
8.848308011496475167e-01
8.853752291382760431e-01
8.857738059640767325e-01
8.865442531404370552e-01
8.869085126202171931e-01
8.875936389508689572e-01
8.881416648510527256e-01
8.884437268366212059e-01
8.896275008585773358e-01
8.897644530847024225e-01
8.902756663418174288e-01
8.908135089392936745e-01
8.914867800022570066e-01
8.919840633966752419e-01
8.926196985147957230e-01
8.929900193483711890e-01
8.935953110962977508e-01
8.941841425395677945e-01
8.951601738680607934e-01
8.949634424615747763e-01
8.957330016019513508e-01
8.963499932673205661e-01
8.965996722330757951e-01
8.971814869328568198e-01
8.982001700207014050e-01
8.984191673755631546e-01
8.990913707728406257e-01
8.996244104342604464e-01
8.999135146444656730e-01
9.007510846743685962e-01
9.012351246343190958e-01
9.018599235234877609e-01
9.030710709935344527e-01
9.035342198057730867e-01
9.039687097012201189e-01
9.037900965340665005e-01
9.035423249780663024e-01
9.031110285301054974e-01
9.038673273622788162e-01
9.054860328018820015e-01
9.069839263096820536e-01
9.090128612088035354e-01
9.098435323793726548e-01
9.094056068219977806e-01
9.082673325286887422e-01
9.066774675040627507e-01
9.063232651189245814e-01
9.075847548095069550e-01
9.096967219398673921e-01
