9.085030581933346144e-03
6.990066319440578664e-03
6.482500570816869014e-03
7.173453503878546300e-03
7.721918055961929025e-03
7.727634273074972943e-03
7.402561492900480190e-03
7.238841688420300131e-03
6.973231792576674304e-03
7.179348925711138280e-03
7.527682766226300240e-03
6.757923938532139040e-03
7.398789963758538486e-03
8.890499292340561105e-03
8.821778894157522935e-03
1.047045770560798769e-02
1.201738058923815418e-02
1.031395071116417324e-02
1.046569874270047475e-02
1.206116933587464933e-02
1.312855124282573914e-02
1.468624090840471574e-02
1.693679496559119882e-02
1.991526235350074558e-02
1.721751072881275157e-02
1.920849273193547813e-02
2.363595518778055168e-02
2.290058206681239855e-02
2.753203552457787057e-02
2.860126378082548590e-02
3.006109775654422847e-02
2.920502818909458814e-02
3.232179236255706967e-02
3.277628624227071213e-02
3.911572656851859675e-02
4.145328895078852910e-02
4.244841270737123584e-02
4.696540035061974594e-02
4.920702487770792916e-02
4.771840241194444387e-02
5.304800428203397533e-02
5.428074235156578331e-02
5.591853128435817638e-02
5.792878922382001944e-02
5.863379033906045146e-02
6.223122462766340207e-02
6.398736130046132897e-02
6.728852773378923846e-02
7.130529850028331784e-02
7.464056643350974740e-02
7.503458244350555417e-02
7.873571681487381846e-02
8.320947475462146803e-02
8.263134186753251509e-02
8.419282661893849606e-02
8.926323757561334393e-02
9.321283369346394787e-02
9.794826372765604028e-02
9.950451980162197674e-02
9.888194750248578690e-02
1.026440285859418627e-01
1.042590102684605169e-01
1.080935338029282156e-01
1.112201878153293438e-01
1.124041352945359257e-01
1.167986261694831940e-01
1.201968475859249014e-01
1.197840329304930701e-01
1.235600764348994546e-01
1.262704347792292237e-01
1.291135467127482173e-01
1.350010379807153882e-01
1.362073259824270466e-01
1.366536469842460633e-01
1.428750076357296894e-01
1.439884290419235768e-01
1.477704106987761390e-01
1.502588905384650286e-01
1.502519778786658433e-01
1.556083838148938636e-01
1.600151099088111817e-01
1.616515002184614747e-01
1.657015738178433673e-01
1.713370324498467989e-01
1.703987148644520722e-01
1.711153915110290302e-01
1.752812724192848171e-01
1.785392299081344780e-01
1.832356900942092304e-01
1.832702273029884199e-01
1.852625438655408352e-01
1.905817776573044964e-01
1.933312304692260120e-01
1.952434623687424875e-01
1.980464682804619903e-01
2.027372301741831029e-01
2.045137127165952973e-01
2.088836831768144386e-01
2.087169238575286578e-01
2.129121901667447581e-01
2.147750195674854035e-01
2.198556866364450579e-01
2.208990290345286545e-01
2.250881964698487614e-01
2.261912015891441585e-01
2.274906901971931461e-01
2.327914641297041953e-01
2.336911422174325625e-01
2.376601607550596906e-01
2.392217401245252673e-01
2.418488332198388824e-01
2.444052918164657529e-01
2.465511818257503096e-01
2.518751036581035052e-01
2.549732474455674858e-01
2.541590389697185315e-01
2.589954691684942523e-01
2.633382332025683836e-01
2.653188984142724194e-01
2.666370754062084014e-01
2.698136642527739215e-01
2.718911359925134108e-01
2.747096933153821974e-01
2.770300727909092986e-01
2.818049574797586998e-01
2.849274070623016297e-01
2.873566099066911517e-01
2.885254943066125066e-01
2.913418938120410084e-01
2.951437431279677615e-01
2.963528970859414247e-01
2.996544816344307027e-01
3.029594920843071137e-01
3.040584586505297171e-01
3.053683520674153051e-01
3.110684507981256175e-01
3.131293167323730975e-01
3.156128130651172925e-01
3.192523213761164769e-01
3.202111268200675265e-01
3.232786259875122248e-01
3.260374680279176651e-01
3.289757458849886795e-01
3.325673630358907951e-01
3.337329867259317129e-01
3.360758034124169957e-01
3.389182465395786381e-01
3.425149216924211482e-01
3.459550393253582046e-01
3.472581345162941147e-01
3.488991454210806364e-01
3.523207603810092903e-01
3.539259618668992302e-01
3.560225370592937089e-01
3.598037605792192561e-01
3.621429933627229869e-01
3.635130490717596308e-01
3.659744854832943650e-01
3.704475236989133169e-01
3.723726648732125222e-01
3.747951564409290892e-01
3.771386294518316862e-01
3.792189584796617496e-01
3.820058081699715391e-01
3.847175297745389355e-01
3.874463396044662278e-01
3.897739219963131663e-01
3.917281828047666226e-01
3.937655007940796814e-01
3.953599420352914007e-01
3.990403276374551722e-01
4.033067449032474161e-01
4.035650969861441228e-01
4.061613599806925823e-01
4.090739380710120554e-01
4.103243240099983535e-01
4.133803542781706031e-01
4.162960254556467010e-01
4.182907163790429150e-01
4.200329402728168460e-01
4.228381953068896526e-01
4.250540436717998305e-01
4.272372804261172496e-01
4.299622635948030513e-01
4.312165532051417949e-01
4.340736124424335873e-01
4.367004741673716772e-01
4.389165434440456259e-01
4.416031184763939410e-01
4.433931254692552448e-01
4.459375790299530684e-01
4.466312229656581034e-01
4.497586718849509446e-01
4.533796778867348887e-01
4.541636792388806243e-01
4.569920337854033732e-01
4.594350382637557573e-01
4.627532683916312228e-01
4.634981751286730289e-01
4.666177368324733732e-01
4.687999723833983223e-01
4.697082744153188161e-01
4.726358050649043241e-01
4.748907973516131031e-01
4.769438103166869780e-01
4.787698896056945541e-01
4.816027391290594317e-01
4.830166152617706987e-01
4.866395671016570112e-01
4.878284639507404763e-01
4.899481858325415717e-01
4.921875286846930098e-01
4.937660256824439320e-01
4.964085776644449610e-01
4.984329522956829073e-01
5.010182522944650607e-01
5.032929043515335099e-01
5.050417002357634466e-01
5.070403148979583108e-01
5.098043475646973910e-01
5.121408597426394538e-01
5.143222623133573146e-01
5.163743098526381026e-01
5.171781428844112183e-01
5.197619382445478609e-01
5.222630951972425661e-01
5.241667268735541452e-01
5.265279472370842928e-01
5.281687738506686269e-01
5.299993694356719409e-01
5.326625866275654930e-01
5.340119424416258642e-01
5.360124640871909429e-01
5.386540125360593789e-01
5.407498535055315081e-01
5.427235462952743061e-01
5.437745164804258513e-01
5.455487835037178268e-01
5.485814914599950187e-01
5.507963780930161812e-01
5.530885359693864523e-01
5.544158631186096864e-01
5.559702261962382597e-01
5.584589619905876434e-01
5.605580378429283472e-01
5.625790673416474208e-01
5.647228850939702838e-01
5.663200824640695075e-01
5.676007889965440922e-01
5.700817928791285238e-01
5.717818172243809283e-01
5.730323832348104274e-01
5.753557990403167510e-01
5.776771261205879693e-01
5.794433856607100752e-01
5.817774622358722336e-01
5.835235901454084440e-01
5.847577804197631179e-01
5.877766425427823904e-01
5.893867501813699894e-01
5.908446315208074617e-01
5.921259651828253423e-01
5.940592475373889236e-01
5.967225450709896517e-01
5.992645642172151899e-01
6.012442765376695419e-01
6.026934536437513756e-01
6.048685495069264784e-01
6.058322974762627711e-01
6.078135704484862734e-01
6.098869010835183957e-01
6.115330735138371221e-01
6.126892420675034145e-01
6.151035908343740477e-01
6.168855585287386090e-01
6.168699549122559356e-01
6.201595656778469134e-01
6.226550807047341873e-01
6.242137992417408077e-01
6.257451056430630709e-01
6.275294412146185108e-01
6.294692928568875745e-01
6.313188497106060337e-01
6.321441745576853455e-01
6.341414282540593916e-01
6.360528320062515117e-01
6.375570501689670211e-01
6.393961034812325472e-01
6.403839259203480960e-01
6.423759517497991123e-01
6.445959280493889221e-01
6.460700705155424384e-01
6.479246884584433097e-01
6.504971380801340963e-01
6.512950327630997460e-01
6.528987365281146982e-01
6.547495967373925252e-01
6.564862043324954932e-01
6.581755752158791051e-01
6.600837650152405756e-01
6.612283513144988634e-01
6.629086694804199320e-01
6.649586766316727404e-01
6.664785076756152282e-01
6.680007567899831633e-01
6.695853151131152536e-01
6.713544387601999563e-01
6.728055422243559569e-01
6.743601416933667769e-01
6.759257410067140981e-01
6.772385972988308467e-01
6.789334105511326545e-01
6.809321253778063410e-01
6.820556619140848431e-01
6.836908847349265628e-01
6.860264433047446042e-01
6.880126617306778769e-01
6.900145863213247299e-01
6.911539578547953866e-01
6.919756037673352456e-01
6.924450296741304633e-01
6.942601566565226312e-01
6.967095240039740123e-01
6.981343879521155760e-01
6.994770602269808624e-01
7.011406754390572260e-01
7.029600854881529193e-01
7.047683427574062964e-01
7.059877239130739612e-01
7.069145011718014349e-01
7.083262791356956800e-01
7.098696978610368191e-01
7.117707304519527156e-01
7.130101809032994842e-01
7.139470332205377634e-01
7.157058080845327686e-01
7.177398754364203715e-01
7.191356184682962116e-01
7.207745453095397714e-01
7.220061040008357578e-01
7.240432214875391903e-01
7.249498578409574456e-01
7.268894401219430090e-01
7.281977837498437856e-01
7.290284015813297547e-01
7.309317774531493006e-01
7.323637573161744241e-01
7.332736474605444643e-01
7.351730171710042505e-01
7.366061771976444295e-01
7.381740048912274199e-01
7.398883342430070398e-01
7.410694331598903783e-01
7.419222776762676164e-01
7.432774315061176917e-01
7.448495535923933542e-01
7.463811477797998029e-01
7.474112403114986369e-01
7.487551742625966344e-01
7.507327562282817279e-01
7.519993694856539346e-01
7.531209017484741253e-01
7.545264385801040419e-01
7.556202203429285280e-01
7.575762558077997477e-01
7.592557765064080755e-01
7.596747237670113950e-01
7.605798249796194010e-01
7.620588535059138469e-01
7.634755980730778546e-01
7.651850448457231391e-01
7.663852459776802073e-01
7.675716727406599604e-01
7.689196949135022052e-01
7.708830162586363111e-01
7.721498804015609618e-01
7.731576051292052831e-01
7.742808357577424250e-01
7.755948954832793119e-01
7.775124912252706633e-01
7.784263454579832819e-01
7.796807490319506151e-01
7.808506439517657327e-01
7.821508413899352918e-01
7.834600929055103302e-01
7.845509034379761770e-01
7.853187371155531116e-01
7.870628334100602252e-01
7.881360582439863594e-01
7.890066358451736095e-01
7.902562915557028722e-01
7.914295592618801889e-01
7.931460810969358510e-01
7.946305438205640836e-01
7.959767642271340371e-01
7.968049536501442542e-01
7.981910128068929744e-01
7.990558474625811813e-01
8.001895395613665141e-01
8.013989544122225306e-01
8.027341708087379901e-01
8.043770403862162688e-01
8.051951189587731594e-01
8.059069737386269638e-01
8.067129775574524153e-01
8.084546304623438928e-01
8.094532078066281056e-01
8.108711126961707372e-01
8.122111757602915594e-01
8.132040512629771234e-01
8.151744582130352468e-01
8.156613501206502193e-01
8.174822925257447803e-01
8.180063963510804115e-01
8.192775325246217655e-01
8.202050320928648830e-01
8.212504825714311840e-01
8.223228473515411530e-01
8.236605988779680532e-01
8.244816600509530247e-01
8.257809106929795417e-01
8.273643572429340010e-01
8.285366191087707444e-01
8.292142525257407693e-01
8.302833344226722145e-01
8.313393317907527003e-01
8.326475508370633216e-01
8.334490329924497676e-01
8.349290239993035767e-01
8.363258162790667694e-01
8.368932712586988343e-01
8.377155858957301415e-01
8.392863328961905900e-01
8.398778101969781584e-01
8.411132548315134461e-01
8.422500502825797097e-01
8.437325602073012520e-01
8.447380045111991809e-01
8.457141328175290518e-01
8.464870903982313344e-01
8.469787079318060741e-01
8.484066277900785824e-01
8.494903019919718412e-01
8.506427702496479615e-01
8.513007247992057103e-01
8.524544203753289251e-01
8.530826060007730138e-01
8.539221615456656922e-01
8.555813201011644997e-01
8.567328961986837577e-01
8.576315400499753272e-01
8.586372119119070057e-01
8.597835823144843737e-01
8.604760814594107909e-01
8.615738081707732254e-01
8.624749732489896958e-01
8.637811842161491338e-01
8.648418933571747624e-01
8.654589604504832057e-01
8.662598774019016901e-01
8.672936605438106294e-01
8.683232037429834405e-01
8.692759198376620589e-01
8.702616796229972751e-01
8.716839750277810550e-01
8.728301507656233138e-01
8.734099051744075304e-01
8.743145300264865138e-01
8.746072010744114777e-01
8.761981445160155202e-01
8.773112785310978046e-01
8.779448833117581286e-01
8.791610200935728869e-01
8.794960370086052359e-01
8.806288947107874243e-01
8.816547724510301887e-01
8.823477162214899971e-01
8.838989977703600731e-01
8.847212613196362430e-01
8.856711531771561674e-01
8.859952779241195842e-01
8.871297616271288655e-01
8.882962683959568784e-01
8.889465327044028253e-01
8.897054599763606353e-01
8.905229284315758775e-01
8.910462235890925786e-01
8.923685315276074226e-01
8.934424090729925494e-01
8.944351783811858025e-01
8.956529566967277312e-01
8.961134167600512956e-01
8.971264273812024070e-01
8.977123436720624294e-01
8.986508686182560490e-01
8.999328777836475002e-01
9.006572764544812371e-01
9.014949551323410137e-01
9.014476238758681870e-01
9.013382263190702348e-01
9.018429955754185823e-01
9.028188241584989004e-01
9.053836777373295286e-01
9.085144421441357920e-01
9.107215590455407517e-01
9.120272569855961686e-01
9.111026907804758990e-01
9.087005860943606628e-01
9.062133635989627622e-01
9.064424350230305683e-01
9.083642274256631399e-01
9.121916715970734835e-01
