8.144107027519340361e-03
5.948985073667315687e-03
5.423126069454339317e-03
6.235233053752718170e-03
6.940178598662956853e-03
6.992375085509034208e-03
6.778507221588386984e-03
6.642190241030352001e-03
6.332131965753226045e-03
6.482240742258876982e-03
6.721913533732904594e-03
6.036818408988616630e-03
6.625423659985879392e-03
7.982388572954687150e-03
7.971982398710325893e-03
9.457345925812002396e-03
1.084431724993790459e-02
9.291460100577969214e-03
9.376174837630672429e-03
1.075958045493945886e-02
1.166173727146581698e-02
1.306998647026362884e-02
1.506948444169794836e-02
1.780918431864778051e-02
1.536546079334808954e-02
1.716397943268728465e-02
2.118383180556777587e-02
2.040206896303247211e-02
2.456966812802043390e-02
2.557724244205551722e-02
2.682895420072970577e-02
2.590001523339463194e-02
2.870432842905284304e-02
2.925614996077351496e-02
3.508917609463509807e-02
3.713918502996808868e-02
3.790514527951354545e-02
4.206449064040791719e-02
4.421145940480200598e-02
4.264648503986303435e-02
4.757220291064787054e-02
4.865213226428740517e-02
5.004025892515030077e-02
5.177181233930662485e-02
5.229188730168658761e-02
5.575733925811545560e-02
5.737442411618662308e-02
6.030584805025752254e-02
6.409265809776996947e-02
6.695518398227326418e-02
6.723637396827829293e-02
7.085184316295531359e-02
7.497708360131953576e-02
7.444921912721851054e-02
7.567848106170622924e-02
7.999109436001246298e-02
8.374214263517615331e-02
8.859187933762065204e-02
8.972446516765231195e-02
8.872149727906887551e-02
9.248724552957565681e-02
9.375894272843668387e-02
9.717353430218533816e-02
1.003776597911648777e-01
1.011963471342514492e-01
1.046848894176304334e-01
1.088667193971956659e-01
1.080997085415624087e-01
1.117646869336536009e-01
1.138820238729658096e-01
1.168168276158071395e-01
1.223870985436188580e-01
1.230788677033070877e-01
1.235843958394139963e-01
1.294037589011909350e-01
1.301369927206319499e-01
1.339167666176302451e-01
1.361370713212018690e-01
1.361178453443085412e-01
1.416143175882103311e-01
1.457985706460432351e-01
1.465374034745360043e-01
1.505834506032355247e-01
1.562728668351581196e-01
1.546405462162764866e-01
1.547934138433939288e-01
1.586980100446608588e-01
1.618376093596710363e-01
1.664652788404529515e-01
1.660865849519022053e-01
1.678154737173713218e-01
1.731832917318744947e-01
1.757035002223028552e-01
1.776751199341727594e-01
1.803491019573856824e-01
1.848235381372266006e-01
1.861066355155221175e-01
1.903515592641640830e-01
1.898642787570821722e-01
1.936653507687927933e-01
1.957010080052355994e-01
2.006794996385246610e-01
2.013451722964740009e-01
2.048127477427148235e-01
2.058039717703118998e-01
2.079087381387103306e-01
2.123948403387544426e-01
2.130539830513469568e-01
2.172031030975443977e-01
2.181903696110986668e-01
2.206374511621085610e-01
2.229149788838768464e-01
2.248415455269685281e-01
2.301434221343568731e-01
2.329396033518329745e-01
2.318849396190396650e-01
2.367520637108445070e-01
2.405178018089467740e-01
2.421239997816425071e-01
2.436915887140402581e-01
2.470337313390184031e-01
2.485343378606436060e-01
2.514174747791999009e-01
2.540715390614535218e-01
2.581837120708897482e-01
2.606575624311399664e-01
2.633919459076150549e-01
2.645211385718731489e-01
2.671215750658593735e-01
2.706315955518470151e-01
2.717966596045936489e-01
2.749509734283547835e-01
2.776727594275482658e-01
2.786805621032120706e-01
2.800759786507434068e-01
2.857652343853230303e-01
2.869514868337883495e-01
2.895398778632357617e-01
2.940344988211185395e-01
2.942223445368289947e-01
2.968676859735359108e-01
3.000818148586160694e-01
3.025386570540519182e-01
3.059458521895129235e-01
3.067837558687277477e-01
3.086753616573154613e-01
3.118432833324254472e-01
3.155043508580276934e-01
3.188919459539431012e-01
3.196706897431435546e-01
3.212099624585239566e-01
3.240355042348225245e-01
3.258956686741465436e-01
3.279541899541209005e-01
3.306427508337277943e-01
3.334658641168343207e-01
3.349778476284016038e-01
3.372219081913953587e-01
3.407518087576060783e-01
3.433526949666449446e-01
3.448562132101164468e-01
3.474147532179092113e-01
3.493034892124782798e-01
3.524643817822211145e-01
3.553817804810601166e-01
3.574629545764385075e-01
3.592769756107351276e-01
3.612872149782884734e-01
3.634940390523791476e-01
3.648052302810853020e-01
3.685512039993075195e-01
3.724744179897997998e-01
3.723632600254673797e-01
3.745506289497038677e-01
3.778143270268345399e-01
3.789243361976861735e-01
3.819714263372142593e-01
3.850551805522772764e-01
3.867014385201155147e-01
3.881807892184215847e-01
3.911705778981826032e-01
3.928190370680818555e-01
3.952020346977391241e-01
3.977122539377349053e-01
3.988336156827579360e-01
4.015338309126376126e-01
4.039819332085386461e-01
4.059296415030717586e-01
4.085057089304957589e-01
4.109104545418010290e-01
4.133013461447931913e-01
4.135039149311444118e-01
4.169393895047759369e-01
4.202156512973861391e-01
4.207664851325834676e-01
4.232847761444050727e-01
4.262750568213843905e-01
4.288610843697710506e-01
4.297353866952200452e-01
4.322593405697082725e-01
4.349068337954589691e-01
4.359912224835465477e-01
4.383278042983890788e-01
4.406190571110062404e-01
4.426521632762473457e-01
4.441364876265605499e-01
4.469087535774036724e-01
4.482644319569756286e-01
4.517031149839153548e-01
4.528509359201735585e-01
4.547554017772267865e-01
4.580011551785434509e-01
4.592831103103538481e-01
4.608548949423682539e-01
4.636918380662626848e-01
4.660951454944232131e-01
4.681736897490276217e-01
4.697565661155311267e-01
4.717681520191879252e-01
4.743400787178203570e-01
4.758319911916303324e-01
4.780687255409617475e-01
4.806057412685230124e-01
4.813807200588248736e-01
4.832432507410097111e-01
4.861631660283364242e-01
4.878018989212846712e-01
4.898312219513231147e-01
4.917426424769061333e-01
4.940200530783567801e-01
4.962388396997015061e-01
4.971261309161099651e-01
4.994814870639014970e-01
5.021157197175519782e-01
5.041522619349290135e-01
5.063029129444667209e-01
5.072939287989529644e-01
5.087407720892621610e-01
5.114984192409347541e-01
5.139868302083542284e-01
5.162242028005737948e-01
5.166726073041615352e-01
5.186530714403378983e-01
5.214364694310735793e-01
5.232238723758516619e-01
5.250739396126191671e-01
5.275746120831658059e-01
5.286370128072759300e-01
5.301130762111023742e-01
5.322552192494982570e-01
5.336529225180640656e-01
5.349397682759318151e-01
5.373788920782583967e-01
5.396134791883975268e-01
5.414056884266998937e-01
5.436593063552990213e-01
5.452832906938722690e-01
5.468519076965134840e-01
5.497492024125201215e-01
5.511013918822893487e-01
5.526091381879211228e-01
5.540593270641304136e-01
5.554896849465602582e-01
5.583840322989617189e-01
5.607023580834060716e-01
5.624878500815820859e-01
5.638360358926111093e-01
5.663546609976647384e-01
5.668947669232036191e-01
5.689710997256682834e-01
5.712818836361589492e-01
5.721151406779027004e-01
5.737236937911358581e-01
5.756255647102634931e-01
5.774838393345904652e-01
5.782814085897906020e-01
5.809251818858228722e-01
5.833385108580469991e-01
5.849019048108470287e-01
5.864863720433395322e-01
5.887558483419219613e-01
5.902893907779648286e-01
5.916838949865143027e-01
5.928674045557884575e-01
5.948654255759424636e-01
5.959829768001372319e-01
5.977859773690330503e-01
5.996782032099858828e-01
6.013013666628901355e-01
6.025081138462367036e-01
6.050495557946138359e-01
6.063320595799784885e-01
6.078517701950378882e-01
6.101076745448444916e-01
6.115451391834552108e-01
6.134982718045447481e-01
6.155462010401283601e-01
6.168094264038047614e-01
6.181330283781814039e-01
6.203462931359635668e-01
6.213403241871122695e-01
6.226887588759200121e-01
6.249243620228532858e-01
6.263326254876162569e-01
6.276608961226340933e-01
6.295793567135808955e-01
6.318561354927815232e-01
6.330051588163758680e-01
6.338877785078811389e-01
6.353977291743432287e-01
6.373704063870754277e-01
6.392345553771785482e-01
6.405175426118563387e-01
6.418815748457723513e-01
6.439134588909359858e-01
6.460279521986184159e-01
6.473598738273450559e-01
6.485608842980482569e-01
6.502126064673261485e-01
6.516276935805567216e-01
6.520891464975996366e-01
6.537377532961339277e-01
6.558319305116953046e-01
6.568277137879633409e-01
6.584910786013808970e-01
6.606645700183674252e-01
6.622402687380354314e-01
6.640456708244596440e-01
6.650638462963841535e-01
6.665093863531689200e-01
6.676623382125123074e-01
6.689557968624487705e-01
6.709671760850278721e-01
6.723548321607202283e-01
6.734588306202031749e-01
6.753252381873082744e-01
6.772606260886810947e-01
6.783394694540847425e-01
6.796521790603303748e-01
6.815894624276459535e-01
6.829386803355314006e-01
6.840406867397007540e-01
6.862240843433784487e-01
6.872587066297106695e-01
6.880383949803703381e-01
6.893045635230401480e-01
6.911099560060322000e-01
6.924152104602282476e-01
6.939713825096925914e-01
6.953184825653478951e-01
6.970034295441825956e-01
6.983540460835198083e-01
6.994264190981315243e-01
7.001463759195264425e-01
7.021026833623714714e-01
7.036227219191810711e-01
7.050791301605873196e-01
7.063149453831786273e-01
7.077198686502206293e-01
7.087790601889865094e-01
7.107413862357596646e-01
7.115278955788008064e-01
7.127091301520961375e-01
7.142687487642581656e-01
7.155511446034686918e-01
7.172035715357327756e-01
7.182546382153331965e-01
7.193274165339686999e-01
7.208762298733231155e-01
7.220403735576845783e-01
7.235921095121699009e-01
7.243057871508381540e-01
7.262003206495195595e-01
7.274563510187012083e-01
7.287668073841406802e-01
7.304920944300209440e-01
7.316089600929289727e-01
7.329327269140979428e-01
7.340585136352202333e-01
7.357423410151568977e-01
7.366419642678885271e-01
7.375730043882851028e-01
7.387359389095152773e-01
7.402817879546365054e-01
7.418486564825311769e-01
7.427364943331205005e-01
7.440910553342081624e-01
7.458370419145332608e-01
7.465939582453201551e-01
7.472269581261012927e-01
7.482543470603998381e-01
7.494474999368674339e-01
7.510510300981060317e-01
7.529289959520484299e-01
7.541761871093402014e-01
7.552988397614920357e-01
7.560773799080119373e-01
7.573372271343944417e-01
7.583749562641459718e-01
7.595541867009739656e-01
7.612969244547720393e-01
7.622115016601692661e-01
7.629478014682369302e-01
7.641873353002481828e-01
7.651346563427436909e-01
7.663831247165540095e-01
7.679236939274788343e-01
7.695721916571094390e-01
7.704438363176719928e-01
7.715272894033750051e-01
7.726568172208462260e-01
7.740405654556800075e-01
7.748618732212225746e-01
7.763385940152675024e-01
7.772335408769965870e-01
7.784308807955526710e-01
7.790766900012016105e-01
7.801567546875675108e-01
7.817087811269085584e-01
7.825803965626819680e-01
7.834012648229264908e-01
7.847658174295757405e-01
7.858673984703515858e-01
7.869453241729857940e-01
7.884682713742681148e-01
7.892809093137690413e-01
7.906621555248652955e-01
7.916858174765253331e-01
7.924931116405429243e-01
7.934398309002596017e-01
7.943925667609089691e-01
7.954222167841975555e-01
7.966513423351726519e-01
7.977012890562604763e-01
7.985486577107195894e-01
7.998939181294878464e-01
8.007862979978067619e-01
8.023021887653204454e-01
8.031592656797230667e-01
8.037314573044637145e-01
8.047639937451411818e-01
8.059744871577061431e-01
8.069130161480040364e-01
8.078799127061975227e-01
8.088097822866471276e-01
8.095611966950504446e-01
8.106399678317335322e-01
8.120964564842694244e-01
8.134102285153421708e-01
8.143809814556247639e-01
8.151134262124893892e-01
8.160690164678235936e-01
8.171980541788349539e-01
8.176754427875532194e-01
8.190091814985277496e-01
8.200695485921588590e-01
8.208195800968922651e-01
8.222668406857684964e-01
8.232967764419117929e-01
8.239721537855549949e-01
8.246222169922740042e-01
8.258074221014415350e-01
8.268835204443858444e-01
8.281092686699993433e-01
8.291734876527536713e-01
8.296484856317849488e-01
8.304220657419899565e-01
8.314559716835355774e-01
8.321445686641163464e-01
8.336009869490597080e-01
8.348507740111734687e-01
8.356502137867147795e-01
8.362149176187598787e-01
8.368731054697537974e-01
8.379090606396489838e-01
8.389029234550491321e-01
8.397110206752920192e-01
8.412897333471520689e-01
8.421905020957582977e-01
8.423487267220308716e-01
8.434282702601866299e-01
8.447198245861716748e-01
8.453667809581412174e-01
8.464015862309701710e-01
8.466390971931386789e-01
8.472348877094252328e-01
8.483865110833920253e-01
8.492412844481274092e-01
8.500604331050360951e-01
8.512379902496534090e-01
8.524921547053074811e-01
8.533700487547575264e-01
8.538546483955513633e-01
8.547209597638151246e-01
8.563668471811445304e-01
8.574525960028370752e-01
8.578070925924501378e-01
8.582781342659865365e-01
8.580433274652954356e-01
8.586617444377363517e-01
8.583061817138661898e-01
8.596795563382257921e-01
8.623531884809644277e-01
8.656047581395265311e-01
8.677962487980026562e-01
8.693120041045258040e-01
8.679898427551802076e-01
8.651879467650003264e-01
8.633462056592433598e-01
8.627416435021448837e-01
8.647876471232429640e-01
8.687079034014216772e-01
