5.992845633584221732e-01
5.982835806991274596e-01
5.980511754287087811e-01
5.984832575701435342e-01
5.988983342142055744e-01
5.989543204290274092e-01
5.989478508813713686e-01
5.989066337826792763e-01
5.987345773197124688e-01
5.987499372343253468e-01
5.987646677884389534e-01
5.985335191328229332e-01
5.987407194036011848e-01
5.992002711246121605e-01
5.992300536265509070e-01
5.997201701003296304e-01
6.001670334422991582e-01
5.996344876818776592e-01
5.996060172523935972e-01
6.000117568324279116e-01
6.002561624297169107e-01
6.007078347911285476e-01
6.013461715513159778e-01
6.022688005471813488e-01
6.014635931724927609e-01
6.020504404733977299e-01
6.033660917690175651e-01
6.030316671740080237e-01
6.043766283587591603e-01
6.047074997822244891e-01
6.050665104754748835e-01
6.046749967723932251e-01
6.055772140382936763e-01
6.058232762242108382e-01
6.077716436889043505e-01
6.084030893776042337e-01
6.085721518047991774e-01
6.099615320850120259e-01
6.107177522282823956e-01
6.100602873166101059e-01
6.117275394465526706e-01
6.120405964242174868e-01
6.124284374721391533e-01
6.129232498135187557e-01
6.130210985820220282e-01
6.142883444553561834e-01
6.148343735095648244e-01
6.157170828575090349e-01
6.170054599498513426e-01
6.178460357598025698e-01
6.178844483734774462e-01
6.192043984196138329e-01
6.205818354187919716e-01
6.203766831259840409e-01
6.206771522506797645e-01
6.218575816460242267e-01
6.231864711969775650e-01
6.251812949277567588e-01
6.253004863458625495e-01
6.246396308800841179e-01
6.261298096080399889e-01
6.263693964841500206e-01
6.275296938659141732e-01
6.286711594977359985e-01
6.288891606566506809e-01
6.295287126579879322e-01
6.316295964803873009e-01
6.311795236224057026e-01
6.325214281259460281e-01
6.328908086927954590e-01
6.340696067430081628e-01
6.360481667402598793e-01
6.360090930374610041e-01
6.362399162389379415e-01
6.382309630809261947e-01
6.381972144656555823e-01
6.396110425434698987e-01
6.402180829574123377e-01
6.402914208819580066e-01
6.425674458226230401e-01
6.440136362506129197e-01
6.435798023710384008e-01
6.451288083146634600e-01
6.473797090384951769e-01
6.462638974769557842e-01
6.461239846982970159e-01
6.473985407057918362e-01
6.483642301102321426e-01
6.501268853682597992e-01
6.496037416234166084e-01
6.502155461717474827e-01
6.524347434545469948e-01
6.532127709668009707e-01
6.538679196089972612e-01
6.549292182466261991e-01
6.565191267853555113e-01
6.561745729720424025e-01
6.581795379631507625e-01
6.578705801422993771e-01
6.589289689463071475e-01
6.600198577323507232e-01
6.614758983255932812e-01
6.615388736625498201e-01
6.624314467791820871e-01
6.627624137551323402e-01
6.642222988296800912e-01
6.652809928116586446e-01
6.654378736245836201e-01
6.672266459810805017e-01
6.670195806515785142e-01
6.679101053452268788e-01
6.683679386314519411e-01
6.690335140675891523e-01
6.706493884238975411e-01
6.720644187031763472e-01
6.715543664828466097e-01
6.728699949358747379e-01
6.741490164421954923e-01
6.744704089177731010e-01
6.751670446478974519e-01
6.768965049894029029e-01
6.769365359379907465e-01
6.777987911503209340e-01
6.789607406483634255e-01
6.801826022315639042e-01
6.808127056420022472e-01
6.820174290490921276e-01
6.823512462151771762e-01
6.833103663806125994e-01
6.840495129593483492e-01
6.844523248444113195e-01
6.859715005420574663e-01
6.862941561730115936e-01
6.867207289562604622e-01
6.874324571912748816e-01
6.892198499771480247e-01
6.892794768215045886e-01
6.903253924864458657e-01
6.924453738256876045e-01
6.921198510111059576e-01
6.929038112454223297e-01
6.943273222867706318e-01
6.948162108635638212e-01
6.957771362064195664e-01
6.962008137943194175e-01
6.966445008743269440e-01
6.979474428307690381e-01
6.989550712747778505e-01
7.005565796971534587e-01
7.002101335564634432e-01
7.009300689763614534e-01
7.010063082889782526e-01
7.022733422155654770e-01
7.031514216549765717e-01
7.031211104029764236e-01
7.050883494867268286e-01
7.052990000588853503e-01
7.061993987007008089e-01
7.067838496544969207e-01
7.078884808326000311e-01
7.082577356648190881e-01
7.091477314598653159e-01
7.100602299137313000e-01
7.110085376853914063e-01
7.125483721933204562e-01
7.126105648118228331e-01
7.127164660485832970e-01
7.137498226203961016e-01
7.146872100023107244e-01
7.150153811616034583e-01
7.162844178189147204e-01
7.174701229972848537e-01
7.174850669122152524e-01
7.182409290532865143e-01
7.192846624513441478e-01
7.198070376504809298e-01
7.205804100904270593e-01
7.214988783824968221e-01
7.216830588818732295e-01
7.224811126355110691e-01
7.234872466865680529e-01
7.238526477852958996e-01
7.249944385509274891e-01
7.261253220760202076e-01
7.264027804187732640e-01
7.269653484532835330e-01
7.273827600926487946e-01
7.283029581095938898e-01
7.288581852125346483e-01
7.302162753705769838e-01
7.311464236270964756e-01
7.308678848631422476e-01
7.320056293323328189e-01
7.327410989349047998e-01
7.332124555720550552e-01
7.338151976918595443e-01
7.353219375515375189e-01
7.356087014515455547e-01
7.363219855807346947e-01
7.365499053636038740e-01
7.377130490600175561e-01
7.383007637488105956e-01
7.387663400093141819e-01
7.395516525510553718e-01
7.401335705675669008e-01
7.405110534898409202e-01
7.414150579129729079e-01
7.420584321188686827e-01
7.431397728542747938e-01
7.435196749714940712e-01
7.441195643701802309e-01
7.454946233434344149e-01
7.456812647641863911e-01
7.460581602860709705e-01
7.473672292102355730e-01
7.480858508216967628e-01
7.484963762929285336e-01
7.487291345149519328e-01
7.497050088169312509e-01
7.504474773772915608e-01
7.506176207939496692e-01
7.513076323276121071e-01
7.527622876793151896e-01
7.529116609224605350e-01
7.532270505979878905e-01
7.544360744129945395e-01
7.549236046184013560e-01
7.554289160028854200e-01
7.561670508362411391e-01
7.568028725048597805e-01
7.574242198593084119e-01
7.577806787281184953e-01
7.586426397691257151e-01
7.596259910047276076e-01
7.598495562445769513e-01
7.606771105047773762e-01
7.612154759222343747e-01
7.616830991586920341e-01
7.624520164853438864e-01
7.632554478227164818e-01
7.636924744674609133e-01
7.640226335626283394e-01
7.649655448193337648e-01
7.655362829060347041e-01
7.661422625777349893e-01
7.668159198649676656e-01
7.675212449847730323e-01
7.678786215052474384e-01
7.681700652050085232e-01
7.688686979044111469e-01
7.693703229830982648e-01
7.699517526319051841e-01
7.706651194203771871e-01
7.711155296378160440e-01
7.718925147779104323e-01
7.727741367771033820e-01
7.731523165051612523e-01
7.736432265292149113e-01
7.747232454517893885e-01
7.751492263625351375e-01
7.753052358736470806e-01
7.759939726188836984e-01
7.767887750728525997e-01
7.773925372332548545e-01
7.779546578087915831e-01
7.785899408020386936e-01
7.791002706666185773e-01
7.795218378389543457e-01
7.798759620337121223e-01
7.807458648031445625e-01
7.813670318993182207e-01
7.817829102912620121e-01
7.823499993457003754e-01
7.828004379097737164e-01
7.833452356778916048e-01
7.841466778275325566e-01
7.845543859156990374e-01
7.849568362327142834e-01
7.858591632877696131e-01
7.862970299063887225e-01
7.868735515548870296e-01
7.872998844757733705e-01
7.877128782230330417e-01
7.884122192774957183e-01
7.890262407400432387e-01
7.891838508993742618e-01
7.894505552008372895e-01
7.904817533055421563e-01
7.911167016355298287e-01
7.911657671064321606e-01
7.916846933134596975e-01
7.922010029088477623e-01
7.926514673004002587e-01
7.934532610187475798e-01
7.940144217091956724e-01
7.946328778793700920e-01
7.951381566090202080e-01
7.955228326906252923e-01
7.963292177621064116e-01
7.968294508554265576e-01
7.969328506185553440e-01
7.972858701734913955e-01
7.979936343005897825e-01
7.985678053361224826e-01
7.988368589216706672e-01
7.992892472988216701e-01
7.999589636515495039e-01
8.005149392032366862e-01
8.008383690286625667e-01
8.011817064071291572e-01
8.020274211808013920e-01
8.027461626661637206e-01
8.027243470995694130e-01
8.031382828752048342e-01
8.037275216647269405e-01
8.040490132565005776e-01
8.043857613434137743e-01
8.049396996259988724e-01
8.054390969730232941e-01
8.060903597041287894e-01
8.067298479507511999e-01
8.069704228207360552e-01
8.073326996475540529e-01
8.076511612944247132e-01
8.081088395729442153e-01
8.087738119192039443e-01
8.094010776971299892e-01
8.099101999845349509e-01
8.101229038398932714e-01
8.104916712570954251e-01
8.109705455009585950e-01
8.113115075774885998e-01
8.118542468163325587e-01
8.122625111833727818e-01
8.126201911248390752e-01
8.130071748436895618e-01
8.136901893797587881e-01
8.139525099495912297e-01
8.143176825146772879e-01
8.148837675945030945e-01
8.153142957067922580e-01
8.157725701887196257e-01
8.163058584351533531e-01
8.165530779736924760e-01
8.167320320018295332e-01
8.173217089813198388e-01
8.179579486420585077e-01
8.183944196200912957e-01
8.186842210031867184e-01
8.189494397130087089e-01
8.193565153118851363e-01
8.199570226297896447e-01
8.201225848275192076e-01
8.201515144045217198e-01
8.207128836090418211e-01
8.212194590808834516e-01
8.216228401697346362e-01
8.219489561086115170e-01
8.222156171368050215e-01
8.228496888049275926e-01
8.233674603710724460e-01
8.234521529186805688e-01
8.237107176263838149e-01
8.240979113736607298e-01
8.243559993955981158e-01
8.247644383482434227e-01
8.252373358551164939e-01
8.257435144931352111e-01
8.262704992316077801e-01
8.265684028862865240e-01
8.268412670863832803e-01
8.268844834350146389e-01
8.275868141680837731e-01
8.278944235524806627e-01
8.284209504791668621e-01
8.288239097991870752e-01
8.291701658127773600e-01
8.293920401958608801e-01
8.297847959340713953e-01
8.299528497828759788e-01
8.303443661279433785e-01
8.306067457512616992e-01
8.309081120451961011e-01
8.311642023734492346e-01
8.314762333182641463e-01
8.317897978823780569e-01
8.321324563185830137e-01
8.323188593917530964e-01
8.326836143823267422e-01
8.328627399252869212e-01
8.332947976161004799e-01
8.336963712507150515e-01
8.340947323112473111e-01
8.345313793159669924e-01
8.347310911346653706e-01
8.348420967417783389e-01
8.353711724820338524e-01
8.356077610208144657e-01
8.359821592945992919e-01
8.361838834873464021e-01
8.365963489511187845e-01
8.368407533756270222e-01
8.369943234816114019e-01
8.373012677342495103e-01
8.376031304673330347e-01
8.376508037213379332e-01
8.382197783983564854e-01
8.385979910057612674e-01
8.387745123465712993e-01
8.389103247945181030e-01
8.391160515288423882e-01
8.394859525618992846e-01
8.396454286279451118e-01
8.398555712599481415e-01
8.401932968407611613e-01
8.406581499547474134e-01
8.406317603359378943e-01
8.409396236017727677e-01
8.410670167581634216e-01
8.413819358638211510e-01
8.416845530654194496e-01
8.419357293756740690e-01
8.420725354219754655e-01
8.422122258372375381e-01
8.426913746379572911e-01
8.427412719936772101e-01
8.432188402085348811e-01
8.432737924597438761e-01
8.434516780866815333e-01
8.436104204520389338e-01
8.437600599192142115e-01
8.440853566710905254e-01
8.445150033372932352e-01
8.446198276282838036e-01
8.446698870489981470e-01
8.451407806533940414e-01
8.452514655672309640e-01
8.454135134739015900e-01
8.455915619651065418e-01
8.458259451133328666e-01
8.456907361536292189e-01
8.460804170748533748e-01
8.461656555627586895e-01
8.463141462860125364e-01
8.466723965651493655e-01
8.466908818506747592e-01
8.470262024260697409e-01
8.474238775667233270e-01
8.477317167102010886e-01
8.477971186729854614e-01
8.479455821984714925e-01
8.479911622704314755e-01
8.480223837453358948e-01
8.481390794261165489e-01
8.485635536044869864e-01
8.484857727962155094e-01
8.487748511491765013e-01
8.487381589482072552e-01
8.489579289705218024e-01
8.489708209953567009e-01
8.492240668638575407e-01
8.494877168130714473e-01
8.496267262861330050e-01
8.495642809189017930e-01
8.497835107668691990e-01
8.501780097861220131e-01
8.502195562156263930e-01
8.503580008216867769e-01
8.502693187720715695e-01
8.503894936751137390e-01
8.505702667652945692e-01
8.505130701674867844e-01
8.505526157613831906e-01
8.505426371762467852e-01
8.506222949122572707e-01
8.511915933609747187e-01
8.511324392199206557e-01
8.512104351874382191e-01
8.512477745779665206e-01
8.515120427574920381e-01
8.515647349811442668e-01
8.515412238915008869e-01
8.517353244516356892e-01
8.515218529763118882e-01
8.515339118094314985e-01
8.516104671692736883e-01
8.517698866668712565e-01
8.517461286265536335e-01
8.520106584978935915e-01
8.518975053166780720e-01
8.522961470642358428e-01
8.518479621380212752e-01
8.519214838722823924e-01
8.519027560721131875e-01
8.521728044543580571e-01
8.524675688472731494e-01
8.526184401044174521e-01
8.523958529618265167e-01
8.519184748696436715e-01
8.514586545154441133e-01
8.510986281423790212e-01
8.512638601205162470e-01
8.520197608628404806e-01
8.533616815791756904e-01
8.542865691454569754e-01
8.540351702536481682e-01
8.531629819250785562e-01
8.513370713829131464e-01
8.499814044130330482e-01
8.492594530605482861e-01
8.495952145574453551e-01
8.512941296448519601e-01
