1.811539614409303500e-02
1.607172632927931014e-02
1.554555454605835267e-02
1.554159031303257651e-02
1.505601158427847912e-02
1.472266395859814746e-02
1.341352289348456128e-02
1.293870147185782922e-02
1.286793016056657010e-02
1.349848232011110344e-02
1.465267995790862747e-02
1.297342445819443107e-02
1.411578372930937485e-02
1.689577140234298225e-02
1.635355935066739805e-02
1.930021489747752936e-02
2.214231970067040770e-02
1.936767336731647776e-02
1.978923662178314058e-02
2.290142300341273252e-02
2.539262003326691122e-02
2.780637771976360653e-02
3.237261782300897978e-02
3.650653425919251488e-02
3.246065964472277798e-02
3.596199979264642216e-02
4.277942294705652099e-02
4.324695826846118585e-02
5.086603797493419177e-02
5.180733908752391259e-02
5.496564807356325161e-02
5.612176545239942055e-02
6.106846093224665289e-02
6.044521452882934548e-02
6.851832279521435920e-02
7.320855141287509193e-02
7.705250623314992275e-02
8.296172517554917247e-02
8.539146347290620109e-02
8.561615432922214941e-02
9.258388941173301134e-02
9.518874748392694429e-02
9.868417612019300678e-02
1.022340740306983825e-01
1.047885243402969374e-01
1.103349749972845351e-01
1.142415645508632477e-01
1.181511680239435563e-01
1.216358298532171228e-01
1.289098842121953747e-01
1.305840978406662412e-01
1.337839478101158497e-01
1.398439588457223159e-01
1.394415385324012102e-01
1.442971401687196398e-01
1.514855592554887609e-01
1.565262254854418444e-01
1.612084214825189599e-01
1.649364944237978747e-01
1.669149198961531189e-01
1.715392277433121782e-01
1.745838959396617540e-01
1.814158865279722477e-01
1.826698208898905051e-01
1.879084709658027652e-01
1.927964280584080481e-01
1.946029279887554475e-01
1.987737676619334704e-01
2.030842904976902230e-01
2.062588878477465137e-01
2.086887783451070177e-01
2.158828914515169006e-01
2.200358101250164400e-01
2.199372506871346000e-01
2.281137376640911540e-01
2.306428599881299446e-01
2.348318155317369316e-01
2.372972698005728909e-01
2.409451763761387699e-01
2.439903673423337582e-01
2.489243392484581929e-01
2.524913461712167684e-01
2.560904143466553040e-01
2.614833484487393833e-01
2.650199849279983311e-01
2.698425761256489364e-01
2.732375581020293764e-01
2.762918058191829451e-01
2.799951396195206610e-01
2.830499565554131514e-01
2.872984943475996866e-01
2.920349554264701220e-01
2.957133711146243127e-01
2.981820361171603206e-01
3.020478356740630699e-01
3.046795208553288448e-01
3.076321142552542187e-01
3.120866813845116217e-01
3.148803000797533724e-01
3.200767440755449833e-01
3.257599100567914463e-01
3.270907246520470824e-01
3.309533389107248702e-01
3.344819451466227167e-01
3.381253467180770356e-01
3.393112737149185376e-01
3.433282298066281935e-01
3.479400724623510355e-01
3.518966734909805272e-01
3.551507605641747167e-01
3.567774789540548164e-01
3.600801156118179081e-01
3.634366710783351051e-01
3.673692039643883800e-01
3.702095177347776156e-01
3.734333365038641772e-01
3.782491362334697294e-01
3.809346604246022783e-01
3.836278046682651266e-01
3.866052976712572864e-01
3.893773935715593160e-01
3.923933913308782495e-01
3.981014565696636143e-01
3.994525534669262634e-01
4.021422604301430614e-01
4.059642771753660395e-01
4.083135388181646785e-01
4.114712311463554761e-01
4.153146592005731996e-01
4.176043410920954324e-01
4.216824887031533353e-01
4.242481749371772581e-01
4.258344828141308880e-01
4.298181066994776200e-01
4.322168926890961327e-01
4.360358018577288886e-01
4.380654474983907143e-01
4.412449467759608779e-01
4.440230236222233451e-01
4.471965575613892074e-01
4.498077163404505807e-01
4.526220374445430461e-01
4.556679655022602415e-01
4.590808776000611657e-01
4.611099876722253299e-01
4.643527616591889839e-01
4.668121923369962789e-01
4.688777149414382062e-01
4.718243942434621196e-01
4.745537646213663363e-01
4.769810140153104006e-01
4.794608369682776261e-01
4.829803378068882047e-01
4.855483345366137238e-01
4.876965165895255638e-01
4.900153712882427404e-01
4.925876133812233104e-01
4.952667723550489010e-01
4.988353338058665321e-01
5.011645358602830891e-01
5.035756066137172526e-01
5.063911950189318167e-01
5.080865802078329274e-01
5.101117666576360232e-01
5.122009704972390054e-01
5.146902175556511416e-01
5.183711136664015395e-01
5.208756016968763003e-01
5.238969782006404063e-01
5.257993887945441314e-01
5.276548043108011399e-01
5.292724273762714482e-01
5.327716019925665680e-01
5.350871250484252606e-01
5.371740431406434313e-01
5.397370472569075206e-01
5.414951944885814106e-01
5.442093499002605972e-01
5.468980838582632176e-01
5.494027861970548487e-01
5.514667715570512607e-01
5.530749127658534103e-01
5.555678760296423047e-01
5.581327752510294449e-01
5.601620028552298791e-01
5.623579390400995637e-01
5.641075125731833673e-01
5.664007258483145790e-01
5.690349120186035670e-01
5.703786667989458881e-01
5.730119066032988151e-01
5.755639152146152515e-01
5.770423756106095592e-01
5.799468931166197327e-01
5.817960151094195842e-01
5.830870816413673552e-01
5.860395435718401824e-01
5.872690517987867453e-01
5.898198192937587070e-01
5.909131556201167035e-01
5.934974409699436126e-01
5.960065481798464404e-01
5.970868044309819433e-01
5.996394964979965270e-01
6.014034446732501316e-01
6.036587424844417349e-01
6.063247353174623377e-01
6.087487477515093337e-01
6.097015772380447451e-01
6.120758827020758019e-01
6.134876346096493904e-01
6.152813847132551084e-01
6.176857564870780193e-01
6.188871456246483049e-01
6.208826622661203221e-01
6.232539775420092854e-01
6.250097237880968271e-01
6.268636273376455570e-01
6.288130000870399972e-01
6.300487025709423650e-01
6.308988232266723450e-01
6.337153309154736069e-01
6.359470861869821467e-01
6.369180323097274332e-01
6.388802560469073466e-01
6.403565685537637719e-01
6.414761609570031053e-01
6.433884628830476293e-01
6.463275733723706784e-01
6.478587841303451444e-01
6.498848252678670612e-01
6.512158788197330850e-01
6.529748949350859810e-01
6.542073719541561250e-01
6.563890644288803422e-01
6.577565184004936505e-01
6.588641836888402548e-01
6.612123606647447582e-01
6.632726402052695480e-01
6.648734817304817746e-01
6.658128375158175460e-01
6.678412148785811686e-01
6.698244491682432411e-01
6.711925132854161813e-01
6.722632317417418513e-01
6.739442705943459178e-01
6.757204081040829591e-01
6.769801771655937772e-01
6.790882909434269310e-01
6.804513223371284614e-01
6.817706334012149094e-01
6.838737736218089003e-01
6.853790438569924426e-01
6.865831049592224788e-01
6.880993608589554000e-01
6.901708052668407145e-01
6.914117385602270849e-01
6.924608487618632013e-01
6.936122795176928868e-01
6.957697696479229199e-01
6.969087677141857506e-01
6.982005463727715133e-01
7.002673610838615614e-01
7.019628337575539723e-01
7.028719746536898905e-01
7.039034050494741290e-01
7.057460752095602308e-01
7.066023293751031442e-01
7.081317701107259222e-01
7.100984124997363756e-01
7.109354512777258384e-01
7.128989194012738118e-01
7.135222240475271871e-01
7.153973797972525972e-01
7.171775404141352839e-01
7.178682544959674727e-01
7.190741361867261094e-01
7.208283722924535564e-01
7.221069141190501472e-01
7.230122802368037505e-01
7.245857961047127427e-01
7.252096190885096716e-01
7.269839357829066540e-01
7.284119111817816128e-01
7.292969858460088828e-01
7.307940480039084585e-01
7.323346890724234948e-01
7.336049900127901147e-01
7.343452045553717777e-01
7.359507659744646269e-01
7.372107673828948160e-01
7.386866608763937858e-01
7.397516366185352688e-01
7.415175156021512892e-01
7.422064486915221915e-01
7.433836102477237029e-01
7.442189039623265945e-01
7.460214795754890327e-01
7.471378085916952072e-01
7.480258870643073932e-01
7.499810253218645029e-01
7.506147629947409472e-01
7.514860612510770865e-01
7.537330508809310103e-01
7.540525446217752892e-01
7.557257106154574577e-01
7.570167643362156751e-01
7.576326187298931814e-01
7.593179426704687041e-01
7.600706133512866725e-01
7.612008860456838111e-01
7.623717631373971848e-01
7.637537379535090931e-01
7.644252957476905808e-01
7.653051775517221156e-01
7.666011552493589010e-01
7.678892282366766020e-01
7.690869188054034744e-01
7.699552009889455428e-01
7.707917922611083883e-01
7.723711947357374541e-01
7.735593975902662622e-01
7.743349304104664155e-01
7.756855139020628620e-01
7.761072082192211896e-01
7.776329904897161249e-01
7.785204194798371891e-01
7.793135537790276679e-01
7.807741473076343919e-01
7.819650774058156673e-01
7.829380157780445604e-01
7.839449464050959326e-01
7.847455681593110688e-01
7.858815277070891891e-01
7.869413371863046569e-01
7.880662831143329106e-01
7.892233938042625407e-01
7.900317777622909432e-01
7.906162722258724962e-01
7.918329750011402490e-01
7.929065068679294059e-01
7.939260927329516715e-01
7.946372892481534667e-01
7.952591780346827122e-01
7.965074834357372957e-01
7.980291102721959184e-01
7.988557606659065780e-01
7.991215802386187894e-01
8.010521440530545823e-01
8.016958507167839532e-01
8.023864601383210449e-01
8.033877426086141194e-01
8.042327141799661128e-01
8.050778756771924671e-01
8.063637798668817913e-01
8.074315380458376712e-01
8.078759089326200682e-01
8.089672277887275387e-01
8.095552278099280574e-01
8.107732761630294105e-01
8.118157849814247040e-01
8.124807026353526584e-01
8.130909836573633198e-01
8.143163654027305576e-01
8.151284733059434018e-01
8.157292169657621717e-01
8.166898349021119996e-01
8.173898827597001482e-01
8.185381578588309948e-01
8.189610456758209533e-01
8.202527884973082051e-01
8.211436602214188252e-01
8.217058561180951015e-01
8.232119310544571134e-01
8.241181543095070783e-01
8.244722194965155015e-01
8.249955870467080565e-01
8.260344212024162136e-01
8.269546575442250358e-01
8.275253113647985659e-01
8.291199724379638702e-01
8.296637816672124410e-01
8.303509168567317911e-01
8.309971429737054160e-01
8.320800287618856927e-01
8.329708552460349802e-01
8.340858849335910374e-01
8.341599361426177417e-01
8.352491479435958377e-01
8.360935096235997399e-01
8.370994718576345583e-01
8.373689011541033400e-01
8.382934092500847756e-01
8.388792644769276219e-01
8.395481757594969174e-01
8.407614219401601252e-01
8.414474219913644637e-01
8.421239341336059780e-01
8.428911731928339091e-01
8.439262532462495914e-01
8.442481565911164054e-01
8.447787020415877812e-01
8.457945424328860984e-01
8.465348274167390219e-01
8.476370481409918334e-01
8.484153267081170346e-01
8.483026710402622461e-01
8.494728699242339864e-01
8.502732853563113036e-01
8.513601573455070737e-01
8.521282239214929000e-01
8.526713405162783532e-01
8.531186633232210603e-01
8.540496572290362520e-01
8.545360736908753641e-01
8.556011663090988817e-01
8.560058423366566638e-01
8.569430836337557089e-01
8.575451454959064357e-01
8.584053468601612336e-01
8.593520227079364249e-01
8.591551566887758451e-01
8.603675723777451934e-01
8.614589280584747932e-01
8.618891194948031798e-01
8.623532018936382881e-01
8.629559828581784275e-01
8.635839653043757558e-01
8.648484478486231364e-01
8.652702448585301021e-01
8.660039207490748403e-01
8.664110098667275883e-01
8.669643343490620602e-01
8.679671888160216398e-01
8.684476621460202050e-01
8.695853717481955014e-01
8.697895794329697505e-01
8.702676736089774989e-01
8.708289556366061168e-01
8.716490797675143787e-01
8.726599957518820228e-01
8.733164205504226896e-01
8.736251904791147993e-01
8.743862814884189039e-01
8.743394716668067002e-01
8.752500804738743145e-01
8.764994115098303507e-01
8.769409128297114275e-01
8.771694806160970082e-01
8.782374240142106769e-01
8.790214318267003391e-01
8.796883607087250256e-01
8.797680000908294495e-01
8.808207772513688694e-01
8.814144062208566499e-01
8.820114201642170748e-01
8.827977952502137349e-01
8.836191772180460591e-01
8.839184436418705548e-01
8.844166120577193757e-01
8.848899924489619373e-01
8.854760940485446596e-01
8.864680401617497374e-01
8.867446515422011677e-01
8.875927165012362785e-01
8.877674254083802730e-01
8.884807166719038696e-01
8.889086949893836298e-01
8.894633315883707647e-01
8.902607631019772150e-01
8.907524286518482270e-01
8.916434228637187820e-01
8.920709345697342973e-01
8.924788127849582198e-01
8.929548442021939536e-01
8.937265214157773530e-01
8.938808491146781332e-01
8.949802782556776082e-01
8.949771455444026635e-01
8.958354420039698063e-01
8.965847613845826514e-01
8.970720283438524678e-01
8.975995095435286286e-01
8.979934342107647183e-01
8.986283697630564893e-01
8.988464173496604204e-01
8.996924990789401111e-01
9.003550663101246299e-01
9.005586814119033168e-01
9.014628422270224428e-01
9.017552356899617427e-01
9.021650891418468987e-01
9.024184161054066289e-01
9.032301453209218289e-01
9.042780533410881283e-01
9.052746018838430109e-01
9.058424705167373858e-01
9.063128808088921629e-01
9.059544041980517326e-01
9.060241453442244852e-01
9.059293653319480111e-01
9.059597152147388366e-01
9.078851932702878269e-01
9.095605228778126383e-01
9.113593157402081202e-01
9.123357587116117662e-01
9.117182263655644325e-01
9.106923597953773264e-01
9.092310393830058679e-01
9.087533130392280167e-01
9.099971925264835892e-01
9.122586445383090714e-01
