1.004896432896108284e-02
8.023007521411553225e-03
7.528077381945342747e-03
8.111005314662881813e-03
8.516607112064328994e-03
8.480790698580254611e-03
8.045714506172536862e-03
7.854214965717601360e-03
7.626980164312058968e-03
7.882022734246511494e-03
8.332504825884726185e-03
7.471199295634311718e-03
8.159995746482223006e-03
9.787209538601347389e-03
9.657819463141016636e-03
1.146509005189343122e-02
1.316153541346099659e-02
1.131445724378455850e-02
1.151938045429709394e-02
1.330450566222890485e-02
1.453684006431539728e-02
1.622488894805611606e-02
1.872556332055937828e-02
2.190913299749880014e-02
1.898215629833632789e-02
2.115364553845378026e-02
2.594021040981239062e-02
2.526725714294948341e-02
3.032726659471182695e-02
3.143176001410202119e-02
3.309195663644370899e-02
3.234667168872550763e-02
3.574733111766190130e-02
3.607084300239147417e-02
4.283315814338830435e-02
4.544973014244930998e-02
4.669064712778769194e-02
5.149954578057825555e-02
5.380065327447670215e-02
5.242556820195744954e-02
5.809372282269771592e-02
5.946858992086575396e-02
6.133877697642998311e-02
6.360249446912485949e-02
6.450380550062879970e-02
6.821780479857346424e-02
7.011352932054053244e-02
7.371027502224605787e-02
7.785789567489641294e-02
8.165625145728949708e-02
8.217375003236672415e-02
8.588608032254177460e-02
9.063722229264092878e-02
9.001483394751698397e-02
9.193834202975770253e-02
9.766196985248326579e-02
1.017540271158921539e-01
1.063817060101896333e-01
1.082872719887499474e-01
1.080143875730732728e-01
1.117828869113066947e-01
1.136871287313997864e-01
1.180120063647873835e-01
1.208582079911539736e-01
1.225496294521058738e-01
1.276171659432521477e-01
1.302379806510253479e-01
1.302667928966473876e-01
1.341437818632405521e-01
1.372512052582745001e-01
1.399966552020846799e-01
1.461202533967179140e-01
1.478360062999949653e-01
1.482410977818643671e-01
1.547686054504741060e-01
1.561899312223919978e-01
1.599257543455437081e-01
1.625430294649980456e-01
1.626828561131097584e-01
1.678745213308177053e-01
1.724022348339676602e-01
1.747396666770992257e-01
1.787844213217435196e-01
1.843322292231668325e-01
1.840308019289083052e-01
1.854497064970636877e-01
1.897225411978903098e-01
1.929155456577981154e-01
1.976263315041366375e-01
1.980364261032541984e-01
2.003632586057692566e-01
2.056018048348672300e-01
2.086004410863198100e-01
2.103233087961742520e-01
2.133420941260388559e-01
2.180916985774122019e-01
2.199062839379199719e-01
2.246544793133118667e-01
2.249873856295879215e-01
2.293019494301740124e-01
2.312461972623096051e-01
2.360800520442540296e-01
2.374350746553862967e-01
2.422133725090216683e-01
2.435639129888503007e-01
2.443127769189298026e-01
2.499711823844014136e-01
2.512298297452398299e-01
2.550993156179190424e-01
2.569844695820205915e-01
2.598499829986675169e-01
2.625146409607321818e-01
2.649148331907423826e-01
2.698182081587473524e-01
2.734813495552145257e-01
2.731183867266985810e-01
2.774209301927688109e-01
2.822639430200574728e-01
2.846370230648920252e-01
2.858327609106262046e-01
2.890019027353071257e-01
2.912986427279736779e-01
2.940057267082523684e-01
2.960846695448920429e-01
3.011305174096651771e-01
3.048101197152483510e-01
3.070670990708827541e-01
3.082870724010552954e-01
3.114312419693602285e-01
3.152747620950521745e-01
3.164313199242670405e-01
3.198699173474627289e-01
3.234924858271897574e-01
3.247885153376447454e-01
3.261635893506572015e-01
3.314652753298871213e-01
3.344273064101967452e-01
3.367374954524739450e-01
3.396789820183367947e-01
3.412530578841532769e-01
3.446887749912194709e-01
3.470146824680241937e-01
3.502162853317344338e-01
3.537178036759965338e-01
3.554330639331921282e-01
3.581517002657554904e-01
3.606142582570404653e-01
3.638837705015113277e-01
3.674550519242547053e-01
3.692042356104782708e-01
3.708742399425722369e-01
3.742053949947533042e-01
3.760720315945777492e-01
3.783464718703214436e-01
3.823065504473802112e-01
3.847989746006663658e-01
3.859411722657901112e-01
3.886538206621021896e-01
3.937232268054959849e-01
3.951516567166724614e-01
3.982006908077009855e-01
4.002816803180750393e-01
4.024768512608819515e-01
4.050366206735136476e-01
4.077088600218348735e-01
4.107371573672946585e-01
4.133208396686529063e-01
4.153924237508939132e-01
4.172095295648354796e-01
4.192217440417835839e-01
4.228008006930622509e-01
4.269885814573969873e-01
4.278153441696880832e-01
4.306138051251335308e-01
4.331061039195665541e-01
4.348698085608931896e-01
4.375979593176330673e-01
4.399910407769762610e-01
4.422146528439270807e-01
4.444316447578605667e-01
4.465690176082398599e-01
4.490566856462409606e-01
4.518412796300085299e-01
4.545747472708003278e-01
4.559093101139790050e-01
4.587656037852058111e-01
4.614371281520809887e-01
4.639090047684972795e-01
4.665177557894444327e-01
4.678499535032456524e-01
4.709111473432564532e-01
4.716710227565663049e-01
4.746771777218998789e-01
4.780784081464817814e-01
4.792659282105626861e-01
4.823106777852795846e-01
4.842983815893895372e-01
4.876219383312314637e-01
4.889082229609488794e-01
4.919361914241830447e-01
4.938729731020694014e-01
4.947749998831310059e-01
4.979175666439115688e-01
5.003462669245418715e-01
5.020574246788985784e-01
5.043790353069096399e-01
5.071179452270315746e-01
5.086553592302126559e-01
5.118190151115318276e-01
5.134153656831788037e-01
5.157230114757705985e-01
5.169642309729003404e-01
5.189759410246884697e-01
5.222740605472044884e-01
5.237351146340715191e-01
5.262451264759621106e-01
5.286253842535222347e-01
5.302836787955098607e-01
5.322702404768414608e-01
5.351029611936529706e-01
5.379208041868869250e-01
5.397411402251850454e-01
5.417701937737446904e-01
5.429484641926518584e-01
5.458712600799686676e-01
5.477101488004703089e-01
5.499882644755542671e-01
5.525070213516170003e-01
5.541256440554078733e-01
5.556168704821615734e-01
5.581483164348687298e-01
5.600505924714812567e-01
5.617967124916757315e-01
5.643349618088400188e-01
5.665484737050312525e-01
5.678640905881302547e-01
5.693352831869069597e-01
5.715368932767964649e-01
5.743770500483377228e-01
5.762475270543288008e-01
5.782913236984571492e-01
5.800292668702630161e-01
5.818154587416597412e-01
5.841247220855964040e-01
5.862165855518222113e-01
5.882891307811365378e-01
5.901730162218165043e-01
5.920557979226332979e-01
5.934255044853844474e-01
5.959493170032488241e-01
5.974832124790745436e-01
5.989416904560026511e-01
6.009367405632497494e-01
6.031113904796625569e-01
6.053312543485701580e-01
6.071885504006903078e-01
6.092256571827169287e-01
6.104362083886486490e-01
6.127959092169570354e-01
6.148367583165050831e-01
6.163533546348919367e-01
6.179093275978009281e-01
6.198876925770091528e-01
6.221260408556005261e-01
6.242158608562946576e-01
6.265457922121457912e-01
6.282071029254947536e-01
6.296914969964308995e-01
6.314135407609948736e-01
6.332260382549218525e-01
6.352374537795699716e-01
6.373069215724033176e-01
6.385098287723829369e-01
6.407700789500726524e-01
6.420888068167071028e-01
6.428804251429702799e-01
6.455086729348207264e-01
6.479878740952118577e-01
6.495530160796605390e-01
6.506606865071564716e-01
6.526681950651902486e-01
6.547305262417375538e-01
6.565411977410750000e-01
6.578040635028697958e-01
6.588537675463386201e-01
6.613510341222135214e-01
6.632525889466808211e-01
6.648679585079948495e-01
6.658630870966574244e-01
6.678738090494349411e-01
6.699249084608116522e-01
6.712149041291010088e-01
6.730245913955807957e-01
6.758238935750762177e-01
6.763870703531017492e-01
6.772623786150407943e-01
6.792166830179531267e-01
6.812666965651250628e-01
6.830424049513191820e-01
6.848145202874463822e-01
6.864061638728489179e-01
6.878961025946851437e-01
6.899244667315227453e-01
6.914887460221078586e-01
6.930210261569306196e-01
6.942336610183750256e-01
6.954876030861177894e-01
6.969927537080009561e-01
6.990058466568755957e-01
7.002826039709542094e-01
7.015828019630520052e-01
7.035458123844885447e-01
7.052850991032986183e-01
7.065640536470592092e-01
7.077531109596536529e-01
7.099806220286035696e-01
7.121547003139564458e-01
7.143068654922036798e-01
7.151145835158174702e-01
7.160789662259344768e-01
7.172505272260650822e-01
7.185948274328982643e-01
7.210380390137115514e-01
7.223888839621622759e-01
7.235628592654390623e-01
7.253886746122129026e-01
7.271813764220373955e-01
7.288424947398293163e-01
7.296522408432956075e-01
7.301946591382160179e-01
7.323788118159596516e-01
7.341068542593494062e-01
7.353563490579894113e-01
7.363712763002839834e-01
7.380551942964518330e-01
7.393436239184449921e-01
7.409227492841923279e-01
7.422123215009915898e-01
7.435374734828879006e-01
7.447976835741415558e-01
7.467181498241779458e-01
7.480615322765205022e-01
7.492587548003922793e-01
7.511443990729961273e-01
7.520145961670062773e-01
7.537346743729794740e-01
7.546467333912059150e-01
7.562215908298537403e-01
7.574160225926330758e-01
7.593836093575875301e-01
7.606566746985083949e-01
7.622058312648083422e-01
7.636728289521157453e-01
7.645702304178431108e-01
7.661641156788380203e-01
7.675430299590827454e-01
7.686349973932502522e-01
7.697435113554462749e-01
7.708773570552164278e-01
7.728369828272875219e-01
7.739930510937987895e-01
7.755406582337625032e-01
7.764384501173092756e-01
7.777061738992456785e-01
7.793650877857315473e-01
7.811455266137479203e-01
7.817978250354873371e-01
7.824626904423016560e-01
7.840348313851722706e-01
7.852538358137188812e-01
7.866834398451283406e-01
7.881040711590068248e-01
7.895552592078103338e-01
7.910519705012982739e-01
7.929035703383526812e-01
7.932677826456914216e-01
7.946973547486235745e-01
7.958006966285519068e-01
7.970826926262039036e-01
7.982665782226520124e-01
7.998267879754934473e-01
8.009413193317730384e-01
8.019691916403179910e-01
8.036220774652701460e-01
8.044608686506109496e-01
8.059026938933228079e-01
8.068267526228548592e-01
8.079514767913106299e-01
8.090337641083904519e-01
8.104910866297971861e-01
8.113754817408469489e-01
8.124251304684193542e-01
8.138042337354545186e-01
8.154478702693961356e-01
8.165920658988895520e-01
8.173195772142548554e-01
8.188338249363773524e-01
8.197354195852046832e-01
8.206768278846244824e-01
8.218190188445997357e-01
8.230843397100552350e-01
8.241456170547282190e-01
8.250984736013053933e-01
8.259901857279985382e-01
8.274287312565040686e-01
8.288504030872357875e-01
8.295995365787373066e-01
8.307190884580846202e-01
8.321704673023816445e-01
8.336373448373531891e-01
8.347355765434708585e-01
8.355575666482465413e-01
8.367124774296069711e-01
8.375535034920439381e-01
8.389502882310462262e-01
8.401046504976661389e-01
8.409108743248941975e-01
8.415817149744309056e-01
8.430414129800017919e-01
8.434486402021955653e-01
8.448509283308883733e-01
8.466219348802905831e-01
8.481406880073465437e-01
8.484840597781021510e-01
8.491543526096522188e-01
8.504692273837548555e-01
8.515514764478253618e-01
8.524439327657650223e-01
8.540100306403378694e-01
8.549335861390915392e-01
8.560744777582749432e-01
8.569529382387183203e-01
8.581571458745300696e-01
8.589320706059712096e-01
8.598975867466038814e-01
8.603796843021537244e-01
8.623479714366760751e-01
8.630964597222680057e-01
8.642367033405562449e-01
8.649615040922883358e-01
8.654622222407958310e-01
8.663818390261652791e-01
8.676781810264482253e-01
8.688269632422748190e-01
8.699637899715620959e-01
8.703980287883646971e-01
8.711597986160956042e-01
8.722096170185288377e-01
8.732309947559798724e-01
8.746151660055904165e-01
8.755157482699353899e-01
8.762660362880700937e-01
8.777346869954196773e-01
8.785205389302630508e-01
8.796477465454637379e-01
8.803647761609317834e-01
8.813422677446218767e-01
8.819840346733901493e-01
8.828735344374111227e-01
8.842000375244544186e-01
8.849697567953449528e-01
8.858419993218283883e-01
8.866683928167808926e-01
8.876364792378719226e-01
8.888381121798480944e-01
8.897183915446030822e-01
8.907626781957929119e-01
8.913453437019175363e-01
8.922921231099562034e-01
8.930502785512431929e-01
8.940714767513213701e-01
8.946144458428844093e-01
8.959766560267660163e-01
8.968488026639618305e-01
8.972388010798540980e-01
8.981990162185407023e-01
8.989898625337003901e-01
9.000648331158046522e-01
9.009351741421760540e-01
9.021004221057444816e-01
9.029778557092608127e-01
9.037970802497484746e-01
9.041829377170840232e-01
9.052140531231149811e-01
9.059990317685538974e-01
9.070640765232468317e-01
9.074853798476647526e-01
9.082730811536420257e-01
9.094617833057850875e-01
9.104797517824115838e-01
9.114979869349700836e-01
9.127377299244944231e-01
9.132453012049442931e-01
9.137046162750377398e-01
9.144915971910159147e-01
9.159504053977542970e-01
9.168801341767951474e-01
9.171707921371888839e-01
9.172256877516643536e-01
9.170223201870889573e-01
9.173739406328493828e-01
9.181318353607628158e-01
9.209121736162512173e-01
9.236601400758744917e-01
9.265951281174302778e-01
9.274197528744473340e-01
9.261619912828045198e-01
9.241346859151482462e-01
9.221680640638215687e-01
9.214978761979710775e-01
9.235176243133486063e-01
9.274585615131166749e-01
