1.203026250470871743e-02
1.006045302988203653e-02
9.574935834794033943e-03
9.984688073641187142e-03
1.014544689466259468e-02
1.002945678292062673e-02
9.370640025071446180e-03
9.107561266343633041e-03
8.926805688552108889e-03
9.276011850043629908e-03
9.923305651414355069e-03
8.884403643280478283e-03
9.690359258238252782e-03
1.160528399003422917e-02
1.136522170149806971e-02
1.347177742535471227e-02
1.545159077784332043e-02
1.330370406461864850e-02
1.356727395014129672e-02
1.571811572368263590e-02
1.725816334870568930e-02
1.919395448592804004e-02
2.220820351599863546e-02
2.576349766252864285e-02
2.243819255639368723e-02
2.497422721722099628e-02
3.041171125230940700e-02
2.992214205351760928e-02
3.576467478281059736e-02
3.687740828947164151e-02
3.891447987000157954e-02
3.847664673866849072e-02
4.236369325244988132e-02
4.240498921444309927e-02
4.984943774977425995e-02
5.301519712420445229e-02
5.480651924528621294e-02
6.010644301323431193e-02
6.248244571210104931e-02
6.142695585689747495e-02
6.766451268740446279e-02
6.932371966006985187e-02
7.160880119882641337e-02
7.430877376301484039e-02
7.563256953199762322e-02
7.960504079070106209e-02
8.184991261524991735e-02
8.585896657823680056e-02
9.004360108496724246e-02
9.480308230215683807e-02
9.558576103245954025e-02
9.924377048051152839e-02
1.044407382624953778e-01
1.037811688622928413e-01
1.064738249459690894e-01
1.132099900153821365e-01
1.174921104550222251e-01
1.220537541593238046e-01
1.245012434871892587e-01
1.248081980257086665e-01
1.287319084962996463e-01
1.310801811277370332e-01
1.363920866497934370e-01
1.384394743307752473e-01
1.413907804659469691e-01
1.471810289934168681e-01
1.486521885546961130e-01
1.497045832137622046e-01
1.538771396322048679e-01
1.572439715338624644e-01
1.598193856860879725e-01
1.663271864829773128e-01
1.689095996987217685e-01
1.692582261315725423e-01
1.762943011264751780e-01
1.782684031751236298e-01
1.820348358717868154e-01
1.845558232725578729e-01
1.853099867302124004e-01
1.902045970769051797e-01
1.948374882100240291e-01
1.979941188856883805e-01
2.020983130845708242e-01
2.075411638156894056e-01
2.083132607849968454e-01
2.111516485427720469e-01
2.153343813329033907e-01
2.183001562529529316e-01
2.228262894604466082e-01
2.241437572043891990e-01
2.270788661517357532e-01
2.322108672376964611e-01
2.358258732384437562e-01
2.371424025932322710e-01
2.406660736058909289e-01
2.451803820056802918e-01
2.465993443155010956e-01
2.520146497301337107e-01
2.536045661738982049e-01
2.579458076524784316e-01
2.605409767030799073e-01
2.645352705205633592e-01
2.662576948210201300e-01
2.716955035916295280e-01
2.738369450911333214e-01
2.743561130672042547e-01
2.794903925034256109e-01
2.818397600518540713e-01
2.855707788144486448e-01
2.880111461949597107e-01
2.911205916678633598e-01
2.939225430675518336e-01
2.967194684092968049e-01
3.006351621086252868e-01
3.051864401793830672e-01
3.060576973567868397e-01
3.093853827300879211e-01
3.144356276533569194e-01
3.174023299766775552e-01
3.189821500783780461e-01
3.221132278074854693e-01
3.243895339863383520e-01
3.273298931213577401e-01
3.293201552251932007e-01
3.339552932326123047e-01
3.381168417098793788e-01
3.403725398892840648e-01
3.419010307259018333e-01
3.457254772567091572e-01
3.496659015637223478e-01
3.509548938821394071e-01
3.541417485409315558e-01
3.578928758851463998e-01
3.599147207434265083e-01
3.615679997636149778e-01
3.656958802459682745e-01
3.697710736208474347e-01
3.719528587119341201e-01
3.744413642477406046e-01
3.769094731486170025e-01
3.803690851581269516e-01
3.825250510024414408e-01
3.857210889097653639e-01
3.891367443129059578e-01
3.916137276979101967e-01
3.949136006619892170e-01
3.967751644253122989e-01
3.995234467383280696e-01
4.029503485199351087e-01
4.057418316181807816e-01
4.069773377786923274e-01
4.097855199169624929e-01
4.127930580858227838e-01
4.155372698326160741e-01
4.183448623728202032e-01
4.214038970872794332e-01
4.225306697621336038e-01
4.253912077002429126e-01
4.308719957494148711e-01
4.321095538742605879e-01
4.353069788637485837e-01
4.373648052201273284e-01
4.394137406797674616e-01
4.420820959620822554e-01
4.443560792460952702e-01
4.481533874445501331e-01
4.510239756006565459e-01
4.529114102319711233e-01
4.545808109051619472e-01
4.575846907691700771e-01
4.609447786061698915e-01
4.642252144389988899e-01
4.665004423361244767e-01
4.689882864912421345e-01
4.711013632328746592e-01
4.735553474593812151e-01
4.760148030296756372e-01
4.778554304625194371e-01
4.801271221435791658e-01
4.827562526888136141e-01
4.839536471734719458e-01
4.866101712827562431e-01
4.906673579921653761e-01
4.926093903276859143e-01
4.945294733222358463e-01
4.969583128460551835e-01
4.997529250161196201e-01
5.020098541915778423e-01
5.049033556074380424e-01
5.060266991110681234e-01
5.093493739412179311e-01
5.110320672913397644e-01
5.137001679267865217e-01
5.165425355280305331e-01
5.181323586243703483e-01
5.210152524778406402e-01
5.227558725809752227e-01
5.251749568806657331e-01
5.281274523981948077e-01
5.300551641802286884e-01
5.324540306631035946e-01
5.336529248322381402e-01
5.361105862909244513e-01
5.388207835482666797e-01
5.404681586126557358e-01
5.427524071168571274e-01
5.463197668338661828e-01
5.477462472965433093e-01
5.494279167865208091e-01
5.518519046340402134e-01
5.543667602257107418e-01
5.552529807800726802e-01
5.577220130845855772e-01
5.609484086092912936e-01
5.620681717585153114e-01
5.644665922081053555e-01
5.668131550444280853e-01
5.689205213300128072e-01
5.708632258248039770e-01
5.731383529251554698e-01
5.754645950092055484e-01
5.774419903659133713e-01
5.789012436979357190e-01
5.810286467942814559e-01
5.846128192394481893e-01
5.849695398880180308e-01
5.881981787205829981e-01
5.897028661576855235e-01
5.921706777738343641e-01
5.939869757847442422e-01
5.950596740736167067e-01
5.973945902857734636e-01
5.991797920569554847e-01
6.020948342051148927e-01
6.039299273242559885e-01
6.044967776494460932e-01
6.066743394457493332e-01
6.094212363737731009e-01
6.116318128357395301e-01
6.138634330701577824e-01
6.149030441670634284e-01
6.167281030615046067e-01
6.186820049186608772e-01
6.209366127031885618e-01
6.227308321157584148e-01
6.243688484833948005e-01
6.268257058784925118e-01
6.284175667004786581e-01
6.303044006648635955e-01
6.322905909857174933e-01
6.335935570726551891e-01
6.355469644386044781e-01
6.371405471243616336e-01
6.391755796610690821e-01
6.412949012138119409e-01
6.433090554966774954e-01
6.451451329800981238e-01
6.470357585854793481e-01
6.477450412054830409e-01
6.497377737988795365e-01
6.517858066958543972e-01
6.535589347823431705e-01
6.556616201225697882e-01
6.573199000132520231e-01
6.584367704019750134e-01
6.602109968352917191e-01
6.621907029060082328e-01
6.642693326103830120e-01
6.656271809501300707e-01
6.672155358508981005e-01
6.696231814650684955e-01
6.714133179214130109e-01
6.732265898306419860e-01
6.742786447128011895e-01
6.749792326565701162e-01
6.778936477250343540e-01
6.796837568694162890e-01
6.811498750658884216e-01
6.832863959454955616e-01
6.841235775841503219e-01
6.855254938780882545e-01
6.879903059677299204e-01
6.908310072383495593e-01
6.903467647882522984e-01
6.918761250526033191e-01
6.940001338134469400e-01
6.956641921241643045e-01
6.973932345732878346e-01
6.994016938229539182e-01
7.006014587532186644e-01
7.018161263567076480e-01
7.036712635524067228e-01
7.054629724701604321e-01
7.072776112640158930e-01
7.083207304416476724e-01
7.099273667018585199e-01
7.114745362913200699e-01
7.137048824725731322e-01
7.144120943656698808e-01
7.159073752931486290e-01
7.181530596919872833e-01
7.197338398129283776e-01
7.207722085475812834e-01
7.225460442122620952e-01
7.240147610022832358e-01
7.252394155728348890e-01
7.267144031438380614e-01
7.274212736255072365e-01
7.291166621985776253e-01
7.306805656294905749e-01
7.322033046376955623e-01
7.338698704476324108e-01
7.350325739585755747e-01
7.368924556387548286e-01
7.379173804395438019e-01
7.395227045249304076e-01
7.414493689022637612e-01
7.426807989748538397e-01
7.444038690238553579e-01
7.454743812728292784e-01
7.469120200365754192e-01
7.484483032414389614e-01
7.501318578330827824e-01
7.514382268705290802e-01
7.527340663555616151e-01
7.537735761086277186e-01
7.557618126198966113e-01
7.569029595905963914e-01
7.580265110731845279e-01
7.594164830372078789e-01
7.610595458863823604e-01
7.621167832089982275e-01
7.633516237753511513e-01
7.644511275282188656e-01
7.663931682691618175e-01
7.674842251694288242e-01
7.687630259520169540e-01
7.701481405271405345e-01
7.714836399057323213e-01
7.723059404261743977e-01
7.742268377984966587e-01
7.757139722372354829e-01
7.764561964537542993e-01
7.778097864478793477e-01
7.788902934184814830e-01
7.803511398509357377e-01
7.812081081535069416e-01
7.833451459512644766e-01
7.840720838991477315e-01
7.857192152448668754e-01
7.867402196331692021e-01
7.876263062209656329e-01
7.887193891289966396e-01
7.902509291942938496e-01
7.915215034740793465e-01
7.922390391297510215e-01
7.939214796773054195e-01
7.951241230706319607e-01
7.963621960147529988e-01
7.970888197966004007e-01
7.982382397696313747e-01
7.996035954676085078e-01
8.009816179064075392e-01
8.023351552427679945e-01
8.036266343960746239e-01
8.046275927716993737e-01
8.055001481152652687e-01
8.068421299995357510e-01
8.079169094114333483e-01
8.087977208163095177e-01
8.105609152713296739e-01
8.116431978781745160e-01
8.126766379824510445e-01
8.134084574219312413e-01
8.144218226089422474e-01
8.156216051742330997e-01
8.164608451948665024e-01
8.178162466656968554e-01
8.192506412956749307e-01
8.201333131952935895e-01
8.211737462010634259e-01
8.225386667718826983e-01
8.237117653530542372e-01
8.243418218888960425e-01
8.252029122289314955e-01
8.266553117848224330e-01
8.276968153881792967e-01
8.288749271585398315e-01
8.300692326192141701e-01
8.313541979204208676e-01
8.324141502876507559e-01
8.332002368030844153e-01
8.343258784732037192e-01
8.356209377594054910e-01
8.366031404263231108e-01
8.369775510891860337e-01
8.385243379007952802e-01
8.397281901469705323e-01
8.409169420927818939e-01
8.413861913760996014e-01
8.425696092469976417e-01
8.435384065994702141e-01
8.443076501837267767e-01
8.456584199836997273e-01
8.465388572218148777e-01
8.474626047454115740e-01
8.484592733870569559e-01
8.494067040473685104e-01
8.502739108623541542e-01
8.514750014708581949e-01
8.526240610549136179e-01
8.530483868942915215e-01
8.544628832786633765e-01
8.556424453667733632e-01
8.561154335223954970e-01
8.570344909085738649e-01
8.584000847670862910e-01
8.591992705645274953e-01
8.598533720991047291e-01
8.609928878750349179e-01
8.624008680305942365e-01
8.634352231637275610e-01
8.639442855446158864e-01
8.650276626411226299e-01
8.657743181504997665e-01
8.668253776687770973e-01
8.674450842475215362e-01
8.682399875672568434e-01
8.697566635432586457e-01
8.706451200041400718e-01
8.710580370351709290e-01
8.717492270232951590e-01
8.727436738511680225e-01
8.737778976266394881e-01
8.751414511440174238e-01
8.760659558846036754e-01
8.766090236511085987e-01
8.783087922337355913e-01
8.787583766016663356e-01
8.795634944426773405e-01
8.800704314231698744e-01
8.809981587432791361e-01
8.818887619409611078e-01
8.822987106782125277e-01
8.835418198187295902e-01
8.844373378143440823e-01
8.858173019188622099e-01
8.861485484997306816e-01
8.868042106367197697e-01
8.878323208237257624e-01
8.885695837994548318e-01
8.897252774675820097e-01
8.905156092559942671e-01
8.912076055990759693e-01
8.922542060011615650e-01
8.928044831639151413e-01
8.935613595070108772e-01
8.944674010417417165e-01
8.952619655526804499e-01
8.961120045898449682e-01
8.972986397374961287e-01
8.978530715634549519e-01
8.986163770311581533e-01
8.991575025819226186e-01
9.002668938558585632e-01
9.005333576552652097e-01
9.012283006829148180e-01
9.025080957915062596e-01
9.028115768078984749e-01
9.040398681366934586e-01
9.051453520016414789e-01
9.055981990164660989e-01
9.061714942340860501e-01
9.072396014931104480e-01
9.080389633795660220e-01
9.085155218900426988e-01
9.093134468840935458e-01
9.104963787257834840e-01
9.111748481936235988e-01
9.119731223023305189e-01
9.126433218764424815e-01
9.131108931341220813e-01
9.142824273944247793e-01
9.150193457607691538e-01
9.153678393195089358e-01
9.159176790918219790e-01
9.168855255358495659e-01
9.177257697897434063e-01
9.180083058082797454e-01
9.187618357702380667e-01
9.198152463006917801e-01
9.205856819911378830e-01
9.213570670815107722e-01
9.221914016657153379e-01
9.226447771126740083e-01
9.238112863083594029e-01
9.249326631340207827e-01
9.255627383748721293e-01
9.253580678900612533e-01
9.246721089695841833e-01
9.248671311937175510e-01
9.256847721567779130e-01
9.276110231823393448e-01
9.305650447907364287e-01
9.327576224200617716e-01
9.335458123641895423e-01
9.328209688756473605e-01
9.312127393958675725e-01
9.297524358116856513e-01
9.294879958189574687e-01
9.308228930642489241e-01
9.336024118536150329e-01
