9.551108420399093135e-03
7.496741019781185712e-03
6.997417049140002530e-03
7.631331235369422615e-03
8.106095002380268519e-03
8.092120723059273435e-03
7.711556116581621580e-03
7.535421680284815939e-03
7.290543816516657262e-03
7.519611867559811147e-03
7.920973417322956997e-03
7.105365530795492400e-03
7.769594274115739982e-03
9.327464355779337135e-03
9.228278458819429847e-03
1.095375767974486429e-02
1.257253506170537619e-02
1.080275065185631184e-02
1.097879832033893215e-02
1.266853239921983398e-02
1.381915652519187347e-02
1.544061411953754140e-02
1.781024853402485633e-02
2.089022816670655855e-02
1.808017175665786042e-02
2.015905102493013856e-02
2.476409394229140901e-02
2.405762610898149606e-02
2.889881734796523674e-02
2.998730429281790816e-02
3.154481745819270877e-02
3.074096530335221344e-02
3.399788085690295253e-02
3.438929036638262854e-02
4.093722830389855821e-02
4.341115528795503470e-02
4.452570669370620182e-02
4.918800057199421844e-02
5.145977672514517876e-02
5.002514004733832342e-02
5.552159644125946591e-02
5.682433360278887902e-02
5.857748909676492588e-02
6.071307339014628962e-02
6.151326180981001035e-02
6.516315709333907191e-02
6.698552886193620548e-02
7.043897884496892747e-02
7.452327696823421443e-02
7.808581991164680047e-02
7.853907749679973904e-02
8.224799271239517651e-02
8.685988694523644194e-02
8.625735735682284189e-02
8.799603211447309947e-02
9.339610068395462483e-02
9.741644501773023823e-02
1.020858550501828471e-01
1.038251204580711295e-01
1.033813001796753395e-01
1.071361959398160063e-01
1.088986698854030877e-01
1.129664012563901254e-01
1.159705539009081576e-01
1.173848921155361130e-01
1.221394585845140546e-01
1.251387124795977079e-01
1.249348293276798805e-01
1.287521691037581961e-01
1.316819359890585295e-01
1.344713489580181554e-01
1.404760376596358440e-01
1.419398887850857605e-01
1.423585997064806541e-01
1.487304696798994186e-01
1.500027102827907188e-01
1.537571029521282162e-01
1.563260303706106302e-01
1.563740034973976623e-01
1.616401571068176446e-01
1.661123090003521208e-01
1.681190853922855666e-01
1.721566268235101282e-01
1.777436040715045240e-01
1.771351823388451763e-01
1.781857781304670429e-01
1.824180498933597461e-01
1.856511890455573299e-01
1.903575145995027307e-01
1.905753133973749069e-01
1.927308846515453089e-01
1.979992174351956902e-01
2.008619994643803253e-01
2.026886475011889510e-01
2.055880052935819546e-01
2.103224737377828168e-01
2.121547448716011308e-01
2.166872298087380022e-01
2.167493861783315046e-01
2.210258738554563562e-01
2.228978905562178647e-01
2.278777202595006213e-01
2.290871764017350654e-01
2.335820286855444239e-01
2.347901583244178247e-01
2.357728941575187864e-01
2.413052703893196482e-01
2.423669059456095842e-01
2.462714423104932493e-01
2.480122880509548766e-01
2.507507916241749624e-01
2.533710927634059140e-01
2.556363187900422274e-01
2.607839971258002487e-01
2.641430768880859148e-01
2.635316663830289952e-01
2.681279829469573883e-01
2.727363998167776638e-01
2.749091036814780287e-01
2.761396862554394982e-01
2.792982135944349076e-01
2.815196540343066767e-01
2.842719268285592293e-01
2.864474650871758343e-01
2.914060448870419151e-01
2.948180643299538883e-01
2.971403894149744485e-01
2.983272081890088745e-01
3.012863153080118095e-01
3.051149252879021279e-01
3.063017627044587465e-01
3.096890987288254404e-01
3.131706066429785773e-01
3.143530410771773198e-01
3.156770231225240475e-01
3.212038713430782066e-01
3.237256080667453295e-01
3.261188764896242320e-01
3.293719079275009287e-01
3.306545083111265826e-01
3.339220103496596259e-01
3.364450744113614000e-01
3.395375232090783180e-01
3.430915468709179184e-01
3.445208905340407801e-01
3.470649274942895213e-01
3.497118740523165181e-01
3.531458055015649911e-01
3.566590664569707081e-01
3.581692199115547037e-01
3.598420065756582908e-01
3.632832166487829362e-01
3.649565428620360485e-01
3.671282247355190376e-01
3.710997310093434587e-01
3.734548546261239332e-01
3.746983868711583066e-01
3.772854946967805767e-01
3.820934940211180297e-01
3.837287033428926075e-01
3.865202978206903617e-01
3.887160096199972492e-01
3.908723497500334321e-01
3.934895046781176631e-01
3.961865371182166640e-01
3.990774969413046769e-01
4.015603480306796924e-01
4.035686220613403652e-01
4.054875897730826906e-01
4.072696828884769249e-01
4.108850354565037333e-01
4.151604116531067978e-01
4.156856919811726669e-01
4.184027712198343241e-01
4.211016649880982010e-01
4.225864266192549401e-01
4.254707488536380589e-01
4.281493463973628510e-01
4.302712486802268699e-01
4.322410485237587197e-01
4.347415392093808562e-01
4.371316113692782501e-01
4.395288779240033028e-01
4.423030539488796431e-01
4.435797023231840552e-01
4.464529417041549486e-01
4.490971791151290859e-01
4.514734862329803367e-01
4.540977798743369154e-01
4.556216099873477976e-01
4.584212044702436484e-01
4.591535493818589275e-01
4.621880839219254522e-01
4.657386506615188160e-01
4.667350264019503037e-01
4.696839181365623506e-01
4.718911183908217066e-01
4.752594914977639196e-01
4.762122151203979081e-01
4.793608452267676401e-01
4.813789186220794325e-01
4.822568899307004830e-01
4.853325073464334616e-01
4.876569024876231118e-01
4.895713629912724074e-01
4.916137646290737462e-01
4.943807836926692456e-01
4.958676195546414256e-01
4.993509791783001805e-01
5.006870117877649795e-01
5.028788030179078827e-01
5.045960425236772906e-01
5.063866320824209621e-01
5.094328353537633802e-01
5.111304788315839120e-01
5.137026428675535161e-01
5.160080669041685608e-01
5.177188237527483583e-01
5.197089537696151229e-01
5.225254075442407053e-01
5.251623610434643652e-01
5.271833680601016869e-01
5.292020687238536691e-01
5.301290338236731570e-01
5.329334720150283866e-01
5.351141099608150986e-01
5.372131618320957758e-01
5.396783489907480691e-01
5.412586316453886770e-01
5.428565718296775033e-01
5.455330774599331800e-01
5.471654284951251723e-01
5.490094353293543117e-01
5.515946200242191066e-01
5.537447030218910493e-01
5.554504470407084504e-01
5.566600250911017955e-01
5.586309281215122713e-01
5.616125892670481567e-01
5.636268678932266907e-01
5.658185687487499171e-01
5.674331974235700127e-01
5.690646809818684648e-01
5.713852242615675703e-01
5.735005525461449594e-01
5.756140986767241952e-01
5.775325521217963276e-01
5.793174793371567155e-01
5.806264554250636367e-01
5.831805333757601462e-01
5.847888767860620618e-01
5.861320017415880823e-01
5.883116948004508684e-01
5.905910417773405641e-01
5.925426835891890454e-01
5.946414114257533301e-01
5.965523236732400703e-01
5.977164365088974973e-01
6.005377418144220991e-01
6.023333823121125308e-01
6.037699455011924510e-01
6.051201855556224141e-01
6.071995856149963178e-01
6.095958211701610896e-01
6.119411575853025420e-01
6.141599552503901327e-01
6.156952966870925525e-01
6.174589925367538479e-01
6.188224415254027777e-01
6.207462303529350800e-01
6.227782993425947655e-01
6.246838501126810161e-01
6.257853639420624114e-01
6.282478224439633774e-01
6.298023330408085707e-01
6.300113676347823821e-01
6.330804839534224238e-01
6.355789861531662144e-01
6.370921982440080900e-01
6.384620753303744678e-01
6.403049505011000342e-01
6.423068669597007396e-01
6.441407541255963487e-01
6.452075033921299552e-01
6.467594861338019641e-01
6.490654007896212718e-01
6.506469963159640102e-01
6.524330026288619466e-01
6.532386900482527459e-01
6.553982023077575825e-01
6.574670608302050079e-01
6.588997359634254369e-01
6.607375052866383269e-01
6.634935940979460600e-01
6.640969696590740545e-01
6.652672775759094215e-01
6.671405781675112667e-01
6.690884599384099296e-01
6.709293977347128290e-01
6.727476251752558811e-01
6.740312702297395209e-01
6.756952518589324219e-01
6.777610362529700172e-01
6.792329927371381082e-01
6.807906839490210915e-01
6.821519394813063686e-01
6.835646422519832122e-01
6.850470616134411994e-01
6.870486074194481763e-01
6.884579615241399608e-01
6.896804584994612464e-01
6.914448637049602775e-01
6.934549554729403376e-01
6.945728399478100501e-01
6.959021642667054808e-01
6.982008338972619521e-01
7.003770076409563394e-01
7.025758156512705854e-01
7.034344802324509205e-01
7.042886106437212801e-01
7.050686760154660782e-01
7.066693465017833686e-01
7.091937485140928921e-01
7.106318474958555065e-01
7.117985914748758969e-01
7.135622936679315576e-01
7.154330799312809130e-01
7.171404627201580784e-01
7.181346951109478516e-01
7.187486404549626728e-01
7.205249297694570343e-01
7.222991295658546251e-01
7.238074285380661221e-01
7.249773477416990852e-01
7.262696985935654936e-01
7.276359834716946695e-01
7.295446734553294732e-01
7.310118604899948913e-01
7.324797902635983293e-01
7.336368462900386689e-01
7.356905200012451296e-01
7.368307220586899353e-01
7.383457864356737232e-01
7.400328195071417259e-01
7.407943594720856062e-01
7.427431198807377122e-01
7.438825350804845193e-01
7.450903334286629320e-01
7.466406255266764269e-01
7.484178994096395421e-01
7.497969494551053327e-01
7.514772347893909910e-01
7.527823808651351589e-01
7.537316722987751350e-01
7.551017468412772882e-01
7.566174221291511737e-01
7.578711017761102786e-01
7.589442353330201341e-01
7.601562101119578863e-01
7.623861052152806073e-01
7.633984873148900174e-01
7.647413486366002600e-01
7.659711074586655899e-01
7.670629641185316983e-01
7.689392833705762653e-01
7.707226222291159168e-01
7.711926271925452214e-01
7.718147781389993467e-01
7.734126720880308836e-01
7.748276387454735570e-01
7.763673772596849654e-01
7.777004505339513152e-01
7.790072094273249315e-01
7.805509852287489947e-01
7.824962360592913058e-01
7.831068412694426328e-01
7.845174688313325539e-01
7.854118403701129125e-01
7.868624923326080767e-01
7.883164660997559192e-01
7.895985477203386615e-01
7.909117607343766343e-01
7.920106126371265765e-01
7.933926279219244426e-01
7.945015376474353630e-01
7.957469593833523813e-01
7.963954794926024761e-01
7.978186424321279668e-01
7.989344837240187625e-01
8.002137618064169011e-01
8.013272374841606815e-01
8.023977609190937610e-01
8.040499201576470911e-01
8.055394013725535318e-01
8.067756804648573699e-01
8.075282721965618693e-01
8.090811883151984851e-01
8.098494649591028161e-01
8.108541218868924316e-01
8.120405579969542931e-01
8.133430395437823979e-01
8.147735383561112155e-01
8.157213082631025181e-01
8.164402815421339943e-01
8.175083234889138906e-01
8.191964688682986662e-01
8.200033312754960724e-01
8.212102939193619555e-01
8.226303552891138793e-01
8.238913976609816281e-01
8.256083712223067916e-01
8.260918066269345994e-01
8.276487801490745033e-01
8.281780372459236483e-01
8.295833836155993568e-01
8.307438532997031277e-01
8.316461973939835994e-01
8.324030163415079286e-01
8.338979650548331568e-01
8.344396503506872342e-01
8.357859008757589914e-01
8.377013257335077512e-01
8.390351674923737235e-01
8.393836911604890538e-01
8.403210424437297377e-01
8.412989644660655575e-01
8.426612994309059523e-01
8.434751899458882152e-01
8.450039004889059457e-01
8.462927935289499271e-01
8.471522808855155295e-01
8.478706209798606563e-01
8.492768341973032653e-01
8.499030148785422512e-01
8.510095752175803607e-01
8.518248987447308851e-01
8.536817535879325236e-01
8.545014786819735697e-01
8.555899901076309266e-01
8.564478803793059702e-01
8.567605491168641674e-01
8.579754492280373679e-01
8.591311946399429189e-01
8.602934401356100436e-01
8.612622947712340604e-01
8.621247191651438824e-01
8.625792620208904138e-01
8.635210089390473742e-01
8.649941101040476976e-01
8.663010920365065148e-01
8.672362443518967234e-01
8.680660982757882893e-01
8.695048902167527016e-01
8.700797173220746750e-01
8.712657033367077197e-01
8.720642819233478393e-01
8.733127094413256630e-01
8.740413691742169311e-01
8.746795885558303896e-01
8.758534353712434939e-01
8.768107237112764407e-01
8.775400161463915438e-01
8.785739833193264570e-01
8.795318361529094187e-01
8.810325346059988405e-01
8.820729783541174651e-01
8.828327490322536164e-01
8.834690790911085001e-01
8.839701014111611688e-01
8.851994156043825335e-01
8.862648562176270728e-01
8.869606312729204634e-01
8.881693842986451148e-01
8.889580557125326132e-01
8.894308556711228997e-01
8.906745261226296506e-01
8.912529182280196638e-01
8.926109193043174628e-01
8.934060513179852281e-01
8.946491465932819853e-01
8.951563803072055681e-01
8.959868398510976162e-01
8.969523627723389181e-01
8.976441823887210125e-01
8.984995291531050476e-01
8.996157358854806052e-01
8.997949879922059191e-01
9.010323981435273133e-01
9.022499590111178192e-01
9.031494754405079428e-01
9.043406355668897056e-01
9.050675673073453886e-01
9.058697392295497197e-01
9.064647654005250077e-01
9.072221955606696309e-01
9.086064992601837753e-01
9.096337574511333957e-01
9.101794463777116428e-01
9.100097297733136248e-01
9.098596901487246980e-01
9.102874393626292360e-01
9.111639535262932021e-01
9.138691074990390462e-01
9.166427991259648023e-01
9.194197553383334220e-01
9.205176188601988940e-01
9.193739524097782612e-01
9.173431815696353464e-01
9.149200956485894487e-01
9.148467596899965137e-01
9.167984914003608488e-01
9.206535591723569167e-01
