1.339108585104495201e-02
1.141777196045063759e-02
1.092773725203163501e-02
1.123453114675412520e-02
1.124250175764623938e-02
1.107559464517526154e-02
1.026620866155663649e-02
9.954445473476521145e-03
9.802509625336384286e-03
1.021625688286561910e-02
1.098770813250324156e-02
9.804747129841367634e-03
1.068563394913865823e-02
1.280451006975999971e-02
1.248875752248447026e-02
1.480518982919656196e-02
1.699482844503266699e-02
1.466288894565837692e-02
1.496572817016659368e-02
1.736068357600895409e-02
1.911590001205456385e-02
2.120607761958349935e-02
2.459292710726463174e-02
2.835260735537192822e-02
2.477935158986133493e-02
2.755465131486629915e-02
3.339981388493881709e-02
3.308356745796141307e-02
3.943384044663516413e-02
4.052375194565337874e-02
4.284297304783992594e-02
4.269272005576371654e-02
4.689163933149112506e-02
4.674508661306506219e-02
5.454788700897091058e-02
5.807975430170735087e-02
6.030632753455558021e-02
6.587589456001921584e-02
6.826914085278375233e-02
6.747578967667836047e-02
7.403117805713495259e-02
7.590955660451199905e-02
7.846304456941266547e-02
8.144240569249908135e-02
8.308392134254539985e-02
8.731163163095093105e-02
8.987317510050141234e-02
9.406075868185868882e-02
9.813977420269873186e-02
1.035799663144289090e-01
1.045538693312910022e-01
1.081398429944354644e-01
1.135744762348393361e-01
1.129318922476895831e-01
1.161758183140229467e-01
1.233664228085229880e-01
1.278099479218885171e-01
1.324032537967423651e-01
1.351732200333073952e-01
1.358312903216776224e-01
1.399835063582328676e-01
1.425344048212675296e-01
1.484655260608176430e-01
1.499802510363635877e-01
1.538143482467263512e-01
1.597105208134316223e-01
1.607947198795009747e-01
1.626065802137592053e-01
1.669722489934093723e-01
1.703164769860217864e-01
1.727672822370524552e-01
1.795170693566128794e-01
1.825971726325148203e-01
1.829017228059751088e-01
1.902454724275007836e-01
1.925244031392541466e-01
1.964673837581556171e-01
1.988344283738185947e-01
2.001357685681141030e-01
2.047848093700476713e-01
2.095018107317608569e-01
2.128756550631112909e-01
2.170392777302191656e-01
2.224695538415058238e-01
2.238880873507455016e-01
2.275377156184163474e-01
2.315201620700291507e-01
2.344127219520760197e-01
2.387488184663673907e-01
2.407330207688556933e-01
2.440592394736933735e-01
2.490819766882943487e-01
2.531298124398029814e-01
2.542800968707290554e-01
2.580537148824929572e-01
2.622782458621733537e-01
2.636379865872087724e-01
2.691373105068077809e-01
2.714520739346484857e-01
2.759071486918902583e-01
2.792566006121826039e-01
2.825017580936732275e-01
2.845572341940447725e-01
2.899885326223967108e-01
2.927045721056880101e-01
2.934350413732657037e-01
2.978764608737741737e-01
3.011399228677065776e-01
3.047493538158168591e-01
3.076174422021331067e-01
3.104770349919439010e-01
3.133937533564992162e-01
3.163966378632570020e-01
3.200548461705129966e-01
3.248038354374085390e-01
3.263624244540440089e-01
3.296065148003015088e-01
3.342496873399857793e-01
3.373665533670914818e-01
3.394206091019301152e-01
3.424913093029842148e-01
3.447952674427965936e-01
3.483217296613165259e-01
3.502097807851521916e-01
3.544323097045280480e-01
3.585040435924822799e-01
3.609421594335306960e-01
3.628410281261843506e-01
3.667673230929504036e-01
3.706764189223623052e-01
3.724833340591557906e-01
3.754882497368718375e-01
3.788824365177714260e-01
3.814863200221979000e-01
3.834456722598568734e-01
3.867904259601797623e-01
3.909096237027941956e-01
3.934233020234508271e-01
3.958299184244855051e-01
3.987933780809607698e-01
4.020280641715118231e-01
4.042934531241746954e-01
4.074348795192097028e-01
4.109191582719302072e-01
4.133862867162272359e-01
4.170769937177329911e-01
4.188731171942576825e-01
4.212590016399696546e-01
4.245255442243911492e-01
4.276408985649965411e-01
4.288890649109202702e-01
4.318532499838556027e-01
4.351969982489451438e-01
4.382841399226500290e-01
4.404071673012734944e-01
4.434324960467347920e-01
4.448559242124940916e-01
4.476256251559547206e-01
4.528820463361049597e-01
4.544237554883828745e-01
4.574536758083269650e-01
4.595513005956338159e-01
4.614909601364242109e-01
4.641713090866695368e-01
4.660842317604674823e-01
4.700754442993613780e-01
4.734596870896964349e-01
4.752249712529357795e-01
4.770375976745979130e-01
4.801682758090483061e-01
4.832628656980028081e-01
4.861024460773631373e-01
4.889849255295144470e-01
4.911334986266141511e-01
4.935940798616945124e-01
4.960143725910811097e-01
4.985042128972003161e-01
5.006639512705128858e-01
5.028156194223900588e-01
5.054889773264116259e-01
5.066247114530443296e-01
5.092314310251800924e-01
5.130711748862814003e-01
5.148191348159527614e-01
5.170228822589518769e-01
5.192302459168189888e-01
5.220023873017524130e-01
5.241450171841005590e-01
5.271162936460747073e-01
5.282287302798794881e-01
5.313771930567525725e-01
5.339121299905461582e-01
5.359076005930172304e-01
5.385343489764748970e-01
5.405457691571742274e-01
5.429231546634191163e-01
5.452303813617317418e-01
5.469748009654307186e-01
5.504332998635229623e-01
5.518107392453834859e-01
5.545110147810460299e-01
5.562020318104847760e-01
5.579643962659134315e-01
5.606748970949219091e-01
5.627275949911472175e-01
5.646399418670255965e-01
5.682053072706823027e-01
5.699890900547692763e-01
5.712156859811209353e-01
5.731996068488907081e-01
5.760088923557710183e-01
5.771996929265380549e-01
5.797252717156363699e-01
5.823006161059187669e-01
5.839865486511098824e-01
5.863450311298367135e-01
5.882062958451910184e-01
5.908066681060049063e-01
5.928124313750964269e-01
5.944056600619096464e-01
5.964426913012789155e-01
5.989588912732803916e-01
5.997961361466503938e-01
6.022570960344766355e-01
6.052362630963238344e-01
6.060282665146160541e-01
6.090608501421205245e-01
6.105697439043153985e-01
6.131141394344628015e-01
6.152192983386026714e-01
6.159440206508373095e-01
6.180285631205510999e-01
6.199952208136799703e-01
6.225541529443773259e-01
6.245845921927130062e-01
6.255261579898316882e-01
6.277040031662634023e-01
6.298095843492315105e-01
6.322276432491055198e-01
6.343151582941682909e-01
6.347121462399448744e-01
6.375129654897971898e-01
6.392287198186172859e-01
6.404572302108985093e-01
6.425591751683967789e-01
6.443530571732720702e-01
6.463955178174281002e-01
6.483257659422821950e-01
6.500635004575212594e-01
6.521404975516779112e-01
6.536548075119682499e-01
6.553167561920005824e-01
6.569209630462853333e-01
6.586762742740391863e-01
6.604862758885922114e-01
6.626066910375481012e-01
6.643313348777344363e-01
6.664730319641233303e-01
6.676241324326741555e-01
6.689260169292607916e-01
6.710193734571237023e-01
6.724696454098267884e-01
6.753630268730681507e-01
6.765481646195021792e-01
6.771611017653307307e-01
6.791320250445853635e-01
6.812433061148064350e-01
6.830563681202045379e-01
6.841663969026976488e-01
6.853417036373592452e-01
6.880496313386298413e-01
6.892885676668712991e-01
6.913241026343512896e-01
6.924167544547187303e-01
6.932906324525636155e-01
6.957457840966757567e-01
6.977530488740858461e-01
6.990291344088176428e-01
7.004154885196970382e-01
7.022332050411406179e-01
7.033924400717741499e-01
7.051365304069020512e-01
7.072587295131009810e-01
7.078673853624788403e-01
7.097260807242495861e-01
7.112079282689061088e-01
7.126515606695456029e-01
7.144376742785680801e-01
7.159479710276278608e-01
7.179377209849093777e-01
7.183650110612417317e-01
7.199376280830470654e-01
7.215475525718569871e-01
7.235987827065873956e-01
7.243630779057861346e-01
7.263104827960731313e-01
7.277839394253831085e-01
7.301200723075967902e-01
7.306752562765151948e-01
7.318493291324630334e-01
7.343861115487803071e-01
7.354056723139095197e-01
7.365697269697626393e-01
7.379701105219276247e-01
7.394812784079975998e-01
7.404861839456308159e-01
7.419875448921182670e-01
7.427353056614534044e-01
7.445497313153728314e-01
7.459795834452969121e-01
7.475424653579451073e-01
7.490950796330708705e-01
7.506014208362291606e-01
7.517416585830482001e-01
7.522618859203551445e-01
7.543610634901578571e-01
7.560109676815160995e-01
7.570904104772122611e-01
7.583793222853192351e-01
7.598147307910485537e-01
7.604073061850976645e-01
7.626958831535313177e-01
7.638470081470952744e-01
7.648067976143023694e-01
7.660004960913533445e-01
7.673443428637797270e-01
7.691777783137599966e-01
7.703610660204508465e-01
7.713485948234489742e-01
7.727576242325626676e-01
7.742450212830100931e-01
7.750439105247424187e-01
7.763939161988123727e-01
7.778912593444955448e-01
7.792085216559136995e-01
7.798358326619435621e-01
7.810325575195062875e-01
7.827734784037879701e-01
7.840344258619051931e-01
7.851143292130265960e-01
7.864162292814004251e-01
7.877760385633573170e-01
7.889510024711410274e-01
7.895460813992152271e-01
7.910949220170166996e-01
7.925105077758587413e-01
7.939653570061920851e-01
7.955562053231806097e-01
7.964445271688971317e-01
7.973700880941027025e-01
7.985115597445325841e-01
7.995450083445915235e-01
8.006289592561246504e-01
8.020666015798165738e-01
8.027494445759580932e-01
8.036131043895712311e-01
8.052134251992378866e-01
8.063645871203598547e-01
8.076528039304412543e-01
8.083422112687850269e-01
8.091829119463669340e-01
8.104788008993820680e-01
8.119648916808749339e-01
8.129726415148098573e-01
8.147790337316880294e-01
8.152101634673283304e-01
8.166318178075608891e-01
8.169189427178856766e-01
8.184494721055617372e-01
8.191731415107436076e-01
8.209514822599452977e-01
8.217099929563196348e-01
8.233048776868077123e-01
8.239764677737950738e-01
8.247781522694890288e-01
8.259062793044655848e-01
8.269059633625599481e-01
8.282326405175814976e-01
8.288611048279068694e-01
8.296436808418726772e-01
8.310513822602328959e-01
8.321195352308317084e-01
8.331348216942755514e-01
8.340567803612618514e-01
8.348888371554425980e-01
8.361664526667671460e-01
8.366365061453321372e-01
8.381941645938266738e-01
8.388165959343565348e-01
8.401755582010830281e-01
8.412347295600866026e-01
8.424658921921072130e-01
8.426178271220069460e-01
8.435738250676583228e-01
8.448425063206970176e-01
8.453660887333136476e-01
8.470435802181718321e-01
8.480594993444499075e-01
8.487802868708631543e-01
8.492903533474422950e-01
8.507425391862475372e-01
8.513330402850770584e-01
8.524700254669008714e-01
8.537504947941713107e-01
8.542611407733303741e-01
8.556164654540969750e-01
8.562839257479386568e-01
8.575788864037435788e-01
8.583653339935721771e-01
8.592107274133609085e-01
8.600989255038139492e-01
8.610676446882584711e-01
8.612988515460563432e-01
8.625531263920840352e-01
8.629560095309972700e-01
8.641731121627391765e-01
8.652522319631796854e-01
8.660712295760110147e-01
8.670934289285803231e-01
8.679502582866427396e-01
8.686370437346861983e-01
8.696661572286449315e-01
8.706255049063862383e-01
8.712091230395234698e-01
8.721308296336433008e-01
8.734324781952370609e-01
8.739305316789395262e-01
8.748729400594993377e-01
8.757165867800195125e-01
8.761161203526863783e-01
8.775334214469949767e-01
8.783948899331365245e-01
8.791644680877895857e-01
8.797307234612830040e-01
8.804663390945540735e-01
8.815720894639658134e-01
8.824455316697195073e-01
8.831233448801136809e-01
8.839242423432345230e-01
8.847034700094674742e-01
8.858487960358015778e-01
8.866293386698355095e-01
8.870136333116667160e-01
8.876820565246978934e-01
8.885311118742394987e-01
8.892187022295243715e-01
8.905499960853194841e-01
8.910176531467631778e-01
8.914906975907638254e-01
8.923340616949976267e-01
8.931920578238290442e-01
8.939049322733012559e-01
8.950683128740263284e-01
8.954571140533948981e-01
8.968363519601632028e-01
8.971081740416826378e-01
8.977514474637304787e-01
8.984211505558072908e-01
8.995825681155359410e-01
9.002802499312460016e-01
9.010126353461369586e-01
9.013757679591737348e-01
9.020957943060242679e-01
9.031094258838807676e-01
9.036927446634669403e-01
9.045432284223587915e-01
9.047513387684209540e-01
9.058498954945229942e-01
9.063197009027460505e-01
9.072654218929350201e-01
9.078284170578363454e-01
9.088520201952274835e-01
9.093186600783869089e-01
9.102446428766727271e-01
9.108452711164768401e-01
9.115307538358023987e-01
9.123131788754276217e-01
9.130201735327061474e-01
9.133947322810611613e-01
9.146150942184795296e-01
9.151902399489084683e-01
9.159760652037899353e-01
9.167214766103883861e-01
9.170380107339464182e-01
9.178266459205957073e-01
9.188385026607405193e-01
9.193592594173891630e-01
9.199863778750690946e-01
9.203227184379376702e-01
9.208774025898267546e-01
9.219128361845650987e-01
9.226039762454394388e-01
9.226842043630754109e-01
9.235962655959362166e-01
9.246754441314779527e-01
9.256182256125069507e-01
9.266338024569634735e-01
9.264365545717054840e-01
9.267257880078793031e-01
9.263504881325487217e-01
9.263397682757641416e-01
9.273491636322749310e-01
9.292283726403371968e-01
9.311388574609441582e-01
9.331516227088143545e-01
9.341725568243731681e-01
9.337557495470985014e-01
9.322206457778964284e-01
9.304775727388491235e-01
9.306446983796301531e-01
9.316504512952179518e-01
9.343831687975659994e-01
