1.434256085445493982e-02
1.236100038451964228e-02
1.185878151756725347e-02
1.210597809612523439e-02
1.201554192284416157e-02
1.181542876923719239e-02
1.090619483152154880e-02
1.056358707409619201e-02
1.042849781420305058e-02
1.088422402869762030e-02
1.173419112598812417e-02
1.045363755090082669e-02
1.138637186364091676e-02
1.364002124255861946e-02
1.327609876931768774e-02
1.572755405201849144e-02
1.805768981401947859e-02
1.561080859785384835e-02
1.593759671231248509e-02
1.849022223585929103e-02
2.039362816862069772e-02
2.256816322761822161e-02
2.620377812805128534e-02
3.007956194108743833e-02
2.636376480642036238e-02
2.929425053995850931e-02
3.539030341919049971e-02
3.519835657078889540e-02
4.186314915427406108e-02
4.292685875104260140e-02
4.543259020794560010e-02
4.550106861779051187e-02
4.988621839259222562e-02
4.962063182353765312e-02
5.760349257556271474e-02
6.137191721200303818e-02
6.390907296324549458e-02
6.961909554519891963e-02
7.202636846134297111e-02
7.141303974238785712e-02
7.813752846326246781e-02
8.016541929732291794e-02
8.289638501207167998e-02
8.603884488041732559e-02
8.788837895271943423e-02
9.232327055310288189e-02
9.512217246036172580e-02
9.936489995575360779e-02
1.033484635706700544e-01
1.092199152193105566e-01
1.103339649525998528e-01
1.138607911962496583e-01
1.194335493706087936e-01
1.188212227374593477e-01
1.224166451169795278e-01
1.297978560651476265e-01
1.343655540078718680e-01
1.389893659047609364e-01
1.419600423164637248e-01
1.428465677229528996e-01
1.471570092913024874e-01
1.498132210357133176e-01
1.561032109031445791e-01
1.573353977538840820e-01
1.616873861827133885e-01
1.675263460151308059e-01
1.685209277858674415e-01
1.708414977362975318e-01
1.753170376197277225e-01
1.785924552630600848e-01
1.809837652156697230e-01
1.878700581028976968e-01
1.912302863363877503e-01
1.914996026620069403e-01
1.990184285894586180e-01
2.014491796991803030e-01
2.055309088688620223e-01
2.078164777672882879e-01
2.095383160511613274e-01
2.139769135164691360e-01
2.187524305953418846e-01
2.221877964594619892e-01
2.263580209906733975e-01
2.317849611957422395e-01
2.336212393868147552e-01
2.376850460092793660e-01
2.415107029560076279e-01
2.443926955692039271e-01
2.486115588921278818e-01
2.509862480753303204e-01
2.545219922849759620e-01
2.595123421281346210e-01
2.637436166118204417e-01
2.648920544296050616e-01
2.687801061541719716e-01
2.727441355739469442e-01
2.742853265015391395e-01
2.796430743002182862e-01
2.822851230186262383e-01
2.868911278468355697e-01
2.908065967182074107e-01
2.935029249581215249e-01
2.958824864771254504e-01
3.011637680864070465e-01
3.041484282232611580e-01
3.050457333588786346e-01
3.091642499766733554e-01
3.129591438643905543e-01
3.165225458879016851e-01
3.196332732515775876e-01
3.221862217430291331e-01
3.251739211266654883e-01
3.283293375369695788e-01
3.320049112231869270e-01
3.366640332216354614e-01
3.385561635133594871e-01
3.420223139217573038e-01
3.462801960481657892e-01
3.493425632207211584e-01
3.517099455660215868e-01
3.547269481461242657e-01
3.571102047402802682e-01
3.611167667144888904e-01
3.629022127407419140e-01
3.668740390878639790e-01
3.708451698158725107e-01
3.733865759807736828e-01
3.755656983351723932e-01
3.794479509533520423e-01
3.832261009729886481e-01
3.855071249401070821e-01
3.884414079436996903e-01
3.914810782692654256e-01
3.944022395171395412e-01
3.965626944428313760e-01
3.996497480614071840e-01
4.034736813969664326e-01
4.063187925542481871e-01
4.086405455381766916e-01
4.118600825692952383e-01
4.149402654778151511e-01
4.173112659421970294e-01
4.205211873181681215e-01
4.239829386008390211e-01
4.263332373945288856e-01
4.301716944766351136e-01
4.320070432809229866e-01
4.342132408851039349e-01
4.374525783191668959e-01
4.405114689354179269e-01
4.419379537937184188e-01
4.450688808374831940e-01
4.483578863235779255e-01
4.516577548505195105e-01
4.535803608622331340e-01
4.564743387636338023e-01
4.581809662587236209e-01
4.609050494737220172e-01
4.658681033433312302e-01
4.676220287330814518e-01
4.705258608542091103e-01
4.727207407039870080e-01
4.746075037375391825e-01
4.771982013792183674e-01
4.789447175605980322e-01
4.828190467635007921e-01
4.865403366893885084e-01
4.884334791177376012e-01
4.904343764075081435e-01
4.933725951910585827e-01
4.963163609724967062e-01
4.988731186519725358e-01
5.018137762434976556e-01
5.039633478713382297e-01
5.066164973860958209e-01
5.089908178959622331e-01
5.115682139805575179e-01
5.139757595866933926e-01
5.161348811490258370e-01
5.188568610113581947e-01
5.201340481486137479e-01
5.225280714658296910e-01
5.259041756250262267e-01
5.278244972133601109e-01
5.301159336157058588e-01
5.323272516135212351e-01
5.349758612994007789e-01
5.371110187964811544e-01
5.400103101797502081e-01
5.412444766331897528e-01
5.443774537244653322e-01
5.469789018265137637e-01
5.485452967106048128e-01
5.512246484084948328e-01
5.534818692899799997e-01
5.554454664578548639e-01
5.581650059278580045e-01
5.596983286136113511e-01
5.631128867295868146e-01
5.642970555354165363e-01
5.672644107392168511e-01
5.691671539392906265e-01
5.706856479102044855e-01
5.734004309794162868e-01
5.754723199598635874e-01
5.774578239061632923e-01
5.806941093967001866e-01
5.830633085954746164e-01
5.839181421600079247e-01
5.855626859750305835e-01
5.886471517973940193e-01
5.898122061135357974e-01
5.924358976813326461e-01
5.943800365792842877e-01
5.967005878881888048e-01
5.990885000833795493e-01
6.006713166113044622e-01
6.031613885252772311e-01
6.052528541338587642e-01
6.065537901008544175e-01
6.087422740120913556e-01
6.112598386321979049e-01
6.120699949120753658e-01
6.144458208241361241e-01
6.167108850913287643e-01
6.181368485055745987e-01
6.205716889345899157e-01
6.226399763063326098e-01
6.250759354971153758e-01
6.271909625952258871e-01
6.282324906202942927e-01
6.299730804841020548e-01
6.320785613426622707e-01
6.340108720259991504e-01
6.361852619003764975e-01
6.376493299170390427e-01
6.395625371581503682e-01
6.413422387769327493e-01
6.438522394343293431e-01
6.458002557427101609e-01
6.459544299701570624e-01
6.492496931220133050e-01
6.508887331623953720e-01
6.515786982546108996e-01
6.537873995325627074e-01
6.556190310797576082e-01
6.576226025847224932e-01
6.596898342174323249e-01
6.611039175942978741e-01
6.632830325045406816e-01
6.648571529216504850e-01
6.664682838979314461e-01
6.679597094281423120e-01
6.693843182356782329e-01
6.712203434387485901e-01
6.734999035390856204e-01
6.748774672693553800e-01
6.773268611126639360e-01
6.783089260465251513e-01
6.797110592524658879e-01
6.814957971236168532e-01
6.831303249196710725e-01
6.857115806015277037e-01
6.871721003544795092e-01
6.875311543824347282e-01
6.896525571931038101e-01
6.921418473021292428e-01
6.933819763383283208e-01
6.945718392773433392e-01
6.960604020726178787e-01
6.983392669683801124e-01
6.997492937703282401e-01
7.014983423933280893e-01
7.024591577541160481e-01
7.035022035906045579e-01
7.057799188913544963e-01
7.080770892915824177e-01
7.089261360139974544e-01
7.100817113470584419e-01
7.122354176558348682e-01
7.137244471776269528e-01
7.148934190700301228e-01
7.162363714594640607e-01
7.176916396417802879e-01
7.193976843119597175e-01
7.209434604790584400e-01
7.221680524169022952e-01
7.236649736629311436e-01
7.251366727097199316e-01
7.271456224069331453e-01
7.275670836203002034e-01
7.292538728753946708e-01
7.307911136700886434e-01
7.325241630368374279e-01
7.332647706893888895e-01
7.350484946261773844e-01
7.367835764758455808e-01
7.386092128599233142e-01
7.393413003621379653e-01
7.403906830217055202e-01
7.431395231470878660e-01
7.440029255748421555e-01
7.451412935357494272e-01
7.464514120895551219e-01
7.477476638900830697e-01
7.489540397779179681e-01
7.505165093042590607e-01
7.513575656967468319e-01
7.527578120578568566e-01
7.543771133357958236e-01
7.556592377275521688e-01
7.573531482296341766e-01
7.587801847236563813e-01
7.595776890181992202e-01
7.605932994251908275e-01
7.624923927134006352e-01
7.639198573646686086e-01
7.651876148122365162e-01
7.660086402429887587e-01
7.675490767078783083e-01
7.682443823445701536e-01
7.700762076029751269e-01
7.714807077284772108e-01
7.718506338772987974e-01
7.733820865354000818e-01
7.747691867453372350e-01
7.760910401085893140e-01
7.776627522590275898e-01
7.786816428306301274e-01
7.798136349675692802e-01
7.810675663931498924e-01
7.819766205586711205e-01
7.830684717763520819e-01
7.846665087749058465e-01
7.858701382356211296e-01
7.868018586088294519e-01
7.876071283378961452e-01
7.895197596067446977e-01
7.903954970667418367e-01
7.913454242629422986e-01
7.928879348018308404e-01
7.939147865545929106e-01
7.951220778596812533e-01
7.961945172563339446e-01
7.973017008932657967e-01
7.982001111777704550e-01
7.996703105559035407e-01
8.010807486931456056e-01
8.022981228550787325e-01
8.028909548094858017e-01
8.040471109948786888e-01
8.053915420475054043e-01
8.067881467810922302e-01
8.080326572501997928e-01
8.083990597150740864e-01
8.094189841383095940e-01
8.109871129469283790e-01
8.118033537815004808e-01
8.126920610802643719e-01
8.135231685511219446e-01
8.145200441332268726e-01
8.157928962877513124e-01
8.168188735459979144e-01
8.178356630827988694e-01
8.197026283796884361e-01
8.202517998590778125e-01
8.216087273041096095e-01
8.217750834270419746e-01
8.230407158863742856e-01
8.240471369706170446e-01
8.253292338885933610e-01
8.263557218573919227e-01
8.279121144721597325e-01
8.286555085996930581e-01
8.291363185001543457e-01
8.304423958632146663e-01
8.316922621847057107e-01
8.329838165046850040e-01
8.334855894880384142e-01
8.340450510158778918e-01
8.354850825767874412e-01
8.364467264682631242e-01
8.377050924223342632e-01
8.383884412414542853e-01
8.389353926969483899e-01
8.404182657290926173e-01
8.410960586536353478e-01
8.425398485508143187e-01
8.430289156510754056e-01
8.441854370630187399e-01
8.450223936208394182e-01
8.458127676743140144e-01
8.463769701940946355e-01
8.475522516932969541e-01
8.482541567679346972e-01
8.490510052264121921e-01
8.505208921862397187e-01
8.513699015860948238e-01
8.523851899655858766e-01
8.526667620135407466e-01
8.541259658514018804e-01
8.549113500289077239e-01
8.556662565112334029e-01
8.569164014932385554e-01
8.574073337096643765e-01
8.584276700115083258e-01
8.596007008926414006e-01
8.604847113103182288e-01
8.614394001392219336e-01
8.621786929591848114e-01
8.630973779421090564e-01
8.639629078386613648e-01
8.642759588934096904e-01
8.653116157200945180e-01
8.661868389380125155e-01
8.673846082389280454e-01
8.679531307946593000e-01
8.689291075501026640e-01
8.699764053905169048e-01
8.705233454770209267e-01
8.710375756498861533e-01
8.723340266005780164e-01
8.730866722923170675e-01
8.735655384972657034e-01
8.744730991853444380e-01
8.760114577425669458e-01
8.765890903532392864e-01
8.773855627156579295e-01
8.783526068066143111e-01
8.785058176673117281e-01
8.794526778478555240e-01
8.803137058153207573e-01
8.815444422760374543e-01
8.819113291288056544e-01
8.825028705961206477e-01
8.835375280807753473e-01
8.844135759145861364e-01
8.847681332774877117e-01
8.859599633788489692e-01
8.864254315780000226e-01
8.876432936123848094e-01
8.884948066635780517e-01
8.889690116169461920e-01
8.895089048920553632e-01
8.901404474553583634e-01
8.911758871066928211e-01
8.920181805479794335e-01
8.926654395107551654e-01
8.930436247114807990e-01
8.942284155521136313e-01
8.947200140790714240e-01
8.953911739379887269e-01
8.969345863792368423e-01
8.968213951062182776e-01
8.981059129894028992e-01
8.982599185456707769e-01
8.993087253670114523e-01
8.998857047256513253e-01
9.009845230172104369e-01
9.018067346533220618e-01
9.021722477960382180e-01
9.021326519890229267e-01
9.036544978412273110e-01
9.040170902570889844e-01
9.047244463758963295e-01
9.058800187957953831e-01
9.062282041747231620e-01
9.065478660949645162e-01
9.074811207665534063e-01
9.082973420155542321e-01
9.084987814061245004e-01
9.095771371656579118e-01
9.103505158806318720e-01
9.108392195454136919e-01
9.115872952680806884e-01
9.127049920238049507e-01
9.128297289225499878e-01
9.135814341352000989e-01
9.140755016778289166e-01
9.149788407475170082e-01
9.156541200338143005e-01
9.165990668494174987e-01
9.170237220707753156e-01
9.174495363681590687e-01
9.181170635402391422e-01
9.190766051402777803e-01
9.197401776353164582e-01
9.200040920621426199e-01
9.210541207519976625e-01
9.210932491962544599e-01
9.219195539760566271e-01
9.227322099398317379e-01
9.229999935436302705e-01
9.235520028628794176e-01
9.247819440070113028e-01
9.256439117968168206e-01
9.269760972817815414e-01
9.262588558783396708e-01
9.267020400147371051e-01
9.262411559085115265e-01
9.260011141937232182e-01
9.273379260460025142e-01
9.289147913925096534e-01
9.307846113544965272e-01
9.328327238097604557e-01
9.341221592900014192e-01
9.332456777351293420e-01
9.323282231787325403e-01
9.302523857109780137e-01
9.301610200647241200e-01
9.312718370402274237e-01
9.338818904415387978e-01
