7.794134995411055034e-01
7.783406987984636816e-01
7.781144028411265401e-01
7.786649281026271074e-01
7.792559286044826727e-01
7.794049882509485050e-01
7.795550224510127135e-01
7.795635264546199039e-01
7.793578203482105504e-01
7.792891462538256153e-01
7.791716978774415603e-01
7.790734167727313420e-01
7.792138379391971847e-01
7.794726393485853499e-01
7.795954930732889032e-01
7.798424569032232911e-01
7.800247854112974943e-01
7.798208672341998549e-01
7.797018095251851966e-01
7.797581663752646275e-01
7.797689960811375887e-01
7.799190322098283890e-01
7.801755960557034131e-01
7.805751655494020946e-01
7.803900358374911139e-01
7.806635132125278043e-01
7.811317087529697778e-01
7.809747503991214534e-01
7.814159448079510684e-01
7.814919915417423146e-01
7.815965837888358969e-01
7.814221069221740645e-01
7.817479648320981855e-01
7.819228064518959354e-01
7.826529166831412976e-01
7.828913759589858357e-01
7.829737679152007912e-01
7.834834445923911650e-01
7.837850612297715402e-01
7.834934745979051929e-01
7.841016251043445573e-01
7.842002264245122589e-01
7.843229391223296432e-01
7.844899858244639423e-01
7.845170220568304931e-01
7.850982125166545700e-01
7.853597852401896784e-01
7.856412766129372560e-01
7.861021974135350421e-01
7.863959597051283223e-01
7.864105158100308524e-01
7.870038559663832256e-01
7.874621856313233081e-01
7.874293079669031359e-01
7.875232053321070680e-01
7.877988515712607276e-01
7.883655076722924093e-01
7.894111438806136194e-01
7.892940771577573456e-01
7.888657190278572928e-01
7.896587828446915980e-01
7.896057956400818201e-01
7.901728795759801471e-01
7.905152976017313371e-01
7.907746013122232132e-01
7.905418139395447019e-01
7.917787850305942898e-01
7.917063697238964082e-01
7.922297874772752380e-01
7.921816167003918885e-01
7.928111208550062683e-01
7.936568801028783815e-01
7.935285933857469942e-01
7.937804727563437801e-01
7.945507123587917109e-01
7.943452746767601935e-01
7.948749136738788579e-01
7.949865110045599703e-01
7.952889101110807157e-01
7.965775275622993812e-01
7.971276354605401071e-01
7.963957224250841627e-01
7.971109877029188828e-01
7.982215571599888815e-01
7.974289524174211774e-01
7.976158495589222852e-01
7.980526429895473672e-01
7.982408683514077286e-01
7.990612798042262543e-01
7.983836422398286059e-01
7.989974176251277704e-01
8.004393451505227297e-01
8.005338766265224226e-01
8.006523852925675477e-01
8.013414863844784408e-01
8.022754806119348769e-01
8.010416961595862029e-01
8.027992073548603225e-01
8.027331852736585560e-01
8.028750261122854504e-01
8.038774727277178123e-01
8.037055377518208532e-01
8.037646851966835371e-01
8.041591471311976269e-01
8.042251627061185459e-01
8.054826088880934210e-01
8.055674277711279974e-01
8.056558192311804589e-01
8.067276355311450153e-01
8.065461323603755339e-01
8.067406165468393731e-01
8.063942156595420574e-01
8.065013537795308052e-01
8.071601521421074565e-01
8.088180840365304380e-01
8.086578017802775742e-01
8.084225911928021313e-01
8.091703090652454522e-01
8.089546777654327281e-01
8.091215813106751309e-01
8.107307311798360727e-01
8.109665905052527712e-01
8.106121499720516654e-01
8.112134206437829897e-01
8.119605151752523620e-01
8.125983243025609593e-01
8.128921056560370895e-01
8.128623870985431932e-01
8.133428335204188064e-01
8.130104612881744464e-01
8.135886348047685068e-01
8.149187673155166012e-01
8.144508831860590714e-01
8.147078608761418872e-01
8.151754111755390442e-01
8.152486494523567551e-01
8.157929369001842845e-01
8.168663533379956210e-01
8.170270101126188012e-01
8.179009099653151704e-01
8.178206157091656436e-01
8.183008833914686697e-01
8.182154381518402797e-01
8.190188468911681063e-01
8.194248861551350904e-01
8.193955781294621765e-01
8.200388846716812896e-01
8.203069589165389308e-01
8.207830074261819320e-01
8.205718925582757839e-01
8.215620739649301951e-01
8.205603235673352147e-01
8.223910720876991265e-01
8.218595126045099564e-01
8.221542777853687589e-01
8.232492254367894668e-01
8.231552582630921044e-01
8.237605464672711486e-01
8.230875919473222835e-01
8.235810307376958406e-01
8.249030217995924064e-01
8.253806882531878886e-01
8.260160305715728013e-01
8.257392032613186661e-01
8.261663636129118471e-01
8.263561840901536559e-01
8.263563638429891611e-01
8.265269127361684065e-01
8.270877319160123697e-01
8.274580069465469201e-01
8.279093291294956636e-01
8.286916646909362472e-01
8.289692367405756546e-01
8.295251210529320796e-01
8.296120824105611691e-01
8.297649345187239067e-01
8.303529195211489800e-01
8.302090081029880331e-01
8.306852193180150890e-01
8.313508067292129100e-01
8.310459567764374444e-01
8.318497488454105193e-01
8.325224949175944467e-01
8.327453274413534334e-01
8.330836881552997619e-01
8.331434132728281483e-01
8.329986864156881943e-01
8.341765691180484943e-01
8.344204431210627826e-01
8.346122851375195051e-01
8.350059686020333549e-01
8.354579038545669745e-01
8.353155065799721113e-01
8.357324633877385445e-01
8.365760928542301800e-01
8.359494069313387898e-01
8.367200279589627199e-01
8.378485343320362100e-01
8.377473524442474728e-01
8.374539275290259210e-01
8.383313633568628687e-01
8.393096992573642057e-01
8.394493826483589993e-01
8.390954233613647784e-01
8.393479399397445473e-01
8.395481474560436697e-01
8.403930039773969130e-01
8.407361667210098144e-01
8.406740662178826540e-01
8.407772380968459025e-01
8.412093148228966255e-01
8.423172722800476020e-01
8.423605592086744753e-01
8.425923983637716441e-01
8.434434216472176393e-01
8.435885077899973883e-01
8.438919260688166890e-01
8.442556724113867705e-01
8.448468848056461811e-01
8.450230659556098312e-01
8.446402381381180602e-01
8.452340229380985726e-01
8.462680608999554321e-01
8.464788453314521233e-01
8.467075887769852649e-01
8.464553643426930840e-01
8.473630781366823239e-01
8.477487661018132670e-01
8.476580369093993372e-01
8.482639052765914567e-01
8.492643501556177421e-01
8.481564651626470885e-01
8.499360689403191449e-01
8.502400677687712571e-01
8.494073191089316355e-01
8.507289269561870704e-01
8.501508810880854528e-01
8.506798616629724918e-01
8.516548952257053662e-01
8.518211411375581354e-01
8.517061820268077010e-01
8.525554043617117328e-01
8.523053273932130747e-01
8.531499970781257769e-01
8.531101938030358767e-01
8.531214786561157615e-01
8.539107894842317137e-01
8.543227034616219795e-01
8.541923881553494802e-01
8.547060029685121796e-01
8.550702858966370279e-01
8.551728962656538480e-01
8.555008340163833269e-01
8.559090381496237132e-01
8.564516972535658468e-01
8.563065187231380104e-01
8.567774972246705589e-01
8.576723787273597965e-01
8.576882093275455254e-01
8.579027755821777568e-01
8.580774954608010319e-01
8.585545220192757343e-01
8.593708398731562115e-01
8.595486095231456014e-01
8.598592465678065455e-01
8.602978163353282026e-01
8.605685221143200003e-01
8.606175734319877479e-01
8.607893038533118713e-01
8.613548030752967710e-01
8.616768399025298564e-01
8.616622238475616369e-01
8.621626961111356069e-01
8.628137147663537121e-01
8.632296761645857908e-01
8.632846915729595061e-01
8.634161412169973904e-01
8.639821001317643523e-01
8.646768921468336311e-01
8.644507119485099755e-01
8.648028397548636059e-01
8.651974899256994478e-01
8.652722678532589473e-01
8.655655092289209485e-01
8.662734813436536729e-01
8.667745197705026827e-01
8.666671184513938808e-01
8.669695400027298549e-01
8.673850266963024636e-01
8.676698411222194540e-01
8.678643547896122135e-01
8.680317006242346256e-01
8.684509966629849753e-01
8.688336752073856362e-01
8.687147896894243937e-01
8.690067148415391296e-01
8.699161695869319644e-01
8.707187913509503163e-01
8.708945288117188044e-01
8.708548532272049059e-01
8.710608509593703586e-01
8.712680468849312021e-01
8.714520165441357324e-01
8.721968945762291758e-01
8.722319124326205486e-01
8.724935455827044217e-01
8.732426129722696828e-01
8.734499634861550010e-01
8.734943029229123024e-01
8.738161474696549691e-01
8.742626510566092746e-01
8.746546085872793919e-01
8.749044646325688790e-01
8.752577922913097330e-01
8.754575531174505487e-01
8.755049775648803267e-01
8.757597542738503327e-01
8.761368729053193860e-01
8.764174506959717670e-01
8.767083263052549702e-01
8.769319393762683434e-01
8.770935522269374118e-01
8.776367582063374639e-01
8.784534605557220432e-01
8.784396114416992418e-01
8.785338066045629279e-01
8.790411003359434039e-01
8.792779227597543601e-01
8.796129938768558754e-01
8.800367061136171731e-01
8.804492627831170815e-01
8.806302800509158146e-01
8.807034290022675016e-01
8.809180059088399517e-01
8.814525188329348504e-01
8.816182933106927466e-01
8.817628928437728497e-01
8.824474208474272219e-01
8.828925554752404814e-01
8.829305031694645312e-01
8.830397479977096786e-01
8.835273832104953984e-01
8.835735748112552024e-01
8.838644239021609117e-01
8.843393676193390673e-01
8.847990894758287483e-01
8.851061075851204274e-01
8.851278645846201165e-01
8.854219482420578879e-01
8.859881946506531492e-01
8.864189592015903063e-01
8.867838962616758636e-01
8.868268196719009122e-01
8.870102602124156910e-01
8.871775674999805572e-01
8.875071638287534981e-01
8.878316710412701429e-01
8.882699985947075660e-01
8.887196852666718883e-01
8.887164404829737130e-01
8.887308519839717258e-01
8.894440457764508645e-01
8.899987398074910017e-01
8.900895630056421259e-01
8.901346692567839725e-01
8.901860927500711007e-01
8.908037384451809038e-01
8.911895936553377862e-01
8.914372338198812695e-01
8.916432363482260648e-01
8.921312118880700970e-01
8.923471512083547275e-01
8.924570339183950374e-01
8.927852136486493784e-01
8.932485397446292552e-01
8.935267465351774963e-01
8.938047018440454794e-01
8.941762277795486380e-01
8.944584863832137911e-01
8.945750871806008586e-01
8.948549198546149608e-01
8.952995584883410851e-01
8.955790002661768723e-01
8.955643376084964080e-01
8.958618404207150387e-01
8.962373568070143293e-01
8.966269581773501640e-01
8.968286226869521816e-01
8.971531908391958687e-01
8.974811985620496646e-01
8.979803061422272359e-01
8.981454074085142292e-01
8.983334031110363771e-01
8.984924299181723528e-01
8.986803251367209144e-01
8.989123553131035393e-01
8.993982768746444645e-01
8.997379227508796040e-01
9.001343612932407590e-01
9.003539187728102355e-01
9.003595557084348444e-01
9.006641329536481111e-01
9.010582066741436025e-01
9.014322376554325666e-01
9.016715915407925719e-01
9.019149974163893635e-01
9.021566550000617024e-01
9.023030095683924889e-01
9.025813990576534440e-01
9.029057785089509292e-01
9.032884413819430858e-01
9.035379908967011708e-01
9.037930611655157209e-01
9.041096329001132581e-01
9.044763944756395446e-01
9.048958228953423166e-01
9.050316464835757024e-01
9.052595607756164231e-01
9.055154708791168794e-01
9.057848633522453952e-01
9.061134930790699649e-01
9.063377789918161120e-01
9.064970009684383268e-01
9.067427056159399479e-01
9.070364827811847608e-01
9.074896474597581308e-01
9.078799824154392129e-01
9.081137902486130509e-01
9.084031528516343101e-01
9.085349959437798439e-01
9.087909904727256016e-01
9.090001336445626690e-01
9.093349287581513618e-01
9.095459735854579675e-01
9.098157140531042408e-01
9.100508018504078755e-01
9.103859352251193471e-01
9.106494155669082602e-01
9.108825578392560907e-01
9.109486391145584783e-01
9.112966804039261959e-01
9.116089565758811464e-01
9.120215355456864348e-01
9.123086170944710860e-01
9.126020449081759800e-01
9.128830086706331004e-01
9.130448548242869888e-01
9.132791698317680451e-01
9.135539141587750711e-01
9.138654781105499669e-01
9.141766960999876401e-01
9.144585280469675892e-01
9.148002348740652545e-01
9.149325485513198908e-01
9.149252105892571318e-01
9.152319750657352815e-01
9.156464052888522165e-01
9.159644922014973378e-01
9.161851088269229448e-01
9.162971806728740232e-01
9.164779779403611215e-01
9.166795597661936412e-01
9.171833307021701742e-01
9.175315035256482732e-01
9.179357283679682178e-01
9.181970585722726286e-01
9.184059891152317467e-01
9.186994387061734324e-01
9.188252478965992509e-01
9.190962810124819748e-01
9.193196450332337122e-01
9.196642467979410096e-01
9.200754903182725153e-01
9.202429648290656461e-01
9.205109111326104099e-01
9.206281978835714197e-01
9.208725476178399871e-01
9.211461720892689664e-01
9.213046454826325782e-01
9.215913782004733212e-01
9.219208880992739719e-01
9.221919328026878526e-01
9.224047405412625356e-01
9.226229436085077174e-01
9.226554250997716089e-01
9.228352457720033764e-01
9.230921622074511612e-01
9.234015801515270683e-01
9.237475206569705222e-01
9.240288541320296201e-01
9.243551853260829620e-01
9.246486053543412353e-01
9.248877007069521428e-01
9.251566129609429812e-01
9.255372400095417396e-01
9.260611475995722541e-01
9.262626231973666302e-01
9.261821141830970383e-01
9.256642997700120779e-01
9.252628439663459492e-01
9.252218372886880093e-01
9.259208599377057869e-01
9.273163921279413691e-01
9.290679348274347715e-01
9.302297013435470996e-01
9.304632169318235446e-01
9.293065751437736832e-01
9.273106295162051316e-01
9.255207156710492100e-01
9.249570837073922691e-01
9.261199371838260141e-01
9.285222562247997802e-01
