1.773241357168318239e-02
1.569667041899544535e-02
1.517390623585349561e-02
1.519427882382452799e-02
1.475055901696271585e-02
1.443035598066595704e-02
1.316145081808529037e-02
1.270152824893296117e-02
1.262469601998943147e-02
1.323714151749787182e-02
1.436098122595592594e-02
1.272422149125412676e-02
1.384278615181515695e-02
1.656634113203707404e-02
1.603914931904818625e-02
1.893648249944733519e-02
2.172420590308359045e-02
1.897675288431268162e-02
1.938925018141319373e-02
2.244590520114142507e-02
2.487376122371386458e-02
2.726772150689953100e-02
3.173767415577506690e-02
3.585354386183082359e-02
3.182827375601741948e-02
3.527039313858290615e-02
4.202442846417982214e-02
4.241144699043584987e-02
4.994924846451386652e-02
5.089584680111413489e-02
5.399584552438737445e-02
5.502498275430071917e-02
5.992076732341916623e-02
5.932180304737742077e-02
6.741780702811894788e-02
7.200851630681366633e-02
7.572041298911502683e-02
8.161875047291408669e-02
8.404167644673789239e-02
8.417337648806950956e-02
9.113610850213849091e-02
9.368200431444810572e-02
9.708749334064145642e-02
1.006111333047236128e-01
1.031054164235007398e-01
1.085158215146167088e-01
1.122948109829615543e-01
1.162650094427608999e-01
1.197938087130892421e-01
1.269440683306649054e-01
1.285626678216084950e-01
1.317874766157887123e-01
1.377953160943486688e-01
1.373609171901123693e-01
1.420968454724654551e-01
1.493527366221847896e-01
1.543456805775404173e-01
1.590136185282597370e-01
1.626641072083138129e-01
1.645070509446424079e-01
1.691334738065091436e-01
1.721177897389299938e-01
1.789726084753321678e-01
1.801218660341817879e-01
1.853546733082045150e-01
1.903612332023653098e-01
1.920105708507728326e-01
1.960160715697241429e-01
2.003938332434888892e-01
2.035372749408466131e-01
2.059613255192169479e-01
2.131104386161984388e-01
2.171841378735437922e-01
2.171453946984525651e-01
2.252357693431225327e-01
2.277756809869350696e-01
2.319985188779364882e-01
2.343816018335897755e-01
2.378556519892053300e-01
2.410432254818363207e-01
2.459704665268017121e-01
2.495030245722391626e-01
2.531953827533801604e-01
2.585736415989895454e-01
2.619463827469640793e-01
2.667411995013616033e-01
2.701404355904125643e-01
2.731642033538098646e-01
2.768901511244551972e-01
2.799420801087846300e-01
2.841296465893992651e-01
2.889097479968968929e-01
2.927074278514346650e-01
2.949780365955773087e-01
2.988646256477577312e-01
3.016126379811341907e-01
3.044079516327798385e-01
3.089305171564192820e-01
3.117759478864328138e-01
3.169392811431339663e-01
3.225129191102331649e-01
3.238612118153889052e-01
3.275780846816424008e-01
3.313512189339139491e-01
3.349285909847282139e-01
3.360843441287779121e-01
3.400547419708844776e-01
3.446878021622906130e-01
3.485512494958371565e-01
3.518351361730979732e-01
3.534834557939368072e-01
3.567705824808917736e-01
3.601333454006417911e-01
3.640480710405805675e-01
3.670975044118636732e-01
3.702296946564231916e-01
3.749241659582333575e-01
3.777623651477008404e-01
3.804267802005474874e-01
3.833668636488644643e-01
3.861611263318915355e-01
3.891074168212989570e-01
3.946902607097519944e-01
3.960412518390656889e-01
3.989123618735048726e-01
4.027510328635950931e-01
4.050777021317152338e-01
4.081881496898725481e-01
4.119998747937612116e-01
4.144282874674816708e-01
4.184070148003872225e-01
4.210197470861727909e-01
4.226794650229871997e-01
4.265879673642689607e-01
4.290201179479293803e-01
4.326925229415298224e-01
4.348254307430825527e-01
4.380830601501516930e-01
4.407598646459175984e-01
4.439944477018132329e-01
4.466501843620536705e-01
4.494094037302155953e-01
4.525533852701129622e-01
4.559143396251412184e-01
4.579816100849996019e-01
4.613313885082909738e-01
4.637031341417759966e-01
4.657245729425683600e-01
4.687939167423199049e-01
4.714358615008329978e-01
4.737586471423960166e-01
4.763584350330714035e-01
4.798190054324576459e-01
4.825665480654208750e-01
4.846263869918308598e-01
4.869522461352672749e-01
4.894607206423470802e-01
4.921721184809812466e-01
4.959717701824283287e-01
4.981588396575395983e-01
5.006414105015380978e-01
5.033609650535383340e-01
5.050385516066833169e-01
5.071215971713955994e-01
5.091873768262948907e-01
5.118514052169238493e-01
5.154714673497889921e-01
5.180077510818894559e-01
5.210510567334325494e-01
5.229112535873506884e-01
5.248586823860701411e-01
5.265038745094530181e-01
5.298990066500878227e-01
5.322760401761644777e-01
5.344312646162628910e-01
5.370001642755619642e-01
5.387990381569869314e-01
5.415202831370217185e-01
5.441879324967470177e-01
5.467294822774334540e-01
5.488650941338797384e-01
5.504212902039101740e-01
5.528945589601138577e-01
5.554748510676610351e-01
5.576234051818245163e-01
5.597777400533667791e-01
5.616421113222505035e-01
5.637987528931546199e-01
5.664421082081543268e-01
5.677927016384406445e-01
5.705811250538850299e-01
5.730426808723856347e-01
5.744808064226962774e-01
5.773865913302548281e-01
5.793337587137883382e-01
5.806516062898259278e-01
5.836313548803973017e-01
5.848332066712977895e-01
5.875360494675024858e-01
5.885629843626911661e-01
5.911967340671548943e-01
5.936581469875555905e-01
5.947878859847203215e-01
5.974269637006137668e-01
5.992651173854670610e-01
6.013568730171346965e-01
6.042522066097503197e-01
6.066332794911883930e-01
6.075339169850245691e-01
6.098396772836019997e-01
6.114670954893072219e-01
6.131622786769891365e-01
6.155817725455123846e-01
6.167106395694235133e-01
6.188529772598188039e-01
6.213330044216346382e-01
6.230024528769213532e-01
6.248146371044888125e-01
6.268595593598607074e-01
6.280347586549672734e-01
6.290825537154760561e-01
6.319012421479426322e-01
6.339587987324428742e-01
6.351066161342021621e-01
6.368825367597213960e-01
6.384157349175741958e-01
6.395433637820265860e-01
6.415613402351004746e-01
6.444926672994877315e-01
6.461579911811340393e-01
6.481903815231244703e-01
6.495371055191689891e-01
6.512304508798871794e-01
6.525786309643156757e-01
6.546462961405583592e-01
6.561481536550438642e-01
6.573052551827963663e-01
6.596310368928137713e-01
6.617228649706079491e-01
6.632888853962914943e-01
6.642025617324940345e-01
6.663851506063508401e-01
6.683642594187395591e-01
6.695747572436119288e-01
6.707153767909950215e-01
6.723929580990123389e-01
6.742479941907500995e-01
6.756153633611081677e-01
6.775536548739008458e-01
6.790491205936590724e-01
6.804326181284937602e-01
6.824194933457600198e-01
6.840504495515919992e-01
6.853720396751293853e-01
6.865906436391162604e-01
6.888496293121066927e-01
6.901431818850460864e-01
6.912133565660627532e-01
6.923492755305915569e-01
6.945201351111509602e-01
6.956574359235322413e-01
6.969462910446876380e-01
6.989527648471578480e-01
7.008402622727811782e-01
7.015144737674766651e-01
7.026876535599433371e-01
7.046294222480554703e-01
7.053925253046654520e-01
7.069030951641568361e-01
7.089911089138692946e-01
7.099111371020109251e-01
7.116388092809021737e-01
7.125466659905148603e-01
7.143014437470119882e-01
7.160525681586232816e-01
7.169630157531304837e-01
7.179541109809042254e-01
7.198126806902169772e-01
7.210124074660384519e-01
7.220635955011001084e-01
7.237869493116650954e-01
7.243858844981793110e-01
7.261495154230775961e-01
7.276202183298878801e-01
7.284884258981538796e-01
7.299903963197299506e-01
7.315494736901740902e-01
7.329465918028887916e-01
7.337607232121302614e-01
7.353571184392506677e-01
7.366090864845072916e-01
7.381831443272646176e-01
7.391889908303354018e-01
7.410235791251135185e-01
7.416517868609454611e-01
7.427734674067199006e-01
7.437294929415171341e-01
7.454851064883307732e-01
7.467196299252977232e-01
7.475314958208418847e-01
7.494100936845776717e-01
7.503207706762661244e-01
7.509714641584180894e-01
7.531440206313519958e-01
7.534893247294428553e-01
7.551173542173675868e-01
7.565521686600362727e-01
7.572762245074247112e-01
7.587348250654897264e-01
7.596314813695422830e-01
7.609466988676848453e-01
7.620061476201172024e-01
7.633655003115609183e-01
7.642103065052016087e-01
7.651148949221869833e-01
7.662388579806748146e-01
7.675699908475714928e-01
7.687984715625333365e-01
7.697945898577662760e-01
7.705838403104573464e-01
7.720171253390253341e-01
7.732859127880311600e-01
7.740878847852402656e-01
7.755267704714965404e-01
7.760224997478983866e-01
7.772535754690346188e-01
7.784177949257812257e-01
7.790684699792795875e-01
7.807050695379157412e-01
7.819441214813842578e-01
7.828225888456188386e-01
7.838562341753271268e-01
7.847260892690107736e-01
7.857599433318890325e-01
7.867088000336834863e-01
7.880422694015747354e-01
7.892302507218225127e-01
7.900785467553075314e-01
7.906692569527991044e-01
7.918166200540842636e-01
7.928882390607674413e-01
7.938840706082741505e-01
7.947406840774009495e-01
7.953724736832623599e-01
7.965719055083119171e-01
7.981050202141224403e-01
7.988669114561406381e-01
7.992477901556171993e-01
8.011105356312434589e-01
8.017741146285877196e-01
8.024729650478825693e-01
8.036440727762049763e-01
8.043498604294382348e-01
8.052560484064715807e-01
8.066443388011932392e-01
8.075657600766895650e-01
8.079361550718485718e-01
8.091543935452937264e-01
8.096029920117314704e-01
8.110315428192573783e-01
8.119546218964667217e-01
8.127020708781544922e-01
8.133631783508695756e-01
8.146882046177740255e-01
8.155035190162465142e-01
8.161300425547461934e-01
8.170383780079355507e-01
8.176615260198901725e-01
8.189321350439626723e-01
8.193691105953029297e-01
8.205364772679974994e-01
8.214031321557740961e-01
8.221613470427577841e-01
8.237821234553988070e-01
8.245371397958287663e-01
8.248398361993980465e-01
8.253448053142402596e-01
8.264730105096756985e-01
8.274926571067120484e-01
8.280960672800165012e-01
8.296026135435066173e-01
8.300480454791638874e-01
8.308405720089022672e-01
8.315215579819904557e-01
8.325108321472236561e-01
8.334155925014817834e-01
8.345541956981118448e-01
8.346957379498286533e-01
8.357370005586675088e-01
8.365599293943106751e-01
8.375855448975302320e-01
8.379834974685287374e-01
8.387140112781478196e-01
8.395512191597833684e-01
8.401116811891691238e-01
8.414125482697021319e-01
8.421693142572991286e-01
8.428727803033591037e-01
8.435666274578282886e-01
8.445360611493056835e-01
8.448729928048819282e-01
8.454505522670623385e-01
8.466196133982283323e-01
8.473366559140448340e-01
8.482097722782941940e-01
8.490378258813193746e-01
8.490988044536365020e-01
8.503555446426941389e-01
8.511489744022022741e-01
8.522172435678208036e-01
8.529334054902251161e-01
8.533724915909374209e-01
8.541443135309747525e-01
8.547476767166444223e-01
8.553085086969635098e-01
8.562806120970017920e-01
8.567184154885419956e-01
8.578332197572181572e-01
8.584316333126221776e-01
8.592254828455087035e-01
8.601984026271675132e-01
8.599757576493692879e-01
8.613157602475470798e-01
8.622416381584662171e-01
8.629380624187998894e-01
8.633236264160385476e-01
8.640588676769356269e-01
8.644997245139102171e-01
8.658110337561620851e-01
8.662683066258189957e-01
8.670042218055631356e-01
8.673003900634086438e-01
8.680515335670229149e-01
8.688978648252296821e-01
8.693799387846722349e-01
8.704798233822544917e-01
8.707733588475496944e-01
8.712270539269780789e-01
8.718578280851548845e-01
8.728370585173915730e-01
8.736161070215959779e-01
8.741748625475703749e-01
8.746683156702728112e-01
8.753467151323728324e-01
8.752608255511390434e-01
8.764609513383279094e-01
8.774849121946747266e-01
8.780879419174010270e-01
8.782199593782984426e-01
8.792079448169926037e-01
8.800768406345508277e-01
8.808810079563693662e-01
8.809344241252474728e-01
8.818378260652999234e-01
8.823434454635113999e-01
8.829826787444809977e-01
8.839349458067353726e-01
8.846965132291328970e-01
8.848756452125666749e-01
8.854704787506126884e-01
8.858200790979247063e-01
8.865774157143512246e-01
8.875400102983695971e-01
8.878350611798615510e-01
8.887380612611305297e-01
8.888794744804432435e-01
8.895920997109786343e-01
8.900512570136035473e-01
8.906257785781762637e-01
8.913482242839472214e-01
8.920414382468087044e-01
8.926685912076437468e-01
8.932527276428313678e-01
8.935276186456896363e-01
8.941699519992764023e-01
8.948429570765945584e-01
8.950385388103581086e-01
8.962831525814677347e-01
8.962230203810703788e-01
8.970895450541285232e-01
8.977891152663484142e-01
8.979949967452101056e-01
8.990287944994969083e-01
8.992445056526982006e-01
8.998810042952284372e-01
9.001762607444419029e-01
9.009030496759079520e-01
9.014926314247370120e-01
9.018170249113505177e-01
9.029231775516319836e-01
9.029016685432702527e-01
9.033697484703980818e-01
9.034477999177893404e-01
9.043926842515440656e-01
9.055591970741381225e-01
9.066241152092611166e-01
9.071378487178134442e-01
9.076387181215213040e-01
9.072722365177150472e-01
9.073492612205201757e-01
9.074451945267797415e-01
9.073642668959788216e-01
9.092712975401718856e-01
9.109832384010165818e-01
9.129035877311458824e-01
9.138247886329654568e-01
9.131564650689294460e-01
9.119056017814120008e-01
9.104188792662826213e-01
9.100225559091092986e-01
9.112763243017883985e-01
9.137250526649031146e-01
