8.216484094569915797e-01
8.210882472520697473e-01
8.209616423569425780e-01
8.212255746041460247e-01
8.214936068510279021e-01
8.215395750137193254e-01
8.215684644899846623e-01
8.215528087627235188e-01
8.214468243821371196e-01
8.214355241910368255e-01
8.214092302991589101e-01
8.213091262810990889e-01
8.214037499419714061e-01
8.216056466542350778e-01
8.216372896050436747e-01
8.218440423661238503e-01
8.220250569356757353e-01
8.217964085358174797e-01
8.217545719751788713e-01
8.218958530694695508e-01
8.219730697522231733e-01
8.221513565842526461e-01
8.224113206101754114e-01
8.227995841663546805e-01
8.224791837673650630e-01
8.227222807518088654e-01
8.232544113715216660e-01
8.230900232416515916e-01
8.236260998838795810e-01
8.237508944236279218e-01
8.238807525904302542e-01
8.236956871293101834e-01
8.240593674326719409e-01
8.241798429507021240e-01
8.249819569537948372e-01
8.252306404357642178e-01
8.252767527056867891e-01
8.258451486786526630e-01
8.261620716789588315e-01
8.258491015416150605e-01
8.265382943091773571e-01
8.266506489821123793e-01
8.267889727622417251e-01
8.269687831089637120e-01
8.269876705101042447e-01
8.275476060070683371e-01
8.277773350029178356e-01
8.281054737407371746e-01
8.286296349156688779e-01
8.289456415269075285e-01
8.289436127024875089e-01
8.295178849936090115e-01
8.300748633583557856e-01
8.299811812906747743e-01
8.300771873235264220e-01
8.304755500462666085e-01
8.310471671542145611e-01
8.319978894664379343e-01
8.319495728666117529e-01
8.315680092359650777e-01
8.322663918730244248e-01
8.322907125339377155e-01
8.328021885669346647e-01
8.332500511942717569e-01
8.333687383786703151e-01
8.334207196075833490e-01
8.345010099285308236e-01
8.342888311903324805e-01
8.348601671141159253e-01
8.348956640278116792e-01
8.354427997957764029e-01
8.362986078641552190e-01
8.362047234467030465e-01
8.363266616115400121e-01
8.371571527179042516e-01
8.370293571188305304e-01
8.376291864672699150e-01
8.378163798755889902e-01
8.379085634980307784e-01
8.390145786648784965e-01
8.396126765599153385e-01
8.391673236749990217e-01
8.398579247673007009e-01
8.408951516874715315e-01
8.402346312991691990e-01
8.401873213775629123e-01
8.406841154517276093e-01
8.410028064860333163e-01
8.417950534847763455e-01
8.413898887494641876e-01
8.417130915198370866e-01
8.428348542534221943e-01
8.430830001306361954e-01
8.432968821592510267e-01
8.438299487624927320e-01
8.445415196752840137e-01
8.439730664256309689e-01
8.451570277422402189e-01
8.450035817017327311e-01
8.453199712712199387e-01
8.459662728728900571e-01
8.463260730129590348e-01
8.463327192228148332e-01
8.466449149343487912e-01
8.467465805970073589e-01
8.476253936485731444e-01
8.479056208290564056e-01
8.479598006856150505e-01
8.488398281270896906e-01
8.485775849193996079e-01
8.489254278777026430e-01
8.489085988487420353e-01
8.491795155900834224e-01
8.497315325609982040e-01
8.506755253693502050e-01
8.504179796195583396e-01
8.506628082872933483e-01
8.512896099474631662e-01
8.512837400659681864e-01
8.515665859863258413e-01
8.525991506557109023e-01
8.525210425302341966e-01
8.526635952347253466e-01
8.532065243391904197e-01
8.537609330623077142e-01
8.540476692627572142e-01
8.545401959405330983e-01
8.545874692356225655e-01
8.550192928591819896e-01
8.550682381224317119e-01
8.552930841333578060e-01
8.562270193450135514e-01
8.560582868893155117e-01
8.562748636451376072e-01
8.566419361869662685e-01
8.572097759912393755e-01
8.572338600117160867e-01
8.577553990897638370e-01
8.586080489713596720e-01
8.585718437079483678e-01
8.588142103299992725e-01
8.594535212215259623e-01
8.594872774255277736e-01
8.598670730598574341e-01
8.601444572959711099e-01
8.602359931050357345e-01
8.608264401999201620e-01
8.610824318432347413e-01
8.618605082231397541e-01
8.614797602604871152e-01
8.619970471582664162e-01
8.615448838188852765e-01
8.624550011998601828e-01
8.627236049953502794e-01
8.625822011707510173e-01
8.636579773921019276e-01
8.635876068537713390e-01
8.640409206114060270e-01
8.639561337099875837e-01
8.643813564305412589e-01
8.647448459532459664e-01
8.650792658930673840e-01
8.656381313785931342e-01
8.658084397641749863e-01
8.665443680137971949e-01
8.663455883544738390e-01
8.661584229087303521e-01
8.666999399913675184e-01
8.671994219375142032e-01
8.672935384269667702e-01
8.677377874353391363e-01
8.682280358562711742e-01
8.683206034533631490e-01
8.687599798782932314e-01
8.690126153097424977e-01
8.691730051454876760e-01
8.694229126978740840e-01
8.696700282992700926e-01
8.696630322778670097e-01
8.701179857627576730e-01
8.704289031114319508e-01
8.707057385251719683e-01
8.711597374153550177e-01
8.717031777479093968e-01
8.718276623513605550e-01
8.717836108269539919e-01
8.717732181065160901e-01
8.723832559047585145e-01
8.725198721797450263e-01
8.732019661899186325e-01
8.733284501925505650e-01
8.733201964974098841e-01
8.736659875639819495e-01
8.739119812151979749e-01
8.743194147268874561e-01
8.742499955684308599e-01
8.749601378787269512e-01
8.751323422002543762e-01
8.754029076733609305e-01
8.753240655473761844e-01
8.758013818636473102e-01
8.762554335198331490e-01
8.763751254402065705e-01
8.764799080294264355e-01
8.767040785047612861e-01
8.767540354283284154e-01
8.772492123474862069e-01
8.776133397791832103e-01
8.778147121657375873e-01
8.780144581531331704e-01
8.782632316459373367e-01
8.787553560202040481e-01
8.787603623242903339e-01
8.789471073530863432e-01
8.795367275403728202e-01
8.797700545451141441e-01
8.799375240939865117e-01
8.799295476507776881e-01
8.804042500983123576e-01
8.806015658536670010e-01
8.804842706352513648e-01
8.808291486461239383e-01
8.815669638370411398e-01
8.815891251393742634e-01
8.816659348890456549e-01
8.819446860000403898e-01
8.823476341554254976e-01
8.825167317665767452e-01
8.827038609801113322e-01
8.829731551035421289e-01
8.832124421027012229e-01
8.832568329523252659e-01
8.836608842994928548e-01
8.841325295654733907e-01
8.840077481879859977e-01
8.844269744194421801e-01
8.845120458636143157e-01
8.847553910322938364e-01
8.851232874213714741e-01
8.852859095117955324e-01
8.853343803101312304e-01
8.856912553642507513e-01
8.858337165551722903e-01
8.860887186524151193e-01
8.863748992224594891e-01
8.865712400358330969e-01
8.868384000271006817e-01
8.871285702403138851e-01
8.868666886146597816e-01
8.871800517670211939e-01
8.875118061452993423e-01
8.876937739106739444e-01
8.879010340850729266e-01
8.878378301746416845e-01
8.883596224409854303e-01
8.886810258137815000e-01
8.886240332584735002e-01
8.889243594054879738e-01
8.893633251621331226e-01
8.895469254165088158e-01
8.895352779004690458e-01
8.897752239614531433e-01
8.902170377861586825e-01
8.903118002390678631e-01
8.903723443097336654e-01
8.907382749727099647e-01
8.909594159073362940e-01
8.909566299163291792e-01
8.911709879708636928e-01
8.913918907511156897e-01
8.915087635199462346e-01
8.918001612572122871e-01
8.919444690878803872e-01
8.922443645689749347e-01
8.925981063470844745e-01
8.925691297392773782e-01
8.925512535441848527e-01
8.928932129617357383e-01
8.932892720968428346e-01
8.933673043265971669e-01
8.933879652572102037e-01
8.935785870710054590e-01
8.937602530514651145e-01
8.939469527755421474e-01
8.943471459949192681e-01
8.943652484247067713e-01
8.942280882273876408e-01
8.944988888461989918e-01
8.947872507547347531e-01
8.949247216036649855e-01
8.950335730824933167e-01
8.951730709412547560e-01
8.952855253395425317e-01
8.955527725444794029e-01
8.958200360839499998e-01
8.959426180187457511e-01
8.961113997647975893e-01
8.964053893256918037e-01
8.966983253772684570e-01
8.967401155443153193e-01
8.966999897852754309e-01
8.966719359763958286e-01
8.969054668720918277e-01
8.972861610016704681e-01
8.974627643812721489e-01
8.975774093977457735e-01
8.976842298923802810e-01
8.979181596364379514e-01
8.979809739757564913e-01
8.980245877622311523e-01
8.983571554943695636e-01
8.986513641452853474e-01
8.985622676315268009e-01
8.985961978830799834e-01
8.987758360213499165e-01
8.987375134305243263e-01
8.989143094005669354e-01
8.992234115223241009e-01
8.993253043143404346e-01
8.994121505913018622e-01
8.995167113285732485e-01
8.996536213297108286e-01
8.999234468545691534e-01
9.000010298789071772e-01
9.000459942197512886e-01
9.002434416084292845e-01
9.004977927205013444e-01
9.007734087594294614e-01
9.007484080350074418e-01
9.009243992256936728e-01
9.009290088502909244e-01
9.009390774431778048e-01
9.010433335685312795e-01
9.010511785533235063e-01
9.011492289457829763e-01
9.012690118547618257e-01
9.015656188720629904e-01
9.017088256965832826e-01
9.017930961346923846e-01
9.019990794148938784e-01
9.021488119370640879e-01
9.021456617239198561e-01
9.022274701696707533e-01
9.022140505184441661e-01
9.024090705219290909e-01
9.026660109664979004e-01
9.028615855628316922e-01
9.027335718907807394e-01
9.027546876019799660e-01
9.028417883886250550e-01
9.031097425332796913e-01
9.032529261648314378e-01
9.031178352073286897e-01
9.030423796657722768e-01
9.032850378009037451e-01
9.034833233932032526e-01
9.036286084157100218e-01
9.036424954925551534e-01
9.036960489528672591e-01
9.038782133205971459e-01
9.039995326874225023e-01
9.039384998951162098e-01
9.040054987735542946e-01
9.042195737259500765e-01
9.041103222284186947e-01
9.041409445218993035e-01
9.042785076305069891e-01
9.043283788074774066e-01
9.044417360837835318e-01
9.045819300980830757e-01
9.046388326594921869e-01
9.046239820730117565e-01
9.047963913853211970e-01
9.047881833719908506e-01
9.048459968828107547e-01
9.049314574095020935e-01
9.050145359700522141e-01
9.050863267106956656e-01
9.051213010973035988e-01
9.051534234904216047e-01
9.052125729460410719e-01
9.052402156164073288e-01
9.052868384605587959e-01
9.054520266469384682e-01
9.053645276217241467e-01
9.053538086629769888e-01
9.054659004096019537e-01
9.054791343574531970e-01
9.054589889026695149e-01
9.054016602751464582e-01
9.055405090572680171e-01
9.056320037138870793e-01
9.056698004581061889e-01
9.057253149774644463e-01
9.058481221417357121e-01
9.057049426224916822e-01
9.058661136053735019e-01
9.057845080847205521e-01
9.058710676883485746e-01
9.058967088399686451e-01
9.060100294496686857e-01
9.059570772664048421e-01
9.058512863610908017e-01
9.058113342210130092e-01
9.059885643783279763e-01
9.058102494071574862e-01
9.059781645821161078e-01
9.059174693783065280e-01
9.058279643384439250e-01
9.058259963789716540e-01
9.058133588749714971e-01
9.058493862299397126e-01
9.058236264435970408e-01
9.057539898298003767e-01
9.057443826922879637e-01
9.058529421232579537e-01
9.057887495062195704e-01
9.058875466659407349e-01
9.057286996206501684e-01
9.057807859607623913e-01
9.057120244807973508e-01
9.056632720339105047e-01
9.057072784299896595e-01
9.056437033958811833e-01
9.056869343827242957e-01
9.054592274302687427e-01
9.056125628831551699e-01
9.055692798522406717e-01
9.054476512466684834e-01
9.053945060191069816e-01
9.053910187402456344e-01
9.053933394112384514e-01
9.053663080797867968e-01
9.052121587873713793e-01
9.051358609321067394e-01
9.051799668716643543e-01
9.051926811860014910e-01
9.051691585545681429e-01
9.050226766532268874e-01
9.049694664117059473e-01
9.047779938361586449e-01
9.048917858153915361e-01
9.046744094430507754e-01
9.044745857705562830e-01
9.045998255266435306e-01
9.044854226465530722e-01
9.045422896399919477e-01
9.045224933512490129e-01
9.043697279702886949e-01
9.040928198323661125e-01
9.040643055457047161e-01
9.040918180455997932e-01
9.039353862487641278e-01
9.038139529830906405e-01
9.037440310993776205e-01
9.035187874878171099e-01
9.035394852720455283e-01
9.034685227315398803e-01
9.033084426711759374e-01
9.030590901602378873e-01
9.030575655766617249e-01
9.029246265340934441e-01
9.027827038244027325e-01
9.026113772851944717e-01
9.023722520346376674e-01
9.025333868222054079e-01
9.023994098010343912e-01
9.023792607633096541e-01
9.020274631643391272e-01
9.019449303181126254e-01
9.017220286355069891e-01
9.015131743654163365e-01
9.014262254091041093e-01
9.011964808466348398e-01
9.009281970412612583e-01
9.009768887820694960e-01
9.007779039085308526e-01
9.005622316664299021e-01
9.003174268863475271e-01
9.001412086260037748e-01
9.000300266849755593e-01
8.997082579959034820e-01
8.997748375509183605e-01
8.994268774515775666e-01
8.990541069399823337e-01
8.989514449363988913e-01
8.987097463733517699e-01
8.984202335035272879e-01
8.982416649641963291e-01
8.979133424302452315e-01
8.979442116837966781e-01
8.976426882298348398e-01
8.974255439033426152e-01
8.969366662077589147e-01
8.966383495872263243e-01
8.966405046354481989e-01
8.964460188144778297e-01
8.958676069896196470e-01
8.956573594654436699e-01
8.950758426021646619e-01
8.945717681573127633e-01
8.941494928392870190e-01
8.944549107980054314e-01
8.949636953865389710e-01
8.947083623800389240e-01
8.942154073461412445e-01
8.932222581091266989e-01
8.920955842258103674e-01
8.904410916810308052e-01
8.896143154904225803e-01
8.893872781580101083e-01
8.888787826724352525e-01
