4.831303213903774263e-01
4.818926887337914300e-01
4.816032686150910069e-01
4.821190699759528298e-01
4.826065301929807760e-01
4.826660849193338265e-01
4.826324432051899427e-01
4.825766777028618337e-01
4.823729818846880790e-01
4.824090737648652483e-01
4.824529816230650470e-01
4.821463605304224798e-01
4.824201073245075744e-01
4.830331647441468146e-01
4.830605897370575108e-01
4.837203409548333499e-01
4.843263270231130124e-01
4.836178440387950417e-01
4.836036082021938909e-01
4.841702358095449354e-01
4.845200928890969760e-01
4.851355840847366152e-01
4.860026596420275458e-01
4.872393774097742436e-01
4.861539860353455977e-01
4.869473527968088411e-01
4.887272726933034050e-01
4.883033121053655390e-01
4.901291583356596759e-01
4.905798070816859147e-01
4.910828162371597694e-01
4.905828990469083273e-01
4.918102141371572533e-01
4.921225900854928614e-01
4.947459216614533695e-01
4.956120174587623772e-01
4.958693774596071857e-01
4.977390823387887742e-01
4.987472840548256570e-01
4.979093253111935291e-01
5.001474283492149953e-01
5.005877011546855382e-01
5.011350007246099247e-01
5.018300975559761845e-01
5.019880114336024990e-01
5.036555014403516495e-01
5.043915463162160773e-01
5.056156480010990384e-01
5.073464787962594924e-01
5.085135870340140585e-01
5.085869671867855324e-01
5.103314170810834272e-01
5.121859393092000889e-01
5.119265900917417955e-01
5.123626273017154453e-01
5.140451564783714566e-01
5.158115804364207246e-01
5.183612701213043961e-01
5.186207827706129647e-01
5.178483218792829801e-01
5.197721262541311615e-01
5.201664097305529477e-01
5.217090367986518817e-01
5.232425975349457303e-01
5.235373567868311095e-01
5.245971107259886912e-01
5.271911365437719210e-01
5.266418561619851113e-01
5.284156648789122279e-01
5.290358138029409574e-01
5.305593132335862938e-01
5.331812196060645714e-01
5.332194901133713305e-01
5.335119966088026633e-01
5.361767322508383948e-01
5.362408936250124825e-01
5.381068771326247280e-01
5.389791512130340800e-01
5.390409714195427693e-01
5.419463017620688161e-01
5.438828328845728421e-01
5.435541007506197175e-01
5.455796067809464134e-01
5.484929894591976662e-01
5.471944389051679458e-01
5.470478845601282059e-01
5.487833777025534765e-01
5.501404256718291919e-01
5.524404278587712325e-01
5.518971423099849893e-01
5.526895499547677115e-01
5.555077644167517592e-01
5.565969651547326702e-01
5.575070620078284023e-01
5.588661610909197996e-01
5.609696346123377309e-01
5.608552117114240509e-01
5.632769855168401341e-01
5.629058980808502310e-01
5.644277349983806147e-01
5.657337185072014440e-01
5.678365110238285940e-01
5.679644109311815514e-01
5.692523546873130558e-01
5.697129365718985872e-01
5.714055861922110457e-01
5.729930994268681577e-01
5.732211856390888594e-01
5.754923664892017676e-01
5.754175197772221084e-01
5.766005588334153220e-01
5.773730309257193438e-01
5.782543184280349857e-01
5.805412531786824371e-01
5.821894848924795696e-01
5.815624798923119121e-01
5.835350736825209994e-01
5.852120812662620075e-01
5.857433510873828464e-01
5.866466443296285416e-01
5.887172927283070845e-01
5.889302130987160711e-01
5.901958746979940607e-01
5.916872058203194173e-01
5.933457376857849130e-01
5.942349331706208160e-01
5.957939703574252066e-01
5.962878319767475066e-01
5.975431667432160587e-01
5.987532139570197476e-01
5.992826642644769608e-01
6.010923742161701222e-01
6.017929651052069673e-01
6.023303387656744334e-01
6.031977933431427186e-01
6.057034941035887021e-01
6.058761425712357873e-01
6.072171468477562950e-01
6.099316242536317878e-01
6.095674984848201694e-01
6.106672944475914910e-01
6.124953436382967187e-01
6.132992101725378564e-01
6.146670500403876858e-01
6.151488439890219206e-01
6.158227703399929975e-01
6.175148892304518355e-01
6.190146154991746918e-01
6.209846857251940522e-01
6.207742911587296186e-01
6.216225170449402038e-01
6.221181358174704412e-01
6.235475576472812032e-01
6.246898813412556928e-01
6.249406991085124652e-01
6.272188103224671796e-01
6.276684616801615491e-01
6.288124710497903225e-01
6.298443626201913892e-01
6.313206665042432331e-01
6.317743438024429059e-01
6.329951193550951150e-01
6.340672187586753328e-01
6.354857958802455631e-01
6.373645004374419720e-01
6.376974688016433523e-01
6.380662083798410711e-01
6.393184904753040909e-01
6.404961796669915719e-01
6.409914807964915973e-01
6.427446188930433513e-01
6.443768886930780759e-01
6.443354646847049283e-01
6.452902076280102595e-01
6.468176332120754157e-01
6.474866866160869927e-01
6.486511016145893871e-01
6.499698859425196984e-01
6.503692538356200536e-01
6.513109278913440381e-01
6.526869120534809499e-01
6.531846800087537375e-01
6.546706948656735303e-01
6.560597898714786158e-01
6.564511225917454285e-01
6.574128230221164548e-01
6.581818357309408007e-01
6.592740346201330093e-01
6.601523367036837842e-01
6.617957929566798958e-01
6.631155734486892106e-01
6.627766042328989693e-01
6.643804585262338414e-01
6.655062282796797568e-01
6.659885768462343592e-01
6.669699009929320743e-01
6.688294303578398159e-01
6.693655589460110189e-01
6.702307178333977156e-01
6.707690741934331236e-01
6.722951534696522957e-01
6.729786802697678150e-01
6.737080443118201867e-01
6.748331472636946993e-01
6.756525817876398721e-01
6.762171726208916489e-01
6.774247973106465315e-01
6.782373522912685804e-01
6.797665730366635461e-01
6.802850495522453356e-01
6.810835769673899698e-01
6.829614440027336197e-01
6.833250449999084264e-01
6.837846746479179227e-01
6.855017420304868603e-01
6.865179968031582813e-01
6.871471108524420668e-01
6.876172828034140538e-01
6.888000309367673379e-01
6.898692859409534250e-01
6.902190894124116127e-01
6.911766173044905370e-01
6.929725869116515335e-01
6.932172388445078104e-01
6.937321859453180473e-01
6.953641534826056070e-01
6.960017486572371848e-01
6.967335705886142927e-01
6.978050702532461180e-01
6.987197825689961395e-01
6.995809032498465641e-01
7.000216823357494622e-01
7.012198905778569413e-01
7.025237413985844226e-01
7.030523475125035615e-01
7.040984322950223362e-01
7.048002672157447357e-01
7.054344753839474347e-01
7.064576482833152538e-01
7.076483841615005543e-01
7.083792099503817274e-01
7.086315333960417906e-01
7.099533984609738280e-01
7.108889596345897566e-01
7.116228413210365922e-01
7.125920854964199469e-01
7.136004677437981503e-01
7.140182574565904217e-01
7.146893025206657590e-01
7.156059044283843429e-01
7.161598352748219654e-01
7.169399532656413054e-01
7.179686558586959588e-01
7.187952473971784828e-01
7.197173077988092693e-01
7.208459161173393914e-01
7.215218312336149076e-01
7.222312355855752264e-01
7.236185579244525101e-01
7.242284641895518904e-01
7.245592228394095446e-01
7.254856175379092997e-01
7.263805890965494561e-01
7.273811220381952714e-01
7.282381992446445018e-01
7.291002767940401030e-01
7.297272866233257549e-01
7.305616251147373230e-01
7.308850710729385414e-01
7.321042913666030438e-01
7.330808928710397243e-01
7.334610341865248628e-01
7.343348559717987056e-01
7.349313623314120969e-01
7.356569158804066033e-01
7.368105345991871058e-01
7.375121286530031961e-01
7.381101632848491301e-01
7.392140932066042502e-01
7.398273555409001778e-01
7.408076353390979918e-01
7.414268306626329297e-01
7.419546983778547711e-01
7.429303512878732141e-01
7.436588442327544124e-01
7.439825978820394647e-01
7.445496262422041100e-01
7.459032929244405752e-01
7.467420220898864924e-01
7.468508050890423355e-01
7.477106306329670549e-01
7.483754189003520851e-01
7.490205947978459955e-01
7.500993954097171512e-01
7.508678490036072573e-01
7.517476980808298626e-01
7.525761241452506578e-01
7.530686767031311568e-01
7.540506319594935114e-01
7.549080980813072106e-01
7.551165664722471194e-01
7.557345749061855633e-01
7.567196295908514836e-01
7.573711291697248216e-01
7.577842741872824472e-01
7.585079040577756837e-01
7.594820542965056154e-01
7.601098812552106176e-01
7.606371880607336600e-01
7.612210442452532755e-01
7.623385319944999683e-01
7.632594708501352354e-01
7.633865513326082430e-01
7.639953349715148390e-01
7.649317300096876160e-01
7.654705967045191128e-01
7.659398540781741094e-01
7.665593471583552754e-01
7.673523933024114507e-01
7.682881430016724744e-01
7.690855913031912072e-01
7.694582097088975559e-01
7.700001589329944496e-01
7.704161193042822209e-01
7.712009133320261167e-01
7.721930847269378173e-01
7.729715952149069924e-01
7.736207341879220989e-01
7.739499607582159824e-01
7.745997602338324795e-01
7.752919767025894249e-01
7.758178897882781477e-01
7.765758372657489694e-01
7.772443656922664035e-01
7.777934183350677655e-01
7.784561503965119478e-01
7.793018242932167050e-01
7.797510447773907671e-01
7.802373982368132621e-01
7.809694824922719381e-01
7.815849630979905260e-01
7.822289760040663786e-01
7.831163042050859335e-01
7.836353813719288963e-01
7.838127961460484849e-01
7.845788053940160323e-01
7.853723761486816057e-01
7.861861006779723438e-01
7.866204497154651865e-01
7.871699877061669737e-01
7.876375974503201371e-01
7.884108569935527333e-01
7.887431953122023831e-01
7.889982008633696919e-01
7.897902769731384165e-01
7.905247126639042277e-01
7.911473126899849495e-01
7.915892538903857023e-01
7.920293978035977123e-01
7.928817617487426972e-01
7.936411388051225480e-01
7.937921219717171128e-01
7.941744313074409201e-01
7.948369256077596479e-01
7.952723956188603172e-01
7.958847982233653306e-01
7.965745649411352103e-01
7.972310156695430194e-01
7.979955654456635239e-01
7.985112077154938870e-01
7.988935892814388318e-01
7.991208381679364425e-01
8.000871596409527831e-01
8.006308875279424253e-01
8.013422435573339664e-01
8.019681321374468874e-01
8.026179371209931634e-01
8.028818941335188475e-01
8.033914301898841259e-01
8.037115869137086976e-01
8.043387503507970493e-01
8.047985959355627994e-01
8.052430987608785173e-01
8.057218063201063707e-01
8.061932469080579367e-01
8.067284510032185496e-01
8.072819542372219326e-01
8.074960347821530382e-01
8.081015604472390201e-01
8.084970460439465656e-01
8.090586795448413415e-01
8.096540662137797773e-01
8.102861735185500347e-01
8.109348757318224354e-01
8.112962286258383893e-01
8.115951694883838385e-01
8.123233998802733558e-01
8.126772316447116173e-01
8.131032244777084417e-01
8.134893969742129638e-01
8.142374559427919545e-01
8.146503306274317513e-01
8.149768940895040226e-01
8.155185610297281951e-01
8.158306033838644833e-01
8.162806848877933730e-01
8.169765468175660406e-01
8.174992030269863097e-01
8.178993535694627504e-01
8.182129116154511772e-01
8.185942955396693366e-01
8.191182209776486367e-01
8.194136006656016491e-01
8.198873922505633960e-01
8.204219207092132704e-01
8.211279308964682944e-01
8.212039764531207098e-01
8.215116336400405395e-01
8.219145157245251188e-01
8.223934252766110786e-01
8.230245444492217954e-01
8.233539924271191524e-01
8.236856542340353915e-01
8.239999490774095880e-01
8.246414446728157488e-01
8.248696717062523609e-01
8.255106313140262442e-01
8.258957818086201108e-01
8.261792287115086175e-01
8.264336875730474707e-01
8.267825215782756976e-01
8.272393287462997957e-01
8.278784675000140370e-01
8.281343703396065736e-01
8.284234432448918106e-01
8.289771524219721188e-01
8.293454013330482377e-01
8.297017696070159154e-01
8.300974682241850644e-01
8.304584141089124127e-01
8.304707010053884453e-01
8.309277768206467796e-01
8.313323465756675690e-01
8.316019853960128216e-01
8.321149396884830463e-01
8.323417046215219051e-01
8.327804790897304077e-01
8.334435808030562498e-01
8.340294162976169545e-01
8.343397380935486662e-01
8.346246818367599740e-01
8.348350644727509096e-01
8.349161020350708284e-01
8.353481240747440140e-01
8.358660757250457873e-01
8.361606748227846664e-01
8.364947167534062533e-01
8.365758031955777829e-01
8.370924872819268669e-01
8.372894471691112450e-01
8.376886481552781039e-01
8.380518060773712863e-01
8.384147328802759036e-01
8.385149726827685335e-01
8.389811301056119275e-01
8.395994228993112207e-01
8.397319750774873137e-01
8.400448682697022607e-01
8.400731341555597309e-01
8.405155947976138409e-01
8.408398618517175516e-01
8.411040037914396805e-01
8.412445059937767589e-01
8.414678900881438217e-01
8.416121661481383853e-01
8.423918016319379420e-01
8.425861021164589015e-01
8.428213118719631858e-01
8.430970277497196186e-01
8.434899545397556153e-01
8.437462788617281495e-01
8.439608699276718307e-01
8.443066883835979031e-01
8.443334067754814098e-01
8.445641975004614110e-01
8.447102546829234893e-01
8.451606612954369879e-01
8.452180729899302358e-01
8.457551426605499634e-01
8.459656439837143216e-01
8.465146000690818573e-01
8.461646401780626991e-01
8.465162646687062198e-01
8.467471088153111225e-01
8.473318845565998014e-01
8.478236320492391620e-01
8.480426171003599967e-01
8.480268186351301862e-01
8.477968449715068688e-01
8.472870669433979485e-01
8.470750395788503306e-01
8.475926352622955573e-01
8.488266870078851056e-01
8.505087403591573558e-01
8.519271002304571461e-01
8.520824296077101900e-01
8.511256260246022887e-01
8.493602612917610095e-01
8.479424289015626837e-01
8.473257630675786745e-01
8.479322482449912490e-01
8.501740577766007112e-01
