2.046055262592088100e-02
1.835086698683632486e-02
1.779749355988220760e-02
1.764773033527576931e-02
1.690897133469524902e-02
1.649261028172299345e-02
1.491922369401327796e-02
1.435843228640146935e-02
1.432536800835421641e-02
1.508387147015852539e-02
1.643115224985668490e-02
1.449446837493197776e-02
1.578650814746597117e-02
1.890334749386204244e-02
1.827753421312085930e-02
2.151388419255034073e-02
2.468092694640730556e-02
2.179118032513947811e-02
2.228297325592707920e-02
2.571400648292461108e-02
2.860035760030045851e-02
3.111934189652991803e-02
3.627943968611518910e-02
4.045746285730358882e-02
3.635368923440176342e-02
4.020219444429844885e-02
4.735284792952940136e-02
4.837097814436511212e-02
5.639230268262765411e-02
5.733134582256815132e-02
6.080773654602307510e-02
6.276482712801477459e-02
6.799304821198778881e-02
6.729224333781569367e-02
7.512528519962406726e-02
8.040168046204866636e-02
8.506084275314786114e-02
9.089461058994391385e-02
9.341379455047180147e-02
9.422339009835813128e-02
1.011507544707484219e-01
1.041250697290930782e-01
1.081425143702481467e-01
1.117960769022843803e-01
1.146648305685300656e-01
1.211117973023166650e-01
1.257608856941334896e-01
1.292644456348754356e-01
1.326186495363662898e-01
1.404503602945910423e-01
1.424568111385789704e-01
1.454547372922677939e-01
1.518388803109052554e-01
1.517258424875532474e-01
1.572157499617967413e-01
1.638584700189826548e-01
1.691876080581205533e-01
1.739295148489818643e-01
1.781446992216846048e-01
1.809927614073763014e-01
1.854634943590204033e-01
1.889660408754169074e-01
1.953552997719498197e-01
1.976823137185972357e-01
2.025605372943269922e-01
2.068013274991515327e-01
2.097309050567241762e-01
2.146853404550536082e-01
2.184162408251063836e-01
2.220258578770483437e-01
2.243014967279901573e-01
2.318073429626021642e-01
2.365690082099377867e-01
2.361279977961958654e-01
2.445906231527773811e-01
2.471856198486114264e-01
2.508997035931098130e-01
2.541311579338155768e-01
2.585761639483784569e-01
2.608794174684035960e-01
2.659471229885211896e-01
2.698517193071738318e-01
2.728319599965618458e-01
2.781473952695937557e-01
2.825109849276820628e-01
2.874627720532619835e-01
2.910177025191816313e-01
2.942916304687530626e-01
2.980132418293486851e-01
3.009112316885211857e-01
3.055151481640531741e-01
3.098762198443895666e-01
3.128712897333732479e-01
3.162609308786076268e-01
3.201157064820159270e-01
3.224450611429218738e-01
3.261156530214648908e-01
3.302154742895851980e-01
3.327513025255958712e-01
3.378284075997854963e-01
3.437125291540540917e-01
3.455010003625005877e-01
3.498802197851357820e-01
3.520842452417987101e-01
3.559543269471479587e-01
3.575164348478747645e-01
3.619148530753887871e-01
3.660452447755856986e-01
3.705367159992660198e-01
3.738149860006603209e-01
3.754679687036069913e-01
3.786201741946700339e-01
3.819668452813387849e-01
3.860303628024609468e-01
3.878879528947054012e-01
3.912643053739885413e-01
3.965288539300284576e-01
3.985546567017825281e-01
4.014830841125223704e-01
4.046578125988615215e-01
4.076512626822376695e-01
4.105980101131253002e-01
4.166757962330557286e-01
4.183745964661325645e-01
4.199091063742737551e-01
4.235120154806294446e-01
4.261496067724064307e-01
4.296458780127297428e-01
4.336940909498582797e-01
4.354791932970922819e-01
4.395230446540518976e-01
4.418959852489816598e-01
4.435992880619274992e-01
4.476202356054897469e-01
4.497850401428639122e-01
4.542292647808253703e-01
4.562662154470782938e-01
4.588022297561926699e-01
4.619600608665034303e-01
4.643575530241092486e-01
4.670177427171054996e-01
4.700983914403212838e-01
4.726389826014705808e-01
4.764668244350378501e-01
4.780416898229812306e-01
4.805662643380673171e-01
4.834554405592310089e-01
4.858507435808253616e-01
4.878677455378563899e-01
4.912341601275850289e-01
4.942407250870868296e-01
4.961890080831545258e-01
4.997696229624029596e-01
5.014840419640564928e-01
5.043635728341698821e-01
5.067138546309482017e-01
5.093875985396436601e-01
5.117026022979647149e-01
5.139924886623636890e-01
5.169788833728958810e-01
5.192290549325921933e-01
5.222515289985346643e-01
5.242111293675333350e-01
5.260761546520992260e-01
5.282612565618305389e-01
5.302293086649043641e-01
5.335984380016484119e-01
5.360501645162780715e-01
5.388857412001138991e-01
5.404155094853868579e-01
5.425806106675802321e-01
5.441153013867684463e-01
5.478228434939339531e-01
5.495254070875698060e-01
5.517320381657127015e-01
5.540086367235429465e-01
5.558534946779137842e-01
5.586083416071769836e-01
5.609501959346423483e-01
5.633110184517644559e-01
5.651542416936745639e-01
5.668171966521835525e-01
5.691634342218293563e-01
5.715659517126095990e-01
5.734239440906370167e-01
5.757034922058859028e-01
5.772908791067918877e-01
5.798311442355810197e-01
5.819236031548921106e-01
5.841577664312604945e-01
5.859558445677862659e-01
5.882592094535379346e-01
5.902232754328844422e-01
5.926734478175678111e-01
5.943400164448106038e-01
5.959801669794461132e-01
5.984243379978795296e-01
5.999276447392842826e-01
6.015616077095472525e-01
6.033399507362947611e-01
6.055090214193480369e-01
6.078935558180290633e-01
6.089576327801625721e-01
6.111749640474521961e-01
6.126726220118046129e-01
6.153967462101265218e-01
6.168398064725757468e-01
6.194768690910872344e-01
6.212343477187275420e-01
6.226819240109883191e-01
6.236593164328128047e-01
6.261243944107171000e-01
6.278360730649445998e-01
6.296886668861201297e-01
6.316331282170518646e-01
6.329436438809828980e-01
6.347870414361598268e-01
6.370658719610385878e-01
6.383799326321863976e-01
6.399307960255944394e-01
6.407639116687789960e-01
6.434536251541941310e-01
6.457394308774468961e-01
6.462302502332873955e-01
6.485983633095360190e-01
6.502630195927497914e-01
6.510070743411123795e-01
6.530794541221890404e-01
6.546416488739303929e-01
6.561665756917013370e-01
6.578977388181544983e-01
6.592339201372342528e-01
6.611638812020472766e-01
6.630325798231605505e-01
6.642369175648634716e-01
6.657433835453073767e-01
6.665525988361662435e-01
6.685907984398307136e-01
6.705120785879036260e-01
6.715734728901412431e-01
6.727513262864621701e-01
6.744190850481213140e-01
6.764924113214341173e-01
6.783923540460061741e-01
6.787865580632073126e-01
6.807187064564337309e-01
6.826755899189079768e-01
6.835699484537927084e-01
6.857455880513618762e-01
6.864707535575537145e-01
6.879758298764541147e-01
6.901606602120365919e-01
6.913589470272382131e-01
6.925091347311054246e-01
6.938004600928714405e-01
6.951154322130139729e-01
6.963457209543609805e-01
6.979441044937639838e-01
6.990554568737481489e-01
7.012155946390751238e-01
7.027255675621080222e-01
7.037887775415927472e-01
7.047041510694985744e-01
7.059608844638662895e-01
7.072149449425326750e-01
7.087103558345863030e-01
7.105277277451973461e-01
7.114355299819963285e-01
7.128947231390740935e-01
7.142093309562045356e-01
7.156906629462318481e-01
7.168330229924584351e-01
7.175647261719398928e-01
7.195085468270226992e-01
7.204574104189580552e-01
7.223385315811868823e-01
7.237956314492822729e-01
7.245192458887576015e-01
7.259557779365369834e-01
7.267737604099643312e-01
7.279769364098294115e-01
7.295510336215161873e-01
7.306806401861214439e-01
7.314394474467497131e-01
7.332151406446576480e-01
7.341163996252668689e-01
7.361119346963397314e-01
7.364254387193774898e-01
7.381556791937861073e-01
7.386545789228968761e-01
7.398784316490312207e-01
7.407985561018815002e-01
7.421751988235115727e-01
7.433965186437582195e-01
7.447215093151049459e-01
7.454910439706200487e-01
7.470895959304162393e-01
7.476850080477990268e-01
7.489002353996453420e-01
7.499423665911284509e-01
7.519139431732676515e-01
7.521119357188359444e-01
7.531763852214432564e-01
7.543423635380771541e-01
7.561572942506376016e-01
7.574204885758939465e-01
7.579180059450734142e-01
7.592051788949807367e-01
7.599479340281851680e-01
7.613306920230479280e-01
7.623908177601264047e-01
7.630396491580343499e-01
7.643259854306784229e-01
7.650899445974330693e-01
7.664808814795481817e-01
7.669576259018725528e-01
7.681798390612918359e-01
7.689856603312885674e-01
7.701776797235055927e-01
7.710387519473747009e-01
7.721164651768277487e-01
7.732415843849601567e-01
7.745696488684157277e-01
7.752248922064499670e-01
7.764280029210510747e-01
7.772157438552552700e-01
7.784388762311260646e-01
7.793791063511658068e-01
7.802382141619585987e-01
7.806457460118113589e-01
7.824139093713785575e-01
7.827232920877839062e-01
7.843488855454496811e-01
7.850050420539196327e-01
7.857951939333069902e-01
7.866565090009715044e-01
7.880743082810056643e-01
7.886444771101602802e-01
7.898070475125567036e-01
7.908297880864521012e-01
7.914199890659388004e-01
7.926205398832515403e-01
7.929523713446025024e-01
7.938668499822583158e-01
7.949585736117045220e-01
7.956442289246181687e-01
7.969192552779363892e-01
7.978322930989554251e-01
7.984672836723349931e-01
7.998330754058864400e-01
8.000631463612545291e-01
8.010900696486449313e-01
8.021080651725368549e-01
8.027901927920632064e-01
8.038275895044799668e-01
8.052632896648797001e-01
8.058149863950255787e-01
8.064681769968241598e-01
8.074024030773189198e-01
8.077210915839830863e-01
8.091550034082526377e-01
8.097587322265497045e-01
8.106452426877319706e-01
8.113860585104375467e-01
8.119765876412968764e-01
8.131888852301402126e-01
8.137141189273574549e-01
8.151218014582387594e-01
8.151945756743228522e-01
8.163273113678107817e-01
8.170466010003376578e-01
8.181553255316380557e-01
8.185514831119520274e-01
8.196135662547576750e-01
8.204227241084812716e-01
8.212852594596720124e-01
8.218437320221692044e-01
8.225325672650879438e-01
8.233495337505327694e-01
8.241346883451785565e-01
8.247792769230547494e-01
8.258129139886443149e-01
8.265835443714542041e-01
8.269018591873176227e-01
8.280068524166988020e-01
8.291485565583771589e-01
8.294812157076524306e-01
8.304860642665967685e-01
8.313080904208181021e-01
8.321854620412767467e-01
8.326413114019437511e-01
8.331166843692144885e-01
8.340368681820771180e-01
8.347244916358877997e-01
8.355655482015845736e-01
8.364905356622369670e-01
8.371373352132255308e-01
8.370555168723463613e-01
8.382750773411384859e-01
8.396432757649346934e-01
8.404085461690339320e-01
8.403774931389333958e-01
8.413534081146372134e-01
8.419414767673605304e-01
8.423870568948789161e-01
8.430846339425925873e-01
8.443467929647199277e-01
8.444233388598667567e-01
8.454645816787733636e-01
8.466214828810849635e-01
8.469178927311764582e-01
8.474190407415097548e-01
8.481884257631123747e-01
8.489424961620400945e-01
8.498422698817559295e-01
8.505744102837524689e-01
8.511722498592600994e-01
8.514429651878941963e-01
8.525519131421908092e-01
8.528878311388179423e-01
8.538983765223112643e-01
8.547561977014875856e-01
8.550966024870689797e-01
8.553331466746478817e-01
8.560976746704240803e-01
8.571063095362362327e-01
8.573564779892519638e-01
8.581999664616468682e-01
8.584993914619958311e-01
8.594642546480062428e-01
8.602394362384317983e-01
8.607737133287883813e-01
8.616493562465400435e-01
8.619597599178128178e-01
8.627239588423075700e-01
8.631923787587276742e-01
8.638588854116820981e-01
8.645097468970813770e-01
8.647742862415538356e-01
8.652485187683681689e-01
8.665216417319163700e-01
8.670939533241517339e-01
8.675378120020726946e-01
8.683285293334130905e-01
8.689493361505442603e-01
8.692163343574992318e-01
8.698061246007224856e-01
8.706777966263251622e-01
8.710882360643128486e-01
8.720302688192869134e-01
8.725832488283168376e-01
8.729970715909768364e-01
8.734112959587189140e-01
8.742488529331140512e-01
8.747415214527767269e-01
8.755355338013123268e-01
8.758114703628330222e-01
8.765803628455324237e-01
8.770529873873086357e-01
8.772877536971566137e-01
8.781308475992380957e-01
8.786860241829858031e-01
8.797149958721510732e-01
8.797309617485347122e-01
8.806469336145021920e-01
8.810370290889986133e-01
8.819627372664661236e-01
8.822723826242844236e-01
8.831326650480646467e-01
8.832184572727106442e-01
8.839106120309462300e-01
8.845951296243952378e-01
8.844387990786007903e-01
8.849384086146634409e-01
8.857496271317647496e-01
8.867413873130678414e-01
8.869636076294454829e-01
8.877926839896584932e-01
8.884280424243884422e-01
8.886711381413492372e-01
8.891310057625101404e-01
8.896646780206561855e-01
8.903828349674772769e-01
8.909047014346598292e-01
8.907564080618519675e-01
8.916039609563297663e-01
8.920761243670406460e-01
8.928434641812280637e-01
8.932324596582762455e-01
8.936249990255469289e-01
8.942403145874854298e-01
8.948728585762418808e-01
8.952270093297927112e-01
8.960689273071590355e-01
8.965692747967307641e-01
8.978128860468543859e-01
8.979418996702844824e-01
8.986633853974573816e-01
8.982973077662296246e-01
8.981396245852990567e-01
8.981951221945843056e-01
8.985941617273341953e-01
9.001213702808107398e-01
9.018273573654425057e-01
9.038571724789483675e-01
9.045516967240331274e-01
9.040581512114168605e-01
9.025022058923610757e-01
9.008699649282628785e-01
9.008577424702870484e-01
9.019791755721920934e-01
9.042743274357252226e-01
