1.386275908979119932e-02
1.188511228538421428e-02
1.139015445399992749e-02
1.166578690037751651e-02
1.162536062441012381e-02
1.144239791305214256e-02
1.058358099146494181e-02
1.025722457383828994e-02
1.011363867096414480e-02
1.054665458701396427e-02
1.135702434744226448e-02
1.012602050642116315e-02
1.103377167659621433e-02
1.321984442339465410e-02
1.287979395565968035e-02
1.526439885419270288e-02
1.752409275264596097e-02
1.513119233863039967e-02
1.544857927650397124e-02
1.792402650324780369e-02
1.975152307411509600e-02
2.188442077162036994e-02
2.539586574731567473e-02
2.921654435591575574e-02
2.556975473790213185e-02
2.842510409821404765e-02
3.439725663925349841e-02
3.413765227482568748e-02
4.064911239672287097e-02
4.172527590061612252e-02
4.413562633223212101e-02
4.409503309785210712e-02
4.838834585177650971e-02
4.818199434460728597e-02
5.608203395501838023e-02
5.973226725685349542e-02
6.211184038083204101e-02
6.775610656563182954e-02
7.015619642192247318e-02
6.945153750351834576e-02
7.609634758697501888e-02
7.804906478913900547e-02
8.069095602711229276e-02
8.375342652435784074e-02
8.549929013252098586e-02
8.982611990666145019e-02
9.250410897159219714e-02
9.672721995383060101e-02
1.007596767415318562e-01
1.064176141917365093e-01
1.074605047204243435e-01
1.110191177697345266e-01
1.165240911802311041e-01
1.158953594959431233e-01
1.193163120318814496e-01
1.266129573952654852e-01
1.311171790855755470e-01
1.357273695347074594e-01
1.385960190580299012e-01
1.393680092278882232e-01
1.436004448764790220e-01
1.462076835463113067e-01
1.523229590200450567e-01
1.536885763969352559e-01
1.577899915271774034e-01
1.636703471224789652e-01
1.646953184583154206e-01
1.667591097047448900e-01
1.711834118289559115e-01
1.744957633432541177e-01
1.769162137393499590e-01
1.837377745788346395e-01
1.869609991810408656e-01
1.872479174333375740e-01
1.946823364540054280e-01
1.970438741782189751e-01
2.010571199973406331e-01
2.033812021919633728e-01
2.048835006028891237e-01
2.094360541558335509e-01
2.141838649475197032e-01
2.175913952184519162e-01
2.217649076236589412e-01
2.271950111614932377e-01
2.288227711437777756e-01
2.326905333492920447e-01
2.365932699087796576e-01
2.394787101461345880e-01
2.437598718406739917e-01
2.459422761832250615e-01
2.493787796781791188e-01
2.543803798862006027e-01
2.585359962866784489e-01
2.596682582085660940e-01
2.635071271557588579e-01
2.676081475347296124e-01
2.690413860702890458e-01
2.744868110336728395e-01
2.769784371673649215e-01
2.815049293699761757e-01
2.851335768909222246e-01
2.881064899271520430e-01
2.903151286933397524e-01
2.956836948349408356e-01
2.985480460849728734e-01
2.993655799827759645e-01
3.036266963619567161e-01
3.071652699880730863e-01
3.107464274570571616e-01
3.137415156188042564e-01
3.164624105269161491e-01
3.194101287234661357e-01
3.224913286923307698e-01
3.261417663975430536e-01
3.308757848549632175e-01
3.325997656220838206e-01
3.359342575346748738e-01
3.403945366531920813e-01
3.434984335946610901e-01
3.457132298190738751e-01
3.487584367897656468e-01
3.510945597245573313e-01
3.548545593577265844e-01
3.566909923260808135e-01
3.607927696064021639e-01
3.648160748042180157e-01
3.673132417611069123e-01
3.693511975737566733e-01
3.732586461197067718e-01
3.771159981358274127e-01
3.791510558774103257e-01
3.821147738778953862e-01
3.853436687822791584e-01
3.881112431324557077e-01
3.901743092359628018e-01
3.933597880430276805e-01
3.973585876700091446e-01
4.000390906936256985e-01
4.024007882074909226e-01
4.055069660611516080e-01
4.086620433339947511e-01
4.109743284192136636e-01
4.141390194861037100e-01
4.176280490420131164e-01
4.200344887299689578e-01
4.238108279591261129e-01
4.256242922849441390e-01
4.279160646532469969e-01
4.311595471068879748e-01
4.342716015039389532e-01
4.355986509209316404e-01
4.386556127538772665e-01
4.419876735145180091e-01
4.451878047821306028e-01
4.471870771083790164e-01
4.501559392017812078e-01
4.517163067209102878e-01
4.544605538012697066e-01
4.595727545929260138e-01
4.612379168853661948e-01
4.642014169608360552e-01
4.663384528463797585e-01
4.682486896545590693e-01
4.709083891449696857e-01
4.727144690555504791e-01
4.766651596235687016e-01
4.802396534836563813e-01
4.820469058383545224e-01
4.839380043210730342e-01
4.869972906909942889e-01
4.900190395762734075e-01
4.927184761981970862e-01
4.956630972458564988e-01
4.977810456296273278e-01
5.003570803672166001e-01
5.027528865609006692e-01
5.052928748337213172e-01
5.075749003042462348e-01
5.097173368029829232e-01
5.124159123557998630e-01
5.136029691026289257e-01
5.161236875525215817e-01
5.197449060281414956e-01
5.215687351706461694e-01
5.238165309567690553e-01
5.260282162388708604e-01
5.287290725363333888e-01
5.308801582234170535e-01
5.338256285792063460e-01
5.349872400895329116e-01
5.381107817956818362e-01
5.407311130820054990e-01
5.424944728412333106e-01
5.451340020161721256e-01
5.472878835066594672e-01
5.494465216330763901e-01
5.519757465252741468e-01
5.536043473254338432e-01
5.570704827076918830e-01
5.583291090636999243e-01
5.611598714549816957e-01
5.629835632798104728e-01
5.645970609397672479e-01
5.673064499384806725e-01
5.693954960983235170e-01
5.713332498787098146e-01
5.747155819348818140e-01
5.767931682124317616e-01
5.778324249802426760e-01
5.796288857472068345e-01
5.826013190976246925e-01
5.837819706609943538e-01
5.863496179280330844e-01
5.886297225279654155e-01
5.906396336470044472e-01
5.929889408294620745e-01
5.946851455604015291e-01
5.972875638730643644e-01
5.993296837280208678e-01
6.007715926289773911e-01
6.028584249791134608e-01
6.054143341470883399e-01
6.061739403195125497e-01
6.086273873919870736e-01
6.112387531718891376e-01
6.123704388150970068e-01
6.151211471695225974e-01
6.168864355241148179e-01
6.193770098096059717e-01
6.215065759452458316e-01
6.223472443911511887e-01
6.242580646905796504e-01
6.263040888039148602e-01
6.285441110738045900e-01
6.306802085894154253e-01
6.318528483615554192e-01
6.339259694708260229e-01
6.358469976319355288e-01
6.383307802643981566e-01
6.403379892895845193e-01
6.405709197618889572e-01
6.436746186512140033e-01
6.453407166175226806e-01
6.462388535000976875e-01
6.484490597010900137e-01
6.502546298716821438e-01
6.522411642128298492e-01
6.542958167838066608e-01
6.558375735959309782e-01
6.579861469624388448e-01
6.595688027460951952e-01
6.611829421611021829e-01
6.627141195670849250e-01
6.642991291241184815e-01
6.661444381151154781e-01
6.683242454444429104e-01
6.699022867345345578e-01
6.722027508813672725e-01
6.733105495536052532e-01
6.745953161748738935e-01
6.765516400028457333e-01
6.780755349279684596e-01
6.809031710284831895e-01
6.821527900589449134e-01
6.826523597914673225e-01
6.847135927041955172e-01
6.870130670762868430e-01
6.885444727671062859e-01
6.896654728171179860e-01
6.909306367528885717e-01
6.934899116520952811e-01
6.947716331870301687e-01
6.967029092256080691e-01
6.977093476132932848e-01
6.986971859085197023e-01
7.009939442493609008e-01
7.031971967316191785e-01
7.042821228197808647e-01
7.054820228009179850e-01
7.075290471836546136e-01
7.088350330234481911e-01
7.102478081620027250e-01
7.119589327671063117e-01
7.130426922580395122e-01
7.148369438419587274e-01
7.163146936576890722e-01
7.176789529465326112e-01
7.193155994358505501e-01
7.207734475514773198e-01
7.228711654231748662e-01
7.232432585819883464e-01
7.248400887587763686e-01
7.263862688723254912e-01
7.283058427595073825e-01
7.290704470133312354e-01
7.309366364239338054e-01
7.325733516796882894e-01
7.346638963548884904e-01
7.352990050556347246e-01
7.363831127489433026e-01
7.390504603039730336e-01
7.399507605390224230e-01
7.411165350817400244e-01
7.424589563800920722e-01
7.438764314900301322e-01
7.449682605727530049e-01
7.464734669675869849e-01
7.472780507333577349e-01
7.488900874870475510e-01
7.504307265377009317e-01
7.518646989911584866e-01
7.535027474583553264e-01
7.549590406813133647e-01
7.559066277869758155e-01
7.566352928793004251e-01
7.586813736882515036e-01
7.602266743535690541e-01
7.613792256564231309e-01
7.624205813537493492e-01
7.639200746454464230e-01
7.645072425567778218e-01
7.666422725758970103e-01
7.679205836335782909e-01
7.685410159615506664e-01
7.698702586393619818e-01
7.712754574898762483e-01
7.728819060093046200e-01
7.742344857548835169e-01
7.752164815166129319e-01
7.765034019233795215e-01
7.779020674986463213e-01
7.787617845239978021e-01
7.799650254973025110e-01
7.815331005124697139e-01
7.828254704554618026e-01
7.835330583513350211e-01
7.844774733266089983e-01
7.863690594517440680e-01
7.874384479654521485e-01
7.885087547686151499e-01
7.898507512170337419e-01
7.910353935716076812e-01
7.922387883537436171e-01
7.930505953834754429e-01
7.943897252826147559e-01
7.955603839350056106e-01
7.971238695217711667e-01
7.985456721805416214e-01
7.996765050899807825e-01
8.003390190156218775e-01
8.015143417031856954e-01
8.027243263566192777e-01
8.039545872833661067e-01
8.053338537962750898e-01
8.057671490163671457e-01
8.067505182943137676e-01
8.083458199506238229e-01
8.093137839359271224e-01
8.104261676018502669e-01
8.111750447064823843e-01
8.120251442632432370e-01
8.133991636775781409e-01
8.146495542930931588e-01
8.156175202683355607e-01
8.175511553863301639e-01
8.179752380765935582e-01
8.193480535821655586e-01
8.195328592248520838e-01
8.209701345967239661e-01
8.218706800797782597e-01
8.234403714828318899e-01
8.242845695361366021e-01
8.259166417694290274e-01
8.266509726388292512e-01
8.272719434889410639e-01
8.284493754000500365e-01
8.295895101919522618e-01
8.309464987249255419e-01
8.313763251112363806e-01
8.320853889690521532e-01
8.336226607507513098e-01
8.345922344689512551e-01
8.356842274483381461e-01
8.365067954072908929e-01
8.372483496157481220e-01
8.386355384000458990e-01
8.391529213658879272e-01
8.406457240472229309e-01
8.411808881647034886e-01
8.424722847023977668e-01
8.434312246324381368e-01
8.444147409032407570e-01
8.447310414006260482e-01
8.457675883732451716e-01
8.467914207331276311e-01
8.474764011220736748e-01
8.490195160875658731e-01
8.499973895191424988e-01
8.508220827746758586e-01
8.511966484582093040e-01
8.526824085145356946e-01
8.533574765724299960e-01
8.543989367709597937e-01
8.556391272221185451e-01
8.560707775651263951e-01
8.572954417383229497e-01
8.581893370696591639e-01
8.593327340160157313e-01
8.602374580853117125e-01
8.610047068899469025e-01
8.618652537365671940e-01
8.628455434128936563e-01
8.630122467659278040e-01
8.641821035694789988e-01
8.648355611421676414e-01
8.661032089131023293e-01
8.668732808463132100e-01
8.677818105813802640e-01
8.688077272498255788e-01
8.695102925306943398e-01
8.700386977934538857e-01
8.712159048406086237e-01
8.721377741301635789e-01
8.726165828006415826e-01
8.735325187404431313e-01
8.750223197152745547e-01
8.755217773549059945e-01
8.764784193191782480e-01
8.773033257755264991e-01
8.774969484619755677e-01
8.787401183635463742e-01
8.796668215461719287e-01
8.806396307562576187e-01
8.810479190185722675e-01
8.816981367731289154e-01
8.828168235907479788e-01
8.837067839159148397e-01
8.841519338746686163e-01
8.852218134873607314e-01
8.858886890823431948e-01
8.870071312815218656e-01
8.879111668546975089e-01
8.882818807355151725e-01
8.888452724749776879e-01
8.896611120120775373e-01
8.904798484603511088e-01
8.915110016980360985e-01
8.921536290334627362e-01
8.924546899562082469e-01
8.936154952284702802e-01
8.942562046427957601e-01
8.949253878183190958e-01
8.963244090963367050e-01
8.963497725229113700e-01
8.977723561659501916e-01
8.979024212414676853e-01
8.988685559869672437e-01
8.993954162584983925e-01
9.005796230245139977e-01
9.013290117610924801e-01
9.017733861827221808e-01
9.019317171181129300e-01
9.030621412131083492e-01
9.038533282175991168e-01
9.043585448378255176e-01
9.055619157427677868e-01
9.056672296759338270e-01
9.064191013402961294e-01
9.071863556244943450e-01
9.080321832520964476e-01
9.082496630413497973e-01
9.094753964489514786e-01
9.101356996027916146e-01
9.107290274754185067e-01
9.114272944589008052e-01
9.123016888857374829e-01
9.128374139023727185e-01
9.134862381497323991e-01
9.137924398977896878e-01
9.150293931251043400e-01
9.155862263916126897e-01
9.165583919903412813e-01
9.170500927032463334e-01
9.173157179805134787e-01
9.181521665580963942e-01
9.191997322717344598e-01
9.198120435704417730e-01
9.202158556903302644e-01
9.209739229435460750e-01
9.211736980899968286e-01
9.220752773580279671e-01
9.228877090917743109e-01
9.230491710796512317e-01
9.237861085782042014e-01
9.249529856256283322e-01
9.258374278762766529e-01
9.270791754020293318e-01
9.264884242670673453e-01
9.268369706618496684e-01
9.264795798659198889e-01
9.263623718192295353e-01
9.275739461044908429e-01
9.293037465039013512e-01
9.310775092923206930e-01
9.331383061664303424e-01
9.342855617477734409e-01
9.337955651323385231e-01
9.324737782747183346e-01
9.305044880341547531e-01
9.305878007693642040e-01
9.317022037575487525e-01
9.343205478338033609e-01
