1.606247749796499077e-02
1.406119526967214949e-02
1.355141142309493167e-02
1.368161940109424539e-02
1.340662658686195795e-02
1.314618276381862572e-02
1.205499734383205443e-02
1.165300477869550544e-02
1.154999567768687230e-02
1.208157230713963713e-02
1.307249497231875376e-02
1.161293491789523388e-02
1.263809064929919020e-02
1.512836932049653298e-02
1.467965581145600287e-02
1.735969029232062311e-02
1.992141663875175717e-02
1.730657922414459080e-02
1.767679677593348223e-02
2.049242455155557419e-02
2.266017827359684961e-02
2.495556984674407799e-02
2.901692961623915726e-02
3.303524139707984808e-02
2.913115509518106674e-02
3.232445098193763300e-02
3.877857154191453187e-02
3.886150959552180095e-02
4.600220192530219548e-02
4.699595258535126802e-02
4.982259409510956388e-02
5.034803247090392786e-02
5.501156031862802775e-02
5.455134395029739153e-02
6.265929734572198151e-02
6.683771493612368497e-02
6.996904421423448539e-02
7.580228227044658040e-02
7.821794128246116473e-02
7.797363345341760954e-02
8.486124931811732386e-02
8.715305473668744085e-02
9.020759439639737531e-02
9.357288371992580900e-02
9.577620366779095173e-02
1.006630106726461443e-01
1.039237041354266616e-01
1.080937317303010681e-01
1.118387430354160078e-01
1.183994513363880868e-01
1.197774066487065220e-01
1.231317135010422115e-01
1.289168160028822951e-01
1.283854429189331403e-01
1.325760038324758361e-01
1.400154231007152694e-01
1.447952491054422253e-01
1.494175447476525365e-01
1.527415680182816482e-01
1.540728498302126326e-01
1.586078923783937056e-01
1.613946358037966489e-01
1.681432688951422783e-01
1.691032130329188365e-01
1.741022972582243200e-01
1.795826786732124258e-01
1.807277307718049564e-01
1.839632351262569798e-01
1.884919170030357194e-01
1.916044681586691889e-01
1.939758705984005183e-01
2.009844402282366660e-01
2.047450892083346741e-01
2.049055315384961662e-01
2.126658664145346933e-01
2.152200440339619991e-01
2.194538199649533616e-01
2.216576901335429728e-01
2.242894622377943625e-01
2.281251383481631423e-01
2.329806370847586905e-01
2.364564663443632919e-01
2.404471215828586361e-01
2.458000222680091773e-01
2.484366891370998198e-01
2.530093364004579737e-01
2.565303952157384493e-01
2.594506083124883955e-01
2.633614100152836257e-01
2.662568765386686964e-01
2.701284045245524457e-01
2.750392450698580515e-01
2.792175593300171843e-01
2.807561183646142822e-01
2.846957621934484428e-01
2.880215199718875185e-01
2.901556169872167579e-01
2.950270777065858718e-01
2.979480270684390919e-01
3.028632092745142668e-01
3.077577040380658491e-01
3.094998962240177454e-01
3.125692874767914131e-01
3.172371853829690225e-01
3.205154244530474261e-01
3.216133328740133357e-01
3.254799295548341798e-01
3.299532971278191229e-01
3.335499292035716823e-01
3.368774652649564882e-01
3.387790410067349489e-01
3.419280019982454677e-01
3.452699469820981748e-01
3.490994800668815179e-01
3.530367710473329423e-01
3.556040481766896688e-01
3.597107242085484380e-01
3.631813220249773821e-01
3.659274486282187433e-01
3.686856564987248119e-01
3.715965835627825786e-01
3.742090269284863435e-01
3.791084545389884486e-01
3.806363888390164041e-01
3.841017028682142120e-01
3.879513998554398047e-01
3.903770891859938419e-01
3.931240748628574977e-01
3.968956814889962326e-01
4.000290285704982685e-01
4.032809426614291093e-01
4.061096966069412950e-01
4.083464673825848990e-01
4.117713984767928381e-01
4.141975386469073928e-01
4.173551449789510426e-01
4.202423801752533383e-01
4.235274076311872360e-01
4.258474400398912230e-01
4.291813982363627544e-01
4.320359371860717501e-01
4.346347025021088939e-01
4.379606496562250539e-01
4.412360384887281661e-01
4.434469258802231084e-01
4.471812211083486810e-01
4.491843678535487605e-01
4.511524685063612594e-01
4.544812287258345185e-01
4.571211971940234431e-01
4.589921277090420193e-01
4.620317993677017787e-01
4.651966906879952957e-01
4.685323557237399683e-01
4.703874394531026848e-01
4.729118147140649042e-01
4.750726886011066852e-01
4.778350704358853007e-01
4.822955595728844469e-01
4.841189321405308665e-01
4.868724712699867840e-01
4.892501407294757021e-01
4.910215107405334622e-01
4.932648696013791079e-01
4.951463815314226524e-01
4.985033707684276560e-01
5.021269856650444341e-01
5.045465130867813341e-01
5.072474791986577580e-01
5.093903735854662385e-01
5.119141221040185430e-01
5.138483044691050106e-01
5.167700869087709092e-01
5.191679799426119901e-01
5.217365486330138857e-01
5.241447515847350580e-01
5.264544715973534794e-01
5.291372007980067460e-01
5.315398726336160173e-01
5.342683077455239182e-01
5.361870642579027457e-01
5.379018533582119455e-01
5.405344335468823536e-01
5.428707737969482583e-01
5.452483683899869149e-01
5.473818085616093398e-01
5.498173479942747299e-01
5.516733746317745712e-01
5.543694877284149891e-01
5.557697739878684207e-01
5.589891273444274056e-01
5.612409522932420014e-01
5.625100668023679251e-01
5.653730866969459701e-01
5.676760000516795079e-01
5.692204300952604656e-01
5.722489617374737492e-01
5.733472553950775819e-01
5.765338077356626512e-01
5.775403026375660609e-01
5.805370932846427579e-01
5.825452206445460579e-01
5.839585345019797646e-01
5.867631487635942555e-01
5.886979044214845080e-01
5.906558302313228426e-01
5.938038930204370125e-01
5.964381149298992879e-01
5.970782381840648023e-01
5.986869303892558003e-01
6.014638586248752805e-01
6.027721024782798365e-01
6.053148654547721996e-01
6.063406944469589277e-01
6.090473662731032967e-01
6.116730816763672474e-01
6.131744672127706908e-01
6.149214566386931313e-01
6.172708715184149764e-01
6.182067297596126609e-01
6.202363459954148839e-01
6.226890155097496438e-01
6.241883209211124273e-01
6.260771528133977082e-01
6.274474141277103234e-01
6.293294606104735678e-01
6.305527597297904130e-01
6.332663158904052736e-01
6.356677838861201080e-01
6.377279210086675976e-01
6.396210746158357274e-01
6.409961152902848847e-01
6.429055143216223511e-01
6.444988279202434889e-01
6.461700240056049704e-01
6.483263889727094442e-01
6.497217323829761471e-01
6.513609258635176813e-01
6.538312629589634328e-01
6.555668774067746618e-01
6.561426745284424378e-01
6.589774397334007272e-01
6.609066525071252141e-01
6.615844662297937218e-01
6.630713982092965031e-01
6.649518286681938006e-01
6.670912420744147253e-01
6.687553299342416935e-01
6.702775847345850968e-01
6.723008305264813744e-01
6.736226580929267627e-01
6.753934973713050516e-01
6.770946027981891158e-01
6.785487352711495612e-01
6.794845881108758645e-01
6.820761839829959650e-01
6.830565379440929341e-01
6.851142162708279137e-01
6.859422317924580570e-01
6.880682556299575481e-01
6.892850137060895221e-01
6.909198423092216546e-01
6.923623875084572443e-01
6.948092858814781669e-01
6.947647973897033147e-01
6.967018916337471834e-01
6.992564827591379872e-01
6.998527309889799319e-01
7.013726716364117042e-01
7.035733104780753644e-01
7.047849046180723054e-01
7.064463328784006402e-01
7.077312354025679930e-01
7.089169211105581514e-01
7.103131246629850182e-01
7.125247593711252492e-01
7.136742989940129123e-01
7.148968635518467840e-01
7.161452732299017354e-01
7.177145217669153032e-01
7.197903142269070909e-01
7.206900387316015344e-01
7.219170962971017680e-01
7.236607847174529873e-01
7.248824189717507638e-01
7.265007000145549121e-01
7.275860847942660081e-01
7.291805520126320994e-01
7.304131354294005618e-01
7.319558022836981648e-01
7.325654463968966912e-01
7.346775833905693220e-01
7.359170552235088092e-01
7.374616163366394250e-01
7.380182902016008128e-01
7.392988260365546127e-01
7.408534260583944375e-01
7.421265343789255065e-01
7.435264801388775657e-01
7.441583691940968359e-01
7.465278302352592599e-01
7.478519275954260692e-01
7.482244551322380088e-01
7.498672420778081937e-01
7.509149016722004299e-01
7.520775962260283221e-01
7.536961572053542113e-01
7.549855680401965641e-01
7.559993340802023676e-01
7.571986880809713494e-01
7.587869062584310376e-01
7.598949287066153468e-01
7.614668903323602578e-01
7.623611439547568480e-01
7.635834292145873281e-01
7.647137552265184102e-01
7.658550463922308982e-01
7.674961547486850444e-01
7.682285194543809759e-01
7.695283856133738887e-01
7.704837230927732428e-01
7.718417188067718815e-01
7.730906228472089747e-01
7.741173535380725390e-01
7.754869870648671837e-01
7.762515947719371701e-01
7.774415447744102980e-01
7.786102196241809770e-01
7.803792096584445392e-01
7.814415029798011947e-01
7.818301856243110581e-01
7.831896163616401951e-01
7.842137492355044648e-01
7.853662688006582959e-01
7.858143106699302383e-01
7.876599233970809077e-01
7.889424092063386240e-01
7.900251993395337458e-01
7.908339385229932184e-01
7.914181142060309204e-01
7.929502147527507372e-01
7.937697373986586369e-01
7.948121566358856693e-01
7.960132348328278207e-01
7.973562414074045757e-01
7.980574392728158051e-01
7.987769990290476407e-01
8.004056499993551510e-01
8.011427054323226882e-01
8.020821003398437288e-01
8.029587088572650577e-01
8.044163360495848458e-01
8.054319197909332040e-01
8.064043488939164339e-01
8.074405159169580903e-01
8.084215624450733495e-01
8.092763194504810631e-01
8.102180716769225022e-01
8.104538203989486433e-01
8.118147241423459004e-01
8.132221157345539408e-01
8.137931588931224258e-01
8.146434347199541515e-01
8.162765062461860843e-01
8.172600333592106026e-01
8.180644657174001022e-01
8.189835489884700337e-01
8.195663691477167445e-01
8.210120109159766422e-01
8.217460023916380862e-01
8.221213404942065983e-01
8.233732131573573421e-01
8.243197322111330827e-01
8.254010183726365746e-01
8.264802414621196247e-01
8.270340508025658677e-01
8.282508858986001865e-01
8.293130981065549578e-01
8.301249984835565865e-01
8.311134434244054070e-01
8.316636716590365408e-01
8.329207186626860215e-01
8.337512524584249629e-01
8.343406561894597395e-01
8.350772271146198467e-01
8.363695446264075573e-01
8.371362742135788348e-01
8.380040302676605712e-01
8.390281688638837609e-01
8.397915894034198026e-01
8.401282343447808998e-01
8.409462150007495085e-01
8.417675910625561642e-01
8.430463241133966390e-01
8.437741706780897966e-01
8.449496548883828062e-01
8.456687646585098195e-01
8.460662908370985003e-01
8.473563013244601594e-01
8.479706532305971711e-01
8.486534661636072618e-01
8.494597425535740376e-01
8.503314835086317469e-01
8.510351778646771947e-01
8.519843780852894843e-01
8.525398324474012801e-01
8.537325938172982687e-01
8.546468536986470133e-01
8.553091397114275241e-01
8.564092729428272044e-01
8.570087828907055894e-01
8.575921634925341985e-01
8.580514356938402365e-01
8.589666377724246571e-01
8.600599203823108274e-01
8.602810587131070053e-01
8.613362232183527922e-01
8.623908038448812041e-01
8.633814149847611752e-01
8.643053296673930408e-01
8.648137694551211174e-01
8.655898163880280105e-01
8.660326864525406121e-01
8.669020053799653125e-01
8.676510388806413232e-01
8.681722087141473532e-01
8.689978994530058731e-01
8.697097440966586879e-01
8.704804950809242881e-01
8.714448634876862387e-01
8.720027395799734293e-01
8.722725144424673394e-01
8.735297900839483765e-01
8.741557995223526722e-01
8.746476916684486902e-01
8.754798744178603487e-01
8.764621955883004079e-01
8.765743406554716843e-01
8.779930071974214600e-01
8.783495388767329493e-01
8.790168936326229199e-01
8.793633252939301315e-01
8.804999695798483295e-01
8.813978705399224678e-01
8.815840998487273206e-01
8.825953730754142468e-01
8.832776505285414581e-01
8.836290709821064127e-01
8.845081110088994780e-01
8.850534905063508484e-01
8.859225319656980346e-01
8.867476588578798724e-01
8.872052485216793682e-01
8.880697962464716433e-01
8.883577233324728706e-01
8.889232210316785343e-01
8.896750378162192607e-01
8.904488251959201683e-01
8.906113053001198931e-01
8.914885753185807227e-01
8.923435722713627394e-01
8.931329647055644694e-01
8.939112426249539167e-01
8.944950176497442618e-01
8.948638571451047463e-01
8.958807651138265271e-01
8.964896569056454156e-01
8.969328476949901541e-01
8.978045497198364755e-01
8.980365435110821970e-01
8.989514547511892051e-01
8.992469813806752699e-01
8.998004122074035882e-01
9.006928160068241596e-01
9.013686551962678539e-01
9.016546485789285192e-01
9.023840916234601162e-01
9.034147475511598024e-01
9.034116449206447408e-01
9.038828055822214491e-01
9.050050540219324313e-01
9.057884184782598602e-01
9.063272816125365061e-01
9.074456917097469821e-01
9.074847345300333101e-01
9.079313452010883134e-01
9.082244858757340111e-01
9.090342663025494652e-01
9.094443118997532771e-01
9.107862359810892094e-01
9.109299050813387533e-01
9.111954375850149779e-01
9.116549154829618473e-01
9.125690175861929099e-01
9.132379943493036389e-01
9.143550947894195646e-01
9.151642513362555631e-01
9.154529023230500995e-01
9.153240355178375864e-01
9.153025183739981196e-01
9.149189452209780526e-01
9.155627779629054164e-01
9.171002830830677910e-01
9.193969186834735074e-01
9.217292653404204339e-01
9.221914419317210898e-01
9.214590023884364767e-01
9.199071998046893794e-01
9.183434545006473604e-01
9.184118381365249384e-01
9.199731026598236827e-01
9.226786742073842529e-01
