3.259847906891968211e-02
2.528433257824033026e-02
2.380601515781161429e-02
2.760634289789279383e-02
3.174750389435700149e-02
3.290205973934029471e-02
3.403629172378901113e-02
3.411501677532902121e-02
3.269523675433792798e-02
3.205477995882938247e-02
3.111360772046045317e-02
3.057559672431448342e-02
3.140944810537591586e-02
3.285659704153323646e-02
3.375328371113107268e-02
3.509450734433805508e-02
3.590377797622784639e-02
3.493249526939645050e-02
3.395027754660777386e-02
3.384986250656044082e-02
3.357901259106651354e-02
3.410651165949076663e-02
3.531112031202514323e-02
3.724304268517544120e-02
3.676372273969952947e-02
3.814768765263818612e-02
4.010942654025743959e-02
3.927922250234884560e-02
4.096295901320981536e-02
4.102260054375635179e-02
4.128861121070519224e-02
4.043714279653484039e-02
4.181788491780760730e-02
4.268094210346440320e-02
4.583624938554540368e-02
4.690111648770318997e-02
4.734990348768391977e-02
4.945081918486903677e-02
5.062494972102830199e-02
4.922043287796493832e-02
5.170618816102787868e-02
5.199293681032455400e-02
5.243685511924099651e-02
5.314389920510333848e-02
5.323166810142082594e-02
5.580144045883341647e-02
5.695029606233129038e-02
5.808383627463627186e-02
5.996671515068024982e-02
6.111265488725530631e-02
6.107274370712871547e-02
6.362588920936962378e-02
6.540188942542117523e-02
6.524007897903909281e-02
6.558605188147931253e-02
6.660936159516799016e-02
6.899824939309426308e-02
7.365730243607533645e-02
7.301323105365065125e-02
7.094637868896143396e-02
7.446169990374087999e-02
7.397788478633900155e-02
7.648031459419978029e-02
7.772335027662190254e-02
7.901688862762362708e-02
7.754710105628014050e-02
8.303899360805455654e-02
8.285432147271880321e-02
8.491930922845326857e-02
8.453904781638488242e-02
8.732183456247649689e-02
9.093351998826100513e-02
9.025415791558649703e-02
9.134757002896089217e-02
9.458310067633121654e-02
9.343800366006999036e-02
9.553863150005412197e-02
9.580826006881711099e-02
9.727329593431136012e-02
1.031559041299292545e-01
1.054070821169034861e-01
1.016577730792508072e-01
1.046739867901065740e-01
1.095068095578507622e-01
1.057680199557211737e-01
1.068223395760481559e-01
1.085711550321115521e-01
1.091151892515013488e-01
1.126053161358968185e-01
1.090224774693432930e-01
1.120361164244975394e-01
1.188546203036725812e-01
1.188561519240803332e-01
1.189536381428296652e-01
1.220581302851847239e-01
1.264960268776880725e-01
1.199126436849294181e-01
1.282545343590074383e-01
1.280032916596866577e-01
1.282881942240096107e-01
1.330106467308893869e-01
1.314609416617723292e-01
1.314809330775010277e-01
1.333376921706091456e-01
1.333006439834585610e-01
1.392203570578081362e-01
1.392433474210344746e-01
1.393410214230312028e-01
1.442463205327444153e-01
1.436616009811337025e-01
1.439351361090833170e-01
1.417546690897568684e-01
1.415342690043167595e-01
1.447159864969365661e-01
1.530189447874180653e-01
1.524323963755603029e-01
1.506653078118692368e-01
1.535863684125212680e-01
1.522014559274602608e-01
1.524930546105051909e-01
1.603062059745430923e-01
1.621550372764828662e-01
1.593235491228235379e-01
1.618672679404021542e-01
1.651190474889956683e-01
1.683267033363687881e-01
1.692904014652431843e-01
1.689457683295713109e-01
1.709572302387743215e-01
1.683590072792522929e-01
1.715830502002976543e-01
1.777115561899884066e-01
1.747986363793231079e-01
1.754714097125794903e-01
1.776020765937687818e-01
1.768791394016202279e-01
1.802091306030354778e-01
1.867288878352685866e-01
1.854140188990837934e-01
1.909788971411436609e-01
1.895040850134386279e-01
1.904700504679516238e-01
1.899291574726547360e-01
1.943885362522703997e-01
1.959741238273697561e-01
1.954985748067749052e-01
1.979004388220129140e-01
1.997240858181308920e-01
1.999434079622038063e-01
1.997579117490596579e-01
2.038886839863649214e-01
1.995832855882675727e-01
2.090368701876125224e-01
2.041021648525676857e-01
2.059468235190784202e-01
2.112213817345017508e-01
2.099500886889321127e-01
2.126649973226875934e-01
2.083578074063874574e-01
2.105618839529879438e-01
2.183113840037636533e-01
2.208650132944081079e-01
2.224217198755444325e-01
2.202682766942946901e-01
2.211448533532461569e-01
2.239705251631367022e-01
2.250346999485005606e-01
2.228954231429594590e-01
2.243280681717313430e-01
2.269587003452303298e-01
2.288634524035873252e-01
2.329627834862312841e-01
2.340837953642804226e-01
2.356275325688528821e-01
2.358185488452048395e-01
2.368421746879679768e-01
2.400240789359494586e-01
2.381610461590574768e-01
2.414868205954588676e-01
2.437075676522522105e-01
2.411060694214844646e-01
2.459936035173102831e-01
2.480903902626889201e-01
2.485243357377516782e-01
2.499525801816186721e-01
2.511212344078005421e-01
2.491094064896720861e-01
2.546242879235340872e-01
2.568455732921022250e-01
2.551288246193817999e-01
2.580559727607212306e-01
2.609649935674160925e-01
2.586269928049441669e-01
2.607928532265393895e-01
2.644712681851320024e-01
2.603258699325099457e-01
2.649161646114487345e-01
2.711780345327615138e-01
2.683125061133844191e-01
2.668789125683397323e-01
2.709442553428618172e-01
2.755742000930225810e-01
2.760191664895481067e-01
2.740941506736482847e-01
2.752043017811803827e-01
2.767632012180452072e-01
2.785978214992808066e-01
2.789526980674770229e-01
2.798026058719058073e-01
2.791216873612858973e-01
2.819624060358327244e-01
2.881869012178244205e-01
2.876931299158826949e-01
2.881333911101464085e-01
2.920649428484898835e-01
2.929566855705190154e-01
2.940768263563141027e-01
2.955136247154191986e-01
2.976826926600992795e-01
2.988184972633879388e-01
2.964079392237089494e-01
2.988606558753726383e-01
3.034405081904885670e-01
3.050676299060116614e-01
3.051840046879293888e-01
3.040641754502892979e-01
3.066712669153260351e-01
3.088421748771579267e-01
3.083417781630779508e-01
3.114590306706050415e-01
3.175948598343041329e-01
3.098565879119223876e-01
3.189666432158283493e-01
3.189424795288050007e-01
3.131934736355883597e-01
3.222462352551244136e-01
3.166776396577727914e-01
3.200908104305636992e-01
3.259303467472295934e-01
3.252535588100714525e-01
3.251919596371830590e-01
3.301412473971017114e-01
3.267844426634966548e-01
3.326513968531765730e-01
3.290453082136102769e-01
3.287576712348782570e-01
3.343647761096680271e-01
3.336678723926359558e-01
3.340198359186368759e-01
3.375921081848456407e-01
3.389158399155838275e-01
3.387947724733370580e-01
3.398460120599486323e-01
3.414021876001018807e-01
3.442424240487638731e-01
3.427329774005622443e-01
3.432266244319528981e-01
3.482130538342138037e-01
3.491974748741872303e-01
3.488636848659896761e-01
3.482141312120413668e-01
3.516759537984201489e-01
3.572999961463408369e-01
3.569195772629660257e-01
3.576466077104062391e-01
3.598844397994424571e-01
3.610387970599946983e-01
3.601403543470274582e-01
3.608816932987252701e-01
3.635067809549469287e-01
3.651325194739205582e-01
3.645530135537188854e-01
3.662541903107776609e-01
3.688409275537645193e-01
3.710276275793540357e-01
3.719563445549053382e-01
3.712471295182960263e-01
3.732963096295487948e-01
3.763483731681075417e-01
3.754526172086818381e-01
3.779402252874565216e-01
3.790841814701939039e-01
3.770143637180541907e-01
3.787110903345958235e-01
3.835004533505563806e-01
3.856856353483364974e-01
3.847280539191316184e-01
3.870025775466709450e-01
3.895545079414030609e-01
3.897764051102458049e-01
3.890069766017881236e-01
3.886990507360345570e-01
3.906167623370785935e-01
3.939287180973353730e-01
3.914022255495284708e-01
3.917370322978311337e-01
3.980112914948127911e-01
4.017813463737745505e-01
4.008001009496357514e-01
4.002356844352387699e-01
4.025387890615780284e-01
4.025811134744528008e-01
4.011812316025120673e-01
4.050542480709177773e-01
4.062905285334638683e-01
4.078135415670813280e-01
4.117845526747954121e-01
4.117539755642672938e-01
4.109656140422170423e-01
4.127330454313611896e-01
4.145962307174528294e-01
4.164161934976539081e-01
4.176047466838720967e-01
4.183927027671672239e-01
4.184644465438456251e-01
4.188074269799748617e-01
4.205278480749759518e-01
4.218657668222689505e-01
4.221283044816128704e-01
4.233631957506320820e-01
4.254898774846047060e-01
4.253747618108769668e-01
4.268950255894545798e-01
4.311403269083434187e-01
4.309189750399392560e-01
4.301415570027722346e-01
4.332215183132905878e-01
4.346191840110544269e-01
4.352377947956552751e-01
4.360065910267392209e-01
4.377489094896169775e-01
4.386526110553148894e-01
4.391996410722203148e-01
4.400544239630210241e-01
4.428819331767361867e-01
4.422656087348914022e-01
4.419336470694700258e-01
4.458251957396640042e-01
4.487698187433730168e-01
4.472378846697968591e-01
4.472479200992676152e-01
4.496427216837808327e-01
4.485983317141065685e-01
4.495481997623167469e-01
4.533381133586648071e-01
4.558291426528516821e-01
4.567173985369876732e-01
4.565024104080576128e-01
4.570423059346020445e-01
4.595527836707777314e-01
4.612464069899818719e-01
4.620992791103480934e-01
4.630297837708123865e-01
4.638884775942758165e-01
4.641254837134108358e-01
4.654964204235513270e-01
4.674308418343104399e-01
4.694321859114594098e-01
4.706430327912206613e-01
4.698635151630682349e-01
4.696715493563799471e-01
4.738433237567201139e-01
4.770392445867859821e-01
4.763522816773524959e-01
4.747809823112785765e-01
4.746687405393298365e-01
4.770949154434902528e-01
4.802330650515186372e-01
4.808942505218126717e-01
4.819785781946415160e-01
4.843367542280292981e-01
4.852508967689083130e-01
4.832478404494412461e-01
4.853800489748919533e-01
4.878442759331435008e-01
4.875958968030802421e-01
4.885726008133792209e-01
4.908966270830971701e-01
4.923603801813374869e-01
4.925782507414093181e-01
4.930103109681789886e-01
4.968199479789535689e-01
4.979391322252761376e-01
4.970365062349200724e-01
4.979584795094075256e-01
4.996206437517369814e-01
5.012512897832410719e-01
5.023731459699680713e-01
5.034617775846136345e-01
5.042061612613719657e-01
5.052878955992722299e-01
5.065672063381949641e-01
5.076207769096078293e-01
5.086846749854858629e-01
5.093381448725000649e-01
5.099653929188587842e-01
5.108675349268120280e-01
5.130148311695935659e-01
5.144865829546578784e-01
5.162350808789352152e-01
5.160289823956708544e-01
5.163744698206778061e-01
5.173109112697715783e-01
5.182564191220271343e-01
5.198908697941064805e-01
5.211260015029210990e-01
5.219315458510085382e-01
5.221080437959289000e-01
5.231739134727414475e-01
5.244366807825702193e-01
5.257242549306525570e-01
5.273622091659572186e-01
5.284989935644791581e-01
5.300832923850462564e-01
5.308972610577050721e-01
5.325941470312640647e-01
5.333879096429623434e-01
5.345739497385492145e-01
5.353421956181231289e-01
5.354816429660447241e-01
5.362168388001588015e-01
5.377333964825907753e-01
5.383802079640288563e-01
5.402476981039719961e-01
5.409522937250452745e-01
5.419365689120919649e-01
5.434390647120571627e-01
5.446390635028574012e-01
5.453276406978235791e-01
5.469581631617116413e-01
5.476013058348917495e-01
5.484647065525362075e-01
5.486785816842413288e-01
5.494120512394471412e-01
5.508401126101827305e-01
5.524848250012515116e-01
5.539344887003031515e-01
5.544590557511902551e-01
5.544934078875374261e-01
5.545420442497117630e-01
5.558707845782729917e-01
5.576706843382204237e-01
5.602264117814345079e-01
5.609589607309053427e-01
5.618972317365918956e-01
5.628214339784221032e-01
5.641590061279539992e-01
5.642498649250551335e-01
5.657270808101245718e-01
5.663319710060950030e-01
5.674654380452528457e-01
5.691977272911500352e-01
5.719308020918992819e-01
5.730075972492412184e-01
5.714436696920046632e-01
5.713025186662590293e-01
5.725967598490574462e-01
5.744206858694655971e-01
5.753636192152088435e-01
5.762443062527374815e-01
5.763957129789500922e-01
5.769060668395060709e-01
5.789105002769231456e-01
5.820406749993878304e-01
5.837695293283194919e-01
5.849628340424830597e-01
5.850094965566803307e-01
5.849924692164024664e-01
5.857341807670785050e-01
5.867556636369923861e-01
5.871718024978230810e-01
5.887173084682532087e-01
5.900382970288223783e-01
5.916349291808404853e-01
5.928418784480828929e-01
5.944676397114297961e-01
5.949576991440108653e-01
5.956887894478177792e-01
5.949567279857158608e-01
5.953065617878974258e-01
5.956321064024329148e-01
5.965815355699537470e-01
5.985432406249330262e-01
6.012622273720187316e-01
6.038216200788363297e-01
6.062651862963346350e-01
6.061880470891944928e-01
6.049582458890211401e-01
6.034731554581254098e-01
6.015402706680593736e-01
6.019522422465842793e-01
6.043418279736730847e-01
6.082689953063733501e-01
6.131466709089462563e-01
6.179105400808132531e-01
6.207706126297592997e-01
6.197623929853220970e-01
6.146447321831988164e-01
6.076039075065470252e-01
6.018332362605194330e-01
6.018896565772879903e-01
6.106681264122366670e-01
6.248777014038116029e-01
6.404477393474266034e-01
6.488530642271982396e-01
6.472323576514316112e-01
6.330930937223263610e-01
6.121404186572313444e-01
5.935527643609838089e-01
5.872406710639266336e-01
5.986578590287108259e-01
6.229934943946853210e-01
