2.102269087992725619e-02
1.889579449920621851e-02
1.833573173538963208e-02
1.814965959344996826e-02
1.735077064987656029e-02
1.691383763488493383e-02
1.527855171606226463e-02
1.469385920559864757e-02
1.467144973433523805e-02
1.546124638401370245e-02
1.685409828806545482e-02
1.485589806467558713e-02
1.618737226265237056e-02
1.938490062552275517e-02
1.874745482899872404e-02
2.204876149637668981e-02
2.529359840643963589e-02
2.238956074522167189e-02
2.290045040242595642e-02
2.639944575150368622e-02
2.938245524141343962e-02
3.192112786510881844e-02
3.722801993464860959e-02
4.140216106874444052e-02
3.730447664177785616e-02
4.122853702565408562e-02
4.844470715736899635e-02
4.960820407527923720e-02
5.770007168473277603e-02
5.865259626983553715e-02
6.219213576209727673e-02
6.435183925032456065e-02
6.963395149710448206e-02
6.894416359470813271e-02
7.668339736703909393e-02
8.209288961347972757e-02
8.695204649562283949e-02
9.273052526605882195e-02
9.529099480968460101e-02
9.623719929441856835e-02
1.031356869279318883e-01
1.062098827061246781e-01
1.103461086966711358e-01
1.140168724337327077e-01
1.169458798952113382e-01
1.236076259949385608e-01
1.284203489510058749e-01
1.318344400453637655e-01
1.351889113191940550e-01
1.431009906306927593e-01
1.451908387306740378e-01
1.481204386314801114e-01
1.545874854488030747e-01
1.545606576073867422e-01
1.601754112944971109e-01
1.666632166144670635e-01
1.720646640664160731e-01
1.768148778925489606e-01
1.811451131389544278e-01
1.841864144208496534e-01
1.886057867325052206e-01
1.922474384982262585e-01
1.984585322251588846e-01
2.011429706561245478e-01
2.058544640523724822e-01
2.099573095926251243e-01
2.131836768541179594e-01
2.182623139015553437e-01
2.218253056278098878e-01
2.255969402613818287e-01
2.277841669672052982e-01
2.353637908659785560e-01
2.403031572665633719e-01
2.398137196339366339e-01
2.482261417212772991e-01
2.509103120903676820e-01
2.544741316098475536e-01
2.579162486810105959e-01
2.624901282112004908e-01
2.646479082708732555e-01
2.697928899325668928e-01
2.737952080496871554e-01
2.766443149133850921e-01
2.818945242352819958e-01
2.863708118304962857e-01
2.913775535322228327e-01
2.949755614146381544e-01
2.982857930738262442e-01
3.021063426400372731e-01
3.049566886260252629e-01
3.095999995341016664e-01
3.138697303300607699e-01
3.167526594634050285e-01
3.202446695051660575e-01
3.241753058215982586e-01
3.265020932009643495e-01
3.302678354458182253e-01
3.343189512358503146e-01
3.367950907708541219e-01
3.417818403067930944e-01
3.476278485486707925e-01
3.496611143042069880e-01
3.540334926092862933e-01
3.560574185278464476e-01
3.598623539735931742e-01
3.616057683937918266e-01
3.660670868566548997e-01
3.700093963191790625e-01
3.746085343712595717e-01
3.779548363806045086e-01
3.796639518100378141e-01
3.827111391687076924e-01
3.860881953185804627e-01
3.901687594897557676e-01
3.919259035511400424e-01
3.952675037076001097e-01
4.005176539909022781e-01
4.025584512351375599e-01
4.054750708955854321e-01
4.086984708555689294e-01
4.118305933478355052e-01
4.146493599553053300e-01
4.206932076184428659e-01
4.224599545069123718e-01
4.238102834421386689e-01
4.273711205449464701e-01
4.300976950899378926e-01
4.337041469010068928e-01
4.377537657006428939e-01
4.395317184270342570e-01
4.434357057658047108e-01
4.457835034170398170e-01
4.476340627008083550e-01
4.516126082116253548e-01
4.537714772097631299e-01
4.581602002923850780e-01
4.603362268728983242e-01
4.628117449787060300e-01
4.659647295900177788e-01
4.681142041070836535e-01
4.709253456440435914e-01
4.739963350533807351e-01
4.765402409429351782e-01
4.803573780307578422e-01
4.818068480602515358e-01
4.842516525086568158e-01
4.871062606064944789e-01
4.895685865130603998e-01
4.914346079152513425e-01
4.948396739482908147e-01
4.979878777590717176e-01
4.998995425586301167e-01
5.034096467540694064e-01
5.051382287885224365e-01
5.080193137799907666e-01
5.103863028829329629e-01
5.130399363123772094e-01
5.153212571104890394e-01
5.173865863286982725e-01
5.204601714675368695e-01
5.227724513814963059e-01
5.256659127793267272e-01
5.276532571751698653e-01
5.295373430233420997e-01
5.317890726685621239e-01
5.338183743630446898e-01
5.369358741690011261e-01
5.394121117673232879e-01
5.422695100640759769e-01
5.436215011132911057e-01
5.459457404440468675e-01
5.474501185483841015e-01
5.510542594007669104e-01
5.527409072140634372e-01
5.549987687261627167e-01
5.571694786131590194e-01
5.590797439438884853e-01
5.618200028496866949e-01
5.640245215203061324e-01
5.664289517459972778e-01
5.683759378546849872e-01
5.698221560036833555e-01
5.721267837603160045e-01
5.744628285277553204e-01
5.764580492627832120e-01
5.786981555095160878e-01
5.804523744813286923e-01
5.828530463020842323e-01
5.847562985856804563e-01
5.872916038286173368e-01
5.890154153175651830e-01
5.910356096725479791e-01
5.931306736244206235e-01
5.955374226199670051e-01
5.970189316849371375e-01
5.988858521535900259e-01
6.011781612693831711e-01
6.026882837665812342e-01
6.042267309281844634e-01
6.063078653069772228e-01
6.082751300161244323e-01
6.106245920278964290e-01
6.117372817043922328e-01
6.138302707289839955e-01
6.154532388237593521e-01
6.179272929914870760e-01
6.193891274227646404e-01
6.220667543964607527e-01
6.238171667427766520e-01
6.250856083065067237e-01
6.260744054170945816e-01
6.285229729536480070e-01
6.301348440179935784e-01
6.321934028819117257e-01
6.340706457455681511e-01
6.352407026596817996e-01
6.371457319099230743e-01
6.394961959700069531e-01
6.405916877414088439e-01
6.421783210118719998e-01
6.433210243754516888e-01
6.459368667247631368e-01
6.479815486372204614e-01
6.487446042853675099e-01
6.510181532275257643e-01
6.527013074535714665e-01
6.534672435370955101e-01
6.554789050521122595e-01
6.566746052206094975e-01
6.583917246487199781e-01
6.600629762937009204e-01
6.613815345514097999e-01
6.630559527940136366e-01
6.652577887830058989e-01
6.662515022497984551e-01
6.678562189039459751e-01
6.688470096738028392e-01
6.706612387761152760e-01
6.724597206816198547e-01
6.733609464955716550e-01
6.745630698819313764e-01
6.763929873378813351e-01
6.783433317807796570e-01
6.802537836032552798e-01
6.805081883265410303e-01
6.823307386038937050e-01
6.844585212918916639e-01
6.855176683122152781e-01
6.873995260561553966e-01
6.882411866999919026e-01
6.898422824864816061e-01
6.916942522743617650e-01
6.929036445080529738e-01
6.944134728397652889e-01
6.950047192616055636e-01
6.964751885389901531e-01
6.978497321987879864e-01
6.994758284543566296e-01
7.007305969331476536e-01
7.027169756051931948e-01
7.043515167480252082e-01
7.051575800889673395e-01
7.059412725131390953e-01
7.072248144793640279e-01
7.085274346574316207e-01
7.099969807112649356e-01
7.118663385404842003e-01
7.127088272743031805e-01
7.140202212879285248e-01
7.153375842185751843e-01
7.169353089717271921e-01
7.177570653057864236e-01
7.187055013434968664e-01
7.206977767181101946e-01
7.214052244361920385e-01
7.234043098002301830e-01
7.248144157737660409e-01
7.254767627053346768e-01
7.270270393614373106e-01
7.276962745247851361e-01
7.290191580487355161e-01
7.305130447375836056e-01
7.316575937938688545e-01
7.322619261085702158e-01
7.341914073568582833e-01
7.350229044087919217e-01
7.370121306016977902e-01
7.374558420034631467e-01
7.391723280691061548e-01
7.396893650009568333e-01
7.409573325689339240e-01
7.416929659367851313e-01
7.432064956007994327e-01
7.442563794919117015e-01
7.455521571248424628e-01
7.463870738339056787e-01
7.480813115051268003e-01
7.485057300939252922e-01
7.497535545288895875e-01
7.506974383515515603e-01
7.525510135947776069e-01
7.530171497215895071e-01
7.540167613770739630e-01
7.549573534960714039e-01
7.566436160995018145e-01
7.579092134135179126e-01
7.585212878830200900e-01
7.599928975601036862e-01
7.605853122621830664e-01
7.619468482623977801e-01
7.631871977327939760e-01
7.636689597782780892e-01
7.649838780399672578e-01
7.658748191121823590e-01
7.670696373461410866e-01
7.674682737014464351e-01
7.687027530595935687e-01
7.696870009027483306e-01
7.709680615480209998e-01
7.716837493573699414e-01
7.726142951429250116e-01
7.736501974554971239e-01
7.751553242213334860e-01
7.757600435412769224e-01
7.770457536361072837e-01
7.776932547174285615e-01
7.790093183349821038e-01
7.797752184077190174e-01
7.804964346222501570e-01
7.809843757377014084e-01
7.828195015362464648e-01
7.831911797562611799e-01
7.847489045673622376e-01
7.852135800405384281e-01
7.861330207532798431e-01
7.870277077631692153e-01
7.885862442224512714e-01
7.889500184470701338e-01
7.901640140048635796e-01
7.911876259638144226e-01
7.918071325773674562e-01
7.928786003724022091e-01
7.932443872385437356e-01
7.940112105838583734e-01
7.952157207524060967e-01
7.957521748857994126e-01
7.970144493122692797e-01
7.979687817895958490e-01
7.985805805374929234e-01
8.000333708619621342e-01
7.999560851471869682e-01
8.011658707162966353e-01
8.021177580599240242e-01
8.028213378441833026e-01
8.039212703685243433e-01
8.050730210943243259e-01
8.056605775424143800e-01
8.066039855852369378e-01
8.073533090295105241e-01
8.076809687719136432e-01
8.091274908495474927e-01
8.097219344973918265e-01
8.104907351171454222e-01
8.113152057153826258e-01
8.118961422777865033e-01
8.130644773419468674e-01
8.138271156805970685e-01
8.149853459586122728e-01
8.150138717405056576e-01
8.161658239589208996e-01
8.167890436677665011e-01
8.178718027752771569e-01
8.186676246410060642e-01
8.194640816519129789e-01
8.202298874995521683e-01
8.210739623351108740e-01
8.215398202400241434e-01
8.223032093445169499e-01
8.233619843211195111e-01
8.240742851424136539e-01
8.243504519125594010e-01
8.257016354196564656e-01
8.264479237268518297e-01
8.267144576109324294e-01
8.275144356635815157e-01
8.287303861179873277e-01
8.291274283771318254e-01
8.300930311047396426e-01
8.309138678461498451e-01
8.316589417150597185e-01
8.322641586903025690e-01
8.325814197022093355e-01
8.332856045881393836e-01
8.343853302986145026e-01
8.351952062598623217e-01
8.359909462859547169e-01
8.366458314795280904e-01
8.368172453936592037e-01
8.378847685146145752e-01
8.388770727154677420e-01
8.399779301443617285e-01
8.398302430502105898e-01
8.406202395619450929e-01
8.414325752446196738e-01
8.417145119796046737e-01
8.424702481602883708e-01
8.437412444328638017e-01
8.440103876690854268e-01
8.449979208436414480e-01
8.460889961641738788e-01
8.463143898550482547e-01
8.467213445013408446e-01
8.479138877033645105e-01
8.483811377814928223e-01
8.492322543671452229e-01
8.499648650910849312e-01
8.504246674431774622e-01
8.507255847921344483e-01
8.517262871674585734e-01
8.522493702175875097e-01
8.532888386283462578e-01
8.539969416864495733e-01
8.544066752928647368e-01
8.547575714476437492e-01
8.554412286468943138e-01
8.563331366048297921e-01
8.568047631853525914e-01
8.574523894236095733e-01
8.578360097540683737e-01
8.586639643434875735e-01
8.594481463117175091e-01
8.599422392166059526e-01
8.608272181569409653e-01
8.615300822124640767e-01
8.620387475618355166e-01
8.623377980658853970e-01
8.632199165768373872e-01
8.638727310528591108e-01
8.641578462022765361e-01
8.644382423216948608e-01
8.657405532152171457e-01
8.663709193076907233e-01
8.667592606489189500e-01
8.674077110622616660e-01
8.681890567749611654e-01
8.684512583827048715e-01
8.690327590597261009e-01
8.699997293753763961e-01
8.702422884948062265e-01
8.710378645456495761e-01
8.717832829063669742e-01
8.722407874421748142e-01
8.725296063027253579e-01
8.732275227343443413e-01
8.737843398299929287e-01
8.745388649519175717e-01
8.751787891469472447e-01
8.755804480367767040e-01
8.760829265124734366e-01
8.764339035212461715e-01
8.770319087836820904e-01
8.779133990238123797e-01
8.784482533639754731e-01
8.789705077688558799e-01
8.797952537519054816e-01
8.800537624258201186e-01
8.808232712069942183e-01
8.813752543435695586e-01
8.820842033876737931e-01
8.823822353565740073e-01
8.829140332428689897e-01
8.834767239805391137e-01
8.836555220087437545e-01
8.840370139001236804e-01
8.848392567488501115e-01
8.856972325506420329e-01
8.860353841192200042e-01
8.867858869077916983e-01
8.874740729613924684e-01
8.877667350783817746e-01
8.880900770618829210e-01
8.887494327678612249e-01
8.896260767217825105e-01
8.901371916710445475e-01
8.898025921154291140e-01
8.906755992601159688e-01
8.911098621300226341e-01
8.918293160637373873e-01
8.920592210348610163e-01
8.926175201573299800e-01
8.930365682927751125e-01
8.939128046959191609e-01
8.941180556972827542e-01
8.949794251392637623e-01
8.954534098736972592e-01
8.964831581083672063e-01
8.970676154529653168e-01
8.974416981084054612e-01
8.970744961125700634e-01
8.969172365934184876e-01
8.973362257548590515e-01
8.974864471786248021e-01
8.989241419439407688e-01
9.007875047839943861e-01
9.028259174589343683e-01
9.036188141886678515e-01
9.027981195126731917e-01
9.015158643505495339e-01
8.997737637768175034e-01
8.999013520716022674e-01
9.010278281786470167e-01
9.032864870236355648e-01
