9.753856209947152356e-02
9.550205482197147988e-02
9.501882494731347939e-02
9.580961424566745988e-02
9.652183670531021276e-02
9.659013865027585299e-02
9.644935380492813959e-02
9.633606254439459893e-02
9.603073223267469261e-02
9.613754850655512052e-02
9.630327414160735899e-02
9.571760210533483693e-02
9.623111213409417386e-02
9.739412921128780265e-02
9.740365256670829863e-02
9.867414617442257785e-02
9.985074459500289934e-02
9.851491486684080257e-02
9.855617615671537213e-02
9.970586273113417330e-02
1.004416458695093495e-01
1.016382200714872203e-01
1.033286354104537286e-01
1.056810406427914906e-01
1.035958309287997314e-01
1.051281143571225901e-01
1.085565468247307319e-01
1.078370089053971859e-01
1.113769731179833078e-01
1.122445070513917870e-01
1.132777107095136182e-01
1.124222835546379307e-01
1.148039393554030480e-01
1.153268714473280609e-01
1.203327267814860019e-01
1.220494269161011280e-01
1.226465465047900105e-01
1.262152438564372592e-01
1.280906995631216350e-01
1.266580577561147447e-01
1.309008268440034206e-01
1.317974188456587092e-01
1.329343463839815775e-01
1.343629417909297796e-01
1.347555424995344753e-01
1.378037953757572098e-01
1.391977669665723505e-01
1.416556256594096175e-01
1.449312464409789891e-01
1.473010829621282658e-01
1.475048981000200432e-01
1.506996732290168950e-01
1.542415293249096431e-01
1.537803198136664384e-01
1.547478557365683516e-01
1.582760209612291136e-01
1.615510936067340308e-01
1.659586170726060073e-01
1.667732465403355957e-01
1.656969748177522239e-01
1.690845015347214597e-01
1.700620272931412935e-01
1.729766003938551511e-01
1.758207234615386250e-01
1.764493908325512062e-01
1.791178923232465692e-01
1.832066041923832711e-01
1.823938817963272063e-01
1.856346571929962386e-01
1.872324319793096103e-01
1.898997711421845369e-01
1.947573588681283108e-01
1.951580386394940470e-01
1.956421647715591572e-01
2.006726210957107126e-01
2.011340059539175884e-01
2.045078219062550218e-01
2.063435759093612265e-01
2.063579285849234113e-01
2.113680178726694281e-01
2.150039499437331192e-01
2.152117265850280181e-01
2.188373812396374185e-01
2.239644826328597571e-01
2.221808281210473635e-01
2.221319924650471123e-01
2.254822035903809030e-01
2.281792557414886735e-01
2.323049860675421019e-01
2.317473060054117129e-01
2.332189219206399211e-01
2.380819269862018972e-01
2.402313760074349658e-01
2.419748469664049495e-01
2.443567642121628469e-01
2.482630117043744256e-01
2.489994521522218562e-01
2.529011110751683833e-01
2.523621421405906617e-01
2.555306586848881678e-01
2.575116813539287675e-01
2.617864619387819669e-01
2.622267697403770637e-01
2.650105596520199724e-01
2.658790152435127618e-01
2.681816525995098233e-01
2.717539798080361169e-01
2.722654233579120953e-01
2.760994120117358230e-01
2.766327323211107969e-01
2.787921895364748881e-01
2.806271295682119526e-01
2.822771353278059614e-01
2.868549511662750739e-01
2.893999533308215244e-01
2.883911693826485823e-01
2.925506767530275942e-01
2.957240284033940680e-01
2.969964971001441967e-01
2.985011711970717019e-01
3.016915604396305794e-01
3.026801763373597742e-01
3.052183299490396351e-01
3.077287497004526085e-01
3.110970791677980518e-01
3.130413659930742498e-01
3.156384091903498001e-01
3.166293796742935540e-01
3.189021791055687283e-01
3.217690610888289116e-01
3.227648238515092860e-01
3.256444203091867773e-01
3.277035150412039854e-01
3.286171569484286903e-01
3.299551874912634575e-01
3.348937900418558211e-01
3.356260959917654607e-01
3.379749810657003972e-01
3.423709992684249026e-01
3.421814080638202471e-01
3.443887093174677894e-01
3.474495025296721606e-01
3.493885837226072266e-01
3.522373218864897626e-01
3.529634855918430403e-01
3.544708517397804348e-01
3.574087028758698437e-01
3.605572142632730848e-01
3.637072912778501754e-01
3.640638072410331549e-01
3.654371609684708422e-01
3.674634543315128399e-01
3.693952983840425031e-01
3.713086822738176918e-01
3.729843330950311509e-01
3.760085110102562300e-01
3.772600035977480282e-01
3.792491526949455238e-01
3.819320671836006209e-01
3.844859057282404291e-01
3.855036014718985493e-01
3.878089173258714162e-01
3.894894221403459311e-01
3.923490554412824016e-01
3.952030862622881724e-01
3.966292496891506980e-01
3.979495734573655352e-01
3.998718289592579356e-01
4.018882135257593746e-01
4.029721837012169017e-01
4.063045603573979814e-01
4.095738739774094639e-01
4.094215210269187555e-01
4.112178760765415331e-01
4.141912455150888461e-01
4.152523337984462271e-01
4.178062684891488687e-01
4.204691187284852472e-01
4.217165375597247134e-01
4.231036828870678446e-01
4.257166682424342041e-01
4.269152593754633740e-01
4.292957822831235393e-01
4.315478786952111068e-01
4.324412720724984394e-01
4.346877361809216578e-01
4.366700135793745163e-01
4.383983931528859790e-01
4.404974777508680606e-01
4.429396411197680794e-01
4.452093086305703440e-01
4.450288009692999203e-01
4.481421302561814923e-01
4.507574883181446057e-01
4.513045742488301371e-01
4.534268100838860227e-01
4.563432365074401309e-01
4.581483763320071678e-01
4.592107942001157350e-01
4.610196603060284781e-01
4.635803448536311433e-01
4.646438309889967533e-01
4.664158533240667093e-01
4.685138375384276799e-01
4.702154383030627272e-01
4.714289766357214750e-01
4.737905107923817138e-01
4.750672917822899577e-01
4.780230708592458910e-01
4.790412269621206476e-01
4.806319206209803685e-01
4.838600203378020659e-01
4.848775978751003191e-01
4.858881529464153526e-01
4.887407315589837875e-01
4.907856575079448391e-01
4.923804716140632864e-01
4.936450842714614207e-01
4.955016509717412032e-01
4.976982296962018659e-01
4.987022798565083348e-01
5.006365501299895326e-01
5.032863121941258955e-01
5.039256104080694909e-01
5.052672481482848310e-01
5.080311947681618312e-01
5.093899734578722915e-01
5.110085119188725322e-01
5.128850436219899445e-01
5.148770414071909274e-01
5.166558585690472771e-01
5.173696008737886931e-01
5.195556162394737720e-01
5.219119289473167500e-01
5.235508366975730743e-01
5.254510289456120198e-01
5.264657255076518050e-01
5.276582874223030295e-01
5.298557777524436352e-01
5.321365474689241370e-01
5.339579369471891823e-01
5.341422746898445428e-01
5.362745633626591069e-01
5.386115027664574173e-01
5.399947866880926428e-01
5.417101562101190870e-01
5.438989737978662253e-01
5.446397078214385568e-01
5.461171595127675138e-01
5.479175387086266946e-01
5.489247447614062914e-01
5.501811662075616338e-01
5.523054502104047803e-01
5.542284619702898540e-01
5.558280316715926705e-01
5.577390265284125626e-01
5.592144913979544274e-01
5.606868963662503536e-01
5.631810293382517596e-01
5.643527543400941315e-01
5.655053157602708547e-01
5.669455124669612323e-01
5.682196251874038762e-01
5.706372141847982915e-01
5.724701086436480013e-01
5.741128112773398184e-01
5.752434941770004917e-01
5.774014892397724141e-01
5.777853096536579303e-01
5.798075699445640607e-01
5.819218296062457219e-01
5.823979574255860880e-01
5.840532025208703404e-01
5.854396624458891862e-01
5.870109666875834575e-01
5.883939290451951631e-01
5.902696705645386066e-01
5.921051597371441710e-01
5.936236670193514309e-01
5.948990935593111429e-01
5.970997377314488652e-01
5.983606929394624796e-01
5.993331711725108368e-01
6.008071910812987637e-01
6.023177677145469255e-01
6.031668503072917797e-01
6.047546902941411950e-01
6.066778497490089572e-01
6.082085354293375046e-01
6.089125076753346688e-01
6.110759115378945339e-01
6.121633070488932127e-01
6.133701900384540551e-01
6.153542246690913986e-01
6.168390146306679256e-01
6.184642616543684079e-01
6.203561995766445625e-01
6.213426594472726272e-01
6.226184836440493697e-01
6.246280717979377783e-01
6.253129446593436169e-01
6.265516836057719585e-01
6.285067473014620543e-01
6.296730544914304062e-01
6.306793769805636440e-01
6.323544191294407923e-01
6.342990115201230239e-01
6.352885285012938033e-01
6.361848516184781532e-01
6.374325545195751452e-01
6.394162631048160295e-01
6.410647735560881522e-01
6.418793411526858561e-01
6.430342368344718063e-01
6.449736985448396576e-01
6.465144152144012279e-01
6.475055068802548774e-01
6.484238750645409111e-01
6.499766701952459647e-01
6.516027035208551421e-01
6.524016955836627885e-01
6.534949626903103770e-01
6.550432894722817423e-01
6.558290211556143667e-01
6.572925627620064271e-01
6.594725843782108798e-01
6.608873992003612141e-01
6.622685339488389999e-01
6.629502633600936612e-01
6.643588242774906005e-01
6.654724397458013918e-01
6.666142842894935416e-01
6.681788330242380836e-01
6.694918873814927895e-01
6.706605715831025494e-01
6.721125726126857547e-01
6.737084202378674780e-01
6.747227148160392929e-01
6.757018230251370383e-01
6.773840251179242822e-01
6.784059659448975488e-01
6.794866289989937025e-01
6.814169689290545673e-01
6.825421347908067204e-01
6.829874788554128884e-01
6.841353907714791127e-01
6.856352720781430099e-01
6.871337804327544152e-01
6.882013900884014213e-01
6.896083560436579996e-01
6.907742115648212167e-01
6.919153215880515795e-01
6.927322610009835069e-01
6.935635998954111647e-01
6.952000326010834286e-01
6.966162026754126879e-01
6.978174088433379829e-01
6.988471002932208354e-01
6.999603413107994276e-01
7.010710511776120368e-01
7.026859933388099888e-01
7.033400627002228678e-01
7.040947425473870203e-01
7.057249683779958094e-01
7.066200142842906651e-01
7.079465982798930357e-01
7.091401500239895572e-01
7.101054847559674643e-01
7.115717149304623401e-01
7.126355225039096020e-01
7.136303578618083954e-01
7.142909635085927800e-01
7.162264825726122330e-01
7.174362122992338220e-01
7.184058359709512009e-01
7.197505184536342471e-01
7.211259113735731807e-01
7.219892813454050762e-01
7.228775952491274248e-01
7.240177775931806448e-01
7.251225433038576140e-01
7.259880042829826019e-01
7.269013964191880506e-01
7.282637195953826081e-01
7.294018622010617348e-01
7.303546834852919778e-01
7.315326759731271000e-01
7.326343230064169543e-01
7.334984541721066842e-01
7.341503937270175140e-01
7.350889843345370656e-01
7.360958676952705781e-01
7.375666155990689976e-01
7.390985639837753807e-01
7.401157578530669356e-01
7.411170139026915793e-01
7.419142326686205546e-01
7.428772857114435135e-01
7.435292022475137319e-01
7.446056521171700027e-01
7.463417854929691453e-01
7.469817520484163254e-01
7.476623950886513992e-01
7.488706582219704089e-01
7.497194217265685801e-01
7.507659012075138527e-01
7.521291407649536298e-01
7.533643059511223594e-01
7.540828944590757255e-01
7.550466032528549976e-01
7.558515208804317265e-01
7.570525900014375420e-01
7.575718268733857563e-01
7.589685804069010722e-01
7.599035336618598091e-01
7.611931695975259204e-01
7.615661770236507033e-01
7.622176764529983162e-01
7.635058549250400839e-01
7.643398011239755929e-01
7.652328176955163208e-01
7.663558107025794097e-01
7.673867657517888796e-01
7.680250070267498064e-01
7.694040595594683341e-01
7.700095290412255489e-01
7.712281412935959590e-01
7.724080092064429248e-01
7.728818407677789937e-01
7.735622661099442743e-01
7.745028238663241860e-01
7.753405969918452101e-01
7.762484406580765217e-01
7.772159056234078101e-01
7.781589930908064945e-01
7.789876902761663224e-01
7.800048175867041467e-01
7.812121268174665456e-01
7.817917760242438785e-01
7.824040061418210401e-01
7.833120006541087754e-01
7.842196595782158219e-01
7.850495508459530702e-01
7.857821415069998761e-01
7.869069562748077784e-01
7.873961755757528103e-01
7.882258139910518491e-01
7.896743152312230007e-01
7.907620903672036849e-01
7.916049809592732300e-01
7.922188392324376327e-01
7.930439250255658656e-01
7.938371862753551556e-01
7.943492656015116449e-01
7.953082786430165640e-01
7.963826519967726059e-01
7.971525032010938761e-01
7.979199667576186705e-01
7.990885506982700059e-01
7.996402654194965098e-01
8.003442225870049942e-01
8.011111613962047517e-01
8.020434855577398547e-01
8.028331730850183368e-01
8.037707956057447145e-01
8.043795040953327646e-01
8.051806509049148630e-01
8.060401232960779927e-01
8.065052384974822353e-01
8.075139252264779133e-01
8.085079740030348683e-01
8.094312032554925596e-01
8.097508335282465053e-01
8.105530103676062970e-01
8.110428417193523698e-01
8.120995701493552987e-01
8.131519876538690905e-01
8.138881279437286675e-01
8.147496740680841842e-01
8.150112933522339898e-01
8.160088235478787366e-01
8.169940795281669388e-01
8.175578317436072995e-01
8.181051106077569246e-01
8.186918506596508882e-01
8.192641507113102017e-01
8.199126122062720956e-01
8.207792239162088332e-01
8.215868477332424202e-01
8.224120032656385693e-01
8.234009634595256255e-01
8.240915202001503070e-01
8.246024340747046821e-01
8.254387700849212806e-01
8.266644850239288633e-01
8.275879632230576100e-01
8.278705189495098038e-01
8.281316014382857915e-01
8.280861711908171774e-01
8.283108056289834042e-01
8.276598245062248838e-01
8.288046620551469124e-01
8.315416116011461467e-01
8.344313515845018792e-01
8.367401794952985528e-01
8.380161998506724386e-01
8.365080359326504400e-01
8.339739005722118792e-01
8.320991716682654138e-01
8.314420896424552510e-01
8.330519994699571162e-01
8.366835308146437500e-01
