1.106330503863201149e-02
9.078225127160343549e-03
8.591825151771681143e-03
9.081266218347282260e-03
9.356854118367490675e-03
9.277539809517388464e-03
8.724467012410433431e-03
8.492799578707219826e-03
8.287856403183614662e-03
8.593868830088642954e-03
9.151789600149588463e-03
8.206868772334159276e-03
8.962753053641943704e-03
1.073907222895443235e-02
1.055584409448245310e-02
1.251085245609345926e-02
1.434815498519526750e-02
1.233565986539663338e-02
1.256614354654339051e-02
1.453615218495751815e-02
1.592362929937699359e-02
1.774848974565463797e-02
2.051436741208606876e-02
2.390067864814920603e-02
2.076992863503621112e-02
2.313278048761715361e-02
2.826491035004613864e-02
2.767777309854692336e-02
3.314479613686091564e-02
3.425563148052702955e-02
3.610294613082162818e-02
3.549158561526643413e-02
3.914512429181876696e-02
3.932110775179079032e-02
4.645641467287491694e-02
4.936095796593718138e-02
5.087901711741097538e-02
5.595779071093086310e-02
5.831013580380917799e-02
5.709216093146246562e-02
6.306707206070584493e-02
6.458469423118179398e-02
6.667034025208991299e-02
6.916076973686198504e-02
7.026839702771087159e-02
7.409763535586691430e-02
7.615462097789495177e-02
7.998418297338384664e-02
8.418079460224379973e-02
8.846892555162633176e-02
8.912522879652252927e-02
9.282565019883620705e-02
9.782301018709983753e-02
9.717941967421493688e-02
9.949071486694247013e-02
1.057817384179209480e-01
1.099734859809014809e-01
1.145410171967103652e-01
1.167359208927711278e-01
1.167744864080544204e-01
1.205872626008329118e-01
1.227422072817482140e-01
1.275793351796996600e-01
1.300314328129810737e-01
1.323504674540189607e-01
1.378917018456418397e-01
1.398431286400496909e-01
1.403789067327040896e-01
1.444025786932056354e-01
1.477093349029130753e-01
1.503671438905024027e-01
1.566921518752528997e-01
1.588742638971298582e-01
1.592428246138552772e-01
1.660390088061623748e-01
1.677508854958799922e-01
1.714666154998679137e-01
1.740832392401964746e-01
1.744991332949691887e-01
1.795420902335553848e-01
1.841290661315356236e-01
1.869753107447662543e-01
1.910525507670998990e-01
1.965240318223889504e-01
1.967924811671621366e-01
1.989630676860146274e-01
2.032254245002654836e-01
2.062935330852213867e-01
2.109418015134429392e-01
2.117786326542047681e-01
2.144313801758171989e-01
2.196174460167956977e-01
2.229152143787465623e-01
2.244167945680948795e-01
2.277105396100549684e-01
2.323748240966313494e-01
2.340041527968072244e-01
2.391552146125639211e-01
2.401209697956084022e-01
2.444452372498215065e-01
2.466573273402553612e-01
2.510926921591387639e-01
2.526480854387794239e-01
2.578586563663290421e-01
2.595894041413515096e-01
2.600935749282403120e-01
2.656456064504186809e-01
2.673952094937821489e-01
2.712081715278049088e-01
2.733613278489429033e-01
2.764322151412975104e-01
2.791556900707359290e-01
2.817960132691819664e-01
2.861256049089748732e-01
2.903407576185260131e-01
2.905810139499880318e-01
2.942958178495221344e-01
2.993838573601870223e-01
3.021074118051852997e-01
3.034149983225604696e-01
3.065817437322625461e-01
3.088884082189640168e-01
3.116181379401609663e-01
3.136192987098322948e-01
3.185506201663984016e-01
3.225994437727952580e-01
3.248052744144042103e-01
3.261442612809230535e-01
3.296880221743883621e-01
3.335670271653336516e-01
3.347078726100496948e-01
3.380697832713928097e-01
3.418506755750774784e-01
3.434789261436175245e-01
3.449753793235721400e-01
3.497129585000142704e-01
3.533797131542646408e-01
3.555577952420612142e-01
3.581370722639908299e-01
3.602100781374096283e-01
3.637720956241126680e-01
3.658962675176700152e-01
3.691573388376752085e-01
3.725622608701806282e-01
3.747669850523232538e-01
3.777807899114747348e-01
3.798896636039291730e-01
3.828763918718222081e-01
3.864306913441562519e-01
3.887312208179127260e-01
3.902072359136996571e-01
3.931745988563932759e-01
3.956452537980107431e-01
3.981528930890894658e-01
4.016238347921073371e-01
4.044759859370991029e-01
4.055296489655135783e-01
4.084013912476042729e-01
4.137726797426310998e-01
4.150097880314677079e-01
4.182332450681879865e-01
4.202475470921867018e-01
4.223893145362480062e-01
4.250307064255978151e-01
4.275303005092914721e-01
4.309132171880696860e-01
4.336174721160264145e-01
4.356710542209967230e-01
4.373410755917390147e-01
4.399082531231032211e-01
4.434201039477186357e-01
4.471676476003053069e-01
4.487194514893684261e-01
4.514663493342181977e-01
4.536045667458544206e-01
4.558689644550476538e-01
4.584043470807738219e-01
4.603205689767499997e-01
4.626316455583772691e-01
4.651728895054785817e-01
4.666709587214367683e-01
4.692767068469499425e-01
4.728856812747713190e-01
4.752881764582408963e-01
4.768674233184287403e-01
4.795951960570859485e-01
4.822815949315631956e-01
4.847227103571626339e-01
4.874256323991901230e-01
4.886110346433458207e-01
4.919534371895155633e-01
4.929991107173951059e-01
4.959192782562699131e-01
4.990139381969621590e-01
5.004511217599958428e-01
5.034845395593164907e-01
5.051651109347803370e-01
5.081532186509244431e-01
5.103469681765491206e-01
5.128067153299500358e-01
5.149130708191399508e-01
5.159044127571461580e-01
5.188574911512343624e-01
5.214845491600645921e-01
5.229261403728340252e-01
5.255385752145190770e-01
5.285493891782487852e-01
5.300582283968922059e-01
5.323524650748384657e-01
5.345201654779085931e-01
5.370567540368020865e-01
5.377834416430653519e-01
5.400962721111299825e-01
5.435330598247375411e-01
5.446861771276064745e-01
5.470513968655805748e-01
5.495584564106557046e-01
5.512676452568419094e-01
5.532395177988785884e-01
5.559346738606585347e-01
5.586336160761878888e-01
5.602904758954081466e-01
5.621726839024215883e-01
5.638917138383940930e-01
5.671449340029586228e-01
5.681775445254725332e-01
5.708667015944560719e-01
5.730343534515595083e-01
5.750831603073340847e-01
5.766194647076299251e-01
5.784986369428549713e-01
5.807117417027160000e-01
5.824018906323626954e-01
5.850743639817416186e-01
5.871383896075882403e-01
5.878126655284553470e-01
5.898090627235949013e-01
5.924748229653229448e-01
5.948766910387002227e-01
5.968628611468111966e-01
5.984252380586879694e-01
6.000446311687219758e-01
6.020656374979581615e-01
6.045022753931044157e-01
6.064530054054038111e-01
6.081617639460842328e-01
6.104715411713432793e-01
6.122757053613968603e-01
6.137946366529866138e-01
6.160217299173600392e-01
6.174719436321908228e-01
6.192586846362431174e-01
6.208757485154048350e-01
6.229312753384597112e-01
6.253632604017570484e-01
6.272002782745227378e-01
6.291515794539744855e-01
6.306697157330346526e-01
6.318471865100743212e-01
6.341550811701800461e-01
6.359402127737944221e-01
6.378685507340222660e-01
6.395238456878531430e-01
6.415913318338162252e-01
6.432121353449542500e-01
6.452090607000127154e-01
6.472139624544633874e-01
6.488490795428352165e-01
6.505335989952432119e-01
6.523542616300405106e-01
6.544368572225681691e-01
6.565249388244811524e-01
6.580538684049411779e-01
6.594481352054840650e-01
6.604185083855118599e-01
6.626745831165795630e-01
6.646433589118606600e-01
6.665815365333390696e-01
6.685590204322289232e-01
6.691868477924528547e-01
6.711362329118967240e-01
6.735626135499680478e-01
6.757813754837124209e-01
6.762314223483314457e-01
6.771683103563082007e-01
6.795807134575305719e-01
6.817858689357955138e-01
6.832000751177068620e-01
6.850207412594256917e-01
6.863440858055074312e-01
6.882686471028995889e-01
6.896327817881094946e-01
6.914728295039946904e-01
6.937476250324396965e-01
6.945218289719886640e-01
6.955980880238378239e-01
6.974903976507843550e-01
6.994687222161934947e-01
7.007392015831642729e-01
7.024285166591696106e-01
7.044962972859862838e-01
7.059974858113262641e-01
7.073060738531719016e-01
7.092757439971222322e-01
7.107798922660971686e-01
7.119715263385043569e-01
7.132963968997921844e-01
7.145456912913455971e-01
7.160872122688243246e-01
7.174932947277948836e-01
7.189911949714807848e-01
7.210769781840883352e-01
7.220515028599308049e-01
7.237932568666960442e-01
7.252504809285479359e-01
7.269328163904289486e-01
7.289838044660905680e-01
7.307245418006717008e-01
7.319735252286663219e-01
7.329723717477437672e-01
7.347205750524565815e-01
7.358088971286070867e-01
7.378621148266563123e-01
7.391782471157756218e-01
7.404849232776058443e-01
7.418665620319790932e-01
7.435626373035668646e-01
7.450637797181645094e-01
7.458539471311230740e-01
7.469916801322921129e-01
7.491693116563896693e-01
7.504381517726166351e-01
7.516420992405652424e-01
7.524124910656064813e-01
7.545253549447354935e-01
7.561138871009545070e-01
7.571383216570717334e-01
7.582187918446783303e-01
7.595776873160915432e-01
7.605387921304277432e-01
7.624123041591071015e-01
7.637751752350139256e-01
7.646274455022269434e-01
7.666728593302891692e-01
7.676463581248123003e-01
7.689035698392744367e-01
7.697359740154356977e-01
7.715108770206531297e-01
7.725150598985572881e-01
7.744415071560288855e-01
7.755069255238976611e-01
7.767158827178597402e-01
7.782982033311669490e-01
7.794226291593939759e-01
7.809201410721330339e-01
7.818055364697236165e-01
7.833590385878399509e-01
7.845544420938571628e-01
7.856147473573080742e-01
7.865411602440847139e-01
7.877826624122201693e-01
7.895315517302675667e-01
7.904783256218261833e-01
7.919706831302423256e-01
7.932553421121734116e-01
7.946705948778703954e-01
7.953628269876992229e-01
7.968064825400350548e-01
7.978652961999906923e-01
7.988592283661952731e-01
8.003764283903447296e-01
8.017320954454092430e-01
8.029573734784091199e-01
8.039282069769768668e-01
8.053407703974799769e-01
8.061922246430828221e-01
8.071859727443161381e-01
8.088015608495353614e-01
8.098302915743704755e-01
8.110010893809959098e-01
8.124512925424606236e-01
8.134710797745934308e-01
8.146652757983219306e-01
8.159258873312466021e-01
8.164634034413750241e-01
8.183145400420006599e-01
8.196135272886297951e-01
8.203950362533132257e-01
8.217576181116629241e-01
8.230241976150328709e-01
8.238081140566810845e-01
8.246104732082386590e-01
8.259078168875028103e-01
8.276006194066325428e-01
8.284767005068204293e-01
8.292000278667557289e-01
8.304613848363477935e-01
8.317180669787238578e-01
8.327277143050144659e-01
8.337149986143472802e-01
8.346758212304503655e-01
8.358296384045614813e-01
8.367829967823170456e-01
8.376746876654052043e-01
8.389200158512875038e-01
8.397752782619114509e-01
8.407282738169660208e-01
8.419148747630277319e-01
8.432989289407918365e-01
8.446521289633990293e-01
8.453201228652492683e-01
8.463275430563809154e-01
8.474530371104571635e-01
8.486898923797531191e-01
8.497253670377499235e-01
8.504624912309067808e-01
8.518310543752487529e-01
8.527263765529220496e-01
8.530696531697476992e-01
8.540217605717765892e-01
8.557402625468846225e-01
8.565743648207509997e-01
8.577913407712126626e-01
8.584697958111082716e-01
8.589760874437515348e-01
8.606989705326086870e-01
8.610835482412347863e-01
8.621201140002385799e-01
8.636171471433631286e-01
8.646617553487306873e-01
8.652636039494739917e-01
8.662551798571321848e-01
8.674819939436639871e-01
8.683540565836217473e-01
8.694499935192910867e-01
8.702867246909317123e-01
8.711768700746048699e-01
8.725245622350703556e-01
8.732940605059711370e-01
8.737942512588351418e-01
8.745388235867024296e-01
8.757240722799337629e-01
8.765058417999815887e-01
8.773966508130770503e-01
8.785262252551866435e-01
8.791353580851791749e-01
8.804501354716808281e-01
8.809962400953204043e-01
8.818595470284708027e-01
8.830166340323526430e-01
8.836585819511774131e-01
8.848174695543734591e-01
8.858434587766048640e-01
8.868244136718071990e-01
8.875582233645008534e-01
8.881567895093553933e-01
8.891247555648174039e-01
8.898097933837596507e-01
8.908536547318074428e-01
8.919291484043391227e-01
8.926720402689896083e-01
8.939357782224854887e-01
8.944546450721593267e-01
8.949658628519620018e-01
8.958887525211541858e-01
8.965698132373922657e-01
8.976350669273590599e-01
8.988655205400859494e-01
8.995666479857892250e-01
9.004288056353522141e-01
9.011115211347286991e-01
9.015544247105221620e-01
9.029182206235578656e-01
9.035882013138853974e-01
9.042967178515106674e-01
9.046869479169550310e-01
9.058585417958449071e-01
9.067035956784721407e-01
9.078031137603658207e-01
9.084856017593209154e-01
9.091744022694209226e-01
9.107157092640720819e-01
9.109864082213302572e-01
9.119595875505691618e-01
9.124153517951431036e-01
9.125430663822045041e-01
9.140099121721482200e-01
9.144636646669423996e-01
9.153505363857183941e-01
9.159653454434095732e-01
9.169503490383853483e-01
9.181875642789808500e-01
9.191200923107798459e-01
9.194605322519237012e-01
9.204729412080370210e-01
9.217112901768794719e-01
9.221748955800657122e-01
9.231249036728611523e-01
9.232014143125411021e-01
9.227631129858058223e-01
9.228534681780529159e-01
9.237431902072829049e-01
9.255925732796056460e-01
9.284051161574544686e-01
9.308130956373493747e-01
9.318362020529281642e-01
9.310612566281133429e-01
9.292807411141216223e-01
9.277447975903393429e-01
9.273918389859797662e-01
9.291201664308351704e-01
9.321867664404218656e-01
