1.954211172053311671e-02
1.745774007486275425e-02
1.691487680097631882e-02
1.682240249352392678e-02
1.618537927575727092e-02
1.580163579496914744e-02
1.433544424902031926e-02
1.380722034534151606e-02
1.375888664624231456e-02
1.446498990873718200e-02
1.573607154259152804e-02
1.390065446773957290e-02
1.513077524819847995e-02
1.811577863295755000e-02
1.751873178552298613e-02
2.064456054447667138e-02
2.368316691473662874e-02
2.082703027631947063e-02
2.128935734647242548e-02
2.459951093949609702e-02
2.732767065399302822e-02
2.980994695846747589e-02
3.473184307000754673e-02
3.890542651635672117e-02
3.480648218535049854e-02
3.852254448509914719e-02
4.555526937684153260e-02
4.634249028121369823e-02
5.422762097892333544e-02
5.515929256078095505e-02
5.851847245221753618e-02
6.014940418135502481e-02
6.527721788718997276e-02
6.458363555093342423e-02
7.254695748310707737e-02
7.759296989880659634e-02
8.192657233870299927e-02
8.781930135621345002e-02
9.028912276749041788e-02
9.086784356304189458e-02
9.782401812952772058e-02
1.006505117457343335e-01
1.044657147282787579e-01
1.080869620874803372e-01
1.108456380045323847e-01
1.169293371027640693e-01
1.212953405382111716e-01
1.249601015635967149e-01
1.283396255591197077e-01
1.359939234390188101e-01
1.378655006717272868e-01
1.409602645656262143e-01
1.472139160969260785e-01
1.469675119480480519e-01
1.522269333475380348e-01
1.591123406670533758e-01
1.643254175369540382e-01
1.690552997312146366e-01
1.730728743359150057e-01
1.755798104792016812e-01
1.801333816370540852e-01
1.834346742679076603e-01
1.900610093044088622e-01
1.918735057517077236e-01
1.969711231631705306e-01
2.014520736500439169e-01
2.039088871554280424e-01
2.086036742014469314e-01
2.125976684234678060e-01
2.159763435128298770e-01
2.183646756846131243e-01
2.257441792575914929e-01
2.302355428821556693e-01
2.299125752136900736e-01
2.383448990805615564e-01
2.408681778078430591e-01
2.448153550869077155e-01
2.476994356015865539e-01
2.518834065228171548e-01
2.544574464701653826e-01
2.594395873524070195e-01
2.631922185723836183e-01
2.664143120732176406e-01
2.718100049713809141e-01
2.758949830387111279e-01
2.807902773764410220e-01
2.842573522601214431e-01
2.874468443695068487e-01
2.911108950295052122e-01
2.940880398275108054e-01
2.985722662103130753e-01
3.030935974353231588e-01
3.063339549912837412e-01
3.094513832998782576e-01
3.132510079342428755e-01
3.156291254904204369e-01
3.190775188860183187e-01
3.232893806852264462e-01
3.259200805981156135e-01
3.311072715043001380e-01
3.369993170264783955e-01
3.384860535995425357e-01
3.427613397299050790e-01
3.454209737154106952e-01
3.492621126500887185e-01
3.506289405197003939e-01
3.548663739227960190e-01
3.592622462617620083e-01
3.635636179524939227e-01
3.667656474500715080e-01
3.683713821995889259e-01
3.716472469004912238e-01
3.749767237216884985e-01
3.789879226807790769e-01
3.811498442106528994e-01
3.845377827330703768e-01
3.897097495846877924e-01
3.918975089731254191e-01
3.947526036384529924e-01
3.978474137230305074e-01
4.006767921782488084e-01
4.037609299311322730e-01
4.097841792290092267e-01
4.113075118972047139e-01
4.132671310164500733e-01
4.169789817071306026e-01
4.194708794871044866e-01
4.228021594968586760e-01
4.267988297552186561e-01
4.286929313867934854e-01
4.328710788496939466e-01
4.353059606729227093e-01
4.368597109655431021e-01
4.409293572890174984e-01
4.431573803895593744e-01
4.474686014257843181e-01
4.493902859340691003e-01
4.521446517230233164e-01
4.552401535672803701e-01
4.579959097495908127e-01
4.605402867676576806e-01
4.635649300517391547e-01
4.662312643533567114e-01
4.699429547684434993e-01
4.717405910666839230e-01
4.745133807434644413e-01
4.772853629322649227e-01
4.795617908141529551e-01
4.819580506885061677e-01
4.851203211919281055e-01
4.878864152166869639e-01
4.899813589425981997e-01
4.936062962203148774e-01
4.955355101190715983e-01
4.981522616797808278e-01
5.005106983753468963e-01
5.031957897114771594e-01
5.056377229841861887e-01
5.083865746815009468e-01
5.111688671553938912e-01
5.133925568004351625e-01
5.164665052822562386e-01
5.183200344098586321e-01
5.201812427585675858e-01
5.223055335726289883e-01
5.243257490204263904e-01
5.279920672398659143e-01
5.304289251338520916e-01
5.332976655076652195e-01
5.351549124652936751e-01
5.370473389536756237e-01
5.385936444129399980e-01
5.423353610274864733e-01
5.442413300876183246e-01
5.463318583557809083e-01
5.487651956508325934e-01
5.505332533285707264e-01
5.532851025195095751e-01
5.558197626613966547e-01
5.582146058301628022e-01
5.600033014980742019e-01
5.618042736591040143e-01
5.642833816566430460e-01
5.667342801457782020e-01
5.684629787008583790e-01
5.708208510922916368e-01
5.722946672282345215e-01
5.749065650667234406e-01
5.772937842559427990e-01
5.790354987185982738e-01
5.810865377015348443e-01
5.836841944976602914e-01
5.854129156248790711e-01
5.880693271675140332e-01
5.898204900192667299e-01
5.912359908410114162e-01
5.939328969294456195e-01
5.953155753910600589e-01
5.972408848876769039e-01
5.986738023664721631e-01
6.010944524566946834e-01
6.035336741152594886e-01
6.045912495804418585e-01
6.069070858189121731e-01
6.084134686394886415e-01
6.112476612839654599e-01
6.128894172520874539e-01
6.155192697683617986e-01
6.169392469243327737e-01
6.189073312688492257e-01
6.199364050856577268e-01
6.221854012919363353e-01
6.242036485572277638e-01
6.257816857723841331e-01
6.275852570258839691e-01
6.293206272095194231e-01
6.311871386545234719e-01
6.332884749883790354e-01
6.349402236967223168e-01
6.363709526811662798e-01
6.368558333211519207e-01
6.395972706267446517e-01
6.421176106949215701e-01
6.425280764509103681e-01
6.449314381892108372e-01
6.465364189753212143e-01
6.473872873075766643e-01
6.494116859785727947e-01
6.516719743336797377e-01
6.529970046297435271e-01
6.548682620934603849e-01
6.562629910088637608e-01
6.582870966648103339e-01
6.595906414687461305e-01
6.613410809985487138e-01
6.626462077001022966e-01
6.635036699108404212e-01
6.657350931443578590e-01
6.677970394337223725e-01
6.691847303381532885e-01
6.702849427425742190e-01
6.718550186249886425e-01
6.740016767065264425e-01
6.758090138944132796e-01
6.765432189716942268e-01
6.783364656087571554e-01
6.801270616057305540e-01
6.809299016451013653e-01
6.834068030750758416e-01
6.841967688390400149e-01
6.855836944381321629e-01
6.879738024011038400e-01
6.892688734274154960e-01
6.900789075013337159e-01
6.920999937841862959e-01
6.934779878620760396e-01
6.945684285799270663e-01
6.959604630670238601e-01
6.970281487400061815e-01
6.992393867628734494e-01
7.005163999732029190e-01
7.018810204298437938e-01
7.032849658614381827e-01
7.046106237026574792e-01
7.058915722377738788e-01
7.071015104524878137e-01
7.087867520427706403e-01
7.097871490299395569e-01
7.115634099464290818e-01
7.129737594605444206e-01
7.138722040682830006e-01
7.159186167041133864e-01
7.162007440681819048e-01
7.181882282651449456e-01
7.196092921921991570e-01
7.208130276372284317e-01
7.223501121029777261e-01
7.234067448564139857e-01
7.247620505263312474e-01
7.255800635769085183e-01
7.267556647283742732e-01
7.279998075253317769e-01
7.294247387757443191e-01
7.305797114863069597e-01
7.319073565175783225e-01
7.330854578037989677e-01
7.348633056117204188e-01
7.354326032804141544e-01
7.366029693168263393e-01
7.376904344730160767e-01
7.387498321747949515e-01
7.399926537900408663e-01
7.412878714055933793e-01
7.426692258630701593e-01
7.437460503309288873e-01
7.447468748153682760e-01
7.459269820467959722e-01
7.470922524219212324e-01
7.481609220349099143e-01
7.491383731881288144e-01
7.512772222093719865e-01
7.514023612784386241e-01
7.525012038863563291e-01
7.542550655183145603e-01
7.556921110145745635e-01
7.568959748729013892e-01
7.576300929922559213e-01
7.584915871583703950e-01
7.598697253921775641e-01
7.608911724596452153e-01
7.617706276521460929e-01
7.627606262313537666e-01
7.641118858019412263e-01
7.645996380134768566e-01
7.658753996234692885e-01
7.669447459234192133e-01
7.681025411819859539e-01
7.689855001551975100e-01
7.698694043932499120e-01
7.708307483219750678e-01
7.722684331533270496e-01
7.735245095338953991e-01
7.745537204947545717e-01
7.754169993075508138e-01
7.761579671569472927e-01
7.776021586256802731e-01
7.783344722859909526e-01
7.795644160284398438e-01
7.804326738432797450e-01
7.811284788063196372e-01
7.824031319446591581e-01
7.832361509688438028e-01
7.843619033237004823e-01
7.855214538091708221e-01
7.863894103888208198e-01
7.871172704943297793e-01
7.884240050169813996e-01
7.891390694521781546e-01
7.901398572547377874e-01
7.911328984770793493e-01
7.920630858660965279e-01
7.931190052035710369e-01
7.935643133671618221e-01
7.945547561019506988e-01
7.956036578465418563e-01
7.968136379342984910e-01
7.977906288606504415e-01
7.984392176673111852e-01
7.996519328332150067e-01
8.005128083933799044e-01
8.012422047205736142e-01
8.019985857566308551e-01
8.031444087870518445e-01
8.037426340974619388e-01
8.047476090447311936e-01
8.063123558130625979e-01
8.069230069713343445e-01
8.073071676630085847e-01
8.085323204534202723e-01
8.089652106509765961e-01
8.102558504396497607e-01
8.109431886387820088e-01
8.118281902286582641e-01
8.125297577276038297e-01
8.133082466742770356e-01
8.142229417978383843e-01
8.149083679161499560e-01
8.162579433560591680e-01
8.166019887307344183e-01
8.174648963395116930e-01
8.185105967973023144e-01
8.196182545498110761e-01
8.195214697508815815e-01
8.210001589866614546e-01
8.219316792926600890e-01
8.224439481089256265e-01
8.231856590270127949e-01
8.240673214262480561e-01
8.245276231727578509e-01
8.254464729021654401e-01
8.266758546974615207e-01
8.274335255165959913e-01
8.279595618524517864e-01
8.284516280039126990e-01
8.299466708301196372e-01
8.308932201320621269e-01
8.314921742464914667e-01
8.319421280647312233e-01
8.328444206352436652e-01
8.340790067456080870e-01
8.343273965243530599e-01
8.351257407608312366e-01
8.361688672233775765e-01
8.363572098140630295e-01
8.371907500455790796e-01
8.382934389415983567e-01
8.390097940406923138e-01
8.389159789699750513e-01
8.402470950489341339e-01
8.415160594101915859e-01
8.419491318534761959e-01
8.421940005420761599e-01
8.432262022371075361e-01
8.438799842822004571e-01
8.446104783813660477e-01
8.452506352699709069e-01
8.459057608686935126e-01
8.461397613908623327e-01
8.473172684215835027e-01
8.482589985041576464e-01
8.490978080424926855e-01
8.495609726205596290e-01
8.497121165646973617e-01
8.509632773540631856e-01
8.515686305047839300e-01
8.524419654835255766e-01
8.533589525807078191e-01
8.538272261643051753e-01
8.546723948895845746e-01
8.551241144200403266e-01
8.560533759342789928e-01
8.566180273542692847e-01
8.569867775505088936e-01
8.579259345555543259e-01
8.582529596076876599e-01
8.591315677341979651e-01
8.593127324778280229e-01
8.603172632271260944e-01
8.609745829227196667e-01
8.616298535571522699e-01
8.623021905275628507e-01
8.630977497863290271e-01
8.635461968768716190e-01
8.638267270874020465e-01
8.647277225908419629e-01
8.657695641980133194e-01
8.661764814249837130e-01
8.664642799858961464e-01
8.669634558296799298e-01
8.678922813242713197e-01
8.687518481048941421e-01
8.692862743893404742e-01
8.696906498454404222e-01
8.706305988152622799e-01
8.711089504165664410e-01
8.714198343884183018e-01
8.724130611850462458e-01
8.727162087267302804e-01
8.734299012255936079e-01
8.742798357922326735e-01
8.749215106796244257e-01
8.751685388925567466e-01
8.760443553904834202e-01
8.765668589447050962e-01
8.774252151042649661e-01
8.780520023525545392e-01
8.782414026532228135e-01
8.791336788268138136e-01
8.796479638899897813e-01
8.797816589925040454e-01
8.808281843485749052e-01
8.812339887471438704e-01
8.822280836012543759e-01
8.824583003407222570e-01
8.829976320911314680e-01
8.836495222606712829e-01
8.845052140549816144e-01
8.847207285120408660e-01
8.857805097691432428e-01
8.857707649991019005e-01
8.862824507045661271e-01
8.873097007215811072e-01
8.871217136572704387e-01
8.876927362621812589e-01
8.884997734748492082e-01
8.892297333706199458e-01
8.897480151178924768e-01
8.902817360878902964e-01
8.909076339856646376e-01
8.912329902740541154e-01
8.918596704365026051e-01
8.925661269547834342e-01
8.925807982780225025e-01
8.933873024408075514e-01
8.937153021831579780e-01
8.943636470438431907e-01
8.946005404226695656e-01
8.957198450511125731e-01
8.960993767719844794e-01
8.964775655522702058e-01
8.972208047143094278e-01
8.974239610996522787e-01
8.983013002005577619e-01
8.987600025930007064e-01
8.993381268468547685e-01
9.006006304845293187e-01
9.007579565165216851e-01
9.015089216147214035e-01
9.012778888022957569e-01
9.008704160524948490e-01
9.004345442614236639e-01
9.015899246956772251e-01
9.029957083073425483e-01
9.044450172642494179e-01
9.065075334640740889e-01
9.072996025671128395e-01
9.068996940518466721e-01
9.054771345566650087e-01
9.039560711757093081e-01
9.037328201264938077e-01
9.048699070365070485e-01
9.071785348452912068e-01
