1.518803045597119129e-02
1.320146501836944909e-02
1.270028332490787289e-02
1.288571499948347812e-02
1.270335286903715409e-02
1.247175642151800330e-02
1.147293352591781737e-02
1.110147212699224596e-02
1.098292391083615163e-02
1.147503386783519166e-02
1.239523143005599737e-02
1.102663444817473214e-02
1.200554007779363469e-02
1.437380405950005637e-02
1.396846879322028410e-02
1.653195363277020977e-02
1.897595141784868406e-02
1.644236893236188102e-02
1.679206835421491809e-02
1.947272499110362654e-02
2.150393288094130592e-02
2.374256535695531273e-02
2.758882542570806687e-02
3.153967720956296628e-02
2.772280360618080072e-02
3.078270656119377890e-02
3.705842495156386890e-02
3.699994512455821727e-02
4.390377190664154772e-02
4.493100009138256690e-02
4.759745006052460564e-02
4.788505552719191094e-02
5.241121244609830976e-02
5.204145360586026614e-02
6.009725813540571504e-02
6.406663267032723652e-02
6.689647212522829844e-02
7.267306365466287554e-02
7.508309126036702419e-02
7.465140632771836982e-02
8.146142003174039470e-02
8.361992951740854219e-02
8.650545083813715452e-02
8.976478185789947550e-02
9.179498987844501856e-02
9.643559095220140265e-02
9.945442300509857447e-02
1.036755294864183108e-01
1.075371639597141327e-01
1.137560840910224746e-01
1.150034939291125907e-01
1.184388878049048854e-01
1.241084478016022119e-01
1.235374434105561969e-01
1.274307877195810790e-01
1.348709291852914494e-01
1.395347208559148400e-01
1.441523594600842006e-01
1.472982796992489130e-01
1.483978380231394389e-01
1.528271888008978785e-01
1.555435047313009911e-01
1.620938522422304406e-01
1.631278420175242827e-01
1.678565146637162053e-01
1.735331679043416453e-01
1.745517161946660845e-01
1.773340251913490262e-01
1.818565509507764633e-01
1.850327947194474465e-01
1.873914039780900931e-01
1.943374535916200241e-01
1.979118301905516131e-01
1.981357848475465422e-01
2.057617598681616700e-01
2.082725655792158348e-01
2.124444265143282939e-01
2.146623365695251584e-01
2.168232783739053038e-01
2.209786001319054005e-01
2.257829924304231017e-01
2.292417048634535770e-01
2.333382304050219680e-01
2.387186062612772497e-01
2.409522524523549092e-01
2.453056121402299450e-01
2.489580058237955418e-01
2.518386546959707206e-01
2.559029637507659327e-01
2.585827152816087549e-01
2.622754579459637414e-01
2.672230297276471100e-01
2.714766573320472332e-01
2.727602494199983796e-01
2.766851062755645296e-01
2.803361415425910663e-01
2.821461024063636192e-01
2.872553846391567856e-01
2.900800828726480263e-01
2.948291786922226376e-01
2.992572654946983879e-01
3.014272349554322772e-01
3.041460718084806891e-01
3.091587115280731712e-01
3.122980861517274387e-01
3.133209860226490728e-01
3.172481898596172245e-01
3.214374097530321439e-01
3.249873785298409978e-01
3.282401232036648575e-01
3.304365704440579976e-01
3.334969341886641625e-01
3.367588699396565355e-01
3.405076804456796946e-01
3.448593041351248334e-01
3.470751059227287771e-01
3.508469336259796845e-01
3.546858583478001425e-01
3.575884983202572420e-01
3.601852598146197959e-01
3.631443335621522550e-01
3.656243754928438783e-01
3.700812899931439359e-01
3.717495114026636571e-01
3.754561296312747265e-01
3.793338474268111438e-01
3.818526186353583540e-01
3.843126072849374908e-01
3.881293910518853196e-01
3.916319471078862913e-01
3.943923117907485176e-01
3.972851012082089239e-01
3.999115018844544567e-01
4.030739009646614468e-01
4.053920212468433149e-01
4.084294525994477953e-01
4.118067284554187690e-01
4.149129023623230883e-01
4.171764471806140850e-01
4.204968256491004031e-01
4.234455375629202489e-01
4.259426157519269895e-01
4.292229381144145872e-01
4.325669734123815946e-01
4.348419006927565778e-01
4.386781280534317040e-01
4.405677849071892860e-01
4.426212732222960522e-01
4.459003933517968754e-01
4.487413318987554800e-01
4.503852757866688150e-01
4.535407046424706490e-01
4.567079701371137834e-01
4.601003121984766353e-01
4.619528222407653373e-01
4.646621832419727816e-01
4.666181472952475873e-01
4.693380053372618321e-01
4.740317197972829244e-01
4.758265870193721936e-01
4.786524489113220815e-01
4.809453146484261032e-01
4.827673077245279165e-01
4.851445514338321163e-01
4.869155883028600806e-01
4.905484742407323906e-01
4.943250001987333775e-01
4.964714297296485834e-01
4.987784150232688063e-01
5.013441101624634966e-01
5.041099064173704125e-01
5.063380472711703773e-01
5.091974384310195001e-01
5.114796054833344874e-01
5.141621681176520298e-01
5.165058427277706699e-01
5.190409592854231535e-01
5.216312499199413644e-01
5.238779016396414301e-01
5.266246802281215889e-01
5.281917303895635740e-01
5.302306800723090019e-01
5.331694778620945652e-01
5.352756175920234671e-01
5.376280039342788974e-01
5.398115884657811447e-01
5.424017696063712091e-01
5.443741790514332601e-01
5.471533533364738577e-01
5.485144035443503263e-01
5.517025476895593972e-01
5.541017708014213117e-01
5.554153767901139904e-01
5.582033439184315160e-01
5.605271360056705010e-01
5.622262508485050825e-01
5.651714789293973418e-01
5.664632737315509203e-01
5.697453824686917745e-01
5.708412346587862229e-01
5.739300415933082933e-01
5.758599569245189675e-01
5.773039254080800653e-01
5.800572277845926772e-01
5.820266589382184774e-01
5.840429643418584282e-01
5.871664880512205142e-01
5.898593501427549235e-01
5.904669240968608568e-01
5.919623086869409967e-01
5.950474481872783938e-01
5.962374446819594942e-01
5.988669294362832796e-01
6.002044490423447121e-01
6.029266821613511462e-01
6.054226688627191155e-01
6.069397156684884775e-01
6.089848949127276700e-01
6.112281615948933489e-01
6.122762912400417923e-01
6.145626715197127776e-01
6.169454070780090449e-01
6.181056539159390795e-01
6.202338813121782701e-01
6.219296966503446988e-01
6.237161838398554981e-01
6.254776503085589523e-01
6.280590666567475999e-01
6.303929052129910726e-01
6.324531936253519060e-01
6.340071489655926262e-01
6.354670144204053184e-01
6.375715551414328219e-01
6.391453446215364931e-01
6.411266516297571272e-01
6.431254822164801377e-01
6.447037569385491995e-01
6.462902918305435396e-01
6.487930148762423022e-01
6.506738322190455115e-01
6.509536667825023271e-01
6.541568061552485158e-01
6.559053844316625748e-01
6.564956441970321022e-01
6.583741715837376773e-01
6.602831271333858831e-01
6.623855177117943249e-01
6.642736161900890668e-01
6.656619297341535013e-01
6.678042042465912598e-01
6.691699578481205002e-01
6.708979399107856123e-01
6.724199626496334403e-01
6.737503559669539843e-01
6.752715579264365608e-01
6.777277117182923805e-01
6.787136405756121205e-01
6.811933850736738849e-01
6.820025340272966030e-01
6.838228933949166422e-01
6.852645580103466916e-01
6.869955667325939874e-01
6.888773286122179540e-01
6.909744083207765009e-01
6.910171496552459658e-01
6.931153496238383616e-01
6.957917493603494874e-01
6.965984614318813106e-01
6.979350289542151087e-01
6.999610077868584357e-01
7.015610456579678411e-01
7.032649002507253000e-01
7.046306096757075643e-01
7.056498843307827951e-01
7.067750923020761356e-01
7.091788595583785604e-01
7.111103184617839634e-01
7.118105445735547487e-01
7.131101794681465877e-01
7.150287906011612016e-01
7.168554679817282782e-01
7.178840632110348174e-01
7.188768482305646357e-01
7.207498223200338172e-01
7.221704983897362373e-01
7.238091585992543209e-01
7.248018823451038983e-01
7.262440144414186172e-01
7.277174138018370764e-01
7.293738610413315060e-01
7.298943489083241642e-01
7.318045324224021764e-01
7.333406514844061919e-01
7.348003439809527304e-01
7.354126098326251304e-01
7.370073689442273590e-01
7.386689868545094351e-01
7.400847483374984881e-01
7.411505387924883781e-01
7.420643264876486400e-01
7.446995405004658286e-01
7.457236833466641679e-01
7.465799059475434207e-01
7.480132228471824130e-01
7.491938423418418314e-01
7.503592837022858841e-01
7.520606107723848410e-01
7.530741342993342302e-01
7.542620086834769255e-01
7.557269080338443468e-01
7.570356521598295974e-01
7.585346434180354480e-01
7.600330250020475020e-01
7.607518935352658440e-01
7.621022005936203270e-01
7.636323157899469471e-01
7.648365845445461719e-01
7.663960639473275105e-01
7.669372499627271633e-01
7.684809011705654447e-01
7.693447398163749673e-01
7.707333696175041604e-01
7.721842010235606679e-01
7.725880061511625208e-01
7.743541821039673367e-01
7.755139790032963276e-01
7.764324016066294076e-01
7.780918685052479189e-01
7.794082700503685013e-01
7.803892803438852166e-01
7.811471075671218012e-01
7.822740194080267662e-01
7.833078533338629912e-01
7.847172749376185585e-01
7.855443772960636339e-01
7.870511342129463683e-01
7.879213825582636055e-01
7.895587989412983232e-01
7.902396397751472179e-01
7.908664471357174097e-01
7.926667427053100123e-01
7.935614693446693124e-01
7.947243602596653078e-01
7.959762274837131057e-01
7.971352721786505446e-01
7.977089673263418890e-01
7.986735392823104407e-01
8.003706514398852834e-01
8.012282877479964815e-01
8.019980645318224299e-01
8.029830135471435204e-01
8.044025161255405898e-01
8.059087286107504688e-01
8.068886686600145186e-01
8.076063054617671488e-01
8.085926753176755355e-01
8.099116745422798580e-01
8.106650202933310956e-01
8.111472601287000872e-01
8.121619359914983294e-01
8.135770106198062512e-01
8.143630350624044834e-01
8.151803355205866630e-01
8.165917655447665346e-01
8.178407188540640638e-01
8.186925609414033023e-01
8.200686616620102010e-01
8.202587151148930111e-01
8.215710212830290571e-01
8.223189771269889814e-01
8.230781087628932235e-01
8.244399723960242898e-01
8.256146071199880199e-01
8.262872464674001494e-01
8.271252652060955279e-01
8.282721637930638980e-01
8.295495116735779328e-01
8.307232748443709180e-01
8.315504626683760669e-01
8.320536552435635613e-01
8.328522861764002805e-01
8.341608585788258257e-01
8.353300236267626744e-01
8.358807379844299668e-01
8.362930965345545253e-01
8.377155576168749951e-01
8.385033094000301501e-01
8.397811808331616668e-01
8.405793741849068024e-01
8.413379489967885982e-01
8.419176545316036098e-01
8.425479926356314042e-01
8.434870550282724810e-01
8.448602521766970241e-01
8.454260600450851371e-01
8.462810523809106700e-01
8.474065926963550988e-01
8.479469880202384902e-01
8.493600037533449720e-01
8.497373096085314437e-01
8.508704502451281959e-01
8.516590875801773874e-01
8.522231851922305035e-01
8.531879673881603843e-01
8.541651704214082708e-01
8.548843713003035916e-01
8.562294343685209475e-01
8.568911305846514948e-01
8.575648009534795335e-01
8.584124118926373948e-01
8.594672429894620880e-01
8.600335310105511333e-01
8.604627381465859148e-01
8.615307098314832768e-01
8.625128198879444819e-01
8.631354286082134619e-01
8.640123044615198866e-01
8.650082317182394842e-01
8.660316141572544923e-01
8.666741400352152569e-01
8.672442434139425727e-01
8.683658540212901844e-01
8.688303400405756882e-01
8.694525407629265512e-01
8.702443939085565683e-01
8.712062679271191934e-01
8.721606306742070158e-01
8.726464169190046860e-01
8.737414078625809211e-01
8.742982037710292920e-01
8.748295604081274268e-01
8.754012631690858415e-01
8.770101263799715552e-01
8.774194740331521247e-01
8.778396733892452897e-01
8.786782503247989595e-01
8.795641367255359055e-01
8.799133215517968010e-01
8.813132765275232261e-01
8.814006530234871351e-01
8.825634363027781149e-01
8.832219401173958540e-01
8.839423305316594925e-01
8.849190607173293976e-01
8.848936493776607959e-01
8.861378675079258915e-01
8.869855811405612522e-01
8.872279074461908444e-01
8.882600493573588052e-01
8.888007648223266166e-01
8.894877203124141873e-01
8.901529938708505618e-01
8.913942123598982414e-01
8.917509233000120439e-01
8.924836583963526859e-01
8.927383249503232365e-01
8.935862157679902440e-01
8.943699180441003760e-01
8.951006230714821932e-01
8.960016234818805048e-01
8.967821535332025640e-01
8.967846815593693011e-01
8.983048006560829801e-01
8.984259294914260785e-01
8.992221541010408936e-01
9.000383661905679844e-01
9.008305757688718218e-01
9.010469559844831444e-01
9.019158222480573306e-01
9.023805488513114703e-01
9.029641178115839217e-01
9.036100462923716270e-01
9.041870750739856577e-01
9.051320479659250573e-01
9.056426039364515734e-01
9.064705755577965318e-01
9.067245287747175420e-01
9.075925882577364767e-01
9.083625634161565099e-01
9.086346265947348178e-01
9.096195960149131565e-01
9.105656405845471424e-01
9.108087416234575961e-01
9.119232916843784675e-01
9.120116682471004488e-01
9.129009051499753502e-01
9.131076380196984088e-01
9.138508052700173856e-01
9.145429851295944212e-01
9.150084972001445438e-01
9.157870052398752181e-01
9.161657471242448114e-01
9.166457495785337306e-01
9.172208813948736772e-01
9.182436374757274589e-01
9.192038307031731303e-01
9.201427523915199913e-01
9.201492119389159674e-01
9.201473745400339244e-01
9.200395762992377158e-01
9.196356765471459527e-01
9.205032826777086452e-01
9.220352190898737366e-01
9.244575635111021983e-01
9.264422878246485471e-01
9.275762083833400951e-01
9.262065256879472575e-01
9.254908303521911517e-01
9.236251917056675920e-01
9.236351303978266314e-01
9.247538288319193667e-01
9.274177463324123627e-01
