7.103564828883490723e-01
7.095906127607872760e-01
7.094133911264044468e-01
7.097538423766163174e-01
7.100885602323532275e-01
7.101384299788306986e-01
7.101471947199144985e-01
7.101190664845756784e-01
7.099814884535983195e-01
7.099842128307253253e-01
7.099793247455131739e-01
7.098143523433083635e-01
7.099621332815424513e-01
7.102873951664702146e-01
7.103161130524413558e-01
7.106583587590736828e-01
7.109672543082613538e-01
7.105905014219108251e-01
7.105559389315756480e-01
7.108266729333763134e-01
7.109844413232876414e-01
7.112952613620415754e-01
7.117366307162963368e-01
7.123827168896724737e-01
7.118230652084226451e-01
7.122312490645199556e-01
7.131438895544671697e-01
7.128947006333018477e-01
7.138234445906483927e-01
7.140499362688957907e-01
7.142890053630510661e-01
7.140007862428329188e-01
7.146251207858247412e-01
7.148045201176306263e-01
7.161632581613592841e-01
7.165945480211513008e-01
7.166960421864230213e-01
7.176624666208989423e-01
7.181960373677956921e-01
7.177101360088093962e-01
7.188750837062682919e-01
7.190833584920823807e-01
7.193400856724746495e-01
7.196693557372764172e-01
7.197225220022370751e-01
7.206279886339602703e-01
7.210079319686033550e-01
7.216045848073813218e-01
7.224999325343963719e-01
7.230663533048775626e-01
7.230815020878353927e-01
7.240177458335245175e-01
7.249742806377800219e-01
7.248228795027015225e-01
7.250142562532407853e-01
7.257866284907780186e-01
7.267256739606309246e-01
7.281872293883683289e-01
7.282156055665983674e-01
7.276911912160884954e-01
7.287745074053809669e-01
7.289003772178387353e-01
7.297227694901217143e-01
7.305115952844293270e-01
7.306703578904573115e-01
7.310027709305925159e-01
7.325888526048849325e-01
7.322504314796772773e-01
7.331979625271904943e-01
7.333880256172770062e-01
7.342412059812148950e-01
7.356437608630445046e-01
7.355699024929864827e-01
7.357395060782628837e-01
7.371334565558180785e-01
7.370461596536468374e-01
7.380468152222544598e-01
7.384357442713418429e-01
7.385111089514194704e-01
7.401864138049387698e-01
7.411979956354975974e-01
7.407496397605787264e-01
7.418586482120963499e-01
7.434894435094611120e-01
7.425969959902409823e-01
7.424899978230068420e-01
7.433635115785512948e-01
7.439975103784152166e-01
7.452623919249274920e-01
7.448002492428510424e-01
7.452508064594883797e-01
7.468999726006911866e-01
7.474085655728360811e-01
7.478412374000873442e-01
7.486252215863576920e-01
7.497532528859686130e-01
7.492998770055833146e-01
7.508704382211830453e-01
7.506334954843083551e-01
7.513089791185659783e-01
7.521643543055875902e-01
7.530762435214626294e-01
7.531007583669339089e-01
7.536804336543991845e-01
7.538945986605013472e-01
7.550626334072549906e-01
7.557126479375491090e-01
7.558107787262295929e-01
7.571327819362891898e-01
7.568789118610966815e-01
7.574971642888955747e-01
7.577149011247008570e-01
7.581828659116741642e-01
7.592403435762049568e-01
7.603937467234367364e-01
7.600052792223738196e-01
7.607811168071109131e-01
7.617144198996119719e-01
7.618722596392671909e-01
7.623629967434495391e-01
7.637261079159028965e-01
7.636767616595604435e-01
7.641893978795117892e-01
7.650354442448147330e-01
7.658923126326655506e-01
7.663229718193307338e-01
7.671814400814949142e-01
7.673751824375623087e-01
7.680598615979954413e-01
7.684390532232876492e-01
7.687373188567098170e-01
7.699472870412589209e-01
7.700078326112266280e-01
7.703269022931773513e-01
7.708671289348031364e-01
7.720380125046635289e-01
7.720504065062959720e-01
7.728127669206166228e-01
7.743276095594221475e-01
7.740983690625528046e-01
7.746097330976633444e-01
7.756366237969509747e-01
7.758879563898672949e-01
7.765271796889102740e-01
7.768754598312587190e-01
7.771325560966292345e-01
7.780702405784830633e-01
7.786864873150796118e-01
7.798925856757915609e-01
7.795013779850566982e-01
7.800946688036229926e-01
7.799018813095809355e-01
7.809648668667203975e-01
7.815647218270557195e-01
7.814221264956167090e-01
7.829745621277253154e-01
7.830185045679065592e-01
7.836884327444404441e-01
7.839382028945454106e-01
7.846945789675691119e-01
7.850173771351989238e-01
7.856140251457953694e-01
7.863456771849147708e-01
7.869081958968409118e-01
7.880640779815561991e-01
7.879660881941507045e-01
7.879074761321673837e-01
7.886997112603439941e-01
7.894046568820743959e-01
7.896000856092106890e-01
7.904472311220576142e-01
7.912590247913403596e-01
7.913096857317861721e-01
7.918871989270457323e-01
7.925209881014422253e-01
7.928783748380285878e-01
7.933590984369600640e-01
7.939412338252597179e-01
7.939881454168896679e-01
7.946196818222904801e-01
7.952857997258255818e-01
7.955753989498736134e-01
7.963733756306250466e-01
7.972219582511884672e-01
7.974069685882050340e-01
7.976613247978208143e-01
7.978297553709015055e-01
7.985711402449241492e-01
7.988958220382957887e-01
7.999297288662379213e-01
8.004700534607813722e-01
8.003047472639616133e-01
8.010418462995260169e-01
8.014903193361193612e-01
8.019143142508218247e-01
8.022017978056316112e-01
8.033243033697828883e-01
8.034889426186091477e-01
8.039964658649926266e-01
8.040447796433387584e-01
8.048495045038330797e-01
8.053455426347259083e-01
8.056184130579069347e-01
8.060880820684352965e-01
8.064798863999760314e-01
8.066952023597154797e-01
8.073490613714942032e-01
8.078369408385022155e-01
8.084964656012494366e-01
8.087711157010251117e-01
8.091904552412230167e-01
8.101063074223268101e-01
8.101685118219676962e-01
8.104727808821086121e-01
8.113977667264928861e-01
8.118600205080328536e-01
8.121276063232208964e-01
8.122007161145732290e-01
8.129451198203900830e-01
8.134016775784925768e-01
8.134310963276071282e-01
8.139168139836036042e-01
8.150034434589885635e-01
8.150783765112901147e-01
8.152640541746138947e-01
8.160401464201022526e-01
8.164314078407747255e-01
8.167552154799042619e-01
8.172031427212229637e-01
8.176304108671498261e-01
8.180430845217335767e-01
8.182912131595183602e-01
8.188698175424602432e-01
8.195719128161509381e-01
8.195972139836301684e-01
8.202175123021835379e-01
8.205606523217359172e-01
8.208928786516201948e-01
8.214562098936079027e-01
8.219156562476558348e-01
8.221423951920779905e-01
8.224911546434001686e-01
8.230558948971531397e-01
8.234088849107277230e-01
8.238619133123422644e-01
8.242734502944124575e-01
8.247373707419254352e-01
8.250418667602168465e-01
8.250424944959828810e-01
8.255417567606643248e-01
8.259688041809936099e-01
8.263564920414289139e-01
8.268074495052327721e-01
8.269600671066598130e-01
8.276065411077074829e-01
8.282397253437163709e-01
8.283630937734163258e-01
8.287046129234763026e-01
8.294909318579750668e-01
8.297686081926642920e-01
8.298177232128852721e-01
8.302651745042770592e-01
8.309204197317484608e-01
8.312255291554508929e-01
8.315319062235225767e-01
8.320017311731773280e-01
8.323728848369209565e-01
8.325365461741632833e-01
8.328527203206386176e-01
8.333795037093513214e-01
8.337240661672126185e-01
8.341064042129541223e-01
8.344368511823069268e-01
8.347886544240787909e-01
8.352158950338918197e-01
8.356099811454511528e-01
8.357894653802361296e-01
8.361299663265354676e-01
8.367711628657995560e-01
8.370580842021538848e-01
8.373120181268060014e-01
8.376040392068563323e-01
8.378893102983893115e-01
8.383220051483644131e-01
8.388299214195964471e-01
8.388853062707817276e-01
8.389347931445553241e-01
8.396050565593493609e-01
8.400480748037998380e-01
8.401283077294345869e-01
8.404079997149089820e-01
8.407472554457410263e-01
8.410046952122856023e-01
8.415448962646066011e-01
8.419428870668507203e-01
8.423208101721183505e-01
8.426115490217179760e-01
8.429262498425450501e-01
8.434765259323365738e-01
8.437205819059719891e-01
8.437461267158787859e-01
8.438889586548909971e-01
8.443486142791880589e-01
8.448334647937407738e-01
8.450373380214399877e-01
8.452680273361198315e-01
8.456616172484653360e-01
8.461103829578174862e-01
8.462598231795207537e-01
8.464119983192901486e-01
8.470069792022998367e-01
8.475380530670766355e-01
8.474550549051742543e-01
8.476672939205421864e-01
8.479925492856901226e-01
8.481420141345131780e-01
8.483944442870892111e-01
8.488266212431283542e-01
8.490832235983227783e-01
8.494753080558260505e-01
8.498645087661554909e-01
8.500418194322598708e-01
8.503234241485791989e-01
8.505146500144098454e-01
8.507118525121235564e-01
8.511394534112030064e-01
8.516113650062657747e-01
8.520077230007373492e-01
8.520807172214862613e-01
8.522969206419322985e-01
8.525397306700925881e-01
8.526972245779650406e-01
8.530211376490884900e-01
8.532252118868912660e-01
8.534423171788765305e-01
8.536424469678144389e-01
8.541275570124189365e-01
8.543186359991582490e-01
8.545389744803660870e-01
8.549502802283156511e-01
8.551837503801749119e-01
8.554176606080423628e-01
8.557178848785700342e-01
8.557697642460705412e-01
8.559581285538463424e-01
8.563778693299707312e-01
8.568237060610602862e-01
8.569246978579994067e-01
8.570934648894459329e-01
8.572129572742138715e-01
8.575375769975637219e-01
8.579469916297390863e-01
8.579460898330011354e-01
8.578943304889008470e-01
8.582518306647780593e-01
8.585878940408870896e-01
8.587938552665801417e-01
8.589902017024756420e-01
8.591475495705642729e-01
8.595613889391543472e-01
8.598606480329062940e-01
8.598743921405315183e-01
8.600283845746203859e-01
8.602943725047539347e-01
8.603421601552289077e-01
8.605727399554965462e-01
8.608697139524480457e-01
8.611645917462255051e-01
8.614798715981609734e-01
8.616362582199780240e-01
8.617925063901559213e-01
8.617590292980861211e-01
8.622317480979937443e-01
8.623457723180177892e-01
8.626288273285074304e-01
8.628522157603147891e-01
8.630060621659526587e-01
8.631844262787424782e-01
8.634173286948794157e-01
8.634949449727197246e-01
8.636902506101324928e-01
8.637919945337421135e-01
8.639678187367213491e-01
8.641518808785823014e-01
8.642549068089464548e-01
8.644014392577282768e-01
8.645767734224455436e-01
8.647110177715475743e-01
8.648622261751893747e-01
8.648576001348036169e-01
8.651674889040140704e-01
8.653820725723005980e-01
8.656177992971945123e-01
8.658947106577540298e-01
8.659849066537668172e-01
8.659794252183314889e-01
8.662423680525820346e-01
8.663655506708777265e-01
8.665991111628439381e-01
8.667271460082365264e-01
8.669092389467195625e-01
8.669798898743598103e-01
8.669680672121427012e-01
8.670965681526378033e-01
8.673926253427453048e-01
8.672055550835484627e-01
8.676014425157445586e-01
8.677431977556666620e-01
8.677667730104401400e-01
8.678136065864309190e-01
8.678810380235616462e-01
8.681144980255440791e-01
8.681398614540237757e-01
8.681603003228710591e-01
8.683141643501691709e-01
8.685975622410153640e-01
8.685376585837853991e-01
8.687473413601898287e-01
8.686819601336581709e-01
8.688357668819624013e-01
8.689123994805372231e-01
8.690258077057212427e-01
8.691073150405342895e-01
8.690736273931221056e-01
8.693701035504893815e-01
8.692665895203495197e-01
8.695933207828617784e-01
8.694998351200213804e-01
8.695033278886519224e-01
8.695556891158030544e-01
8.696440267951720537e-01
8.697834332237122101e-01
8.699589070807864921e-01
8.699603146704408818e-01
8.698970481612746664e-01
8.701751623124868162e-01
8.701898212016394574e-01
8.702003424031760082e-01
8.701393194071258552e-01
8.702522503641122453e-01
8.700825293222272938e-01
8.703557587622329228e-01
8.702134066443505400e-01
8.701765967808399171e-01
8.703864804193844895e-01
8.703228185331256528e-01
8.705052804048909465e-01
8.706617487855818904e-01
8.707172320976575008e-01
8.705868405036055746e-01
8.706682577589552885e-01
8.706430354093531720e-01
8.705757341130082594e-01
8.704588538076748483e-01
8.706797159852759371e-01
8.704236853680924479e-01
8.706306387815030412e-01
8.705209533646868225e-01
8.705453101669695659e-01
8.703851248264480311e-01
8.705065391387662999e-01
8.705851789588854306e-01
8.705425154226891227e-01
8.703164092851308764e-01
8.703460267625131586e-01
8.705463850428626360e-01
8.704834037872819508e-01
8.705635400410679514e-01
8.703685628608213154e-01
8.702702666845684165e-01
8.701737903077012559e-01
8.699640662388855583e-01
8.699266354923872457e-01
8.698004203927814926e-01
8.696437383727372294e-01
8.699525846526009465e-01
8.698167885853994585e-01
8.696610836844221870e-01
8.695359078300670674e-01
8.695805029844035916e-01
8.694554329502895973e-01
8.692537901506528497e-01
8.693587856882792897e-01
8.689652873075950357e-01
8.687622624421698081e-01
8.687257476485520380e-01
8.685981369303387156e-01
8.684375792126364235e-01
8.684369095504739233e-01
8.680740348237734327e-01
8.683554592230267044e-01
8.678139342167454640e-01
8.676960436095755291e-01
8.673833469091719595e-01
8.672596457001603421e-01
8.673409484667472524e-01
8.672792783600924427e-01
8.667746488242735747e-01
8.663591641912741226e-01
8.658618875225542189e-01
8.652247360235665319e-01
8.649123094913151455e-01
8.653571930596407613e-01
8.662947906904654438e-01
8.664795335385068187e-01
8.657614981376763330e-01
8.648406935910573079e-01
8.629891543308819690e-01
8.614097218474853213e-01
8.605305983193232144e-01
8.602860525196036612e-01
8.607859612430429630e-01
