1.294136131507367393e-02
1.097277770408317497e-02
1.048290950700989793e-02
1.082355044489066546e-02
1.088163383063997340e-02
1.073155242600847339e-02
9.972051291766433068e-03
9.676979436417178920e-03
9.515403350658450596e-03
9.906959613114331778e-03
1.063814181078293238e-02
9.504178756563659222e-03
1.035988105354733804e-02
1.241198462140482434e-02
1.211938268753138398e-02
1.436641378732819024e-02
1.648721618866757360e-02
1.421251538061512297e-02
1.450429401741455161e-02
1.681994904894168821e-02
1.850338773894391609e-02
2.054514964293320534e-02
2.380881933060073619e-02
2.750178701849117016e-02
2.400957866012991618e-02
2.670754931960555092e-02
3.242260416465707340e-02
3.204505369799614395e-02
3.822892247478497374e-02
3.932857391846836942e-02
4.155285472144619463e-02
4.130483242771542524e-02
4.540288027036129548e-02
4.531762451278436438e-02
5.301394195032418238e-02
5.642596982201251998e-02
5.850258834651825973e-02
6.398960755769451947e-02
6.637860409848073129e-02
6.549606592882964429e-02
7.195426191051980391e-02
7.375741095862972663e-02
7.622244948801143449e-02
7.911286780260558260e-02
8.064982888276818473e-02
8.478561054751018733e-02
8.723560617816250584e-02
9.137672389304020426e-02
9.549969443666191105e-02
1.007164126216928968e-01
1.016239437542046375e-01
1.052364296845362535e-01
1.105972170072522104e-01
1.099438600349350870e-01
1.130065392450695094e-01
1.200693212167976698e-01
1.244552872767073354e-01
1.290361875266703984e-01
1.317027952029566906e-01
1.322473436217033449e-01
1.363200531362217527e-01
1.388092113151404017e-01
1.445456216298275087e-01
1.462276342522225159e-01
1.497783366403779848e-01
1.556689057938787091e-01
1.568417757383770150e-01
1.584034820884210604e-01
1.627065646154338130e-01
1.660696230186655964e-01
1.685595872460601552e-01
1.752360856268245781e-01
1.781603078694781739e-01
1.784808181306986319e-01
1.857276445977310564e-01
1.879180886326985711e-01
1.917939880276246789e-01
1.942080051039185573e-01
1.953178845149871334e-01
2.000583037659981744e-01
2.047465589469217306e-01
2.080701726695172171e-01
2.122142806349164579e-01
2.176504517920958559e-01
2.188586360529732877e-01
2.222644475241628836e-01
2.263190233104542815e-01
2.292294779443659614e-01
2.336262362620978861e-01
2.353978642060200466e-01
2.386012950242820396e-01
2.436587557556557371e-01
2.475741396657682725e-01
2.487660059818206093e-01
2.524670313911588915e-01
2.568001545565725130e-01
2.581368334918345275e-01
2.636475788538722997e-01
2.657512024698583386e-01
2.701554142992096397e-01
2.732302615897166387e-01
2.767409756075472349e-01
2.786645906276191687e-01
2.841351511934893659e-01
2.866758350339512762e-01
2.873252534058080565e-01
2.919825996423224823e-01
2.949499171993438806e-01
2.985959378902341421e-01
3.013239659239654311e-01
3.043029183698390261e-01
3.071866052551037174e-01
3.101163417270541567e-01
3.138204816664911245e-01
3.185372894017762802e-01
3.199074596122667424e-01
3.231155158066826294e-01
3.279258765707420697e-01
3.310203030132769508e-01
3.329112648724972812e-01
3.360078745460834959e-01
3.382979885289503774e-01
3.415969523378724615e-01
3.435329670338221897e-01
3.478840077098099837e-01
3.520037329619247202e-01
3.543734376735224734e-01
3.561420482752463701e-01
3.600714977561022545e-01
3.640083036122399585e-01
3.656078283226746328e-01
3.686669761816199209e-01
3.722091734979839917e-01
3.746261337589703588e-01
3.764833465902072129e-01
3.800502638112579490e-01
3.842257778500008936e-01
3.865937657744572542e-01
3.890394239820719746e-01
3.918403999158674988e-01
3.951541014884621950e-01
3.973844341733998586e-01
4.005223274762199082e-01
4.039900308830117193e-01
4.065091565985538558e-01
4.100823911289005475e-01
4.118731950145869680e-01
4.143734499584324493e-01
4.176816829736525460e-01
4.207425913608306423e-01
4.219387957993153138e-01
4.248209647676436940e-01
4.281214466485752657e-01
4.310877118925577900e-01
4.333895492667358962e-01
4.364603455645232333e-01
4.377604850080558663e-01
4.405609204049854566e-01
4.459404031879781183e-01
4.473531942350771340e-01
4.504498792927329465e-01
4.525299602160650081e-01
4.545010435020694906e-01
4.571720015211936938e-01
4.592128965835462484e-01
4.632036936259598114e-01
4.663878721341569444e-01
4.681593859161570226e-01
4.699115720592134671e-01
4.730669700766421681e-01
4.762452682611020283e-01
4.792151329795636405e-01
4.819635680880707262e-01
4.841997564730702863e-01
4.865264205790830743e-01
4.889754960937326977e-01
4.914278355479996807e-01
4.934671679118786680e-01
4.956462979304943617e-01
4.983082475395695932e-01
4.994277619659129863e-01
5.020732067464860338e-01
5.060877848557255865e-01
5.078059335419701226e-01
5.099590171824381901e-01
5.121865835367376274e-01
5.150165634016191651e-01
5.171577810792890029e-01
5.201331851345831758e-01
5.212241568385012069e-01
5.244270396596594219e-01
5.267618415051437131e-01
5.290032915137984348e-01
5.316601059010050978e-01
5.335134786304012167e-01
5.361021550172531125e-01
5.381926100602503205e-01
5.400915975996919416e-01
5.434708346876607754e-01
5.450071676414969257e-01
5.476006182200068295e-01
5.491289951507790645e-01
5.510871749248544837e-01
5.538007428531972476e-01
5.557579474763812977e-01
5.577158944840717725e-01
5.614198708457216469e-01
5.629724714169719313e-01
5.643555545100822357e-01
5.665461194165001269e-01
5.691961950613635413e-01
5.703493946156475980e-01
5.728571986857226017e-01
5.756784915901441702e-01
5.770925734606308088e-01
5.794814716950812405e-01
5.815237689350000183e-01
5.840287640146953896e-01
5.860090647674141007e-01
5.877766439110334584e-01
5.898515142509748177e-01
5.922354130146845197e-01
5.932518711631785679e-01
5.956456879553850836e-01
5.989731843267435130e-01
5.994445735030415889e-01
6.026939566622654398e-01
6.040441718068312316e-01
6.066218682330498657e-01
6.086658557252808688e-01
6.093630630165887130e-01
6.116003233909238501e-01
6.134926985160532587e-01
6.163039297269476968e-01
6.182177967277638908e-01
6.189824392009449783e-01
6.212000054365415247e-01
6.235401168741212530e-01
6.258658958285818752e-01
6.280430809816945903e-01
6.286516099032535276e-01
6.310911506359917489e-01
6.328667241313503666e-01
6.345012914688858974e-01
6.364453265798011294e-01
6.382098201062421650e-01
6.403760736305499357e-01
6.421313172400949787e-01
6.440420182197016397e-01
6.460523540804408160e-01
6.474566635480419885e-01
6.492201181882617522e-01
6.508740764789229249e-01
6.527793756412120230e-01
6.545999875214794095e-01
6.566909143216500544e-01
6.584963263291606639e-01
6.605237511128924099e-01
6.615764976217802795e-01
6.630378301725989854e-01
6.651912833383520907e-01
6.666675839257014680e-01
6.694258192712472244e-01
6.706987235878212328e-01
6.714256234575473048e-01
6.732964021792748888e-01
6.752751595004599094e-01
6.773035723903625405e-01
6.784667202680085829e-01
6.796981408623230525e-01
6.824058154602912207e-01
6.837359189238120249e-01
6.857831359704643637e-01
6.869145605099169494e-01
6.876653990100328739e-01
6.903628908462486891e-01
6.921900222218527743e-01
6.935677924671769246e-01
6.952257532448957722e-01
6.967278876149639588e-01
6.978500011266184355e-01
6.998988148933752429e-01
7.024364227802677441e-01
7.025028309537003635e-01
7.043690040807032426e-01
7.059881023976889436e-01
7.074528158365568364e-01
7.093320683522112979e-01
7.109788198257785963e-01
7.126979034522231693e-01
7.132990029083237093e-01
7.149771109097136090e-01
7.166629548675749195e-01
7.187001890060967790e-01
7.195091811888361111e-01
7.214702232290413075e-01
7.228579218449214805e-01
7.253097076556035416e-01
7.257935360200938879e-01
7.271083586405263643e-01
7.295423489087466962e-01
7.307435120562622011e-01
7.318749383316246471e-01
7.333628730641791327e-01
7.348728374787176776e-01
7.359142569244201404e-01
7.374244818125790246e-01
7.380823147543610352e-01
7.399904865735862369e-01
7.414023551109122367e-01
7.429898735532067811e-01
7.444943196509963279e-01
7.460098163379149661e-01
7.473954945712693032e-01
7.478767852708412267e-01
7.498985815216643314e-01
7.516552174131342356e-01
7.526990250954996853e-01
7.542383800530049198e-01
7.555678309171247609e-01
7.563335440419391986e-01
7.585587071497710276e-01
7.597022253978430451e-01
7.609433621194273689e-01
7.621081466829838780e-01
7.633237478216698957e-01
7.653107257072125913e-01
7.664001744962858353e-01
7.674552938396090873e-01
7.689031703140861707e-01
7.704260921166599108e-01
7.712263034162353259e-01
7.726331537341486477e-01
7.740289272366420725e-01
7.754264500104859348e-01
7.761387683331083531e-01
7.775623091246869345e-01
7.791155314649472752e-01
7.804945335190569544e-01
7.814956213595760648e-01
7.829619152875337829e-01
7.844361438521154639e-01
7.855107800786583772e-01
7.861066348712406615e-01
7.876395053607678776e-01
7.891998677752087854e-01
7.904285335274674473e-01
7.922921448660463772e-01
7.929623847282628590e-01
7.942148876047779860e-01
7.953028799958785644e-01
7.961928277394865194e-01
7.971786359663808330e-01
7.986467192074357957e-01
7.996063246545557224e-01
8.003821703245993513e-01
8.019638263490550534e-01
8.032332791809533301e-01
8.046034490960333185e-01
8.052759017461358360e-01
8.062275766935225185e-01
8.074184338605523426e-01
8.089705259895459966e-01
8.101011871248373630e-01
8.117096122406119996e-01
8.122636882523270874e-01
8.136562791753257917e-01
8.142307765037309908e-01
8.156549083959215851e-01
8.163295905086589421e-01
8.181314974560719433e-01
8.189744837554766566e-01
8.204049173578831233e-01
8.210280052946511420e-01
8.219240573863071386e-01
8.231321626780676581e-01
8.240268054722648117e-01
8.252613322592927680e-01
8.262964808290382823e-01
8.270666504129735586e-01
8.282340312539482330e-01
8.294817366068063524e-01
8.305304269484397039e-01
8.314430710263696067e-01
8.322704592044887217e-01
8.334712187250812310e-01
8.340877466160151466e-01
8.356869646579169197e-01
8.364245912214636203e-01
8.377967960235686018e-01
8.388727688949711991e-01
8.402236962120430697e-01
8.404486666707462472e-01
8.414708181693980604e-01
8.427290834206021541e-01
8.431142750877178571e-01
8.449096176046210216e-01
8.459208210141404560e-01
8.466820340398480971e-01
8.472450404873774765e-01
8.487037740353092774e-01
8.493298956818544632e-01
8.502770143929362368e-01
8.516846715659102118e-01
8.523350433011671612e-01
8.536745050496086229e-01
8.543370094358118116e-01
8.555243179421464506e-01
8.562613818152554623e-01
8.572047908861371024e-01
8.582180069616098805e-01
8.589965123658039881e-01
8.596320229615358466e-01
8.608735868378539768e-01
8.610749415654852523e-01
8.622067108635316224e-01
8.634603272017240538e-01
8.642500424736612175e-01
8.652321761155647994e-01
8.661774594078788247e-01
8.671006658034308145e-01
8.681671542704597622e-01
8.689481722283527443e-01
8.696865068189566506e-01
8.706635191343403690e-01
8.717956433912378289e-01
8.722306120039039490e-01
8.731703668256086681e-01
8.741732239667768800e-01
8.747438055949168234e-01
8.760492367725531970e-01
8.767968667081902367e-01
8.775160612537376004e-01
8.782867309478825657e-01
8.792143883583010133e-01
8.802165310990143210e-01
8.810606816899784199e-01
8.820867187606243887e-01
8.825786675178290963e-01
8.834394927467071890e-01
8.844544444058674015e-01
8.851836272714951326e-01
8.857590635545373736e-01
8.864087668625121319e-01
8.873062930392954240e-01
8.880367873985360871e-01
8.895614022294783263e-01
8.898501945621410947e-01
8.905175385983788994e-01
8.911575668981188691e-01
8.921291087423535160e-01
8.929702196218595178e-01
8.938292853926950166e-01
8.945817351807073825e-01
8.958389125739820713e-01
8.962890611848419731e-01
8.967331878239470644e-01
8.975780498616353631e-01
8.986330635924436594e-01
8.992493509877850233e-01
9.003208239256259571e-01
9.008086761258468078e-01
9.013272694692605613e-01
9.023345057054765750e-01
9.031251066867166388e-01
9.035205382238742366e-01
9.039897480819167885e-01
9.051379450453302944e-01
9.054752698514942910e-01
9.066101425700539007e-01
9.076114944218284242e-01
9.081896917476914854e-01
9.085651217310908301e-01
9.097622397438687170e-01
9.104211056825661785e-01
9.110700340843449485e-01
9.117374379722911204e-01
9.126870953878869486e-01
9.133156317830847248e-01
9.142642589833519517e-01
9.148896684153465797e-01
9.152768019405531641e-01
9.164122521325366311e-01
9.169112664343422869e-01
9.174645332373151385e-01
9.184071747158172316e-01
9.188758944824809705e-01
9.197512142036786686e-01
9.198025896170086702e-01
9.206648406984622168e-01
9.217144903014086177e-01
9.223957680234826650e-01
9.224574580475564112e-01
9.235175104568381643e-01
9.244140775943533450e-01
9.254849553586913524e-01
9.263701414936349465e-01
9.265617383743718349e-01
9.268119602425913817e-01
9.261706639795648233e-01
9.262436749805281755e-01
9.271624625877231685e-01
9.292100278353866427e-01
9.312761353629316341e-01
9.333757256140057246e-01
9.341953140057889238e-01
9.336744065063993236e-01
9.322182909462723988e-01
9.307354319031615475e-01
9.308300819030753681e-01
9.317688179845846630e-01
9.345869747510080483e-01
