8.596590458380571897e-01
8.590393973659188331e-01
8.589059479629866933e-01
8.592215513634066104e-01
8.595567782102601084e-01
8.596370336912193544e-01
8.597163612380469555e-01
8.597187264264235518e-01
8.596003443253006360e-01
8.595667608389676584e-01
8.595057831197655540e-01
8.594407017558022277e-01
8.595269617083097780e-01
8.596903097016572737e-01
8.597574661122766582e-01
8.599167596322421225e-01
8.600399501799445012e-01
8.599008692602206905e-01
8.598361203419163656e-01
8.598921383238480320e-01
8.599128085396537946e-01
8.600211113230521454e-01
8.601951704534555043e-01
8.604640031530982336e-01
8.603173362689680026e-01
8.604970841209663712e-01
8.608244244101319609e-01
8.607194836330067655e-01
8.610367436857211398e-01
8.610988642016750294e-01
8.611768548661342670e-01
8.610576132840619401e-01
8.612854149675142068e-01
8.613983652869947605e-01
8.619068105976934735e-01
8.620705768611793829e-01
8.621213634563288375e-01
8.624788650782393429e-01
8.626894945443994711e-01
8.624909244585104995e-01
8.629177099701924591e-01
8.629900960979910440e-01
8.630776558074678695e-01
8.631935760099090915e-01
8.632121922034446948e-01
8.636074157094462134e-01
8.637842273660086834e-01
8.639831670877599068e-01
8.643079532794101238e-01
8.645128396278890515e-01
8.645230711239395571e-01
8.649295970937359579e-01
8.652581380357533547e-01
8.652302747673761285e-01
8.652964901463660041e-01
8.655004177178150515e-01
8.658912685051730618e-01
8.665984785940575863e-01
8.665262384519752947e-01
8.662405067482051857e-01
8.667736612962133602e-01
8.667496811287190850e-01
8.671329056447855121e-01
8.673817949345525857e-01
8.675441201492019028e-01
8.674199554454397054e-01
8.682539798966191213e-01
8.681864738304276852e-01
8.685555010327925540e-01
8.685324544310059069e-01
8.689567652377467866e-01
8.695380841611058953e-01
8.694560608665308221e-01
8.696147991890355033e-01
8.701514269209442709e-01
8.700231033221740296e-01
8.703971227611411177e-01
8.704853166868292691e-01
8.706680366402964610e-01
8.715328469599907812e-01
8.719158243188956936e-01
8.714534819773739338e-01
8.719471309741158027e-01
8.726997533800208151e-01
8.721738271834540424e-01
8.722685660569348132e-01
8.725763178871490666e-01
8.727247849089478926e-01
8.732882345805554891e-01
8.728669201318859372e-01
8.732515061727076366e-01
8.741945796424502868e-01
8.742842717764247595e-01
8.743847667207966801e-01
8.748431429044404295e-01
8.754518772483297351e-01
8.746908782105577984e-01
8.758304490108379525e-01
8.757744023829604485e-01
8.758938362232173702e-01
8.765433048472529576e-01
8.764897176344682572e-01
8.765315370892452496e-01
8.767902967833491878e-01
8.768466114985699056e-01
8.776646122937360461e-01
8.777461421118534224e-01
8.778117732577491727e-01
8.785255154524146404e-01
8.783773914111013825e-01
8.785450029580346154e-01
8.783541113447183024e-01
8.784664962140544819e-01
8.788891770627900168e-01
8.799302210804555990e-01
8.798092814986487875e-01
8.797036453183058047e-01
8.802186302108542248e-01
8.801023021759526443e-01
8.802450464605958702e-01
8.812692501795289513e-01
8.813685735695564460e-01
8.812104758536938309e-01
8.816232316275205427e-01
8.821149591723813632e-01
8.824988041263429617e-01
8.827344079946741751e-01
8.827173462083486299e-01
8.830512182982075409e-01
8.828882326665943303e-01
8.832217933291555134e-01
8.841017390859269298e-01
8.838231200290745937e-01
8.840086759854786091e-01
8.843257385899092604e-01
8.844493469760107418e-01
8.847355343502156799e-01
8.853657579881912820e-01
8.856007652301244315e-01
8.860519700905011842e-01
8.860658397223324378e-01
8.864453605586782858e-01
8.863997678374717637e-01
8.868742498338307856e-01
8.871471036706130020e-01
8.871538792917991190e-01
8.876000705340052477e-01
8.877543018652390705e-01
8.881668284720796169e-01
8.879741211166737314e-01
8.886135338554520535e-01
8.879675483373707934e-01
8.890909733329123155e-01
8.888997201543289428e-01
8.890304794722329040e-01
8.897707557664804590e-01
8.897297884020338721e-01
8.901262855894507275e-01
8.897526893394718250e-01
8.900817657315148734e-01
8.908334610800361375e-01
8.911272808316055283e-01
8.916066825988323563e-01
8.914820540963410700e-01
8.918375498379620403e-01
8.918594362679185261e-01
8.917911411892639473e-01
8.920384661520256442e-01
8.924541599533887259e-01
8.926469463764483692e-01
8.929512639364376447e-01
8.934309551690025053e-01
8.936130999545249809e-01
8.940160914874879516e-01
8.940980943125046432e-01
8.941818086162888202e-01
8.945264686191924941e-01
8.944957514822070577e-01
8.947332025031439207e-01
8.951811369974378430e-01
8.950791223211395087e-01
8.955468211902813946e-01
8.959858264343771861e-01
8.962205275391391668e-01
8.964253599881941703e-01
8.963971324323540824e-01
8.963448022129505421e-01
8.971016260352436822e-01
8.972108240757000752e-01
8.974975043835652366e-01
8.976579619389262188e-01
8.978950103381936332e-01
8.979014452147705549e-01
8.981614051501167761e-01
8.987146229058123881e-01
8.983594252971882632e-01
8.988580329500335253e-01
8.994670616205913127e-01
8.995058309054406731e-01
8.993422224480397409e-01
8.998906752925283081e-01
9.005054912352558061e-01
9.006111389590758520e-01
9.004091189704507281e-01
9.005758816605974326e-01
9.006599278476885573e-01
9.012591111775679620e-01
9.015598787324624608e-01
9.014924350224055027e-01
9.016268980039913172e-01
9.018564889898176284e-01
9.025065666758592675e-01
9.025392709235546818e-01
9.026884478106542709e-01
9.032463212076236037e-01
9.033789905856447477e-01
9.035569928576083765e-01
9.037724961211186514e-01
9.041547839634098693e-01
9.042584872585983646e-01
9.040821732861326065e-01
9.044286413118055590e-01
9.051282897956752782e-01
9.052333953879447836e-01
9.053777945801932958e-01
9.052427337876003399e-01
9.058626336662690681e-01
9.060926185047452064e-01
9.060951382349904382e-01
9.064645820106003171e-01
9.069650805126268089e-01
9.064153403165399192e-01
9.074392133663288229e-01
9.077229321984857657e-01
9.073030024834761731e-01
9.079865981432716504e-01
9.077396774027960413e-01
9.080566952965978267e-01
9.085999704914307085e-01
9.087367952808890204e-01
9.086990540265007521e-01
9.091820387500431089e-01
9.090843810052250396e-01
9.095478369465940238e-01
9.096784117081775367e-01
9.097255867351903280e-01
9.101382334571256338e-01
9.104847251643676254e-01
9.103071480084959921e-01
9.106213108533602885e-01
9.108569195748420499e-01
9.109366750643058674e-01
9.111766984803386649e-01
9.113679825985314675e-01
9.117492047225818075e-01
9.117226982296761095e-01
9.119983171179900650e-01
9.125447002019895226e-01
9.125852609318850783e-01
9.127713960980833319e-01
9.128761887544246667e-01
9.131687692439055537e-01
9.136276535664259457e-01
9.137377007397098350e-01
9.139429591796468522e-01
9.142296176241210270e-01
9.144060155565516546e-01
9.144591951066090019e-01
9.145883999621041704e-01
9.149029540406818928e-01
9.150844608280087611e-01
9.151587057963008753e-01
9.154407188629615222e-01
9.158674977947097728e-01
9.161673208042383498e-01
9.161693938379626978e-01
9.162270709286929327e-01
9.166003618953521004e-01
9.170515279583355550e-01
9.169189251738073532e-01
9.170938573669803473e-01
9.173761703673913859e-01
9.175107813676293134e-01
9.176501005754935658e-01
9.180613263601347107e-01
9.183555233941617102e-01
9.182652975335493517e-01
9.184472321302530329e-01
9.186988479691645670e-01
9.188736436612898739e-01
9.190462209392669113e-01
9.192006994340168324e-01
9.194848670790282119e-01
9.196544702071691724e-01
9.196798398002852259e-01
9.198569031076838654e-01
9.203118632822122613e-01
9.207988487348564011e-01
9.209804369046239447e-01
9.210025434673410061e-01
9.210990454720362486e-01
9.212022452640902248e-01
9.213550044968983332e-01
9.217890938936111889e-01
9.218449157134281924e-01
9.220081212267575710e-01
9.223963927201688229e-01
9.225220767186047555e-01
9.225492224871898461e-01
9.227843873100924910e-01
9.231084921454860703e-01
9.233231860404771396e-01
9.234174999260479355e-01
9.236382378663618997e-01
9.238182504605277900e-01
9.238465226893479709e-01
9.239787607716029028e-01
9.242362278187079561e-01
9.244190252479331793e-01
9.245696195959988151e-01
9.246779449993733913e-01
9.248049460930444221e-01
9.251707137062727959e-01
9.255906219054150785e-01
9.256147104053904506e-01
9.257108983576186612e-01
9.259868274521931841e-01
9.261472470817831981e-01
9.263634388001414921e-01
9.266713502909373901e-01
9.268996773794989652e-01
9.269794479669382081e-01
9.270152056507563465e-01
9.271573527936066705e-01
9.273820769027243394e-01
9.275445903047855323e-01
9.276918793112700623e-01
9.280745342653768937e-01
9.282939141444177533e-01
9.283913125114083842e-01
9.285326802492512854e-01
9.287710154644700511e-01
9.288409476002256193e-01
9.290018050454519338e-01
9.292624613614151041e-01
9.294897620829032370e-01
9.296903877680167128e-01
9.296850502149088813e-01
9.298674373978450536e-01
9.301703020820666357e-01
9.304950393882879256e-01
9.306769352123488437e-01
9.306532257336748160e-01
9.307207782910879024e-01
9.309426346455680346e-01
9.311587560674715602e-01
9.313176052728475707e-01
9.315210782076157603e-01
9.317601799130916795e-01
9.318457161272958311e-01
9.318883007149068032e-01
9.322181996072891330e-01
9.324598856688772752e-01
9.325790677095731063e-01
9.326995013586204530e-01
9.327032292766649357e-01
9.330160401749949539e-01
9.331721929683909345e-01
9.333369981889236833e-01
9.334940604696465583e-01
9.337420213487986898e-01
9.338948384008293191e-01
9.340018509435126237e-01
9.341462982820852856e-01
9.343817766954520820e-01
9.345691981849184593e-01
9.347614370865872102e-01
9.349766628196181095e-01
9.351148985460850938e-01
9.352104660551163740e-01
9.353711526736608883e-01
9.355078751744700938e-01
9.356951674842838296e-01
9.357425478295566812e-01
9.359076588338064440e-01
9.361141856174942655e-01
9.362993498387457425e-01
9.364392781150793210e-01
9.366485759961591384e-01
9.368232016273979612e-01
9.370280347675684629e-01
9.371092076927552972e-01
9.372439670917660504e-01
9.372689882987009780e-01
9.374041424051487992e-01
9.375883186273573644e-01
9.378946364258153867e-01
9.380854351388587808e-01
9.382843895389406663e-01
9.383353287365531203e-01
9.383736187346753965e-01
9.385334292097222697e-01
9.387477825527072994e-01
9.389514130668348280e-01
9.390764099370599860e-01
9.391785014085191063e-01
9.392745826248281027e-01
9.394256040704508370e-01
9.394871324081279784e-01
9.396857073341847721e-01
9.399124619675492953e-01
9.400279667865527600e-01
9.401400292735000441e-01
9.402801820597795901e-01
9.405113985710279456e-01
9.407277933018357574e-01
9.407888428646457024e-01
9.408891866499566881e-01
9.410309288390057425e-01
9.411492108213554975e-01
9.413203727469514615e-01
9.414236593395598485e-01
9.415355355008968585e-01
9.416089726146824601e-01
9.417519555614943805e-01
9.419226123606673218e-01
9.421782664308488986e-01
9.423423365718320843e-01
9.424391326388733559e-01
9.425035633731588813e-01
9.426511344509163060e-01
9.427530137811019895e-01
9.429208944450400143e-01
9.429641697645776421e-01
9.431328041094529935e-01
9.431919557305087354e-01
9.433711531666720829e-01
9.435016165610186079e-01
9.436118236000909931e-01
9.436734260689404463e-01
9.438346497551364234e-01
9.439518984968329196e-01
9.440494729731760959e-01
9.442190677460401416e-01
9.443626927203588872e-01
9.445448109200637044e-01
9.446002902807957291e-01
9.447729671915090499e-01
9.447854440247743790e-01
9.449402201744299123e-01
9.450732346638950343e-01
9.452116682121282087e-01
9.452708953585997609e-01
9.452985776700546516e-01
9.452772281993716552e-01
9.454264287185561999e-01
9.456740606332249000e-01
9.458035967654286891e-01
9.458552972108010826e-01
9.458462369173489259e-01
9.459063714315605331e-01
9.460163652174018445e-01
9.461861324562660380e-01
9.463399808159762561e-01
9.464301442318457935e-01
9.465959238659777952e-01
9.467295625459517527e-01
9.467662115370224507e-01
9.467405547647207431e-01
9.467998128586536666e-01
9.469001391157146896e-01
9.470697204792725143e-01
9.472001862996735078e-01
9.472792036676354055e-01
9.472514789431332183e-01
9.472862513263495821e-01
9.473547878216592721e-01
9.474895527737534628e-01
9.474383882314190153e-01
9.475281895539776622e-01
9.476863655843642542e-01
9.477067366423862493e-01
9.477713178919354720e-01
9.478297851279147146e-01
9.477625790100308034e-01
9.477711781283705283e-01
9.478258645312774844e-01
9.478041557478306123e-01
9.480142406658097487e-01
9.480087654871431901e-01
9.481154598103489484e-01
9.481724337697446936e-01
9.481675487684232406e-01
9.480299827771525578e-01
9.481666041861552818e-01
9.484149544312040492e-01
9.483898857079495759e-01
9.482172282303931166e-01
9.478490743689165221e-01
9.475713010476367604e-01
9.472784424862494834e-01
9.474328652341554857e-01
9.480019902902223627e-01
9.489320960867975163e-01
9.493168403463986271e-01
9.490825098300706975e-01
9.481605220288212843e-01
9.468460004602564650e-01
9.457897410713029807e-01
9.448840805032161505e-01
9.448280916767971549e-01
9.456609946091907304e-01
