8.606595089749808150e-03
6.469312934076387051e-03
5.953737193905375875e-03
6.702245228852288586e-03
7.326611490541197307e-03
7.354698851024390506e-03
7.085527677290546014e-03
6.935455936424064251e-03
6.649277805976576590e-03
6.827773362409279324e-03
7.123973201946941398e-03
6.398513950768454188e-03
7.011948925641299339e-03
8.436464478045798548e-03
8.394708422659496669e-03
9.962805997814856707e-03
1.142840012370516245e-02
9.801269050886988674e-03
9.919922245955541812e-03
1.140819361926653785e-02
1.239395141425256829e-02
1.387661989827755106e-02
1.599947205570224212e-02
1.885852138335918082e-02
1.628926655389346945e-02
1.818287476054847654e-02
2.240728533327368197e-02
2.164681153868374883e-02
2.604662593516807179e-02
2.708664990308331036e-02
2.844160714529973474e-02
2.754545520143758530e-02
3.050426314535579705e-02
3.101323633281665576e-02
3.710058431530739720e-02
3.929269725612494907e-02
4.017088121817222190e-02
4.450972457328902093e-02
4.670704488855682152e-02
4.517874131294832146e-02
5.030728411319976973e-02
5.146454265840606779e-02
5.297468175107488547e-02
5.484793536602414199e-02
5.545863984618150389e-02
5.898943967564861113e-02
6.067332129706146798e-02
6.379248660249504932e-02
6.770280978633538838e-02
7.079976356972104978e-02
7.113772953549749034e-02
7.479822997788937444e-02
7.910371374511108999e-02
7.855156492999681994e-02
7.993901253927548911e-02
8.463809640594562034e-02
8.849019211486147674e-02
9.327724078905554050e-02
9.463030815827142006e-02
9.382000102076661074e-02
9.757958392205383358e-02
9.903110798323339070e-02
1.026403383675225933e-01
1.058277953522642062e-01
1.068082568843670838e-01
1.107710263162338671e-01
1.145654116108517362e-01
1.139679178149978211e-01
1.176838654647069937e-01
1.201155298556304818e-01
1.230038239796455574e-01
1.287337263003760501e-01
1.296793857275569672e-01
1.301551220071617276e-01
1.361819223543194179e-01
1.371127659807075128e-01
1.409020962963179191e-01
1.432723959294814331e-01
1.432405294516588268e-01
1.486631950471680730e-01
1.529681964163680241e-01
1.541754003084081781e-01
1.582222152600218090e-01
1.638878632672071956e-01
1.626057522152767609e-01
1.630131992275489494e-01
1.670658393339321812e-01
1.702903478408339943e-01
1.749501387379682193e-01
1.747879433787942749e-01
1.766334099956336778e-01
1.819770948106293196e-01
1.846081041254630517e-01
1.865706573781472644e-01
1.892934207914596101e-01
1.938829578523312558e-01
1.954821534492130752e-01
1.997432788029275819e-01
1.993935326777652173e-01
2.034215352301797231e-01
2.053371733458911608e-01
2.104170419958059923e-01
2.112707786496215712e-01
2.151049386722564127e-01
2.161378348209370415e-01
2.178145292089066765e-01
2.227520615811388882e-01
2.235149267524436101e-01
2.275610172261602893e-01
2.288705750700726349e-01
2.313954014784273261e-01
2.338367241897108817e-01
2.358626931883513189e-01
2.412396259491871309e-01
2.441339953885414416e-01
2.431757567791148766e-01
2.481038154326984102e-01
2.521482632013951619e-01
2.539370820748089730e-01
2.553753413696373542e-01
2.586021458254780248e-01
2.604311782235609329e-01
2.633012728779987599e-01
2.657864815011511950e-01
2.702574188335205574e-01
2.730551774137690568e-01
2.756225951469552515e-01
2.767733983675405018e-01
2.794656781112785371e-01
2.831671759601200322e-01
2.843723203835021862e-01
2.875723248275223187e-01
2.906207886327418777e-01
2.916617359991346414e-01
2.929924948761704617e-01
2.987504840818816509e-01
3.003469432943833284e-01
3.028944076774654492e-01
3.069560588968416326e-01
3.075470558351577344e-01
3.103911224176220118e-01
3.133803778883473834e-01
3.160990963666885367e-01
3.196479509196135105e-01
3.206046677485888119e-01
3.227181485147326834e-01
3.257445203369652154e-01
3.294179994317801841e-01
3.327949993901401782e-01
3.338637927437207442e-01
3.354567675058608422e-01
3.386701806728331654e-01
3.403369675179725995e-01
3.423831875951827142e-01
3.457241959344329874e-01
3.481986503999818239e-01
3.496910789018387034e-01
3.520208662487592233e-01
3.560515421532066127e-01
3.583230885059858206e-01
3.602764065391022563e-01
3.627558434068511306e-01
3.647318287362404932e-01
3.677243073586439759e-01
3.704936794302588488e-01
3.729547039749512294e-01
3.750516207556950921e-01
3.770022885990285122e-01
3.791338575681084677e-01
3.805681447419474450e-01
3.842988862311700893e-01
3.884406544351184376e-01
3.884676881678080784e-01
3.908730337480478267e-01
3.939830894790102844e-01
3.951080476716809509e-01
3.982271326357392227e-01
4.012834359035414300e-01
4.031214743219648788e-01
4.046789565201416305e-01
4.076526356392794481e-01
4.096114929115914349e-01
4.117909502586994952e-01
4.143985134654273872e-01
4.156155740714145841e-01
4.184079809278055118e-01
4.209821026857321624e-01
4.230392930442087862e-01
4.257262657841567877e-01
4.278094648679200418e-01
4.301981646057131958e-01
4.307184179367666288e-01
4.340099168465538226e-01
4.375311938061241523e-01
4.381500453691368202e-01
4.408119861782093252e-01
4.435271870209335776e-01
4.465803443134854223e-01
4.472855865733788017e-01
4.501893293716648925e-01
4.526022766755634086e-01
4.535830909875921413e-01
4.562548496310775969e-01
4.584874097487059985e-01
4.605823046084193129e-01
4.622231277274801986e-01
4.650736350455544899e-01
4.664183597183914065e-01
4.699976944364965270e-01
4.711394795302136784e-01
4.731661767213031222e-01
4.759287206639422618e-01
4.773470345573943563e-01
4.794619736873257931e-01
4.818828497706835190e-01
4.843915103622291607e-01
4.866232652184511731e-01
4.883188022205907641e-01
4.903246527187373749e-01
4.930079820328998608e-01
4.949332402307714540e-01
4.971828772584453437e-01
4.993857204380370285e-01
5.001658852523467313e-01
5.024126000619181243e-01
5.051554122575874217e-01
5.069094749328010296e-01
5.091178129131717078e-01
5.108753600280828699e-01
5.129702062823972009e-01
5.154537030816268572e-01
5.165404211313922023e-01
5.187339333153044851e-01
5.213771001072480260e-01
5.234680760152098378e-01
5.255667179029529512e-01
5.265311473726584923e-01
5.281373859529940873e-01
5.310955027938129014e-01
5.334827478166004333e-01
5.357881125681529522e-01
5.366802189809731782e-01
5.383434338832430166e-01
5.410439937582428582e-01
5.430385028824582516e-01
5.449344882302131765e-01
5.473024787693283599e-01
5.486602638821472810e-01
5.499583985744791459e-01
5.522821124806243098e-01
5.539276610796616263e-01
5.551561339671461370e-01
5.575658130200884521e-01
5.598465245595489748e-01
5.615891916001348738e-01
5.639901841509658009e-01
5.655994061557503283e-01
5.670014219639377684e-01
5.699942882382609266e-01
5.714520348967396801e-01
5.729959253932622731e-01
5.743360569747466560e-01
5.759605915632984852e-01
5.788372093364674287e-01
5.813702234473467900e-01
5.831673742861157583e-01
5.845535434249322648e-01
5.870161411832680587e-01
5.877141887380979979e-01
5.897177241748501331e-01
5.918690280327006947e-01
5.931451152558989692e-01
5.944861491162211076e-01
5.966979467124760017e-01
5.985689914414247248e-01
5.987651078405312743e-01
6.019119218060176024e-01
6.043950864241377507e-01
6.059618853493135004e-01
6.075930381349463616e-01
6.095565054541666195e-01
6.112951995782793801e-01
6.130007431130222173e-01
6.138374220367051048e-01
6.159882198567460110e-01
6.174451050012293996e-01
6.190767720051385536e-01
6.208960224815875950e-01
6.222608960524752542e-01
6.238840039393618309e-01
6.263124213524475792e-01
6.276995069754860435e-01
6.294507212523828832e-01
6.318125561341134677e-01
6.329073666008275811e-01
6.348344110220948133e-01
6.367415238191558302e-01
6.382323598344491478e-01
6.396913141406737058e-01
6.417358081177126916e-01
6.428466283391109926e-01
6.443322351759854794e-01
6.464614903305129223e-01
6.479792458929225507e-01
6.494229864421268150e-01
6.512218899811569317e-01
6.533552365303253451e-01
6.547009875758856845e-01
6.557472042134717682e-01
6.573445673582145599e-01
6.589469148202521387e-01
6.607366775836631678e-01
6.624118870345928611e-01
6.636894326624515061e-01
6.655556712452012080e-01
6.678828451176598291e-01
6.695259678429624772e-01
6.711356108571012724e-01
6.725693825409028159e-01
6.735645056664105734e-01
6.738988767755144105e-01
6.757772313382099938e-01
6.780427368378820763e-01
6.793088202003667586e-01
6.808754505099394727e-01
6.826572006375667412e-01
6.843501665550988378e-01
6.862187798212676659e-01
6.874637658025563036e-01
6.887042280762843971e-01
6.899023173980394219e-01
6.912322812684766893e-01
6.933524436914955125e-01
6.946538615594568533e-01
6.955087666153594306e-01
6.975019303536302839e-01
6.995241098136487645e-01
7.007027538045533799e-01
7.022787179422265158e-01
7.038929251784328267e-01
7.056517535470758773e-01
7.065409962232371832e-01
7.087010109676386005e-01
7.097233966205545030e-01
7.106102418884877592e-01
7.121710313322066055e-01
7.138992736622378210e-01
7.148611468305936523e-01
7.167390454100184272e-01
7.179118559748015604e-01
7.196853224000154814e-01
7.212735094182803897e-01
7.224048499586728234e-01
7.230601694085634357e-01
7.247527246719730476e-01
7.263014799791411846e-01
7.279184568538313860e-01
7.290104823662111322e-01
7.304820838441274944e-01
7.318721391951308330e-01
7.336178509483644028e-01
7.344775003948287306e-01
7.358753175834464866e-01
7.371398537017271879e-01
7.388478543434667811e-01
7.405136763252925247e-01
7.411864384824846663e-01
7.422628903627397357e-01
7.437242153974004122e-01
7.449743265998323150e-01
7.467465385365650299e-01
7.476791600322401088e-01
7.490590302012045676e-01
7.502770061275377822e-01
7.520318648440771359e-01
7.537570316449132557e-01
7.545497714844690007e-01
7.559484048963746039e-01
7.571226245470739080e-01
7.591370030576269912e-01
7.599051587548505404e-01
7.609190737032679452e-01
7.621447000922881854e-01
7.635794163107917365e-01
7.650776608426832492e-01
7.660108849338175263e-01
7.671428941390442402e-01
7.690503605261850284e-01
7.699175397903728069e-01
7.705133012201444975e-01
7.717009155679551702e-01
7.729328723470852980e-01
7.745877944441984519e-01
7.762457110145654093e-01
7.776463053337711040e-01
7.785741815007246602e-01
7.795736194604294678e-01
7.807467170911418508e-01
7.819903333158002567e-01
7.831096399130820229e-01
7.846335482359536595e-01
7.859826744604034854e-01
7.867099639197266958e-01
7.876489791752958602e-01
7.884410600248260570e-01
7.899856915378952182e-01
7.913065596955672909e-01
7.928892282403690039e-01
7.940334317722606006e-01
7.949869882213110861e-01
7.966461310077658231e-01
7.975870198482611917e-01
7.990598939097590669e-01
8.000027090832921850e-01
8.010273596972510290e-01
8.019494927400344642e-01
8.028641297391595488e-01
8.041086862759463383e-01
8.055016673460293486e-01
8.064518513029359514e-01
8.074973597243717549e-01
8.088000181593517635e-01
8.098966568842607128e-01
8.109561045509627863e-01
8.122439567631797308e-01
8.132779719039499033e-01
8.145641931711549155e-01
8.154081756925758429e-01
8.166219213012291256e-01
8.178624176685773683e-01
8.184549174921919024e-01
8.195051570566233012e-01
8.209850420258920645e-01
8.217836967742422338e-01
8.227242311421667509e-01
8.241703533230635426e-01
8.251985844106728418e-01
8.265544939957650827e-01
8.275214062395903625e-01
8.281151718198089817e-01
8.289569838341503960e-01
8.302749641627671373e-01
8.313019373543116819e-01
8.323646780941433843e-01
8.329334897180730168e-01
8.340464565003512520e-01
8.350200298371978080e-01
8.361098820596238879e-01
8.376242565252097760e-01
8.386463674745168184e-01
8.393763326936927172e-01
8.404712685132341710e-01
8.415275318927456505e-01
8.422785832885980595e-01
8.434271279748887240e-01
8.444098829663769790e-01
8.453975621537259677e-01
8.468777102672645496e-01
8.475971540779697611e-01
8.482170215914410782e-01
8.489985350355501170e-01
8.503931112214546673e-01
8.513209144562934316e-01
8.524730069109874853e-01
8.536953902756931889e-01
8.545812378802948306e-01
8.550702136974319689e-01
8.561682165101478503e-01
8.567259913858853437e-01
8.583868730413430903e-01
8.595141400108718965e-01
8.600635289328524280e-01
8.611532388657192616e-01
8.613988710883178079e-01
8.627760151635888164e-01
8.636487225440271365e-01
8.643587639174040715e-01
8.661661736783224930e-01
8.669872931246844772e-01
8.674506613104321362e-01
8.680310937966622120e-01
8.693633615396160197e-01
8.703223096021228677e-01
8.712556769596453421e-01
8.716984893135818480e-01
8.721757858724414891e-01
8.733036364385406980e-01
8.741917970732440146e-01
8.750999561157152273e-01
8.763264404963868603e-01
8.776189855182725541e-01
8.781598775572484472e-01
8.789681388891940061e-01
8.796588816915145159e-01
8.810217616534753438e-01
8.822834028069085344e-01
8.827447518242048652e-01
8.834695492695513463e-01
8.834097101737298230e-01
8.836488284010100003e-01
8.838635487725023943e-01
8.850611713755947019e-01
8.874910157729147819e-01
8.908507503862865828e-01
8.928356548879867738e-01
8.942255029030912183e-01
8.932352185032514935e-01
8.905242733620987172e-01
8.883640209253854669e-01
8.881082646110270984e-01
8.902045687895190351e-01
8.941523102153218217e-01
