6.576494206740326476e-01
6.568560598691649544e-01
6.566696393203953486e-01
6.569887629463357914e-01
6.572838761028652055e-01
6.573160638693772428e-01
6.572785218667985818e-01
6.572379505623067164e-01
6.571137622376126419e-01
6.571463029568151981e-01
6.571925357654153643e-01
6.569796054038067323e-01
6.571678677532123425e-01
6.575893732813899994e-01
6.576022311203897353e-01
6.580597244584537320e-01
6.584826574105474561e-01
6.579957512100922390e-01
6.579993427073752565e-01
6.584045592242069311e-01
6.586595617792410096e-01
6.590898721350637590e-01
6.596957947472553707e-01
6.605501126742128193e-01
6.597968458456522356e-01
6.603485079044122408e-01
6.615869020971184566e-01
6.613100532801312603e-01
6.625834781219598346e-01
6.628980993752601192e-01
6.632594610580953010e-01
6.629312712385230233e-01
6.637880565496717677e-01
6.639913309644833728e-01
6.658066800913937655e-01
6.664178220852577939e-01
6.666146836330029135e-01
6.679102102926849360e-01
6.686000752575023132e-01
6.680506158417404139e-01
6.695937336003841001e-01
6.699089821914935294e-01
6.703056573461353418e-01
6.708060701466037612e-01
6.709315390765756559e-01
6.720599525802244401e-01
6.725671571474920452e-01
6.734381778666223006e-01
6.746325081607760232e-01
6.754668238454685225e-01
6.755292673002571968e-01
6.767125042970902893e-01
6.779982090080131085e-01
6.778236936354861131e-01
6.781506898014901807e-01
6.793756034123217269e-01
6.805802166502149531e-01
6.822595614523554453e-01
6.824974723997135895e-01
6.820383762210034950e-01
6.833170899551122002e-01
6.836326490770879838e-01
6.846927040392749575e-01
6.857436433294528122e-01
6.859549541393983318e-01
6.868124620653144330e-01
6.884494677348711456e-01
6.881104283734279514e-01
6.893127708256695518e-01
6.898198296136071050e-01
6.908314554090811965e-01
6.926184192787842031e-01
6.927051192281187264e-01
6.928939333593955308e-01
6.947279140305915313e-01
6.948382142909881320e-01
6.960969800056828749e-01
6.967347430276855658e-01
6.967555210857804271e-01
6.986660412004827014e-01
6.999968193108364600e-01
6.999288769558595913e-01
7.012867496214449936e-01
7.032238562415227268e-01
7.024553034966261045e-01
7.023913272621630233e-01
7.036008560686517477e-01
7.045654916924742883e-01
7.061090332590641561e-01
7.058266534150705596e-01
7.063636766114429477e-01
7.082138094967039832e-01
7.089850810278716109e-01
7.096203050468288254e-01
7.105192654713867739e-01
7.119538894203002455e-01
7.120685472673808913e-01
7.135958227139336252e-01
7.133687917033749715e-01
7.144763538011495996e-01
7.152803104881380047e-01
7.167985041383196920e-01
7.169213622751392512e-01
7.178715889001533457e-01
7.181914097152437559e-01
7.191873663407248873e-01
7.203887998841088658e-01
7.205586499203048279e-01
7.220376618299033655e-01
7.221169141954848492e-01
7.229186909398171990e-01
7.235294949518756846e-01
7.241314668753324746e-01
7.257667248046975050e-01
7.267754135547614958e-01
7.263774767290320789e-01
7.278350399071682464e-01
7.289825395735125557e-01
7.294027478400826325e-01
7.299914132765296104e-01
7.312728358153754993e-01
7.315284839057544231e-01
7.324412463684849550e-01
7.334168134977220310e-01
7.345929351236365479e-01
7.352496431711762481e-01
7.362651975464231668e-01
7.366201151878958298e-01
7.374652716227051430e-01
7.384211368474905557e-01
7.387816187613965857e-01
7.399117085860791310e-01
7.405438944560154280e-01
7.408926397983277568e-01
7.414332287078435613e-01
7.432080829662655042e-01
7.433973830819284867e-01
7.442863400980876953e-01
7.460320020578078415e-01
7.458618646241714778e-01
7.466437211265199991e-01
7.478375432267243550e-01
7.484719859214581383e-01
7.494669787481970102e-01
7.497561458191901451e-01
7.502636934041482242e-01
7.513849085628494517e-01
7.524914960038706635e-01
7.537337650281624724e-01
7.537404193324311885e-01
7.542712801128022004e-01
7.548330070099348310e-01
7.556642353618356900e-01
7.564075668685531495e-01
7.568016191255992897e-01
7.581219112609332011e-01
7.585237659533017318e-01
7.592746895446750299e-01
7.601283036041496244e-01
7.611162856703092006e-01
7.614384016129843724e-01
7.622850874685479505e-01
7.629437357787408613e-01
7.639789150627734893e-01
7.651383929657847860e-01
7.655218424504152130e-01
7.659017354194885829e-01
7.666781356507843537e-01
7.674482955100307979e-01
7.678194930551903719e-01
7.690404385017763911e-01
7.701956674178748186e-01
7.701448184587817991e-01
7.707905318718312193e-01
7.718790912045976338e-01
7.723026991403112440e-01
7.731790991908821242e-01
7.741273224919973384e-01
7.744993876333426952e-01
7.750663982837905364e-01
7.760198235876587525e-01
7.763988001856932941e-01
7.773575065835335307e-01
7.782326234605360105e-01
7.785276564786215436e-01
7.792881267659969025e-01
7.799310143355352443e-01
7.806085185023128314e-01
7.813001856591291761e-01
7.823081116067613916e-01
7.831952212836406080e-01
7.830287980934218517e-01
7.841626281783596886e-01
7.850334647057660709e-01
7.852850768654147107e-01
7.860260210528686731e-01
7.871978986635359554e-01
7.877046090808710321e-01
7.881985228055354842e-01
7.887236906010117732e-01
7.897234895102165364e-01
7.901445899861713196e-01
7.907194443080177715e-01
7.915023106926445395e-01
7.920932243139719997e-01
7.925138167542588041e-01
7.933547999408944174e-01
7.938684486854072908e-01
7.949373900432701312e-01
7.953052265137730004e-01
7.958658070587044664e-01
7.971275127282155815e-01
7.974447731169479470e-01
7.977604637510912200e-01
7.988864862879733186e-01
7.996158783510199930e-01
8.001194577341174119e-01
8.005216897171928414e-01
8.012624321520027681e-01
8.020349078668439491e-01
8.023343061542134169e-01
8.030227214363879762e-01
8.041265713847078889e-01
8.043299465525115544e-01
8.047479244623555461e-01
8.058279715005370880e-01
8.062921547842941683e-01
8.068331303483291528e-01
8.075663863145909893e-01
8.082500277430173519e-01
8.088646887100583438e-01
8.091407523566408466e-01
8.099571965039102928e-01
8.108437897014257878e-01
8.113441044892332199e-01
8.120418352024857400e-01
8.124735938704235050e-01
8.129023232420284906e-01
8.136442102434390256e-01
8.144922061037614958e-01
8.150833030466244633e-01
8.151649067161054196e-01
8.160389517850258345e-01
8.168047192221163932e-01
8.172904469329431709e-01
8.179476724405720933e-01
8.187014975029075492e-01
8.189594722949603556e-01
8.195038123440245847e-01
8.201448360773797575e-01
8.204912006372471200e-01
8.209950216346819651e-01
8.217466156406696420e-01
8.224074122076026061e-01
8.230012424088506418e-01
8.237231212885758325e-01
8.242510144879869882e-01
8.247722681930451660e-01
8.256960910507444851e-01
8.261250253006012789e-01
8.264552527451003439e-01
8.270412832330525932e-01
8.275593777552511243e-01
8.283631131318586194e-01
8.289907704857067960e-01
8.296046677509658629e-01
8.300141042949613635e-01
8.307190841846012752e-01
8.308730202701144485e-01
8.316798287000723988e-01
8.324255692748481206e-01
8.326050801471173157e-01
8.332317530006111417e-01
8.336736428714007774e-01
8.342097613121418620e-01
8.349012578468597567e-01
8.354853754770604768e-01
8.360159659248168618e-01
8.366634468733488150e-01
8.370985017117142934e-01
8.378761926587783293e-01
8.383255366905821848e-01
8.386572074311436920e-01
8.392968851114511741e-01
8.397947189249032052e-01
8.400666307203387140e-01
8.405780083021247018e-01
8.414035913336063155e-01
8.419676368354687135e-01
8.421259219251397976e-01
8.428332074280568964e-01
8.432506828121936193e-01
8.436820663187566405e-01
8.444273932255603743e-01
8.449736634506317401e-01
8.455670861079062073e-01
8.462188775241652472e-01
8.465634838497044790e-01
8.471263671151136876e-01
8.478174717654612946e-01
8.480084575347696108e-01
8.484643216989653514e-01
8.491607675568524360e-01
8.495745558876884873e-01
8.499082029371478608e-01
8.504684015960269905e-01
8.511590175029004612e-01
8.515388935948046134e-01
8.519109131983627625e-01
8.523451749745813988e-01
8.531035660367030093e-01
8.537095769255662603e-01
8.539093909011833405e-01
8.543139724904420529e-01
8.550286943086016223e-01
8.554846825153478163e-01
8.558207760087470639e-01
8.561828936058185624e-01
8.567484218061539591e-01
8.573962371156624851e-01
8.578297693239589350e-01
8.581355083988435606e-01
8.585940354273051689e-01
8.588825705521851983e-01
8.594259854745410765e-01
8.602001681928342913e-01
8.607230737448930968e-01
8.611741315136811625e-01
8.614104006136724667e-01
8.619112468498519863e-01
8.623627082508262820e-01
8.627588605979110703e-01
8.632908368625336060e-01
8.637844678471203741e-01
8.641925360078143159e-01
8.646959122185432500e-01
8.652541051195913324e-01
8.656281875567009010e-01
8.659593370599815154e-01
8.665033408729146958e-01
8.669003916071439386e-01
8.673198967206049437e-01
8.679896652388688905e-01
8.684324436031499728e-01
8.685308517357865910e-01
8.690129693400598931e-01
8.695424085184921825e-01
8.701292325876132105e-01
8.704645298372126749e-01
8.709561064253759088e-01
8.712900104737678619e-01
8.717560109606904417e-01
8.720091021303996159e-01
8.723002379114661586e-01
8.728563767435723042e-01
8.733889586666824245e-01
8.738255577390511286e-01
8.741444264127258279e-01
8.745007296936606611e-01
8.750213013881377178e-01
8.755639285068176347e-01
8.757356196527565917e-01
8.759806696809885329e-01
8.765508141439128931e-01
8.768639473707214860e-01
8.773029198995652145e-01
8.777826140246403064e-01
8.781710171001471110e-01
8.787093995190298212e-01
8.791039048518622945e-01
8.793908123695765022e-01
8.796283730810255941e-01
8.803155829642302921e-01
8.807338162110069923e-01
8.811545115987092780e-01
8.816048899777558789e-01
8.821328681779126990e-01
8.823407887713734521e-01
8.826685738319308694e-01
8.829747930879705553e-01
8.834225942671066756e-01
8.837552087912158294e-01
8.840680344655887923e-01
8.844990481804591020e-01
8.848426794744631563e-01
8.852321495020091247e-01
8.856394990832224812e-01
8.858734581958556120e-01
8.862723142195789716e-01
8.865385165941777057e-01
8.869054766730946060e-01
8.872964378991794465e-01
8.878003608506209732e-01
8.882932141253664371e-01
8.886164441364169386e-01
8.888986116765823509e-01
8.893014534599200660e-01
8.895918933044535404e-01
8.898168564824786575e-01
8.901642455121029363e-01
8.907762203337494800e-01
8.910357035014713212e-01
8.912819807772669467e-01
8.916929597780938188e-01
8.919417720640125946e-01
8.923331690631792767e-01
8.928029956586679416e-01
8.931786001119033092e-01
8.934636559092232755e-01
8.937752024793144123e-01
8.940577423750258879e-01
8.944365519231008976e-01
8.946310417149324623e-01
8.950720357875545652e-01
8.954402178932842071e-01
8.959387353992691594e-01
8.960326986048340325e-01
8.962206450985419348e-01
8.965924014001585007e-01
8.969166386896625376e-01
8.973578756646349852e-01
8.976538793467723210e-01
8.979798907998266522e-01
8.981717838933002129e-01
8.986419215906381597e-01
8.988465884715012288e-01
8.992738779876713329e-01
8.996829558518230074e-01
8.998480691584184177e-01
9.000497300360159603e-01
9.003558334675229036e-01
9.006543015214576453e-01
9.010096686490274287e-01
9.013017761036108411e-01
9.016083745655013582e-01
9.019000513362511740e-01
9.022523110622949760e-01
9.026006279665470533e-01
9.028423671967275022e-01
9.030724043641500387e-01
9.032811316228503973e-01
9.035539968844118475e-01
9.038904410121976207e-01
9.040901637066339758e-01
9.044755055813928912e-01
9.046529427119378575e-01
9.049494839652854061e-01
9.054339595725250378e-01
9.058551503614100664e-01
9.061302661131854785e-01
9.063499017801693869e-01
9.065959667014245049e-01
9.067290979358300085e-01
9.070203743632301308e-01
9.073148609256860286e-01
9.076780088443592298e-01
9.079263810697624226e-01
9.080484170620425344e-01
9.084938832870360637e-01
9.086559898319239714e-01
9.089261735525240304e-01
9.091625382217213280e-01
9.094502762446958766e-01
9.095963935745059459e-01
9.099485676386005473e-01
9.102891505580024134e-01
9.104852353414278898e-01
9.107580562210496611e-01
9.108487685286194013e-01
9.112009295453078472e-01
9.114507755790539623e-01
9.117526254006089736e-01
9.118440463868131562e-01
9.121059041425390035e-01
9.121969312627080662e-01
9.126525295854720499e-01
9.129829345170336063e-01
9.131151548132430129e-01
9.133824533203407370e-01
9.135422504625929641e-01
9.138234705208780895e-01
9.140768104517270620e-01
9.142845685790872423e-01
9.143723264581660182e-01
9.146131715694143516e-01
9.147364640691237891e-01
9.149808699066490636e-01
9.151490572677377644e-01
9.154929563697824513e-01
9.157231571561968986e-01
9.160628077221339982e-01
9.160302695690244468e-01
9.162817553273275850e-01
9.165096022294934031e-01
9.168845969521399741e-01
9.172009233473823464e-01
9.172775643088949549e-01
9.173104465450786504e-01
9.172800794417669268e-01
9.170877419200837988e-01
9.168385081115257851e-01
9.171786093675854401e-01
9.181275760691862686e-01
9.191899270213510498e-01
9.200643303192351796e-01
9.203077331659721416e-01
9.196434655637415467e-01
9.185349073174713386e-01
9.177133747765450211e-01
9.172809578495619842e-01
9.176097708252344276e-01
9.188655967863634810e-01
