2.016969059823772031e-02
1.806932608894981640e-02
1.751905571960432270e-02
1.738722261259037505e-02
1.668159826935760801e-02
1.627585500110965977e-02
1.473677637960534026e-02
1.418443818296886115e-02
1.414966461189407637e-02
1.489144384118375360e-02
1.621411682569013149e-02
1.430972126724224316e-02
1.558030248857333877e-02
1.865299327645439376e-02
1.803608179397940200e-02
2.123751025769458206e-02
2.436455473775140518e-02
2.148385364903307448e-02
2.196537757334515381e-02
2.535716827113043345e-02
2.819056858432684304e-02
3.069760340635757298e-02
3.577988409074373682e-02
3.995955566571375572e-02
3.585476178090861443e-02
3.965951357509333447e-02
4.677156903862306897e-02
4.771340893980584308e-02
5.569312366967626299e-02
5.662908421264152559e-02
6.007177736322419359e-02
6.191997127509567961e-02
6.711715495495812478e-02
6.641215106805591073e-02
7.429230601571054637e-02
7.949608334783818397e-02
8.404842142728197185e-02
8.990322503715103553e-02
9.240681058506396151e-02
9.313923269711335551e-02
1.000736648192268735e-01
1.030014429834219120e-01
1.069528641039779876e-01
1.105976656250469842e-01
1.134335182674170439e-01
1.197607049253220368e-01
1.243183014969370115e-01
1.278741695869739514e-01
1.312359849108750698e-01
1.390134724365262031e-01
1.409750175148433426e-01
1.440072461480454979e-01
1.503460697289817904e-01
1.501867459576629871e-01
1.556070289066541767e-01
1.623303177211415926e-01
1.676209889868399694e-01
1.723597880642556701e-01
1.765102739362457707e-01
1.792495193156851130e-01
1.837480993021832765e-01
1.871812341001027613e-01
1.936561895233065433e-01
1.958041088005880448e-01
2.007620300912578148e-01
2.050784936904060940e-01
2.078511637293102843e-01
2.127282128097443270e-01
2.165480983071793597e-01
2.200757085554282400e-01
2.223938462311026987e-01
2.298585168792824374e-01
2.345275758377375619e-01
2.341201728547949168e-01
2.425886248484875884e-01
2.451512927259575092e-01
2.489433977619429916e-01
2.520597299805794611e-01
2.564263144475145140e-01
2.588131444123406566e-01
2.638482682560683856e-01
2.677011149982655436e-01
2.707576646991693980e-01
2.761050275163314804e-01
2.803867030605606270e-01
2.853166816859774024e-01
2.888437200842058905e-01
2.920914777614010416e-01
2.957835026248467059e-01
2.987063866601946671e-01
3.032777495008928126e-01
3.076907385012929153e-01
3.107577620541824848e-01
3.140726486826267427e-01
3.178981070125390662e-01
3.202382420405096575e-01
3.238450886965732467e-01
3.279746630697494836e-01
3.305450054708846674e-01
3.356618662682266940e-01
3.415577016838087787e-01
3.432321312228869270e-01
3.475940985779977233e-01
3.499274146060422086e-01
3.538049113785202149e-01
3.552893836943599171e-01
3.596415842425798037e-01
3.638674163576727794e-01
3.682978300079968181e-01
3.715438579021742571e-01
3.731737356346641610e-01
3.763749985368603501e-01
3.797118979566505015e-01
3.837622404180779379e-01
3.857001920719611565e-01
3.890884832802892213e-01
3.943373757533630286e-01
3.963896467956624092e-01
3.993084453629425212e-01
4.024563354027223538e-01
4.053869392861232379e-01
4.083889055237729937e-01
4.144644869251576380e-01
4.161090340361375262e-01
4.177716082120276342e-01
4.214084479197602873e-01
4.239935732174614502e-01
4.274298564692678437e-01
4.314696352053648543e-01
4.332779101950615108e-01
4.373776015528429983e-01
4.397697151757822276e-01
4.414109545865422812e-01
4.454512890336105868e-01
4.476299141247052638e-01
4.520581194892874799e-01
4.540443424443174059e-01
4.566352043449314890e-01
4.597834383807423708e-01
4.623042905722401508e-01
4.649072195368462723e-01
4.679802655077547335e-01
4.705441764492645507e-01
4.743517207141372261e-01
4.759983547420222338e-01
4.785872538889220928e-01
4.814621575581981006e-01
4.838217286596151467e-01
4.859481619582745604e-01
4.892657009398087564e-01
4.921920344308424733e-01
4.941775454956058300e-01
4.977831124947919572e-01
4.995374338255557101e-01
5.023591949680046298e-01
5.047132827078314454e-01
5.073923997361464711e-01
5.097357288245195628e-01
5.121675308724655817e-01
5.150972996144449478e-01
5.173238412164407052e-01
5.203893079709257519e-01
5.223189037700893822e-01
5.241767996554874687e-01
5.263326748562089374e-01
5.282941731587440515e-01
5.317797921632717584e-01
5.342240355221824499e-01
5.370612871698354773e-01
5.387036830554214895e-01
5.407733450767526762e-01
5.423174670675914300e-01
5.460534135504481190e-01
5.477971097514321430e-01
5.499687348287291000e-01
5.523044617002084156e-01
5.541155689919852190e-01
5.568768763414128076e-01
5.592840282566308163e-01
5.616408976858697777e-01
5.634468443602667076e-01
5.651879208334450455e-01
5.675753007607999834e-01
5.700017679627178424e-01
5.717901167757741820e-01
5.741063250022875319e-01
5.756324057165453922e-01
5.782140189657616336e-01
5.804095408166752845e-01
5.824790795185904591e-01
5.843402881759245382e-01
5.867669143947757959e-01
5.886581338216787529e-01
5.911592545585413472e-01
5.928767652020640044e-01
5.944279873697732031e-01
5.969568911685491086e-01
5.984358707607537742e-01
6.001390336795262570e-01
6.017900687043583607e-01
6.040531982784993481e-01
6.064542852606045198e-01
6.075126272655466675e-01
6.097711005747953328e-01
6.112463390619968795e-01
6.140548729852871590e-01
6.155197080818627375e-01
6.181558805559319580e-01
6.198327805246424127e-01
6.214394561647733628e-01
6.224230234623754354e-01
6.248454368292308825e-01
6.266360344698901352e-01
6.283973107099000144e-01
6.303125371392188647e-01
6.317389931209399512e-01
6.335817479247333184e-01
6.358092796305320205e-01
6.372431767045425577e-01
6.387651350726982757e-01
6.394398959985172493e-01
6.421551519457413537e-01
6.445389488310361292e-01
6.449511274664536664e-01
6.473505953772746846e-01
6.490093556301402833e-01
6.497677420248560987e-01
6.518517978181538330e-01
6.536370125466872683e-01
6.550774241406922549e-01
6.568440162122081150e-01
6.582042450718192939e-01
6.602108882483563868e-01
6.618702165650768299e-01
6.632389847389414950e-01
6.646851702716648491e-01
6.654576802131525470e-01
6.675905110752098359e-01
6.695646483360093715e-01
6.707295641386753493e-01
6.718859562735204349e-01
6.734926607269994259e-01
6.756120039008359779e-01
6.774961965970492939e-01
6.779886824135904488e-01
6.799127709862367031e-01
6.817978455988226161e-01
6.826244277792232751e-01
6.849430162957550472e-01
6.856378640874801755e-01
6.870980351152935484e-01
6.894093745212412916e-01
6.906357865746279856e-01
6.916122080378136472e-01
6.932269685312122398e-01
6.945120425853308355e-01
6.956768211265615953e-01
6.972321042857214657e-01
6.982973144835205037e-01
7.005014264312779959e-01
7.019395050328854913e-01
7.031376673662470544e-01
7.041696337294932606e-01
7.054296775656162533e-01
7.066928051748625483e-01
7.081264534632850660e-01
7.098823825022870793e-01
7.108454464447646615e-01
7.124161983506397400e-01
7.137450239661617957e-01
7.150590683089115274e-01
7.164769019532940542e-01
7.170661880741948657e-01
7.190017077255599354e-01
7.201176056185381036e-01
7.218199025475804387e-01
7.233086172055880336e-01
7.240979451661947452e-01
7.254891039472822767e-01
7.263440778756385940e-01
7.275019075744001418e-01
7.290351814717724865e-01
7.302282367434708155e-01
7.311051982933147730e-01
7.327572082470275028e-01
7.337133588782652760e-01
7.356643161087481619e-01
7.359970299248677073e-01
7.376125400461920334e-01
7.382375979657187504e-01
7.394068530039105136e-01
7.404455110283229002e-01
7.417710803878609926e-01
7.430702362101129221e-01
7.443391506131401547e-01
7.451462861568957097e-01
7.466374310188211849e-01
7.473828850533524859e-01
7.485618352189904456e-01
7.496093310543807675e-01
7.516439551362807947e-01
7.517692438398070331e-01
7.528406751099140370e-01
7.541817558814442046e-01
7.559854255271264423e-01
7.572018216441120941e-01
7.577196379071431398e-01
7.588755310042100133e-01
7.597660894400851683e-01
7.610919767814404713e-01
7.620789336119302426e-01
7.628282938825802217e-01
7.641117896429353573e-01
7.647959843320250028e-01
7.662127839677288499e-01
7.668387133774244857e-01
7.680363100378453378e-01
7.688071740673194654e-01
7.699287584118734706e-01
7.708339714435997747e-01
7.720233583473136152e-01
7.732078159263974237e-01
7.744431794263039182e-01
7.751494853172755661e-01
7.762193982972389605e-01
7.771940413738791520e-01
7.782739297770365772e-01
7.793427707202333909e-01
7.801966151132627703e-01
7.806535476685755315e-01
7.822767196900545228e-01
7.827068843888650429e-01
7.842319330756921669e-01
7.850554063690163842e-01
7.858208537020822115e-01
7.866451905262492605e-01
7.879960056549305536e-01
7.886714974331838768e-01
7.897827891423132574e-01
7.907837844479911338e-01
7.914480967584160975e-01
7.926299309192598175e-01
7.930049582988796253e-01
7.939698582867596999e-01
7.950176427200204010e-01
7.958728221637280109e-01
7.970527050846990536e-01
7.979090184762895888e-01
7.986936057480275020e-01
7.998844106620248695e-01
8.003323924044218884e-01
8.012478564934053527e-01
8.023227075849483914e-01
8.029449899785483513e-01
8.039734648400883588e-01
8.055202207103607792e-01
8.060712217761762943e-01
8.065678064044174977e-01
8.076463366020676382e-01
8.079633046118879225e-01
8.093493621740394106e-01
8.099887076964001897e-01
8.109326182109370951e-01
8.116294964161506753e-01
8.122536610788911871e-01
8.134265314653319479e-01
8.139146432000130549e-01
8.153833208302355695e-01
8.155303295861543456e-01
8.165723876511619128e-01
8.173980241181161288e-01
8.185133227582046533e-01
8.186883815449426116e-01
8.199262218073927189e-01
8.207904317257905813e-01
8.215181646870237664e-01
8.221637906607089930e-01
8.229057859980628553e-01
8.235811828135767287e-01
8.243900535260813012e-01
8.252638967583290075e-01
8.261599286711519552e-01
8.268686760451882112e-01
8.272580160148224060e-01
8.285173502535928547e-01
8.295911445682101482e-01
8.299679990697143017e-01
8.308627745329348890e-01
8.316723152288874044e-01
8.327008624665296344e-01
8.330344474703896829e-01
8.336498395377472947e-01
8.346386181313322217e-01
8.351020741910707423e-01
8.359694698004241920e-01
8.369526665077146044e-01
8.376468643605242681e-01
8.374697117711507044e-01
8.387761216473758052e-01
8.401987560253892928e-01
8.407827979307387345e-01
8.408742678332576936e-01
8.419012957376809103e-01
8.424700065581354202e-01
8.429782111625701013e-01
8.436525621495317706e-01
8.447983600381105962e-01
8.448309233364961202e-01
8.459396495039179786e-01
8.470224989185615172e-01
8.475218585629288315e-01
8.479830040543544500e-01
8.485328412903284656e-01
8.494498640989286420e-01
8.502979640579836351e-01
8.510690477681870370e-01
8.517938943621778947e-01
8.520932758472653523e-01
8.531769647310818439e-01
8.534575308817936579e-01
8.544377595267872438e-01
8.553024296263979087e-01
8.556205567688214275e-01
8.560008927339276541e-01
8.567049085939401065e-01
8.576810215987913377e-01
8.578529928127054394e-01
8.587967598699169924e-01
8.591356989779177500e-01
8.600862199926463392e-01
8.608109477702423629e-01
8.614305434933317018e-01
8.622256366158521645e-01
8.623689419063991224e-01
8.632481307575128326e-01
8.638816286357327012e-01
8.644712682381134883e-01
8.650035309299671793e-01
8.653512074558907807e-01
8.660137011367636806e-01
8.670977058534644621e-01
8.676768057822286107e-01
8.681073527538238910e-01
8.689831901427708116e-01
8.695488554278761884e-01
8.698306566339404355e-01
8.704882687218459258e-01
8.711707330147310246e-01
8.717258578623208187e-01
8.726727740316725379e-01
8.731725413071251829e-01
8.735816045738001856e-01
8.741807689872578280e-01
8.749036615998246891e-01
8.754466791556516636e-01
8.762555628592525458e-01
8.763991553754765240e-01
8.772837624126581524e-01
8.777609293375667754e-01
8.778997211368069209e-01
8.788810077108489827e-01
8.793179713021689325e-01
8.804883731444799189e-01
8.803863852243623001e-01
8.812509867605899938e-01
8.817544280918849786e-01
8.827127774266707583e-01
8.829241848474616017e-01
8.838707062292944228e-01
8.838785046785612165e-01
8.845861702771766755e-01
8.853299393951811203e-01
8.850697740477805331e-01
8.856614968325660087e-01
8.864575685531579374e-01
8.874381275958469484e-01
8.877167703688823019e-01
8.884756034382330636e-01
8.891099800988897517e-01
8.893213954993374193e-01
8.898905007965562941e-01
8.904093616699533253e-01
8.909560155163137596e-01
8.915441864168778263e-01
8.915353664743261852e-01
8.923460821306568036e-01
8.927853924333821745e-01
8.936252580572424664e-01
8.940636961693008145e-01
8.943656796714164470e-01
8.950881796774154964e-01
8.955451749969425279e-01
8.960657514040545335e-01
8.968042190003326919e-01
8.973287532345591844e-01
8.986045649366601884e-01
8.986270815310749560e-01
8.994655259334587427e-01
8.991173336246606196e-01
8.988545325468968450e-01
8.986905852682867124e-01
8.993808326776715489e-01
9.008980050950269325e-01
9.025063551775248660e-01
9.045331045553638427e-01
9.052382872139037584e-01
9.048301296311227482e-01
9.032047245975866057e-01
9.016817892427182457e-01
9.015228150819445396e-01
9.026644329611919204e-01
9.050205029676711144e-01
