9.884916347640264334e-02
8.946442000337771761e-02
8.761040172400043347e-02
9.250779345488213679e-02
9.785716037184673255e-02
9.945073247235708402e-02
1.009350710740978818e-01
1.010281112488052996e-01
9.921458288825406313e-02
9.826187324266683065e-02
9.699455614037551243e-02
9.637991474223571442e-02
9.738118516295805882e-02
9.907333117456333660e-02
1.002845557641072471e-01
1.018438943330010338e-01
1.026494057623214551e-01
1.016029778888973972e-01
1.002391131095079629e-01
9.982182516274233641e-02
9.926519102833544772e-02
9.966690878710691981e-02
1.009303397985635287e-01
1.030054223755318410e-01
1.028382472642690726e-01
1.043825108248425393e-01
1.062350569415374951e-01
1.053097348651413911e-01
1.067151017258008150e-01
1.065206983647184052e-01
1.065755149815532238e-01
1.056692859892971736e-01
1.070047435662215413e-01
1.079438280085969759e-01
1.110372549214155014e-01
1.121391324251757443e-01
1.126796855090293342e-01
1.146388483013401210e-01
1.156057262561377974e-01
1.141457152673285569e-01
1.163503713234079612e-01
1.164694361375997050e-01
1.168388269351210013e-01
1.175384832256874956e-01
1.176122060583730672e-01
1.201601944252754517e-01
1.213328372171093711e-01
1.223994563728765250e-01
1.241062964000085589e-01
1.251378804554149349e-01
1.249678412155496021e-01
1.273488875238726614e-01
1.289467563513083670e-01
1.287121972678295090e-01
1.290140687451235835e-01
1.299561796352221021e-01
1.322245818746691504e-01
1.367649559094232525e-01
1.361091237889445194e-01
1.339678782658156042e-01
1.373718104236603677e-01
1.367542988465267340e-01
1.390671842938850100e-01
1.401718828362145675e-01
1.414354557356746478e-01
1.398486747947237097e-01
1.451400069489090505e-01
1.450224531877101763e-01
1.468979272091539279e-01
1.465004853550204156e-01
1.491390832119327547e-01
1.525481623084022076e-01
1.518411349767303797e-01
1.528599335899967770e-01
1.558871260408057624e-01
1.546956589028711804e-01
1.565639668738817991e-01
1.567316160785074131e-01
1.581548401789185931e-01
1.639281929227691392e-01
1.660001385169405097e-01
1.621712146849120795e-01
1.649656828605387537e-01
1.695361269906695278e-01
1.658033283871003516e-01
1.669416308063039756e-01
1.685034869185261519e-01
1.689021602485002993e-01
1.722033551931161088e-01
1.685141731140498977e-01
1.714817508938506208e-01
1.782095934726370123e-01
1.780188880944373608e-01
1.779005208908033819e-01
1.809970206354803712e-01
1.853967779909636293e-01
1.784515114039455508e-01
1.867658423553697211e-01
1.864525348960241469e-01
1.866165737105903721e-01
1.912597006316173742e-01
1.894404758835954161e-01
1.892981745736379562e-01
1.911710252849828373e-01
1.909191647715250129e-01
1.967608192309930060e-01
1.966469920233081259e-01
1.965286738010681711e-01
2.013912082615444687e-01
2.009097900899718125e-01
2.007912137395535257e-01
1.984870875803807222e-01
1.978690811358195245e-01
2.011297030972906685e-01
2.095883139846857479e-01
2.089966180864701317e-01
2.070098473415671603e-01
2.096448331739749760e-01
2.080297437284448769e-01
2.080423412843065145e-01
2.159710406229448654e-01
2.181228267935889087e-01
2.146782158263735307e-01
2.171076669376144908e-01
2.201818426643672999e-01
2.235231004156179035e-01
2.242186350306481779e-01
2.239361184200350519e-01
2.257029334857922620e-01
2.227441786167810578e-01
2.260000578149602701e-01
2.319584638178649461e-01
2.288855645917779180e-01
2.291833365635924380e-01
2.311292043586127276e-01
2.300696561321435851e-01
2.338503117914355056e-01
2.409840563906548161e-01
2.386765143322645277e-01
2.447573073649973729e-01
2.428636138560201774e-01
2.431425657801878915e-01
2.423612073869342298e-01
2.473213639460942193e-01
2.487174783624043484e-01
2.479894625657865226e-01
2.500942658211938174e-01
2.522536272553769776e-01
2.515918077300965949e-01
2.517936554565887164e-01
2.555025799742838832e-01
2.514238883666032875e-01
2.611438926250180814e-01
2.551469819502347192e-01
2.569041631904626088e-01
2.625266891396605407e-01
2.608264281596520684e-01
2.633742753216218313e-01
2.585644253302673001e-01
2.606213136851881496e-01
2.690569085971448171e-01
2.719876367480719148e-01
2.725149780395724752e-01
2.699802871961032857e-01
2.704866578564356638e-01
2.745289888816499491e-01
2.759178273269647930e-01
2.722767564979932664e-01
2.728843833614590375e-01
2.760618590269563466e-01
2.777741735306390458e-01
2.820731610648286036e-01
2.828767588419538459e-01
2.839472132955043748e-01
2.843657262557013343e-01
2.854160899759776160e-01
2.886235066287920481e-01
2.863268235769660386e-01
2.900737391122880648e-01
2.916126672244988560e-01
2.890129979527145121e-01
2.942054415264427347e-01
2.955644858720788415e-01
2.959974176512891741e-01
2.970363843984862307e-01
2.989778155134409365e-01
2.960614581266274858e-01
3.011438004692852388e-01
3.041186312063157149e-01
3.013251819617498439e-01
3.046890107461139863e-01
3.078995741477311143e-01
3.047856731444774647e-01
3.069218685489971121e-01
3.105117361006249355e-01
3.057474092518084885e-01
3.110273871259419676e-01
3.176677352538527233e-01
3.134262908144062609e-01
3.118418501345204819e-01
3.156234368467888962e-01
3.200475123661529198e-01
3.207842560153098543e-01
3.186847537643890393e-01
3.202020253683777740e-01
3.217998552302385740e-01
3.220499928466709072e-01
3.222035918531978016e-01
3.239829494641510155e-01
3.223559494948012305e-01
3.258424466269619901e-01
3.323908183407291994e-01
3.311969401504474275e-01
3.313530981380876650e-01
3.350984878576984127e-01
3.365356439367652719e-01
3.375855408426584603e-01
3.388270984100356653e-01
3.400819909172104749e-01
3.414763469499141890e-01
3.391940007259306444e-01
3.415081508199503957e-01
3.450614487892690874e-01
3.478696651407283125e-01
3.467434456257488806e-01
3.460968410702768283e-01
3.474814445871577950e-01
3.500133020998960620e-01
3.498653361361787062e-01
3.535745987355051745e-01
3.596531235414925920e-01
3.511051199122857125e-01
3.595836474727666099e-01
3.590097819790982192e-01
3.523978361865321429e-01
3.629531508313828536e-01
3.560216327254975277e-01
3.601483664606945356e-01
3.664317538291980147e-01
3.651547787650789578e-01
3.662051059376139617e-01
3.704374609841156740e-01
3.653909520547714562e-01
3.729323123438181287e-01
3.675374856762527176e-01
3.670905094540175551e-01
3.738677413667273464e-01
3.719803277221709892e-01
3.725333559012129481e-01
3.766988128818990478e-01
3.773729350074122579e-01
3.769193952159854977e-01
3.778388499586110560e-01
3.790854961196924444e-01
3.817728754666694369e-01
3.798453902065091481e-01
3.792609729881882275e-01
3.844854407249090888e-01
3.865987415399166349e-01
3.860127907897886734e-01
3.839728081010762573e-01
3.883733604624686753e-01
3.950541296182091822e-01
3.936885997351214361e-01
3.936132417198464628e-01
3.960083852549258210e-01
3.968195384528213632e-01
3.961139607466095391e-01
3.963115045659592051e-01
3.993389719383205194e-01
4.008027496361824538e-01
3.999971544758721964e-01
4.009678419589128850e-01
4.039193573613653054e-01
4.063626353261700630e-01
4.077058793475799026e-01
4.055539975491157523e-01
4.064219573597702695e-01
4.093881727576511587e-01
4.093038620373481984e-01
4.129804470180604703e-01
4.136276662329697595e-01
4.097776737337416320e-01
4.115786578154502218e-01
4.167161714127782801e-01
4.188582407364295213e-01
4.170129888738152157e-01
4.203257447157443538e-01
4.231266724411989477e-01
4.228623408297801367e-01
4.212618724544658910e-01
4.205120512511526520e-01
4.228396952865087766e-01
4.272805681829438540e-01
4.227146432349817018e-01
4.225539081152605569e-01
4.300022231558176533e-01
4.331893471287585617e-01
4.317936268236608477e-01
4.310604769464084218e-01
4.343402569494672627e-01
4.330260244718445728e-01
4.298528162749641335e-01
4.346777868372017073e-01
4.367319457826500662e-01
4.389615723160993910e-01
4.421283731647573934e-01
4.416283082052154807e-01
4.402385935233273373e-01
4.424476821944047233e-01
4.440943537495921634e-01
4.456910114041470750e-01
4.467058941228000957e-01
4.467125161795525434e-01
4.462198472516566983e-01
4.471674058422724363e-01
4.491066571514223948e-01
4.497530754988821600e-01
4.491345305902115226e-01
4.508457011483404386e-01
4.536892265861381390e-01
4.535882765704357666e-01
4.544148395604527546e-01
4.572214107942174088e-01
4.571609631391921891e-01
4.572090690673144553e-01
4.598689110196842456e-01
4.609475851960752601e-01
4.614474635962121374e-01
4.613903270087915121e-01
4.631070863206495081e-01
4.636039622254409798e-01
4.647006556629692531e-01
4.652710983187958727e-01
4.675376765814229230e-01
4.668083140015604204e-01
4.665294001532925838e-01
4.703529775645013955e-01
4.734241541641617257e-01
4.714132242131693351e-01
4.714672691221297729e-01
4.733515427249153640e-01
4.716202914001655921e-01
4.719126294604424898e-01
4.763109044058980168e-01
4.784793719625528019e-01
4.789052915604561367e-01
4.788871253520102789e-01
4.802016954785854330e-01
4.818287639741726247e-01
4.834927286196593066e-01
4.842869199317726969e-01
4.849676129520190115e-01
4.852805345584427776e-01
4.862916423926121334e-01
4.879969281101058654e-01
4.893657382918143450e-01
4.911433327432986329e-01
4.920626569004488693e-01
4.908662539751952880e-01
4.908617480398148603e-01
4.946180980165461594e-01
4.977025050426779895e-01
4.967616402234779072e-01
4.945581697886295425e-01
4.938456312662820036e-01
4.965167768457626196e-01
4.993641377583456498e-01
5.004459408209613880e-01
5.018935151165039299e-01
5.047336090806858744e-01
5.041798386263454113e-01
5.008901405666679185e-01
5.024635834581874239e-01
5.047663684728561639e-01
5.055970766005803974e-01
5.062517831730966034e-01
5.084591584505238071e-01
5.097369363444456125e-01
5.099750456508997942e-01
5.105326691610635459e-01
5.132843004682342558e-01
5.141756145786678944e-01
5.139775239813948460e-01
5.151818617393530975e-01
5.169170102246586351e-01
5.182203169379253627e-01
5.189673800508125545e-01
5.194306426614774264e-01
5.194468581982113475e-01
5.204661043446503488e-01
5.208823368534444276e-01
5.222385592945228971e-01
5.230023776717753758e-01
5.239263018106111724e-01
5.246305416541189315e-01
5.257461715526943191e-01
5.277573350634893190e-01
5.287351389297851867e-01
5.298292940641612381e-01
5.306351054584823590e-01
5.300822226277192017e-01
5.302919930527972836e-01
5.309146253019011441e-01
5.331324195535553923e-01
5.337312261165289007e-01
5.338117504451725948e-01
5.341442469467323484e-01
5.344445656660228305e-01
5.355294270977277726e-01
5.367120031874725861e-01
5.382487239437615534e-01
5.398206256431988814e-01
5.418434972448235021e-01
5.419342237126195672e-01
5.433558506413604938e-01
5.441024627991933871e-01
5.451649213597559163e-01
5.452557889934683821e-01
5.456660585549886200e-01
5.457855589870402868e-01
5.468496647112713882e-01
5.483817459767981184e-01
5.495664695257800325e-01
5.498096280283087944e-01
5.499797280778565556e-01
5.510408633399580536e-01
5.532869793766517219e-01
5.541739230035861441e-01
5.545280142303392612e-01
5.557017147096229293e-01
5.568124143533279558e-01
5.568492406716319953e-01
5.568321902241667454e-01
5.574291985674707517e-01
5.590608617031135319e-01
5.599310111534049339e-01
5.609555926156994943e-01
5.610381956304446582e-01
5.601546162538468820e-01
5.616634592686603478e-01
5.637393014716469697e-01
5.661828835676039340e-01
5.663729547167166700e-01
5.669129708250888466e-01
5.681626709441951473e-01
5.689789751631133541e-01
5.691960241378728469e-01
5.688730167194360199e-01
5.693557147902892357e-01
5.706651572243038872e-01
5.737707506256617407e-01
5.766570605769643088e-01
5.773453188546975312e-01
5.756616523787612127e-01
5.748194349581272622e-01
5.759599108293478320e-01
5.761839517800679822e-01
5.770883090104864666e-01
5.778749102756141065e-01
5.770916344023419020e-01
5.778482232226928028e-01
5.811657720678011785e-01
5.855072281700348658e-01
5.886476618638161185e-01
5.894772038337727782e-01
5.874304615862420142e-01
5.856622592167795016e-01
5.836325487206605045e-01
5.834858070689338261e-01
5.837116670016461173e-01
5.858511725947179727e-01
5.880645244746930400e-01
5.923782871248953752e-01
5.963321553977165568e-01
5.989954986740066989e-01
5.988843584048098023e-01
5.964110780213398577e-01
5.923126746200986226e-01
5.885283090142753304e-01
5.857621049094994259e-01
5.873126624372457805e-01
5.921218429400176841e-01
5.995036378176582526e-01
6.076046320776979925e-01
6.126360078923567265e-01
6.129448500545503498e-01
6.068086620716536261e-01
5.975986062065953286e-01
5.877897796747982850e-01
5.837795301565127382e-01
5.865179340610184866e-01
5.960889792139575372e-01
6.106167342461277237e-01
6.246754667791243332e-01
6.325887941287290372e-01
6.293345312903768640e-01
6.169108414214738989e-01
5.979434758813805262e-01
5.822750776094582914e-01
5.777916427955457346e-01
5.894731221851684522e-01
6.133053945685429387e-01
6.398872620934816791e-01
6.576459629527308115e-01
6.571101010167654799e-01
6.361889901439379269e-01
6.030254729027213489e-01
5.726777298803582550e-01
5.611892611871084346e-01
5.760343112965784496e-01
6.105641042721474676e-01
