2.128091060568269161e-02
1.914463781441137075e-02
1.858113120244153302e-02
1.838031334266020111e-02
1.755175269023297527e-02
1.710410580277276979e-02
1.543761600142664649e-02
1.484187971308634398e-02
1.482377334308103943e-02
1.563376113050580010e-02
1.704593453818234461e-02
1.501926943393992048e-02
1.637115477214733453e-02
1.960721159833931498e-02
1.896289524148483258e-02
2.229381203982804330e-02
2.557518871196629018e-02
2.266837200607494524e-02
2.318988177095417796e-02
2.672328023040041606e-02
2.975241907118551798e-02
3.230128948085448509e-02
3.767816155987574467e-02
4.184738829397142978e-02
3.775668719713858729e-02
4.171659924768456734e-02
4.896219641808723794e-02
5.020105230300232063e-02
5.832304208920811861e-02
5.928221266160429992e-02
6.284863957178843386e-02
6.510864172675144557e-02
7.041653735361409761e-02
6.973862066140110172e-02
7.742602552042301967e-02
8.290350827775784526e-02
8.785770985199375938e-02
9.360482215288279395e-02
9.618604660805223083e-02
9.719819598011911199e-02
1.040820462177139416e-01
1.072031957542080999e-01
1.114026734906254090e-01
1.150751752955513352e-01
1.180325195012396078e-01
1.248001139449778502e-01
1.296890879678970487e-01
1.330611656321337710e-01
1.364215687403458888e-01
1.443663451662463848e-01
1.464982844329242306e-01
1.493942765814897100e-01
1.559002189264342697e-01
1.559157860298142906e-01
1.615850171417312076e-01
1.680018806101287732e-01
1.734387685738441320e-01
1.781912232538810648e-01
1.825746919506437138e-01
1.857060456125277093e-01
1.900994359033710279e-01
1.938153554367982867e-01
1.999344741298499095e-01
2.028005872260503495e-01
2.074240317495011365e-01
2.114623592155104870e-01
2.148351679484982180e-01
2.199652648832672863e-01
2.234454656689087715e-01
2.272970152444658554e-01
2.294402078776323906e-01
2.370543134401731922e-01
2.420832161233975321e-01
2.415761722580472004e-01
2.499459961083237425e-01
2.526844402896480934e-01
2.561780662749049142e-01
2.597184721224705672e-01
2.643493854997348014e-01
2.664425814565093420e-01
2.716305857798596568e-01
2.756774997679787842e-01
2.784682474301913291e-01
2.836890899173010183e-01
2.882014092373905156e-01
2.932389814791040994e-01
2.968550864000921718e-01
3.001792226409698561e-01
3.040649901044936154e-01
3.068930546801053594e-01
3.115463548719827336e-01
3.157753514576029930e-01
3.186128506680919736e-01
3.221431402290217405e-01
3.261163389364610810e-01
3.284503007912109029e-01
3.322516771177367323e-01
3.362847216210949064e-01
3.387328807730705105e-01
3.436694259359373560e-01
3.494911782983519677e-01
3.516469045511779745e-01
3.560068500098593214e-01
3.579675538876277430e-01
3.617200808095221709e-01
3.635732861584785591e-01
3.680434052343367068e-01
3.718965259486413100e-01
3.765475929887515671e-01
3.799223939142722384e-01
3.816679554193023183e-01
3.846663803093375300e-01
3.880505734880909108e-01
3.921413926111166903e-01
3.938719270733623268e-01
3.971950745111877956e-01
4.024246110286423539e-01
4.044961585769166756e-01
4.073891278195658772e-01
4.106388397399525214e-01
4.138442422823621070e-01
4.165962703887274854e-01
4.225980359157181510e-01
4.243885309245117310e-01
4.256772172358052053e-01
4.292304059997977816e-01
4.319899087440047247e-01
4.356463872041403951e-01
4.396922567442089202e-01
4.414824673714431991e-01
4.453046824331667874e-01
4.476550990880636682e-01
4.495783260905378276e-01
4.535350011799493819e-01
4.556973066987424215e-01
4.600294476521908371e-01
4.622940508349255850e-01
4.647479468746398279e-01
4.678903743941053017e-01
4.699229446944530042e-01
4.728212906652791703e-01
4.758696152904040577e-01
4.784395957039244140e-01
4.822290296797944187e-01
4.836299159087191213e-01
4.860539340482076809e-01
4.888697493768163760e-01
4.913617197888261456e-01
4.931816213037499841e-01
4.965884494281141426e-01
4.997935940981604319e-01
5.016942156330338465e-01
5.051601183979097520e-01
5.069449421244232035e-01
5.097692567336801206e-01
5.121595414991512163e-01
5.148010910012864594e-01
5.170650919211675633e-01
5.190576101167888590e-01
5.221612743992295469e-01
5.245042814984786084e-01
5.273278654014003086e-01
5.293036417483681921e-01
5.312015876759448307e-01
5.334884222045428448e-01
5.355568041392364531e-01
5.385444826036528410e-01
5.410414244266616990e-01
5.439206924799639964e-01
5.452099463644617394e-01
5.475829050279864552e-01
5.490754051014112846e-01
5.526156149983370014e-01
5.542988772771029193e-01
5.565768855763241207e-01
5.587151152346419014e-01
5.606501460626946987e-01
5.633790341545887870e-01
5.655199803630327482e-01
5.679552212445234671e-01
5.699606223750069978e-01
5.712903569576239793e-01
5.735761495867545134e-01
5.758823138952030574e-01
5.779214946185152746e-01
5.801742322930923956e-01
5.820151841274042726e-01
5.843247538714578804e-01
5.861486901887342782e-01
5.888087862088682289e-01
5.905116591628403189e-01
5.923946456422370943e-01
5.945462754756033474e-01
5.969369016878436351e-01
5.983082184958317118e-01
6.002930139831217371e-01
6.025290328892182190e-01
6.040211610610188853e-01
6.055272009541422529e-01
6.077758446018071137e-01
6.096417702616589995e-01
6.119680086670146180e-01
6.131292909951154835e-01
6.151383068815399202e-01
6.168555610721555560e-01
6.191859950576726890e-01
6.206748152719167022e-01
6.233967359705858691e-01
6.250598797774348236e-01
6.263196525987870800e-01
6.273166147528050907e-01
6.297058503927930317e-01
6.312904137852058950e-01
6.334579273246192521e-01
6.352460887687749747e-01
6.363856340645793752e-01
6.383480039604970679e-01
6.407279169434442201e-01
6.417169230032722105e-01
6.433223344062245497e-01
6.445987274114186594e-01
6.471594363416861562e-01
6.490731359718426852e-01
6.499963850016423628e-01
6.522118337022092538e-01
6.539296807950534252e-01
6.547162275309100776e-01
6.566870369816539821e-01
6.577503872137395735e-01
6.595635170727005558e-01
6.611959069860521288e-01
6.625462463152074211e-01
6.640618009228880236e-01
6.663568264403316732e-01
6.673123821051877291e-01
6.689698047250530744e-01
6.700590068517504605e-01
6.717733288414388104e-01
6.734809829477025334e-01
6.743564563953189372e-01
6.755606774188928076e-01
6.774704919460112773e-01
6.793404659581027127e-01
6.812637310416324032e-01
6.814660789355864168e-01
6.832008939848905893e-01
6.853962019158408303e-01
6.865372701677979750e-01
6.883042169529787202e-01
6.891908525055580048e-01
6.908456189804346170e-01
6.925386895728423697e-01
6.937786924382882692e-01
6.954407189392713962e-01
6.957077215067418718e-01
6.972844693073794176e-01
6.987321834532417286e-01
7.003308955074352138e-01
7.016640342072798520e-01
7.035275735523686125e-01
7.052285102262609850e-01
7.059342368396842593e-01
7.066857021370310799e-01
7.080017425595834801e-01
7.093372303905149945e-01
7.107458036617729791e-01
7.125991561328010038e-01
7.134610904048470648e-01
7.147145548576935292e-01
7.160563075207138084e-01
7.176127038986881423e-01
7.183752631177463543e-01
7.194171958350480400e-01
7.214097139270553294e-01
7.220823448388982158e-01
7.240285743977535882e-01
7.254258028639662959e-01
7.260712647275450182e-01
7.276641782327619712e-01
7.282705300217590105e-01
7.296374252700066343e-01
7.310269557507607097e-01
7.322385640093697079e-01
7.328220451620837128e-01
7.347575726428496878e-01
7.355779283668902879e-01
7.375142901854271349e-01
7.380830559194463403e-01
7.397055620835968348e-01
7.403218089589860273e-01
7.415869399896216629e-01
7.422627999270349219e-01
7.438262923393864634e-01
7.448179776385797091e-01
7.460506100551596020e-01
7.469630681941853423e-01
7.486311639597496015e-01
7.490479308338493514e-01
7.502784621921907426e-01
7.511662583263140069e-01
7.529568583618009292e-01
7.535748143343883321e-01
7.545282585087074168e-01
7.554217444495544553e-01
7.570187264270429317e-01
7.582503332034449262e-01
7.589398368224006264e-01
7.604703167510943329e-01
7.610088573195867845e-01
7.623306391187247844e-01
7.636724191272983298e-01
7.641026443338077012e-01
7.653992312146735699e-01
7.663674112607850031e-01
7.674016874829391321e-01
7.678768962997577496e-01
7.690786310175414808e-01
7.701762322894585289e-01
7.714683430335574910e-01
7.721020120643116158e-01
7.730182051103614560e-01
7.740246255151522758e-01
7.756091965738854954e-01
7.762141400927881074e-01
7.774594753826000737e-01
7.781192090307595954e-01
7.794169763439839915e-01
7.801656813745246888e-01
7.807538844784254195e-01
7.813430668507382881e-01
7.830933025807472747e-01
7.835924856315752418e-01
7.850483896081881241e-01
7.854951059515913325e-01
7.864635898983116657e-01
7.873732050384926184e-01
7.889684176375503233e-01
7.892786715009389997e-01
7.904980689935148241e-01
7.915017065729255119e-01
7.922111473592663433e-01
7.931526925849474718e-01
7.935910066082763059e-01
7.942678279632490179e-01
7.955220285436231942e-01
7.960841580273312346e-01
7.972561801385746882e-01
7.981763312737030214e-01
7.989300202357456637e-01
8.002884413957382925e-01
8.001426233639180596e-01
8.014167758730300628e-01
8.023585421158995201e-01
8.030086300646692710e-01
8.041730651386803652e-01
8.051916617699123035e-01
8.057818719617343417e-01
8.067955969063802524e-01
8.075325473353683892e-01
8.078818494774455683e-01
8.092577022316820301e-01
8.099061235196193254e-01
8.106735760870640295e-01
8.115177678059305455e-01
8.120865030398034534e-01
8.132233500954626493e-01
8.140670700113740166e-01
8.151407583310164018e-01
8.151811945497928757e-01
8.162659582871615305e-01
8.169218252912519018e-01
8.179516381798990210e-01
8.188938501676465975e-01
8.196400093118032526e-01
8.203853306104091914e-01
8.211091840394487695e-01
8.216005321561189456e-01
8.224923272273459984e-01
8.236004612646405931e-01
8.242208126703596260e-01
8.244412053435613563e-01
8.259121744813816557e-01
8.265729647463782026e-01
8.268913856207029678e-01
8.275757467791785560e-01
8.287544671796631679e-01
8.292565466741896874e-01
8.301242555702611492e-01
8.309162088591895978e-01
8.316930318404347489e-01
8.322988271913673852e-01
8.326083840116135226e-01
8.332161702772253875e-01
8.344182048015624797e-01
8.352329863583275449e-01
8.359393961470493739e-01
8.366717593671887387e-01
8.369566628095691518e-01
8.380020137377549583e-01
8.387109345034339247e-01
8.399378929559045970e-01
8.398380838508490154e-01
8.404954135226967438e-01
8.414356865128489460e-01
8.416467118246936385e-01
8.424566911194449892e-01
8.436734615707282003e-01
8.440089526396932218e-01
8.450175380340710918e-01
8.460434633477806887e-01
8.463415934398190732e-01
8.466220043502050707e-01
8.479520467101464565e-01
8.483355347982072248e-01
8.491364138796066996e-01
8.499059538830434635e-01
8.503135978168484543e-01
8.506680962087149744e-01
8.516107982242218100e-01
8.521758407339059538e-01
8.531902633526416979e-01
8.538902125600189574e-01
8.542931679226286601e-01
8.548209454365737203e-01
8.554537819560970036e-01
8.561700563609909720e-01
8.567596774186503339e-01
8.573694817550486791e-01
8.578149407232060764e-01
8.585667672447485632e-01
8.593060655365987177e-01
8.598022185138631812e-01
8.607272316443850269e-01
8.614870322155299132e-01
8.619707533618843343e-01
8.622274840082536640e-01
8.632042717149629452e-01
8.638004279180750977e-01
8.641400176844733494e-01
8.644618817161684454e-01
8.655941351626978975e-01
8.663188307895732798e-01
8.665900953575100818e-01
8.672253706139234630e-01
8.680923462952213621e-01
8.684393579999016843e-01
8.689799855398803174e-01
8.698692097885364349e-01
8.700984935087515693e-01
8.708591816583305389e-01
8.715864334661901358e-01
8.721377601483867315e-01
8.724851403622391199e-01
8.730388452959978451e-01
8.736435324329159258e-01
8.744090108743932666e-01
8.751531359138842170e-01
8.754100684443407721e-01
8.759322743356966479e-01
8.763055147154068525e-01
8.767755184262726598e-01
8.778220672711870565e-01
8.781774697396312890e-01
8.788642565887527791e-01
8.796328148492339460e-01
8.798887408902246188e-01
8.805556559082364787e-01
8.812685127258710338e-01
8.818523728603143708e-01
8.822614053797463995e-01
8.827390012866632718e-01
8.832480762599637103e-01
8.835178059282380314e-01
8.839563266049104140e-01
8.847141670946082614e-01
8.855321756370809760e-01
8.859212695917314528e-01
8.865234944365490977e-01
8.873158778168351857e-01
8.875862925008131121e-01
8.879259020228781329e-01
8.886498765039854142e-01
8.895347498617708348e-01
8.899985140773992720e-01
8.897185078039544504e-01
8.905117006938584323e-01
8.910453491032958029e-01
8.917239885832748403e-01
8.918859769543024951e-01
8.924481955066654315e-01
8.928352444863524306e-01
8.937020130974883125e-01
8.939643945186126484e-01
8.948528346544741829e-01
8.952977346514536805e-01
8.961804680717739835e-01
8.969565442422319235e-01
8.971971142956494116e-01
8.969148555976803605e-01
8.967020364391237175e-01
8.971564203059123610e-01
8.973145199310669229e-01
8.987187395302016490e-01
9.006039989805627588e-01
9.025911191584198301e-01
9.034199641220481691e-01
9.024356535151959458e-01
9.012924092031123768e-01
8.997261445467098495e-01
8.997664138175091031e-01
9.008695585368784453e-01
9.031510238097040233e-01
