1.691940446382929342e-02
1.490104311302282991e-02
1.438794666058372876e-02
1.446083531686820182e-02
1.409737321400283960e-02
1.380439603809667515e-02
1.262290872311436565e-02
1.219032780570806530e-02
1.210054692597568871e-02
1.267358153929108548e-02
1.373429533193285153e-02
1.218470098799429545e-02
1.325833931204572005e-02
1.586882676297153918e-02
1.537823526977978930e-02
1.817054596609691750e-02
2.084848946583782794e-02
1.816125734473797437e-02
1.855259053261508820e-02
2.149268870815972468e-02
2.379266899542775357e-02
2.614062816717985932e-02
3.041574180162980381e-02
3.448805813371205037e-02
3.051627134930581797e-02
3.383736484824569068e-02
4.045408574400858465e-02
4.068971517122195458e-02
4.804068919194121046e-02
4.900649248008604603e-02
5.198075272328664398e-02
5.275896022217776288e-02
5.754178355633604580e-02
5.700755674458559547e-02
6.512231602370407990e-02
6.951349491053197827e-02
7.294251838556199685e-02
7.881924708931582757e-02
8.123716043515283314e-02
8.118352653733612589e-02
8.811958628695595874e-02
9.054391456718809128e-02
9.377243010687331959e-02
9.722857560201569882e-02
9.958661078659471200e-02
1.047364515800926488e-01
1.082563910399265139e-01
1.123363463832866699e-01
1.159662195270541735e-01
1.228436646947456967e-01
1.243469719218808778e-01
1.276287736932256722e-01
1.335297462555511405e-01
1.330421217371857423e-01
1.375184866684567020e-01
1.448877071950507023e-01
1.497805682264057858e-01
1.544202597679329714e-01
1.579128927003249916e-01
1.594951795565694441e-01
1.640986562195937970e-01
1.669743842831164504e-01
1.738225345728517668e-01
1.748277036520525796e-01
1.799886201415364095e-01
1.852369794202036735e-01
1.866044412163768706e-01
1.902537472974097088e-01
1.947305705773430262e-01
1.978352925514507976e-01
2.002349828039033941e-01
2.073064644224329456e-01
2.112286856759116871e-01
2.112999991948804057e-01
2.192169879356440365e-01
2.217775083888876286e-01
2.260310671850545849e-01
2.282903226678489605e-01
2.313736377501181829e-01
2.348717008635123338e-01
2.397742162507577046e-01
2.432654255545265709e-01
2.471197883067112466e-01
2.524729033466411310e-01
2.554969475520580957e-01
2.602099091752697602e-01
2.636451855796184129e-01
2.666185620440969517e-01
2.704091301868529751e-01
2.734209374059401454e-01
2.774672574542714210e-01
2.823219411191728034e-01
2.863362122411796662e-01
2.882203403526171770e-01
2.921392832158068442e-01
2.951579814219190689e-01
2.976310422889148488e-01
3.023028690814730246e-01
3.052235429347817663e-01
3.102866544561230233e-01
3.155672062148805468e-01
3.170367763690752350e-01
3.204460553794042932e-01
3.246875367895719067e-01
3.281148815639056693e-01
3.292388431088321132e-01
3.331371944339640012e-01
3.377481549050303511e-01
3.414533789907226446e-01
3.447839955862898043e-01
3.465110696044748084e-01
3.497356724783564630e-01
3.531076962048704804e-01
3.569880884253072151e-01
3.604727690216310565e-01
3.633592535246180644e-01
3.677818469294004688e-01
3.709259885030162240e-01
3.735880062952581238e-01
3.764493578060835732e-01
3.793035815546445533e-01
3.820780420198414129e-01
3.873599832558261569e-01
3.887702792022716958e-01
3.919592394690897819e-01
3.958108856070947645e-01
3.981466047425332166e-01
4.011245075751392886e-01
4.048922006905711357e-01
4.076440643632154304e-01
4.113196505683164861e-01
4.140426684443901384e-01
4.159393132117264469e-01
4.196333175085689704e-01
4.220968225916527650e-01
4.254832753653509103e-01
4.279286525736090696e-01
4.312640595793062470e-01
4.337451554894019567e-01
4.370497399258883586e-01
4.398096610162947062e-01
4.424776233529004177e-01
4.457602390540063020e-01
4.490543145672056258e-01
4.511928432198289429e-01
4.547412732530324853e-01
4.569205235173411928e-01
4.588901596440095321e-01
4.621511973793054895e-01
4.647115270596793857e-01
4.668082270348220542e-01
4.696447229361866427e-01
4.729491044706577441e-01
4.760374246126877207e-01
4.779603956395124253e-01
4.803492777173746231e-01
4.826973136653577856e-01
4.854563612951318663e-01
4.896410438446271995e-01
4.915833780739060632e-01
4.942125804673771494e-01
4.967366878003467434e-01
4.984400208416055467e-01
5.006217823555573210e-01
5.026036532548044944e-01
5.056327385096203164e-01
5.091651422017386963e-01
5.117222401388318298e-01
5.146978591480799725e-01
5.165751781641521045e-01
5.187916817808247982e-01
5.205349093894713342e-01
5.236759823613253984e-01
5.261179016818662291e-01
5.284683720406401219e-01
5.309914126952037794e-01
5.329863737883961949e-01
5.357028822132736678e-01
5.382640093095899525e-01
5.409120678504862889e-01
5.430564982639156657e-01
5.445994085140519747e-01
5.470782242957247243e-01
5.496048521024410327e-01
5.519293364751206576e-01
5.540482351860301913e-01
5.561796808678756143e-01
5.581120586334659128e-01
5.607644182506250630e-01
5.621545995942188734e-01
5.652182662647579070e-01
5.675111485850501403e-01
5.688692804498231004e-01
5.717495284186253635e-01
5.739167564064054927e-01
5.753348018875370506e-01
5.783581059883600162e-01
5.794599667560375034e-01
5.824574372545587853e-01
5.834147826537497972e-01
5.862091989373063861e-01
5.884463178886653045e-01
5.897432800317730095e-01
5.925230615283456626e-01
5.944424484732852010e-01
5.963720486744771287e-01
5.994890242865937857e-01
6.019325326305874357e-01
6.027344742255416055e-01
6.047052629233562460e-01
6.069009086766743444e-01
6.083942373279785931e-01
6.108413659253379979e-01
6.118589728803776051e-01
6.143089786861922752e-01
6.169198946569586228e-01
6.184575287202193072e-01
6.201992809256549055e-01
6.224497156524168018e-01
6.234835673669661960e-01
6.250006582218309292e-01
6.276836108606658193e-01
6.294332619658422612e-01
6.309618830154092306e-01
6.324205275965134598e-01
6.341626363879562245e-01
6.352387315316937455e-01
6.376235223707265032e-01
6.403261581092994925e-01
6.422675182819677087e-01
6.442638465306543827e-01
6.456518294311597295e-01
6.473506134050416305e-01
6.489150495248590111e-01
6.506415531838959376e-01
6.525224895995220820e-01
6.538164878763322863e-01
6.558414014151969784e-01
6.581373432873448559e-01
6.596890202193962383e-01
6.605016914492171098e-01
6.629912713617115427e-01
6.649825945826954854e-01
6.658978821365046930e-01
6.671801767642159264e-01
6.689046816555539454e-01
6.709468295664261506e-01
6.724504145061387383e-01
6.741212136573228042e-01
6.759098960954507129e-01
6.773391528635244185e-01
6.791637562879686563e-01
6.809586278501330581e-01
6.824411881763576826e-01
6.832031128673067277e-01
6.857367238589013869e-01
6.869902816527332368e-01
6.884269690924592622e-01
6.894211463248955951e-01
6.916116849649566189e-01
6.927476675526711425e-01
6.941758057965671247e-01
6.958123847558337349e-01
6.980944191670162002e-01
6.982871517691806584e-01
6.998848798650157965e-01
7.021138480941317983e-01
7.026878827260363281e-01
7.043077184670190061e-01
7.064751821008518062e-01
7.075381347369767981e-01
7.090261781313835776e-01
7.103079915194393523e-01
7.117512460013700748e-01
7.133849378671893726e-01
7.149686483297597039e-01
7.157370542301615401e-01
7.175198287618960169e-01
7.186147053363056703e-01
7.199613560839861481e-01
7.219849043621658913e-01
7.226762643653540374e-01
7.242583582341030057e-01
7.257952724745092565e-01
7.268195643803064820e-01
7.283405542749076256e-01
7.297481208912846018e-01
7.313291621305634260e-01
7.323058626990289754e-01
7.339085679507852955e-01
7.348188216613030788e-01
7.367053826270791861e-01
7.376996530582076161e-01
7.394850261604765107e-01
7.400497758685692373e-01
7.411211971711044733e-01
7.424560624066702808e-01
7.439169207467583034e-01
7.453865109280439771e-01
7.459702333611174518e-01
7.479531784499187097e-01
7.493028001652863868e-01
7.495628168839663097e-01
7.514341221820102223e-01
7.521737448859058262e-01
7.535626120168447128e-01
7.550774474660640889e-01
7.562380120024769781e-01
7.572815948768326644e-01
7.583685244208437926e-01
7.600307079562428347e-01
7.609034819729830756e-01
7.623566257752948383e-01
7.633870390893872093e-01
7.643802252096015826e-01
7.653379507086631728e-01
7.666205538233187289e-01
7.679912748353029395e-01
7.690528581919099382e-01
7.699404455396678948e-01
7.710897878433458086e-01
7.725077507848996383e-01
7.734775763954165884e-01
7.749984154086888566e-01
7.757544694349074454e-01
7.764766404517606802e-01
7.779552657417621031e-01
7.786696370551071666e-01
7.804962333100451399e-01
7.817646627491370293e-01
7.822745914050420746e-01
7.835318268922095708e-01
7.845071853765037684e-01
7.854982071462229820e-01
7.860841207282287524e-01
7.877909008389284429e-01
7.891923460137106883e-01
7.900209640196613758e-01
7.908142742117328927e-01
7.916437098127387939e-01
7.928491049866726037e-01
7.936997418261846349e-01
7.946793621615313441e-01
7.956272329393416776e-01
7.967766934351562247e-01
7.980818632049891947e-01
7.987575852326752601e-01
7.996968425271248071e-01
8.009694918706196098e-01
8.018641671304440610e-01
8.026149010751356672e-01
8.040646159067078580e-01
8.047016504451763863e-01
8.056836496422441485e-01
8.070424115615026928e-01
8.078535021174674258e-01
8.083001203479692753e-01
8.095266358607348112e-01
8.097688597548216016e-01
8.113535135649744268e-01
8.123784136797840283e-01
8.130984015813963461e-01
8.138960701599003977e-01
8.154228593468429986e-01
8.163590533001929828e-01
8.170231686700760720e-01
8.177267702098902635e-01
8.185002466995497938e-01
8.197979126844461284e-01
8.205140168045567117e-01
8.211381248175493308e-01
8.220514295036891461e-01
8.229997682035343765e-01
8.246224815377114492e-01
8.253825532482836902e-01
8.256532905463719318e-01
8.265048446434433149e-01
8.276213148486237792e-01
8.285455493253383041e-01
8.295463025382359135e-01
8.305095246529592412e-01
8.311784276411665617e-01
8.319778176730507901e-01
8.327083834394746198e-01
8.335827694056994197e-01
8.346623331967772952e-01
8.356725816577913468e-01
8.361172145603658068e-01
8.370596680626902764e-01
8.379526347930413843e-01
8.385452533249864171e-01
8.394037578203890071e-01
8.399351542816494431e-01
8.410987881820579659e-01
8.415568791969577633e-01
8.431123653892332870e-01
8.438186323785185072e-01
8.443371323966910591e-01
8.452191665485362382e-01
8.460227688464270202e-01
8.465024897789809044e-01
8.471545676644351985e-01
8.483115282598027163e-01
8.491384416175381533e-01
8.497270588732342977e-01
8.504596433102592501e-01
8.510566681038117531e-01
8.522923356563438801e-01
8.531011387450457839e-01
8.541516673133002779e-01
8.546569886907868785e-01
8.551134524843974072e-01
8.560175332242665469e-01
8.564793193261849291e-01
8.573930991412360703e-01
8.578507431884001555e-01
8.586683166817365986e-01
8.598029541060051573e-01
8.606746549179788985e-01
8.614927341892132384e-01
8.622540064913590818e-01
8.623431130888309371e-01
8.633689439212710592e-01
8.641791933921869617e-01
8.650559754669875367e-01
8.655261509939741194e-01
8.662890758747604503e-01
8.668111957316191329e-01
8.678282070898690748e-01
8.684519694018919544e-01
8.693409745857749726e-01
8.694659054629179096e-01
8.704059158889607684e-01
8.710069932861778108e-01
8.716205513059032128e-01
8.725680298482214603e-01
8.733524933909153631e-01
8.735703702212922472e-01
8.745168072031757056e-01
8.754609664611515685e-01
8.759757071986814525e-01
8.761157839556860116e-01
8.771429611634231627e-01
8.778634813938475112e-01
8.780604116097182610e-01
8.793974890563441837e-01
8.800060112022749514e-01
8.806628903720161716e-01
8.808119826393817631e-01
8.816206486804957221e-01
8.826778558376487949e-01
8.835672662911803199e-01
8.837530813368998928e-01
8.845474579579226670e-01
8.848430373024978035e-01
8.854818578871399559e-01
8.865433613108756328e-01
8.871338639746291221e-01
8.871245686086456361e-01
8.878813484974101833e-01
8.883402428902651415e-01
8.895678351322550137e-01
8.901775240196390104e-01
8.907459793035635842e-01
8.913349692139656000e-01
8.918151547344195240e-01
8.925119897839509653e-01
8.930525156990003488e-01
8.936550146583873699e-01
8.940503653797849948e-01
8.951620088291608601e-01
8.954059068666093690e-01
8.961367676340614707e-01
8.963807061737576465e-01
8.972909241277051695e-01
8.976570035215593046e-01
8.982114837931044482e-01
8.994302808955884077e-01
8.992751095835391784e-01
8.999276037503551873e-01
9.006836839993174193e-01
9.010949902100644504e-01
9.022889599965376872e-01
9.026694681366340678e-01
9.032643432058737876e-01
9.035065147503077432e-01
9.040211231385140156e-01
9.046297532422810095e-01
9.049783393269976717e-01
9.065554711777359387e-01
9.060845911614526793e-01
9.064930616958360998e-01
9.068735662171366618e-01
9.077959058728549691e-01
9.087811715684491753e-01
9.100307280415393940e-01
9.106238404042049650e-01
9.110124748897325819e-01
9.107316067173705232e-01
9.108136450793142824e-01
9.108166528577542609e-01
9.110802079702878808e-01
9.126149126153986213e-01
9.145479973683744435e-01
9.169079773963093594e-01
9.173275912851628355e-01
9.169091884245109680e-01
9.151313757009106320e-01
9.135483313611628686e-01
9.135706908612091226e-01
9.148793079443510168e-01
9.175969527486920185e-01
