1.921027635208109180e-02
1.713554392180956579e-02
1.659526885064126905e-02
1.652470011531054217e-02
1.592372669439652555e-02
1.555184613959794022e-02
1.412198292869747129e-02
1.360344646500647944e-02
1.355253407569749838e-02
1.424039041652295015e-02
1.548452891124935983e-02
1.368598476948178905e-02
1.489628868275378465e-02
1.783297668061810740e-02
1.724740819148992688e-02
2.033232617804437217e-02
2.332419377168621147e-02
2.048330530055990709e-02
2.093576438230039180e-02
2.420019306284786412e-02
2.687225193275601109e-02
2.933951135475094951e-02
3.417833456758494898e-02
3.834641894120430911e-02
3.425609580096921486e-02
3.792211496408433996e-02
4.490720790205181973e-02
4.561598148995620050e-02
5.344376431114490622e-02
5.437683248229982502e-02
5.769256652201920632e-02
5.920955709908468090e-02
6.429660307275060493e-02
6.361380542945069272e-02
7.161140735750469444e-02
7.657639078853165082e-02
8.079313387955285031e-02
8.669624481464435761e-02
8.915427941469192263e-02
8.965017321782761672e-02
9.661140018970405807e-02
9.938577083426478054e-02
1.031273129820779733e-01
1.067357454278623913e-01
1.094489625935184118e-01
1.154056026636911675e-01
1.196645244540725933e-01
1.233905492175788182e-01
1.267881294754025223e-01
1.343612034208567507e-01
1.361874401396449830e-01
1.393125580301609601e-01
1.455199919397559549e-01
1.452305935496051303e-01
1.504006713063731904e-01
1.573659784239638260e-01
1.625386948572320467e-01
1.672615724902513923e-01
1.712094602467641447e-01
1.735898557363814154e-01
1.781689544011198778e-01
1.814052812865054876e-01
1.880987691471575074e-01
1.897532684222212884e-01
1.949077164617881996e-01
1.994811994059138005e-01
2.017746641337062052e-01
2.063589405856112169e-01
2.104389861850534116e-01
2.137542795756242620e-01
2.161660386107521203e-01
2.235002013626292694e-01
2.279034816691542509e-01
2.276321468802595116e-01
2.360238209041515545e-01
2.385401410208642659e-01
2.425579947405958614e-01
2.453280873110987026e-01
2.494022087502932861e-01
2.520807990527338394e-01
2.570444310500571983e-01
2.607466249486892207e-01
2.640622463739767389e-01
2.694697930555899346e-01
2.734353708871935518e-01
2.783166550542837681e-01
2.817554620186579206e-01
2.849109352447113941e-01
2.885772717640736063e-01
2.915811288172882043e-01
2.960101210368065727e-01
3.005897629831270068e-01
3.039310728509507231e-01
3.069167236430536683e-01
3.107204430370553161e-01
3.131361272734697332e-01
3.164822097895171327e-01
3.207471960884433204e-01
3.234129522149022939e-01
3.286231587267821608e-01
3.344940094246202644e-01
3.359112148164468681e-01
3.401112114162706535e-01
3.429681332882780209e-01
3.467728265556363487e-01
3.480882694799644628e-01
3.522634008637834380e-01
3.567355965806413010e-01
3.609602453465932115e-01
3.641585655697830437e-01
3.657583458313597435e-01
3.690584532211414470e-01
3.723912087540862115e-01
3.763815163665683028e-01
3.786882316463417997e-01
3.820591384849829630e-01
3.871670207552031506e-01
3.894556591625388808e-01
3.922736914067275205e-01
3.953387517207813118e-01
3.981322186116526551e-01
4.012335594535254568e-01
4.072074761940785437e-01
4.086687076202074609e-01
4.108026701572520256e-01
4.145479444524851065e-01
4.170001492640486029e-01
4.202853715346469565e-01
4.242444367120538073e-01
4.262118917584878375e-01
4.304045769949245703e-01
4.328632657358287839e-01
4.343947073505854406e-01
4.384693198410530846e-01
4.407344876307825454e-01
4.449503852614672961e-01
4.468604216992414502e-01
4.497227874506379841e-01
4.527626913259030772e-01
4.556351703018459709e-01
4.581790109606744266e-01
4.611627135428597590e-01
4.639059646921669389e-01
4.675461746812291652e-01
4.694164762553647008e-01
4.723011270255604854e-01
4.750014525499801077e-01
4.772292415181500491e-01
4.797688305658664998e-01
4.828291652367394660e-01
4.855169257009922523e-01
4.876883358599030660e-01
4.913060115612492562e-01
4.933658921286181442e-01
4.958597737245535320e-01
4.982098584359760385e-01
5.008894078323860022e-01
5.033960262846823852e-01
5.063241340035330440e-01
5.090136274119073656e-01
5.112619053538652869e-01
5.143009444507981032e-01
5.161137926698708966e-01
5.179980024912428371e-01
5.201119205732517292e-01
5.222080766554260123e-01
5.259266629817253014e-01
5.283675057685804921e-01
5.312658110602371808e-01
5.331928227198852177e-01
5.350256936018114029e-01
5.365793569919665718e-01
5.402922780915998535e-01
5.423119961084029717e-01
5.443640760886689911e-01
5.468393953098599214e-01
5.485960735860130333e-01
5.513315270796269596e-01
5.539270997058944879e-01
5.563535482676060795e-01
5.581789325368635701e-01
5.599571183562338517e-01
5.624667610217800595e-01
5.649345748078038465e-01
5.666917267800739566e-01
5.690342130566926615e-01
5.705298499535654821e-01
5.731210116869668303e-01
5.755940360057865135e-01
5.771800714262139698e-01
5.793599705906619102e-01
5.820002446830832010e-01
5.836521074640851348e-01
5.863943239537955376e-01
5.881454744125012013e-01
5.895069224657286666e-01
5.922849357592470110e-01
5.936152662894487175e-01
5.956881798123115912e-01
5.970226623595803472e-01
5.995052233721458457e-01
6.019698103428434699e-01
6.030262426170081014e-01
6.053779636470552061e-01
6.069298729619796440e-01
6.096883668877808304e-01
6.115183130621840712e-01
6.141223332658664047e-01
6.154000467198644797e-01
6.175356441507022787e-01
6.186077957394775506e-01
6.207440962920361960e-01
6.228949259324756405e-01
6.243761476947045086e-01
6.261562062219282465e-01
6.280659446276094515e-01
6.299412136416705499e-01
6.319708958703722512e-01
6.337044833103694375e-01
6.350859858909559952e-01
6.355784897987778459e-01
6.383276402942975603e-01
6.408621455117549104e-01
6.413640681054194603e-01
6.437205713339463342e-01
6.452710512971289170e-01
6.461950209443203530e-01
6.481602077135407702e-01
6.506536118769719046e-01
6.519760964712427720e-01
6.538992005846370192e-01
6.552890847246614081e-01
6.572662399942950096e-01
6.584595725159948509e-01
6.604113225932679576e-01
6.616632421699253364e-01
6.626019935688565177e-01
6.648580759635132065e-01
6.669418816052348209e-01
6.684315215161085177e-01
6.694940712795730553e-01
6.711196705551835118e-01
6.732353730197221386e-01
6.749783377754345892e-01
6.758204033231044461e-01
6.775493742369022021e-01
6.793131507358721732e-01
6.801816341688278200e-01
6.826459380467220228e-01
6.835635545473169872e-01
6.849076442716962587e-01
6.872656736061959482e-01
6.885873359920516856e-01
6.894293359716702208e-01
6.914856564744570333e-01
6.929877614349715387e-01
6.940874235746080645e-01
6.953683399603005633e-01
6.964692544656417850e-01
6.986543582255072549e-01
6.998627911038444172e-01
7.012494971073605088e-01
7.028913008880306457e-01
7.042740745040153572e-01
7.055278282959995817e-01
7.066180886012315421e-01
7.083202421953472827e-01
7.093005510111113354e-01
7.110955029946955941e-01
7.125946145255374065e-01
7.133581534893665976e-01
7.156109891129607270e-01
7.158056015309270936e-01
7.178192661709025257e-01
7.193764217623236368e-01
7.203079095581353952e-01
7.218538757660898364e-01
7.230986103432318624e-01
7.244528217499014433e-01
7.252351784262122125e-01
7.264756758647280543e-01
7.275205666696167306e-01
7.290648941359332280e-01
7.303354965384791786e-01
7.315140258432661913e-01
7.328276797299027034e-01
7.344927809213230852e-01
7.352460217767164963e-01
7.361853064030782212e-01
7.375151237306891705e-01
7.385553432231591886e-01
7.398765841176827562e-01
7.411453283383476753e-01
7.425748232949499483e-01
7.435457796345287251e-01
7.446525313950118630e-01
7.456766309807023596e-01
7.470790125754721567e-01
7.480901658836313084e-01
7.490366208077781085e-01
7.511852311422484441e-01
7.513712316627082499e-01
7.524807332811505045e-01
7.544438899818645128e-01
7.555321705023955170e-01
7.568566915775444270e-01
7.577146578497027107e-01
7.584499035400737998e-01
7.600903497798493502e-01
7.609073840129728650e-01
7.617839768516533328e-01
7.629020794202032718e-01
7.642889754073961539e-01
7.646987123264225028e-01
7.658320170741214072e-01
7.671280680840155686e-01
7.682913841957109691e-01
7.692787872136976901e-01
7.700371292309609039e-01
7.710051072831164420e-01
7.725700585253852948e-01
7.738159033773718276e-01
7.747281683663281848e-01
7.757114311884467650e-01
7.762985603920250499e-01
7.779266780000508863e-01
7.785514502834466333e-01
7.797565877114364108e-01
7.807099105104567949e-01
7.815645780443114532e-01
7.826878257377436476e-01
7.836862352070292914e-01
7.846176577159976739e-01
7.858714440791927380e-01
7.868340095906760645e-01
7.875625352396364853e-01
7.888506427436429158e-01
7.895441617256681033e-01
7.904686458438453522e-01
7.914934422797114122e-01
7.925657637504953668e-01
7.935603967404507575e-01
7.940135444341183124e-01
7.949474279471576699e-01
7.960482414595749789e-01
7.973898988411209920e-01
7.983133756134570547e-01
7.988200918248192783e-01
8.002785886592829190e-01
8.010457879397757663e-01
8.017682613884916654e-01
8.025271303523360267e-01
8.036504310320016220e-01
8.042981675491068794e-01
8.053154350047353471e-01
8.067904835327786017e-01
8.074135573868588267e-01
8.079122427865718103e-01
8.090612290955485619e-01
8.096177654973207849e-01
8.109161244455741491e-01
8.115603905221528969e-01
8.123270571913707716e-01
8.131347859057675986e-01
8.139719391943157634e-01
8.147378481396196914e-01
8.155551463496871767e-01
8.167663441255575973e-01
8.172324805309589824e-01
8.180361372416572463e-01
8.191605365878520395e-01
8.202136785363474125e-01
8.201792439102385535e-01
8.216551639340956559e-01
8.226119252822222672e-01
8.230864386042818781e-01
8.238364098278028180e-01
8.247485284353988089e-01
8.251960541654438375e-01
8.261175250103596213e-01
8.274761533383541146e-01
8.282168151150941515e-01
8.287017399794026629e-01
8.292248993751782926e-01
8.307048638800806906e-01
8.316074007771644405e-01
8.323766798861872429e-01
8.326200861612440551e-01
8.336216466693445737e-01
8.347954801674911662e-01
8.351873298517605848e-01
8.358910064231068748e-01
8.369611821155937825e-01
8.371105331178249065e-01
8.379188594771946885e-01
8.390800512177811754e-01
8.397369340607382382e-01
8.398269860585935165e-01
8.410660518677178787e-01
8.422349540745170948e-01
8.426695484240476208e-01
8.429627236636949572e-01
8.439007504425052320e-01
8.446481422192352317e-01
8.455569090360964823e-01
8.462274476895976782e-01
8.465858921572064766e-01
8.470163128342457215e-01
8.481211957777948784e-01
8.490875933744663762e-01
8.499645916892976105e-01
8.504905555301007780e-01
8.505209899053218781e-01
8.519013998686645328e-01
8.523975953999618493e-01
8.533417555359649187e-01
8.541985797695523797e-01
8.547601793944896720e-01
8.554791223004406531e-01
8.561436548628517107e-01
8.570090493843572910e-01
8.573436509220739854e-01
8.578298918042033261e-01
8.589808515954429069e-01
8.591647603234529029e-01
8.600099138655474817e-01
8.602476334116728740e-01
8.611883609771280312e-01
8.620572799228152228e-01
8.625227982486441958e-01
8.632681264937954735e-01
8.640039052468613257e-01
8.643125804738357454e-01
8.648822075656351638e-01
8.657110689403333392e-01
8.668496150474550577e-01
8.671973102801686650e-01
8.674421049915790327e-01
8.679423662217879976e-01
8.688658858512359195e-01
8.698414368906689509e-01
8.703135938787444070e-01
8.706901827421299478e-01
8.716151491368338000e-01
8.719900172511282355e-01
8.723835536814442682e-01
8.735903512341234300e-01
8.737868464005239533e-01
8.744044243825809248e-01
8.752911677586180383e-01
8.760037587034177342e-01
8.762404981837843554e-01
8.770183878080455298e-01
8.776890194633745201e-01
8.786025068693882334e-01
8.791027537676225911e-01
8.794349681527084961e-01
8.802883656100237708e-01
8.808202168078745897e-01
8.810383028545356598e-01
8.819244493378690652e-01
8.824495262466256484e-01
8.832949747562227616e-01
8.837231323741425726e-01
8.841805802606385045e-01
8.847563704376905092e-01
8.855480083009390491e-01
8.858448566691882187e-01
8.867480689191221677e-01
8.869750485768079784e-01
8.873501682744435737e-01
8.885033174186599547e-01
8.884703611680881963e-01
8.890118929340435905e-01
8.897101355033356640e-01
8.903403765720132590e-01
8.909282001854514910e-01
8.914388191656112959e-01
8.919870805874892117e-01
8.924433862767798820e-01
8.930286693500945061e-01
8.939161897365310860e-01
8.937281860403720746e-01
8.945753883068262580e-01
8.950754759599290900e-01
8.955134243990259257e-01
8.958537138729066873e-01
8.969899183328959857e-01
8.973039775473271584e-01
8.978234767148843831e-01
8.984584047241382931e-01
8.986789965404915481e-01
8.996309383432860018e-01
9.000465736488538759e-01
9.006301029310519457e-01
9.018886036188537014e-01
9.021847774592022251e-01
9.027714676134214189e-01
9.026009517928790249e-01
9.022132005230568685e-01
9.017348221825481902e-01
9.028233224161300585e-01
9.043181568561725614e-01
9.057498343561364296e-01
9.078383223604983288e-01
9.086565042332145348e-01
9.082180184806367684e-01
9.069307560566411963e-01
9.053352926288519287e-01
9.050768417874414107e-01
9.062620352115706712e-01
9.084924984991105124e-01
