7.976138153504502837e-01
7.968948255639718425e-01
7.967335304536524720e-01
7.970828193039705134e-01
7.974392717972963451e-01
7.975063143022509404e-01
7.975561743487535882e-01
7.975426701680131680e-01
7.974030972197388989e-01
7.973806715321453131e-01
7.973349378048087965e-01
7.972191890621583843e-01
7.973332618458690568e-01
7.975720898166004380e-01
7.976202143919708387e-01
7.978618985654809537e-01
7.980674267066908412e-01
7.978053334895427451e-01
7.977429708667280739e-01
7.978903588041683648e-01
7.979666067403832219e-01
7.981668149678878832e-01
7.984629277923357416e-01
7.989103713947279806e-01
7.985579010160518409e-01
7.988391762042047484e-01
7.994388198007028601e-01
7.992443788648769809e-01
7.998439942629004262e-01
7.999794182789503605e-01
8.001211682737471298e-01
7.999047017561859985e-01
8.003151671082542329e-01
8.004621605557414865e-01
8.013740650340852589e-01
8.016530392229102020e-01
8.017044797446120086e-01
8.023468838101125433e-01
8.027092221760735447e-01
8.023411393890019783e-01
8.031214068438110587e-01
8.032457301940499894e-01
8.033964859898279354e-01
8.035946180768976932e-01
8.036128382631079203e-01
8.042644873074675793e-01
8.045314924726741923e-01
8.048927244825807570e-01
8.054834528264421811e-01
8.058354731767330970e-01
8.058290222712642947e-01
8.064948887981303605e-01
8.071207689080924785e-01
8.070158949523134062e-01
8.071191637592657342e-01
8.075396469940511190e-01
8.082000045600868932e-01
8.093299431309861625e-01
8.092412971074490757e-01
8.087703223543150077e-01
8.096003502592228340e-01
8.096004948813770863e-01
8.102014136564490432e-01
8.106938302501742744e-01
8.108535729486183730e-01
8.108288619241775796e-01
8.121333322541112176e-01
8.118988576320576023e-01
8.125507978049861801e-01
8.125518448813978667e-01
8.132017922564475088e-01
8.141907118201190396e-01
8.140587234909751890e-01
8.142171453308998386e-01
8.151638199891247938e-01
8.149774663530992003e-01
8.156583241338679624e-01
8.158473255481528685e-01
8.159902986372523648e-01
8.173186707385821093e-01
8.179978101383009736e-01
8.173874874784244904e-01
8.181934996674898875e-01
8.194135824805279800e-01
8.185890764757915994e-01
8.185646222018416740e-01
8.191194777390475856e-01
8.194455239395537216e-01
8.203710646119852790e-01
8.198249956476402200e-01
8.202454046840744750e-01
8.216183215771117876e-01
8.218613032877233326e-01
8.220786564986254374e-01
8.227303525704574572e-01
8.235793662191364106e-01
8.227432185890438676e-01
8.242561497051422714e-01
8.240814321011674659e-01
8.243928194160412559e-01
8.252202317116434926e-01
8.255032829554695972e-01
8.255142335103308193e-01
8.258675226681789772e-01
8.259622632300356315e-01
8.270734170098736904e-01
8.273367889869774894e-01
8.273988171703701155e-01
8.284616189367771666e-01
8.281187227710516963e-01
8.284931387025338267e-01
8.283822552950782514e-01
8.286732565416768947e-01
8.292776387181609588e-01
8.305335858860845022e-01
8.302308569427373497e-01
8.303721135139950915e-01
8.311352880443257929e-01
8.310640407151409503e-01
8.313684271022817596e-01
8.326964752108800827e-01
8.326127162936534098e-01
8.326546689503484533e-01
8.333010068227284517e-01
8.339774819952399110e-01
8.343474842728011431e-01
8.348819989105177308e-01
8.348908298036331610e-01
8.353935883363603487e-01
8.353461700017072999e-01
8.356525830291559043e-01
8.368509119719105271e-01
8.365464849323356322e-01
8.368016153636905763e-01
8.372477795234634090e-01
8.377967884154919886e-01
8.378785474237411268e-01
8.385363043315328113e-01
8.394227989113786093e-01
8.395110088954512717e-01
8.397326097329275152e-01
8.404633419590156196e-01
8.404392599304219003e-01
8.409097986448175188e-01
8.412608377002173121e-01
8.413271027790458767e-01
8.420241312996649130e-01
8.422602801955642038e-01
8.431465958720052445e-01
8.426611869042380798e-01
8.433699289101523888e-01
8.426492401011190791e-01
8.438881647606487624e-01
8.440847747074832208e-01
8.439542325852723570e-01
8.452245914521202552e-01
8.451128887717761495e-01
8.456600572162354945e-01
8.454044540000141827e-01
8.458846500117042089e-01
8.464566706087234271e-01
8.468319819428054007e-01
8.475337286703661377e-01
8.476240759097253274e-01
8.484444215171886849e-01
8.481750792795227367e-01
8.478976918203383617e-01
8.485286429356599935e-01
8.491481034657637483e-01
8.492620917735758113e-01
8.497368139697217826e-01
8.503199203690970931e-01
8.504636677854857663e-01
8.510337356332410286e-01
8.512461569148226381e-01
8.513778666295173103e-01
8.516908940366703096e-01
8.518824078248653509e-01
8.519132749229483270e-01
8.524787222817209464e-01
8.527314008183216609e-01
8.531381104535036286e-01
8.536667201186340925e-01
8.542665440596681758e-01
8.544268824995036038e-01
8.542788106221991251e-01
8.542210288970996102e-01
8.550591132735242406e-01
8.551752664436155227e-01
8.559470534001701880e-01
8.560034783340175757e-01
8.560679520647834773e-01
8.563858020710058971e-01
8.566821842194591863e-01
8.572601421224150808e-01
8.570050226495032897e-01
8.578105495658837620e-01
8.581327978798022338e-01
8.583911777077999350e-01
8.582458057585832245e-01
8.588200666906102843e-01
8.594556080336992476e-01
8.595911889485533530e-01
8.595542783253317110e-01
8.598074740866370469e-01
8.598162524155040787e-01
8.604818362552566491e-01
8.609682566948199112e-01
8.610407833398971977e-01
8.612830620483513666e-01
8.615528172415035657e-01
8.621455484510179845e-01
8.621454501575969154e-01
8.623296651036298499e-01
8.630537179111362756e-01
8.632985608332803817e-01
8.634962650964800313e-01
8.634939016009727242e-01
8.640484540124607760e-01
8.642280625330583943e-01
8.640216865355285769e-01
8.644546391243892458e-01
8.653609515118533269e-01
8.653753770149361646e-01
8.654680689393113857e-01
8.656189103082244651e-01
8.662190650726470098e-01
8.664137079150538989e-01
8.665827449529239779e-01
8.669246960221050902e-01
8.672230483324426809e-01
8.671160049247040869e-01
8.677194999119683949e-01
8.682966012748637441e-01
8.680461016444630529e-01
8.685698830495905964e-01
8.685521393330692952e-01
8.688576213873646648e-01
8.693228596587582180e-01
8.694653603609541204e-01
8.694824231524197478e-01
8.699530358494320659e-01
8.699972099524996283e-01
8.703539944416917029e-01
8.706766894763744435e-01
8.708711770127440799e-01
8.711966299087526844e-01
8.716013218972123999e-01
8.711880873280902771e-01
8.715457505029645668e-01
8.719262835563089675e-01
8.720774597969337405e-01
8.723044774641632859e-01
8.722231762733452243e-01
8.728498444251328037e-01
8.731214843813903670e-01
8.730792538971386962e-01
8.735208773742233479e-01
8.739325408373807003e-01
8.741596278253842556e-01
8.741483502864545452e-01
8.744393792529824294e-01
8.749435520175494752e-01
8.750129169116056538e-01
8.750453404657850820e-01
8.755081161829688652e-01
8.757346012482655206e-01
8.757112394308935732e-01
8.759245038286188612e-01
8.761693082747454842e-01
8.762762044045803167e-01
8.765813107145034033e-01
8.767473635794454934e-01
8.771601484590577646e-01
8.775983697820665119e-01
8.774670358602572051e-01
8.773896741031311786e-01
8.778541219187632194e-01
8.783418027564366959e-01
8.783011639784367164e-01
8.782865415193041869e-01
8.785550087156197563e-01
8.787867721221536144e-01
8.789426947735842210e-01
8.794281395386100986e-01
8.794725616235825605e-01
8.792198490038813929e-01
8.794814250643057107e-01
8.798176952944237739e-01
8.799780835652083466e-01
8.800946505204940706e-01
8.802415006718647961e-01
8.803955933649154630e-01
8.806529933680333766e-01
8.809122079808010541e-01
8.810030472161233250e-01
8.812205147634847302e-01
8.816368583307003792e-01
8.819886730548693876e-01
8.819877446422542677e-01
8.819240195165860552e-01
8.818361498641817953e-01
8.820960491016304195e-01
8.825352127713020911e-01
8.827639310599709743e-01
8.828936342858513253e-01
8.829885865742150841e-01
8.831543354366496734e-01
8.832112791604008750e-01
8.832962063931829588e-01
8.836581069758370210e-01
8.839568569150269006e-01
8.838020867591045437e-01
8.838740488504923665e-01
8.841003817020495203e-01
8.839805966708421670e-01
8.841537029200828846e-01
8.844986438232987913e-01
8.846311292868829224e-01
8.846358284743108813e-01
8.846975713255073037e-01
8.848461241922145337e-01
8.852195003063738632e-01
8.853200831562039186e-01
8.853571729841234195e-01
8.855427479984545602e-01
8.857828685560282800e-01
8.860692924249421454e-01
8.860324999102564547e-01
8.862882202671429344e-01
8.862758744947317746e-01
8.862568267726612659e-01
8.863494558982519811e-01
8.862534516390092598e-01
8.863519944418901675e-01
8.865075007413244501e-01
8.868312834909319875e-01
8.870038400001086787e-01
8.870819123090233349e-01
8.872559745436354728e-01
8.874804103209946726e-01
8.874589667317641650e-01
8.874705381102144797e-01
8.874706502297128319e-01
8.876832152898408435e-01
8.879861975990887002e-01
8.881452135217797750e-01
8.879333181391154683e-01
8.879151782711836027e-01
8.880420888393455447e-01
8.883871370590538108e-01
8.884821383334211564e-01
8.882520037064256524e-01
8.881351817702908269e-01
8.884710818406909016e-01
8.886876602891582433e-01
8.889089188378033191e-01
8.888492837527496304e-01
8.888405609012768327e-01
8.889938382793154403e-01
8.890649752900220415e-01
8.890095556177313174e-01
8.890611210560926958e-01
8.892973317142578438e-01
8.891465462238952178e-01
8.891393928822540760e-01
8.892217513196014611e-01
8.892662958813900564e-01
8.893404497192992642e-01
8.895035941510641697e-01
8.895787051360855013e-01
8.895604705154452896e-01
8.896694673326017710e-01
8.896429155052412163e-01
8.896615000072973789e-01
8.897410104091385552e-01
8.898515464699842115e-01
8.898764371924009486e-01
8.898622619770825137e-01
8.899039227521370332e-01
8.899365511513712690e-01
8.899190396850960028e-01
8.899347599069669101e-01
8.901112335498423400e-01
8.899987360239235423e-01
8.899385276263260813e-01
8.900323527656772704e-01
8.900274762589646116e-01
8.899897643284099269e-01
8.899515737632988088e-01
8.899898373231439619e-01
8.900492988502570757e-01
8.900257716036327205e-01
8.899661858106621137e-01
8.901512471822751182e-01
8.899658784888829777e-01
8.902096778579625669e-01
8.900068235222646784e-01
8.900699974471767417e-01
8.900191758070241654e-01
8.901254523072226199e-01
8.900574169275747849e-01
8.899190738280097213e-01
8.898138748066783954e-01
8.899299895172583241e-01
8.896894946068070187e-01
8.898595067181606089e-01
8.897738783845129396e-01
8.895850762996461158e-01
8.895492258728441293e-01
8.894819524766126584e-01
8.894806258365447471e-01
8.894006881328114789e-01
8.892827973079860948e-01
8.892421652203006399e-01
8.893361987345415054e-01
8.891790031870863142e-01
8.892629235631730467e-01
8.890253801691301305e-01
8.890200658311886439e-01
8.889164147706563046e-01
8.888157272618133486e-01
8.887870231276956412e-01
8.887591132186840603e-01
8.886043090820565649e-01
8.883092300406413289e-01
8.884452760824766981e-01
8.884009356105386779e-01
8.882062637734807753e-01
8.881472539250681031e-01
8.879867488441114398e-01
8.879670519900112469e-01
8.878646599680425355e-01
8.875717679929501225e-01
8.874626162315223388e-01
8.874024869614001165e-01
8.874161895952152879e-01
8.873630366257242441e-01
8.871474844142868132e-01
8.870124351264274676e-01
8.867082202891911624e-01
8.867871582843045442e-01
8.864337349343349715e-01
8.861063919104872344e-01
8.862596807877477501e-01
8.860984740836361784e-01
8.860526400370241085e-01
8.860265216823191015e-01
8.856959388351037799e-01
8.853227881787798514e-01
8.851538110272372251e-01
8.851582650389455686e-01
8.848808756552491994e-01
8.846981149297070690e-01
8.845070484820485301e-01
8.842046106080142520e-01
8.841617676364323941e-01
8.840900810062806148e-01
8.837105861195810874e-01
8.832574617673103479e-01
8.832377484882601992e-01
8.829903123501624540e-01
8.827396011248851426e-01
8.825347857074606894e-01
8.820480725146018219e-01
8.822223935645869819e-01
8.820235168824779315e-01
8.818805699766201212e-01
8.812733184269149200e-01
8.810499522815788964e-01
8.807879377318126313e-01
8.805068407542716580e-01
8.802669912915661588e-01
8.799388638441059118e-01
8.794581799423510926e-01
8.794171452926425880e-01
8.790252235950384296e-01
8.786754104885007299e-01
8.782470856242953205e-01
8.779547730130886629e-01
8.777856300397236522e-01
8.772619489651269920e-01
8.771457564559334008e-01
8.767161351433067074e-01
8.760625413985648757e-01
8.758416729337890061e-01
8.754342853994830920e-01
8.748938240473214112e-01
8.746661815927323502e-01
8.740422019442167789e-01
8.739513696140270849e-01
8.735798710936429901e-01
8.730139050578854532e-01
8.722922904734601302e-01
8.716705912094486752e-01
8.716979006285796583e-01
8.713059727769083551e-01
8.703784162691969861e-01
8.700021663379585712e-01
8.692666615740232139e-01
8.683428911687540719e-01
8.675957332950327006e-01
8.677624757368129771e-01
8.685614273513410089e-01
8.677728837292761899e-01
8.670209095794159104e-01
8.653720299535391236e-01
8.638361463471113666e-01
8.616656142423737563e-01
8.600724523025489177e-01
8.596330036428928567e-01
8.594106845315026000e-01
