1.649698769745268009e-02
1.448719081615969413e-02
1.397670026760672833e-02
1.407602108191952778e-02
1.376038123057388325e-02
1.348102654831732743e-02
1.234574765503830551e-02
1.192864864460413572e-02
1.183252543483659901e-02
1.238533090185062711e-02
1.341065105099900449e-02
1.190574913078767776e-02
1.295415109573649047e-02
1.550414978328646699e-02
1.503453318052361092e-02
1.777045744845167155e-02
2.038990419860381778e-02
1.773943871510903769e-02
1.811997759350987558e-02
2.099690964918584854e-02
2.322952331161666842e-02
2.555215269384128809e-02
2.972032825374133422e-02
3.376623972355355385e-02
2.982716987632414926e-02
3.308335664405975124e-02
3.962096973041219494e-02
3.977746025302776600e-02
4.702318619686497725e-02
4.800527513556355347e-02
5.090425208773836918e-02
5.155557857992049825e-02
5.627850219093966794e-02
5.577850337149391907e-02
6.389464575995176809e-02
6.817866437890414411e-02
7.145631453868701854e-02
7.731543538963102369e-02
7.972997913946486270e-02
7.957938769294542469e-02
8.649493736495798835e-02
8.885114483639013072e-02
9.199047401231888466e-02
9.540363472718642324e-02
9.768538297627175904e-02
1.027012349057776497e-01
1.060878504399273420e-01
1.102167875564242505e-01
1.139047131010436920e-01
1.206248381316521040e-01
1.220652704740050193e-01
1.253816643705596978e-01
1.312244319361590694e-01
1.307134380149401198e-01
1.350470661039782083e-01
1.424585884246387379e-01
1.472939272894457363e-01
1.519240288599710553e-01
1.553316982842556093e-01
1.567844842205356470e-01
1.613588602362945046e-01
1.641858580346479135e-01
1.709970372652701576e-01
1.719643913683559233e-01
1.770556990911105466e-01
1.824240027704722711e-01
1.836684986974036760e-01
1.871146572430212596e-01
1.916234053188196618e-01
1.947256696348351468e-01
1.971105169400134138e-01
2.041487221558337117e-01
2.079897898063315376e-01
2.081092313903091795e-01
2.159444066856673894e-01
2.185057217697373155e-01
2.227543906555761177e-01
2.249755661521080918e-01
2.278365118672925904e-01
2.315044505953837428e-01
2.363844702126761954e-01
2.398652300746018096e-01
2.437927682958334619e-01
2.491399032224024257e-01
2.519722387884099080e-01
2.566210702584826309e-01
2.600948161838969042e-01
2.630409567352328115e-01
2.668843504891372231e-01
2.698483388404877004e-01
2.738099058498083549e-01
2.786953816078470147e-01
2.828005990995162700e-01
2.845007016157005131e-01
2.884328614075116759e-01
2.916042499983813041e-01
2.939063093722106279e-01
2.986718674842989141e-01
3.016049800433258654e-01
3.065948236498685642e-01
3.116908519496409125e-01
3.132789658222733253e-01
3.165189903226017787e-01
3.209830413294904039e-01
3.243333927042633125e-01
3.254475492007535831e-01
3.293214711701212272e-01
3.338796355512495539e-01
3.375233605295994699e-01
3.408575587682673991e-01
3.426612085217521919e-01
3.458475196612010860e-01
3.492082248657745747e-01
3.530687119460844681e-01
3.567812718671004024e-01
3.595138184586283980e-01
3.637801287854812160e-01
3.670861692502487283e-01
3.697789717365548290e-01
3.725909090138894708e-01
3.754766439336539308e-01
3.781658321417269430e-01
3.832635401389200558e-01
3.847258615319038011e-01
3.880606813758923357e-01
3.919123618920729024e-01
3.942855619621508101e-01
3.971571247767859414e-01
4.009203683855294131e-01
4.038608057066156443e-01
4.073346286384980086e-01
4.101143783137595755e-01
4.121727852379356571e-01
4.157330294654449920e-01
4.181857782660342582e-01
4.214478392164078269e-01
4.241037743411949501e-01
4.274300227285260934e-01
4.298213788394276702e-01
4.331443783523086788e-01
4.359539874214959365e-01
4.385865610586381358e-01
4.419040450796281605e-01
4.451798322692415710e-01
4.473543481553584611e-01
4.510035179572250419e-01
4.530867428042734124e-01
4.550473336355791987e-01
4.583622739419993541e-01
4.609407663969347646e-01
4.629227933121659033e-01
4.658699408527920971e-01
4.690908678815021715e-01
4.723233421106012853e-01
4.742022540030713107e-01
4.766503905767626725e-01
4.789047311543253027e-01
4.816746762640554125e-01
4.860118588639227855e-01
4.878781007401611358e-01
4.905729212490989033e-01
4.930132109193791634e-01
4.947521318305170279e-01
4.969635100735059208e-01
4.988986437089165116e-01
5.021017469852726567e-01
5.056558330872625850e-01
5.081653302370874314e-01
5.110252727925734817e-01
5.130070450556000194e-01
5.153809839680074667e-01
5.172064641304767729e-01
5.202265131897665373e-01
5.226578238274367516e-01
5.251210183914074570e-01
5.275905546404278113e-01
5.297379131844733857e-01
5.324428174125710456e-01
5.349271003168465377e-01
5.376235274945724285e-01
5.396794814354963776e-01
5.412903984714884098e-01
5.438227322077523462e-01
5.462671879988243440e-01
5.486320267205203605e-01
5.507527865327537242e-01
5.530413210811916391e-01
5.549130148425254205e-01
5.575840367573542400e-01
5.589822403364097525e-01
5.621456889249397681e-01
5.643953334666057531e-01
5.657050179341068796e-01
5.685790157054291249e-01
5.708318381782497841e-01
5.723095659246617561e-01
5.753445484558010747e-01
5.764166879056769055e-01
5.795308226780139238e-01
5.805018913152993898e-01
5.833967331587828209e-01
5.855041721838567526e-01
5.868751833924801264e-01
5.896819749428907631e-01
5.916129923571734617e-01
5.935450730927063212e-01
5.966903755936422415e-01
5.992289822644384367e-01
5.999461748848232689e-01
6.017198354995761944e-01
6.042273435572070861e-01
6.056209600987013664e-01
6.081119228637745788e-01
6.091065220557543292e-01
6.116967800756639706e-01
6.143341441413643356e-01
6.158463076927357394e-01
6.175665497747558907e-01
6.198906444066981658e-01
6.208569831116151905e-01
6.226418997142688649e-01
6.252073893754939160e-01
6.268330280158292966e-01
6.285592442584863049e-01
6.299296296829957065e-01
6.317604716699096734e-01
6.328651352923070350e-01
6.354506482678725643e-01
6.379888905434513147e-01
6.400163227071388183e-01
6.419746180425696114e-01
6.433602668360830501e-01
6.451498022691249945e-01
6.467558795130942118e-01
6.483928433135678349e-01
6.504537901404063849e-01
6.517998293628043394e-01
6.536096875539212370e-01
6.560145478669926478e-01
6.576422509050853238e-01
6.583528764334293237e-01
6.610136615473397592e-01
6.629834010395601052e-01
6.637648975693832831e-01
6.651292447440871891e-01
6.669339596542080972e-01
6.690419619452380173e-01
6.706187843125155368e-01
6.722061353434125586e-01
6.741295211527090769e-01
6.755114435594058442e-01
6.772948761037004273e-01
6.790739595064535505e-01
6.805730704970777145e-01
6.813258759921668739e-01
6.839196502065267858e-01
6.850417917631742570e-01
6.867831560240650335e-01
6.876879687336479030e-01
6.898676946178913250e-01
6.910211704556623591e-01
6.925621869940387088e-01
6.940393003983165165e-01
6.964459114168556342e-01
6.964806796264647604e-01
6.982720307945201599e-01
7.006725309837351645e-01
7.012240830725153806e-01
7.028322981669493652e-01
7.050207910407183531e-01
7.061478855540017641e-01
7.076900029210021481e-01
7.090012903314317771e-01
7.102995604785259376e-01
7.118342815422054048e-01
7.137668498360189018e-01
7.146398215920545249e-01
7.161846479122275788e-01
7.173338219593410336e-01
7.187947097679224795e-01
7.208965417590413871e-01
7.216827463221491268e-01
7.230979031735688123e-01
7.247161972711169131e-01
7.258429530256823581e-01
7.274100779926200300e-01
7.286566477726743596e-01
7.302722174486615536e-01
7.313626820526303307e-01
7.329393822857435126e-01
7.336625691001408267e-01
7.357106459127110698e-01
7.367899649247441340e-01
7.384688614186678546e-01
7.390304013268125249e-01
7.401655613515647492e-01
7.416440137543394151e-01
7.429706135794218458e-01
7.444645337870450241e-01
7.450172433531838667e-01
7.471951294021829115e-01
7.485868009417326885e-01
7.488261400017910407e-01
7.505739327632664493e-01
7.515016700048122722e-01
7.527614304699308256e-01
7.543108378782024115e-01
7.556124889169995029e-01
7.565890202091790639e-01
7.577272033331001744e-01
7.594031091799525734e-01
7.603513190065217531e-01
7.618761099325587205e-01
7.628713297204902100e-01
7.639746228477309886e-01
7.649784009139456442e-01
7.661714031708940498e-01
7.676919311363897824e-01
7.686247389003121322e-01
7.696994989048058233e-01
7.707437190616704958e-01
7.721447673523091915e-01
7.732555404728066462e-01
7.745985779641314517e-01
7.756291399101133965e-01
7.762929862968913630e-01
7.776901173071537610e-01
7.786007873837041959e-01
7.804481984361753000e-01
7.816290008331355788e-01
7.820162946694836359e-01
7.833565238382708129e-01
7.843634001155570523e-01
7.854264831768398292e-01
7.858737321715785207e-01
7.876942589763562541e-01
7.891072661466406180e-01
7.899968062915290190e-01
7.908378796024373436e-01
7.915168761223089211e-01
7.928636125222691122e-01
7.936797905175247969e-01
7.946748376783026035e-01
7.957916899927021115e-01
7.970514794083068955e-01
7.980357417770526096e-01
7.987207310335112664e-01
8.000320103730084176e-01
8.009770698515771281e-01
8.019449204340223236e-01
8.027657985120650874e-01
8.042448253085119347e-01
8.050089837318413766e-01
8.059960254942276636e-01
8.071961820037263369e-01
8.080895056711315805e-01
8.087151075277333456e-01
8.098223920874272341e-01
8.100140307903296311e-01
8.115336116216235185e-01
8.127550964318082105e-01
8.133816573579012443e-01
8.142111816960579951e-01
8.158333058318896214e-01
8.168114211161420224e-01
8.175236992947191306e-01
8.182357220817860766e-01
8.190010838006196447e-01
8.203673051209899869e-01
8.211436560847328314e-01
8.215536360165208718e-01
8.226140102615633332e-01
8.235680685743854701e-01
8.249779276515043502e-01
8.259099899042132709e-01
8.262716308743800475e-01
8.273417206439671601e-01
8.283987086803095146e-01
8.292381378273379067e-01
8.303408184774561107e-01
8.310324201357698337e-01
8.320013506319051677e-01
8.327787012014025159e-01
8.334454027541579046e-01
8.342894174204097402e-01
8.354917430967914171e-01
8.363674009748868210e-01
8.370062093595749264e-01
8.379848996482834877e-01
8.388356267873726679e-01
8.392190334778305560e-01
8.401327523258131924e-01
8.407910445127916299e-01
8.420249006071908182e-01
8.426115121053104895e-01
8.440470059854148221e-01
8.447255240112930830e-01
8.451308202435113826e-01
8.462311389342807022e-01
8.469608355944160394e-01
8.475090569992841383e-01
8.482432426338316622e-01
8.492823364055923641e-01
8.500512693982633650e-01
8.507791050468008764e-01
8.514119328501280615e-01
8.523041786838204681e-01
8.534140370057032854e-01
8.541848565390265380e-01
8.552687761917358023e-01
8.557335938991443847e-01
8.562845238631133782e-01
8.569671934391074331e-01
8.575973888152583768e-01
8.586906896997859029e-01
8.589541129331388358e-01
8.599350267267302783e-01
8.610145996278284475e-01
8.619952655747283865e-01
8.628888306746363979e-01
8.635007149985617358e-01
8.639203532913696248e-01
8.646037273947194679e-01
8.654848417248242054e-01
8.663018064840238841e-01
8.667921672050534765e-01
8.675478932446725189e-01
8.682220515372068848e-01
8.690380937816278850e-01
8.698864744494756440e-01
8.706662232584065908e-01
8.707918711469023743e-01
8.718464929748545034e-01
8.724652372477962325e-01
8.730577861951968055e-01
8.739439960020329856e-01
8.748749273566640561e-01
8.750006385817244992e-01
8.761963334183973107e-01
8.768556756645834449e-01
8.774069045472223660e-01
8.775830544219342944e-01
8.787430447281998624e-01
8.795395499906396575e-01
8.798348116174976585e-01
8.809660632650901935e-01
8.815532880867644749e-01
8.820814318013100452e-01
8.825375392338440372e-01
8.832253949572546059e-01
8.842322396115767091e-01
8.851252920629474330e-01
8.853786761073370037e-01
8.862755143400807833e-01
8.864872523983824415e-01
8.871031043617102485e-01
8.879975788648144519e-01
8.886679939860551158e-01
8.886851207344576009e-01
8.895154143606716080e-01
8.901910513829867089e-01
8.913184577597216274e-01
8.918987455446142354e-01
8.925397537067861764e-01
8.929299668537804546e-01
8.937656785133296644e-01
8.943970208398756006e-01
8.948879604716547531e-01
8.956538278493986205e-01
8.959139100237213382e-01
8.969841019000314164e-01
8.971993157999232915e-01
8.978648024580603293e-01
8.983965140420993034e-01
8.992498684171174039e-01
8.995310887400418398e-01
9.002235179543588428e-01
9.013616588588067025e-01
9.011783462663610633e-01
9.017562221380687193e-01
9.027041707178159458e-01
9.033226532752308691e-01
9.042144802681564286e-01
9.049825223509817551e-01
9.053067056051431472e-01
9.055648987800557492e-01
9.060214951127726346e-01
9.066841523891490118e-01
9.070624819486116097e-01
9.086718367867682167e-01
9.083495073283074372e-01
9.086848545195748139e-01
9.091946487649447128e-01
9.101494023938913047e-01
9.108914893765315268e-01
9.120746281107868780e-01
9.128218962625450628e-01
9.131122759644302311e-01
9.129448377069973031e-01
9.129458684281331893e-01
9.127216271752726096e-01
9.132581744248643441e-01
9.147351805799377455e-01
9.168646208814320575e-01
9.193205537459244736e-01
9.196286981403193339e-01
9.191602520134339871e-01
9.172984902966948573e-01
9.157784440907206225e-01
9.158593899747171641e-01
9.173293554456620758e-01
9.200557853232287364e-01
