8.439410856467806088e-01
8.433443767187627227e-01
8.432127565757021603e-01
8.435087126692780712e-01
8.438152961933715890e-01
8.438784279321344117e-01
8.439319867348992199e-01
8.439244523474443982e-01
8.438082196836280691e-01
8.437841524802516258e-01
8.437375085674951869e-01
8.436526431938450310e-01
8.437428991915539855e-01
8.439262189424736604e-01
8.439737572258979581e-01
8.441563715621156483e-01
8.443083413224020672e-01
8.441183211684213372e-01
8.440612666850343393e-01
8.441592592167838083e-01
8.442064587392283936e-01
8.443496982644453919e-01
8.445669461967465486e-01
8.448990716583257843e-01
8.446576148433594389e-01
8.448680050495245286e-01
8.453012688685613840e-01
8.451581602724698161e-01
8.455877227095101034e-01
8.456801036092816970e-01
8.457824357033568718e-01
8.456226666347500531e-01
8.459197918261672777e-01
8.460378010478996069e-01
8.467000699445825784e-01
8.469059670647015592e-01
8.469459899540652259e-01
8.474123176414586345e-01
8.476789315759212240e-01
8.474084780150954455e-01
8.479738407141619305e-01
8.480634382504448343e-01
8.481718698616029783e-01
8.483149136388309364e-01
8.483286294371766845e-01
8.488150695979043148e-01
8.490175427645054729e-01
8.492755408149951224e-01
8.497022376154386158e-01
8.499580901394960808e-01
8.499556605622207162e-01
8.504528039151485475e-01
8.509008039787374633e-01
8.508327643019630848e-01
8.509068507830618300e-01
8.511943281505002235e-01
8.516841391448929377e-01
8.525416749109673287e-01
8.524592921155172975e-01
8.520982418963621852e-01
8.527306005884797147e-01
8.527164344761370973e-01
8.531709430146027229e-01
8.535169970141817108e-01
8.536592301800033367e-01
8.535852684531303192e-01
8.545867086591282247e-01
8.544320068022399628e-01
8.549089340671605086e-01
8.548900559482401906e-01
8.553870068515169178e-01
8.561188069374691123e-01
8.560118795163436101e-01
8.561510993628290711e-01
8.568417954514476742e-01
8.566860155766684581e-01
8.571803104726931632e-01
8.573041293156503651e-01
8.574458468591359406e-01
8.584659434551525914e-01
8.589607727902577317e-01
8.584509797805830456e-01
8.590556212940341219e-01
8.599745611698657033e-01
8.593320724083532980e-01
8.593500416917732032e-01
8.597485772594507525e-01
8.599639019472629098e-01
8.606581496285903299e-01
8.602035851611807837e-01
8.605604426633314263e-01
8.616358702317568063e-01
8.617890684166030768e-01
8.619312015168909547e-01
8.624453263615747822e-01
8.631082049960536740e-01
8.623617291789789085e-01
8.635911742073787423e-01
8.634740883266064371e-01
8.636712758292590664e-01
8.643478786528160374e-01
8.644576035103277434e-01
8.644775549784894375e-01
8.647452131030907152e-01
8.648077748919533736e-01
8.657036445785455392e-01
8.658581807834735411e-01
8.659119510633728201e-01
8.667342619303307627e-01
8.664771204490037126e-01
8.667314734924851383e-01
8.665894494936995374e-01
8.667820248119695314e-01
8.672305993612364761e-01
8.682884109212269941e-01
8.680764525498686490e-01
8.680838887974289264e-01
8.686784484193753597e-01
8.685859547099736844e-01
8.687969924338020400e-01
8.698827249977593157e-01
8.698526416443858045e-01
8.697980572017101064e-01
8.702911951498976117e-01
8.708271890950856076e-01
8.711541240372963069e-01
8.715134738766672218e-01
8.714958918003743449e-01
8.718800781413655887e-01
8.717821578007207695e-01
8.720555166224357446e-01
8.730267567973926113e-01
8.727378815495236974e-01
8.729372161610122749e-01
8.732858203824259702e-01
8.736085158341367896e-01
8.737398000213051352e-01
8.742967740508474916e-01
8.748575073987396866e-01
8.750562396487582273e-01
8.751752406335582268e-01
8.757035979751504051e-01
8.756551536110017686e-01
8.760549022214694226e-01
8.763426878638017614e-01
8.763694866712861131e-01
8.768957841988778146e-01
8.770482540412587458e-01
8.776802792156733757e-01
8.773220338002949426e-01
8.779392425803286271e-01
8.772784562313366008e-01
8.783530300011409553e-01
8.783890065801357450e-01
8.783534592143402708e-01
8.792949776521332694e-01
8.792106206460078566e-01
8.796385432579519881e-01
8.793406059053481272e-01
8.797039954635482717e-01
8.802731651073139041e-01
8.805549050115051291e-01
8.811174423099932262e-01
8.811027742567130172e-01
8.816699052367501510e-01
8.814861825247686244e-01
8.812756235198704324e-01
8.817292390105627709e-01
8.822161629106826108e-01
8.823251287193291104e-01
8.826664733215555669e-01
8.831328995612933719e-01
8.832721971959497376e-01
8.837365693929029042e-01
8.838536686801020670e-01
8.839221056562455159e-01
8.841965111614417117e-01
8.842772706949447725e-01
8.843603956769747754e-01
8.848155202447753886e-01
8.849086092544434790e-01
8.852936356130645112e-01
8.857168088515489091e-01
8.861153509719937871e-01
8.862648258932686041e-01
8.861254528964690458e-01
8.860631138606201995e-01
8.867993173177990407e-01
8.868679979107456646e-01
8.874066489025526083e-01
8.874352021403048019e-01
8.875421861593149053e-01
8.877128467733939043e-01
8.879551501295517291e-01
8.884741052004589967e-01
8.881771157774897008e-01
8.887526007892535551e-01
8.891331528829232722e-01
8.892815900942083740e-01
8.891412543050811745e-01
8.896190368689192995e-01
8.901831197599594514e-01
8.902947021142072481e-01
8.901516060962225696e-01
8.903358841486987973e-01
8.903347307956026579e-01
8.909232028541528292e-01
8.913154739394612003e-01
8.912791750518367362e-01
8.914575227617401731e-01
8.916603586545455151e-01
8.921657861405870582e-01
8.921753584149282323e-01
8.923024264341899991e-01
8.928867964331986817e-01
8.930524154038843587e-01
8.932173732150823220e-01
8.932618640546954314e-01
8.936764833136707775e-01
8.937951721156626173e-01
8.936006608243407534e-01
8.939554434960887974e-01
8.946785495937177313e-01
8.947061729641574424e-01
8.947941440549933567e-01
8.947888925452848197e-01
8.953412151042249301e-01
8.955086886383533118e-01
8.955934891479776505e-01
8.959007789292400270e-01
8.961858700854564708e-01
8.959328280007317069e-01
8.965921415813490336e-01
8.970123825778958393e-01
8.967384053496276763e-01
8.971980939403201294e-01
8.970991935297782938e-01
8.973568922093175804e-01
8.977607190532261860e-01
8.978790636139279968e-01
8.978627220350542393e-01
8.982634549475977392e-01
8.982196591148102760e-01
8.985581562781612686e-01
8.987915348451376296e-01
8.989155774141748267e-01
8.991908069059373343e-01
8.995535744820917223e-01
8.992204677934170221e-01
8.994870534663284012e-01
8.997604190040234817e-01
8.998334451068195072e-01
9.000299083115497201e-01
9.000170341307124344e-01
9.004837251039216062e-01
9.006009353942100448e-01
9.006605600603505568e-01
9.010792784852096338e-01
9.012884995482999262e-01
9.014804485967971015e-01
9.015045057252397687e-01
9.017424376086349280e-01
9.021331098783665903e-01
9.021775563026297462e-01
9.022376698326382005e-01
9.025978829491010380e-01
9.027465418962485888e-01
9.027363590354723355e-01
9.028828577428857916e-01
9.030973501739003595e-01
9.031866420653399397e-01
9.033686631197322958e-01
9.035242724977016193e-01
9.038960009444113597e-01
9.042385669848989060e-01
9.041183674276274118e-01
9.040678955535191852e-01
9.044483773262760318e-01
9.048560454631305872e-01
9.047442501173372786e-01
9.047508961784010983e-01
9.050004287463554453e-01
9.051782630589255696e-01
9.052629390453164060e-01
9.056462230222197540e-01
9.057428857260646504e-01
9.055378535952109953e-01
9.057207740264465734e-01
9.059751744365029946e-01
9.060876158557781279e-01
9.061945500526039643e-01
9.063357981533860519e-01
9.064980693181112770e-01
9.066648652460645996e-01
9.068067590797465050e-01
9.068644672521324335e-01
9.070998440616806491e-01
9.074647268670399392e-01
9.077402242080198080e-01
9.077210392246783943e-01
9.076947823853445119e-01
9.076501857937872009e-01
9.078234165551448687e-01
9.081727706476351303e-01
9.083270996286485488e-01
9.084500602007409276e-01
9.085573949482441680e-01
9.086313759807034263e-01
9.086691099123815896e-01
9.088076405889864429e-01
9.090621210814111564e-01
9.092634886789722204e-01
9.091604645018079855e-01
9.092839041076651307e-01
9.094617677967948843e-01
9.093624170929469619e-01
9.094579885652303020e-01
9.097183801863689689e-01
9.098266134011726569e-01
9.098321491265102257e-01
9.098703488984071219e-01
9.099804641923263659e-01
9.102950311067455891e-01
9.104484227574884958e-01
9.104648929213843278e-01
9.105885617669392529e-01
9.107531542557404380e-01
9.109359484126943185e-01
9.109620158457794048e-01
9.112168759395997686e-01
9.112428839015476179e-01
9.112193265182808588e-01
9.112880486383093670e-01
9.111890347007163271e-01
9.113014640835719327e-01
9.114070913739239499e-01
9.116371005444199316e-01
9.118008381065346724e-01
9.119002016511918995e-01
9.119853248675289237e-01
9.121987940911862047e-01
9.122256882297464786e-01
9.121999208436543105e-01
9.122384035048416440e-01
9.123879064364303071e-01
9.126096908825270804e-01
9.127187479528815484e-01
9.125684610310947908e-01
9.125544287401707866e-01
9.126979190878102832e-01
9.129919217827692224e-01
9.130478324643934718e-01
9.128542115490015929e-01
9.127925063977377906e-01
9.130800677914123753e-01
9.132445757205692738e-01
9.134083216419327522e-01
9.133533764048106240e-01
9.133752390741645133e-01
9.134655139055678497e-01
9.135026328419135755e-01
9.135046692714650085e-01
9.135699899292616388e-01
9.137298041880587141e-01
9.136429222026783981e-01
9.136231897154621917e-01
9.136840498873382010e-01
9.137377736189445931e-01
9.137665479585531658e-01
9.138943318101039326e-01
9.140099869602625882e-01
9.140280097321342723e-01
9.140611213648202060e-01
9.140793658758399332e-01
9.140667795789739758e-01
9.141493468725165883e-01
9.142560040448829417e-01
9.142899098413672654e-01
9.142911396129081991e-01
9.143516872387418282e-01
9.143635293351140003e-01
9.143098413005383840e-01
9.143306707614246021e-01
9.144505942730360992e-01
9.143905789386915783e-01
9.144033099719598434e-01
9.144254696112380509e-01
9.144622049057865576e-01
9.144338045171930274e-01
9.144721805975956075e-01
9.144784575268790627e-01
9.144947449263395312e-01
9.144391344142903666e-01
9.143720118112875772e-01
9.144978043897240561e-01
9.144324943137704942e-01
9.146512428966502295e-01
9.145165254312359604e-01
9.145664028608717633e-01
9.144897180705098272e-01
9.145339341265887878e-01
9.145088699666140686e-01
9.144497347273253807e-01
9.143887173021357784e-01
9.144422613591335347e-01
9.142424755962956784e-01
9.143759443261698650e-01
9.143379225511665265e-01
9.142035775836884204e-01
9.141848946153284805e-01
9.141448302061173647e-01
9.141313180613641620e-01
9.140751249684039292e-01
9.139708257073558828e-01
9.140039408072041516e-01
9.140725564863966257e-01
9.139177506204921864e-01
9.139470934009302772e-01
9.137930670321580129e-01
9.137825031094964912e-01
9.137092383595502021e-01
9.136423549030022739e-01
9.135835268166733192e-01
9.136086661188774771e-01
9.134132508777003112e-01
9.132410139519295811e-01
9.133379320091142839e-01
9.133697996529392960e-01
9.131935142154964380e-01
9.131658491460445948e-01
9.129993406359899755e-01
9.129355566288139823e-01
9.129185901196510411e-01
9.126357257371517928e-01
9.125850127494987696e-01
9.124857647934702110e-01
9.125213951774856502e-01
9.124770799310806257e-01
9.123276266189331851e-01
9.121863140054518038e-01
9.120139980974844018e-01
9.120234327147160869e-01
9.116863615556062284e-01
9.115046950904950318e-01
9.116104211428691650e-01
9.115173247555662384e-01
9.113860135631027815e-01
9.114296950884072102e-01
9.111118790385274169e-01
9.108513561333230202e-01
9.106558734561577273e-01
9.106975216446605570e-01
9.104660623784076590e-01
9.102779406944815355e-01
9.100935216863510480e-01
9.098777617127637996e-01
9.098341782718741833e-01
9.098275672522023738e-01
9.094183958020863878e-01
9.090486810871862833e-01
9.090515270178484153e-01
9.088469590652850094e-01
9.086511850407684721e-01
9.085089668847288191e-01
9.080549106721362840e-01
9.081985480993908233e-01
9.080686120204716216e-01
9.078256811074819632e-01
9.073194920460545543e-01
9.070511571277650731e-01
9.069326740969759770e-01
9.067379834835882502e-01
9.064787301772146977e-01
9.062358168029627237e-01
9.058111346948419795e-01
9.056904345159534353e-01
9.053590766093192466e-01
9.050877168412493345e-01
9.046578676715245626e-01
9.044419932829668163e-01
9.042857546861603479e-01
9.038016833321043109e-01
9.035789031378133052e-01
9.033232939382038751e-01
9.027313310637278265e-01
9.025179619232120976e-01
9.021622986265290800e-01
9.015509533762169347e-01
9.014949276465050731e-01
9.008791041330578286e-01
9.007363401431621730e-01
9.004944576889895025e-01
8.998204667087393860e-01
8.991871547249326024e-01
8.986022272510618691e-01
8.986435379096852083e-01
8.982630742526237499e-01
8.974126082496739487e-01
8.969680399845239016e-01
8.964735166512443065e-01
8.954172434230952549e-01
8.947909129951743257e-01
8.946819786044163392e-01
8.955272896192717491e-01
8.946375199505205433e-01
8.938321663567040387e-01
8.921029644140291426e-01
8.906876840081683344e-01
8.889119496513951946e-01
8.870088695733790995e-01
8.862041846202406425e-01
8.855000431407913375e-01
