1.476889351719968234e-02
1.278165345546982204e-02
1.228310614849958265e-02
1.249771968347077392e-02
1.235836416588969276e-02
1.214373149606320403e-02
1.118899271973816494e-02
1.083162460197113243e-02
1.070535827958246818e-02
1.118064491996555859e-02
1.206658855423052915e-02
1.074271401258525271e-02
1.169738919891620370e-02
1.400822921916107522e-02
1.362249252509191780e-02
1.612968274743136268e-02
1.851722095178473526e-02
1.602677968850903939e-02
1.636597484989197465e-02
1.898453163807200042e-02
2.094936209133489366e-02
2.315701989134540117e-02
2.689953238036194710e-02
3.081489358717602253e-02
2.704575942863113661e-02
3.004341905181148742e-02
3.623055708918017370e-02
3.610328427265614704e-02
4.289082561579770497e-02
4.393406147017221014e-02
4.652364239375424843e-02
4.670030003422346448e-02
5.115439086421165460e-02
5.083756670245083431e-02
5.886208293197854602e-02
6.273075641045310069e-02
6.541494938572414708e-02
7.116063223542093419e-02
7.356821250184721050e-02
7.304592734562419254e-02
7.981520019401894261e-02
8.190970013680905215e-02
8.471773065885145060e-02
8.792096913256063073e-02
8.986303040273561915e-02
9.439631078196500380e-02
9.730416045980018469e-02
1.015403898630512503e-01
1.054616618552148555e-01
1.115114989345124402e-01
1.126929194970318210e-01
1.161724099991327669e-01
1.217924346504055816e-01
1.212004623250854951e-01
1.249475840762710593e-01
1.323665368167250278e-01
1.369812802295107546e-01
1.416015906362458332e-01
1.446597457230703043e-01
1.456530186646178282e-01
1.500239914696605004e-01
1.527118316303676115e-01
1.591394957943254584e-01
1.602575453306364361e-01
1.648135685634690706e-01
1.705758879234517134e-01
1.715688457922218413e-01
1.741223888112647111e-01
1.786281982138196167e-01
1.818516790385881765e-01
1.842196313505523875e-01
1.911367886105408698e-01
1.946081659476864567e-01
1.948565600033085599e-01
2.024305577133226342e-01
2.049061577238239507e-01
2.090350784962191344e-01
2.112814665690728455e-01
2.132202767322067816e-01
2.175213852182716345e-01
2.223085611009601448e-01
2.257571845273945443e-01
2.298943557986468378e-01
2.352982876091564424e-01
2.373322478689589843e-01
2.415548849226729911e-01
2.452871406278852584e-01
2.481620618621704910e-01
2.523069315984891592e-01
2.548450154730125261e-01
2.584588578078513277e-01
2.634240024510786649e-01
2.676821773760079126e-01
2.688826679431560729e-01
2.727938992096786697e-01
2.766000333981081249e-01
2.782706056173809284e-01
2.835027325100232809e-01
2.862489839369773970e-01
2.909245205380388000e-01
2.951015432183173304e-01
2.975240909470711625e-01
3.000737892040474253e-01
3.052267358889524940e-01
3.082967779563188238e-01
3.092647749084407871e-01
3.132666712241019558e-01
3.172739880151679293e-01
3.208226104755464991e-01
3.240133324253925973e-01
3.263843978922972289e-01
3.294059357481544659e-01
3.326188239589329965e-01
3.363258584130616180e-01
3.408482803307092968e-01
3.429004567583567309e-01
3.465104521960566397e-01
3.505531553601295425e-01
3.535385998468834057e-01
3.560351451521536759e-01
3.590196061850490228e-01
3.614466086027346980e-01
3.656829006786131986e-01
3.674103061154309069e-01
3.712441629415400013e-01
3.751590021208245918e-01
3.777024460835836650e-01
3.800233552072359577e-01
3.838662803848650884e-01
3.875231934946751222e-01
3.900413404740782353e-01
3.929548366843568785e-01
3.957849529990000725e-01
3.988293085500886348e-01
4.010724947276360086e-01
4.041100101634278463e-01
4.077186599829752955e-01
4.107038191231544566e-01
4.129865888119688688e-01
4.162725795131438922e-01
4.192782562430389937e-01
4.217112519465260334e-01
4.249574342610024646e-01
4.283618111458066813e-01
4.306688648162405042e-01
4.345187846351712402e-01
4.363771417293804133e-01
4.384997994226680351e-01
4.417509035137278661e-01
4.447075883048923206e-01
4.462422530346241145e-01
4.494049988684717944e-01
4.526239883509311501e-01
4.559833548552845728e-01
4.578602375897256604e-01
4.606642196797223754e-01
4.625020863849694241e-01
4.652156370771861060e-01
4.700344029446554273e-01
4.718202392194461026e-01
4.746795283747905492e-01
4.769244071634907711e-01
4.787783596196286129e-01
4.812643587833483894e-01
4.830000948318775578e-01
4.867604369373914053e-01
4.905457775914252028e-01
4.925539359396898798e-01
4.946898717282907643e-01
4.974595871465427033e-01
5.003144115596201980e-01
5.027115958995395095e-01
5.056034285929460470e-01
5.078149800972584504e-01
5.104997154679596916e-01
5.128492653936024270e-01
5.154245590140523747e-01
5.179369933379901481e-01
5.201297336775190239e-01
5.228679202106633062e-01
5.242720818063112409e-01
5.264972688857283423e-01
5.296368832997228049e-01
5.316466673098372286e-01
5.339723527820888771e-01
5.361742962105927601e-01
5.387883731868887693e-01
5.408554724893237520e-01
5.436893274090934813e-01
5.449972004840150097e-01
5.481499709861519243e-01
5.506607489473226424e-01
5.520732080646899576e-01
5.548075176297521116e-01
5.571128927854706037e-01
5.589223484306526935e-01
5.617727696449739128e-01
5.631940610102119660e-01
5.665378457111642785e-01
5.676705208048823392e-01
5.707245014913613357e-01
5.726530712136018719e-01
5.741200131279557972e-01
5.768451262235871901e-01
5.788617996338071281e-01
5.808785441888850709e-01
5.840264382418893785e-01
5.866104000644449812e-01
5.873111443425869105e-01
5.888538606301981781e-01
5.919705748435389880e-01
5.931330519980967386e-01
5.957794550648281007e-01
5.973970704145102895e-01
5.999635351612835343e-01
6.024008634619234526e-01
6.039328723968070411e-01
6.062115956937546013e-01
6.083671117829445585e-01
6.095347140993486734e-01
6.118053570558786847e-01
6.142457569246309035e-01
6.152078513796755965e-01
6.174624088858292614e-01
6.194199527023298568e-01
6.210650221839230101e-01
6.231545849191164610e-01
6.255135072263249274e-01
6.278906829464895312e-01
6.299759056244957911e-01
6.312653190592208974e-01
6.328480268411851295e-01
6.349807148126676015e-01
6.366700854566131884e-01
6.387910451407506907e-01
6.405460483072704658e-01
6.422804828381802889e-01
6.439461488001704259e-01
6.464560684571682980e-01
6.483644147928138146e-01
6.485427123681251071e-01
6.518567494138047813e-01
6.535233685648829116e-01
6.541281820392162993e-01
6.562058832738726366e-01
6.580779968014641712e-01
6.601278597751057964e-01
6.621264937681803353e-01
6.634902251266200368e-01
6.656567483263299279e-01
6.671416067463789012e-01
6.688017267979095015e-01
6.702861863578689627e-01
6.716195568071576805e-01
6.733531494097512171e-01
6.757309113363612063e-01
6.768826107683192372e-01
6.794014609647213154e-01
6.802731025155439593e-01
6.818730402313742944e-01
6.834750584996954759e-01
6.851856714249079383e-01
6.874185350026089658e-01
6.891903337196185753e-01
6.893769159663986068e-01
6.915079370971431993e-01
6.941273272167016728e-01
6.951198734726046213e-01
6.963834630916894142e-01
6.981640307889317443e-01
7.000910085581107944e-01
7.016609110256218917e-01
7.032010703417470587e-01
7.041685709610332466e-01
7.052328322564753726e-01
7.075780625514735966e-01
7.097804708900754544e-01
7.104713243489265695e-01
7.116922318491759603e-01
7.137856196363071559e-01
7.154472974532951612e-01
7.165106261405732591e-01
7.175878434431726127e-01
7.193150450063322543e-01
7.208844766842235074e-01
7.224906687798302585e-01
7.235759072573428874e-01
7.249979548343992164e-01
7.265012459499531339e-01
7.283203146820591556e-01
7.288118331985213860e-01
7.305917000602041300e-01
7.321467605111833254e-01
7.337067155725676137e-01
7.343880100730683091e-01
7.360963030681463293e-01
7.378139438023310070e-01
7.394110915548146590e-01
7.402938326502670474e-01
7.413025566051157922e-01
7.440258689203766984e-01
7.449352463645980693e-01
7.459719210756908803e-01
7.473171758990772018e-01
7.485420411930315820e-01
7.497660817092669516e-01
7.514140795724785216e-01
7.523115381198165474e-01
7.535769097062563482e-01
7.551655801635164256e-01
7.563972446883329148e-01
7.580379533589366448e-01
7.594810747080886770e-01
7.602004349326065835e-01
7.614512076775302729e-01
7.631705279146119292e-01
7.644712369970625421e-01
7.658863059589761102e-01
7.665208908240110919e-01
7.680846831870590252e-01
7.688828230955891962e-01
7.704324088553989869e-01
7.718929392939126721e-01
7.721858237173822026e-01
7.738911527096031806e-01
7.751959279075575360e-01
7.762538374245084860e-01
7.779534106779596447e-01
7.790763104721623034e-01
7.800957816455752480e-01
7.811226018131490756e-01
7.821126365864959906e-01
7.831526973488203147e-01
7.846950956469268545e-01
7.857406276528258182e-01
7.869588647462759656e-01
7.877284161046225197e-01
7.895575926729173633e-01
7.902929938303896451e-01
7.910618041699118974e-01
7.928002204247064366e-01
7.937405521892741955e-01
7.949320106070523195e-01
7.961519495407606284e-01
7.972059965420325023e-01
7.978920287614993390e-01
7.991094471146144018e-01
8.006459512140818857e-01
8.017240766357344173e-01
8.024000416707178784e-01
8.034742514861563656e-01
8.048888498088305754e-01
8.064096260705837516e-01
8.074902801873244940e-01
8.079945565490711523e-01
8.089901778311198166e-01
8.104598962925738670e-01
8.112139477509594521e-01
8.118833498635434909e-01
8.127917294905862011e-01
8.140155613257157308e-01
8.150609011556378958e-01
8.159187075062375172e-01
8.171106971836938904e-01
8.186984297740150796e-01
8.194310334530424678e-01
8.208136720276446585e-01
8.209738597576421437e-01
8.221901390944127419e-01
8.231154610637853031e-01
8.241209805882248052e-01
8.253397654294519770e-01
8.267238562379933819e-01
8.274159416524318189e-01
8.280001079015955057e-01
8.293195719336542426e-01
8.305785038725652658e-01
8.318116429814049750e-01
8.325059741544610370e-01
8.329586984178452003e-01
8.340980578783866450e-01
8.351934312034956509e-01
8.365007609874430816e-01
8.370799884981982020e-01
8.374982498321617008e-01
8.389769657939966097e-01
8.397633145669890498e-01
8.411434120454036600e-01
8.417377639399064027e-01
8.426859030874015444e-01
8.434070274049159099e-01
8.440746073415730244e-01
8.448715617284645596e-01
8.461934484941179280e-01
8.467082108793978490e-01
8.475454884121156329e-01
8.488779013041795052e-01
8.495645484079021870e-01
8.508166984431120294e-01
8.511053123449577873e-01
8.524323806498328437e-01
8.532527263827018871e-01
8.537954114358796698e-01
8.549725790162812089e-01
8.556849410465288130e-01
8.565373496032325784e-01
8.578432685319258288e-01
8.585333030828833367e-01
8.593805698044379993e-01
8.601358757020339807e-01
8.611682907234466944e-01
8.618616313581759503e-01
8.622940932876133058e-01
8.632799310664985848e-01
8.642653205960897367e-01
8.652220618940296148e-01
8.658796677682449872e-01
8.668587984012756653e-01
8.679061027045987808e-01
8.684205649589145093e-01
8.690010481100955975e-01
8.702350403572487458e-01
8.708089171530432049e-01
8.713486505379377522e-01
8.722243907417792652e-01
8.735502102555550152e-01
8.743237286609335523e-01
8.748899794229916260e-01
8.759969660339170794e-01
8.763060585075314046e-01
8.770240842968710648e-01
8.777284505706378637e-01
8.792170972856381272e-01
8.795834451770887519e-01
8.800752365860279314e-01
8.810063692994957174e-01
8.818727097267137216e-01
8.822296127184181547e-01
8.835171337071301423e-01
8.837540117938165185e-01
8.850462539418448848e-01
8.857812109356346664e-01
8.863446073717520246e-01
8.870924216747111402e-01
8.873628731893991040e-01
8.885943480047179266e-01
8.893948498486898835e-01
8.898532600735784559e-01
8.905391303397668379e-01
8.914017415651649401e-01
8.919417109640639385e-01
8.926027613156943818e-01
8.941172642814634308e-01
8.941560914322421727e-01
8.951607051221273093e-01
8.953543197025468636e-01
8.962981438237140885e-01
8.970360069215194132e-01
8.979742895804087022e-01
8.988671535310868155e-01
8.993951393131587313e-01
8.992507388866881612e-01
9.009424645158271572e-01
9.010125825948662737e-01
9.018912645203165379e-01
9.027841073671564187e-01
9.034690441188386600e-01
9.036197320688207357e-01
9.045291652411105998e-01
9.052106409733664538e-01
9.056031011725262925e-01
9.064537741847198404e-01
9.071492418646436295e-01
9.078253676180818577e-01
9.084789495776481871e-01
9.095798810735115092e-01
9.096135048204950779e-01
9.104145261056109106e-01
9.111770727984976892e-01
9.116565016921085451e-01
9.125025367558308176e-01
9.134258972809493615e-01
9.137386965065908973e-01
9.145389283616079945e-01
9.149443101975555104e-01
9.158191929926683406e-01
9.162987342496632381e-01
9.167110707677226245e-01
9.177164556470982504e-01
9.178597923250935153e-01
9.186682423717890122e-01
9.192702189427588433e-01
9.197221776471886656e-01
9.201964765791807999e-01
9.213929352956163887e-01
9.222437282780758805e-01
9.234296385027735976e-01
9.229869765298660544e-01
9.232867223256941980e-01
9.229365995274715351e-01
9.226136952427234084e-01
9.237950889863119075e-01
9.253313611169348141e-01
9.274923145964456550e-01
9.294808239564608110e-01
9.307970025523708557e-01
9.295096002082098297e-01
9.288204261106450810e-01
9.267347300249091369e-01
9.267070733014769468e-01
9.277225489130365155e-01
9.303968039210045449e-01
