1.157294415837159703e-02
9.598842245128191841e-03
9.112970407827243949e-03
9.558615000903148556e-03
9.772563942526889605e-03
9.674013223760271132e-03
9.065618556891743771e-03
8.817770590268801667e-03
8.625633598312466149e-03
8.954630465816624738e-03
9.559721354035887603e-03
8.564620653933241110e-03
9.347591911272297785e-03
1.119635297526271576e-02
1.098165706663663602e-02
1.301826837182695935e-02
1.493141834611469085e-02
1.284622268253093197e-02
1.309436601428750659e-02
1.516198288076102060e-02
1.662949540234855833e-02
1.851522918491183695e-02
2.140904064134483559e-02
2.488503194397222174e-02
2.165193343569641465e-02
2.410410661917052055e-02
2.940004322250120913e-02
2.886323430422587863e-02
3.453129744175460758e-02
3.564443581829840335e-02
3.759172916723672181e-02
3.706892193635869664e-02
4.084795355031104608e-02
4.095299389342930974e-02
4.825738909564297741e-02
5.129932726130467108e-02
5.295949717499864873e-02
5.815667085796171615e-02
6.052272005807570604e-02
5.938883278282756223e-02
6.550664383809162716e-02
6.709729654722818015e-02
6.929017439454018823e-02
7.189230259469014950e-02
7.311378940724415354e-02
7.701502250520668447e-02
7.916933473010999422e-02
8.309856555142046408e-02
8.729441100601481596e-02
9.183185075165466171e-02
9.255339212848831543e-02
9.623291880549324218e-02
1.013392299665066554e-01
1.006836147437009943e-01
1.031964223841510681e-01
1.097337048153226857e-01
1.139727377776200423e-01
1.185320770866693241e-01
1.208643023498819913e-01
1.210476909963319886e-01
1.249126020613170740e-01
1.271765247286689438e-01
1.322663106576174863e-01
1.345058468020780551e-01
1.371556689373197024e-01
1.428474328203347410e-01
1.445241281932091171e-01
1.453301748489235212e-01
1.494332622264070431e-01
1.527825790370090919e-01
1.553973946710794085e-01
1.618175595694467950e-01
1.642201238474852998e-01
1.645781224830903666e-01
1.715051483284140699e-01
1.733589568566360206e-01
1.770882452929095074e-01
1.796620117534578343e-01
1.802521536432047933e-01
1.852175757595747596e-01
1.898257383655364838e-01
1.928554457735519034e-01
1.969449502863727386e-01
2.023958189548958619e-01
2.029369044629240615e-01
2.054683025997988688e-01
2.097007023468984988e-01
2.127060799936515423e-01
2.172937880318220327e-01
2.183824336858462833e-01
2.211851381197812993e-01
2.263464051902454588e-01
2.298065171781433214e-01
2.312051984589451326e-01
2.346265837938972254e-01
2.392151208543096541e-01
2.407235183063692330e-01
2.460345526100118640e-01
2.473360905217338590e-01
2.516654104997968489e-01
2.540638086657844297e-01
2.582716706848034449e-01
2.599180990326823149e-01
2.652720731480732730e-01
2.672172789163634321e-01
2.677054022201807992e-01
2.730598276404349045e-01
2.751152039787663206e-01
2.788868488818125324e-01
2.811893454379089108e-01
2.843023221550155522e-01
2.870620905598963435e-01
2.897948935965168338e-01
2.938771811745705675e-01
2.982975881164248166e-01
2.988736003813645126e-01
3.023543606376342119e-01
3.074529087043815223e-01
3.103209075045281762e-01
3.117581163027725033e-01
3.149065422254809232e-01
3.171954104860443824e-01
3.200082504268564887e-01
3.220079400805044290e-01
3.267912288061258219e-01
3.309261589832502848e-01
3.331418558721843115e-01
3.345734740849472533e-01
3.382860375805137876e-01
3.422032414665743261e-01
3.434004005355997258e-01
3.466702053427210273e-01
3.504576812179174272e-01
3.522892710528510163e-01
3.538592633287812039e-01
3.582804817112315021e-01
3.621965054165968145e-01
3.643578064388885429e-01
3.668657956225602756e-01
3.691609444950224028e-01
3.726819746516965570e-01
3.748072188075408651e-01
3.780413204451865128e-01
3.814418048831727526e-01
3.838176339277384330e-01
3.869772187063280633e-01
3.889346716671462922e-01
3.918031979293162825e-01
3.952964397123628348e-01
3.978731411418323094e-01
3.992064675172384836e-01
4.020553631915838588e-01
4.048303818571262203e-01
4.074650918005476297e-01
4.105793163126408851e-01
4.135674122456397539e-01
4.146405046411076323e-01
4.175225687778173489e-01
4.229760860881940920e-01
4.241948006871918420e-01
4.274114280613987571e-01
4.294491298668039470e-01
4.315438817658849291e-01
4.342126400214163517e-01
4.365930259129969238e-01
4.402020525046571597e-01
4.429806734861320705e-01
4.449501171519297804e-01
4.466037380720907501e-01
4.494300933211999860e-01
4.528706955922446875e-01
4.563554724244529570e-01
4.583095638459284693e-01
4.609281556554259973e-01
4.630164614280903312e-01
4.654142979964852045e-01
4.679000764321301076e-01
4.697250837960190717e-01
4.720305726563074900e-01
4.746340718028954075e-01
4.759350594998326689e-01
4.785778886385350095e-01
4.824816388217827434e-01
4.846363111620514141e-01
4.863959731411394150e-01
4.889709717777506737e-01
4.917119137661818962e-01
4.940592917815242457e-01
4.968681457112908983e-01
4.980230828704689250e-01
5.013753336882577072e-01
5.027212695698266565e-01
5.055337116684015530e-01
5.085001623513637492e-01
5.100040110915018410e-01
5.129717809966514164e-01
5.146400412200018426e-01
5.173437729144569897e-01
5.199761528296955593e-01
5.221323126290582373e-01
5.244035795735553229e-01
5.254810553987261379e-01
5.281954368404213618e-01
5.308824468633256410e-01
5.323883410864893584e-01
5.348819993349054336e-01
5.381891667639802090e-01
5.396515270891060201e-01
5.415763111738307600e-01
5.439269898285398197e-01
5.464700101596196014e-01
5.472294737266927278e-01
5.496365065684206686e-01
5.529966540586808144e-01
5.540957117841833757e-01
5.564649354315098773e-01
5.589169210553440736e-01
5.608075324377856941e-01
5.627584632328233027e-01
5.652713976577595778e-01
5.677740382389366847e-01
5.695585730508699873e-01
5.712405898898264001e-01
5.731766615669345866e-01
5.766526997205694283e-01
5.772701486306767160e-01
5.802618027641573972e-01
5.820612219253549213e-01
5.843638554851278144e-01
5.860233309368425569e-01
5.874750840518410122e-01
5.897634529698091432e-01
5.914997466897817802e-01
5.943124342120224002e-01
5.962331343506070969e-01
5.967956627595258912e-01
5.989174209875690602e-01
6.016973959772370373e-01
6.039542295889746004e-01
6.060963112691702959e-01
6.073694598131545996e-01
6.090221645836467745e-01
6.110468288520826130e-01
6.134428090452641591e-01
6.152902713460631778e-01
6.169057678187618299e-01
6.193768220163032856e-01
6.210505711679145113e-01
6.227520923993495883e-01
6.248167628806546858e-01
6.261885032518498262e-01
6.281092415503559678e-01
6.296694513609544241e-01
6.317120840596309739e-01
6.340245145677527727e-01
6.359580796128648794e-01
6.378359522499948975e-01
6.395727091064584702e-01
6.403574903364716020e-01
6.425683070897165727e-01
6.444919526299830448e-01
6.464012248704475994e-01
6.482039673346439157e-01
6.500753361361490956e-01
6.514342668490822330e-01
6.532596349878901920e-01
6.553035947616479007e-01
6.572046241934215161e-01
6.586934853829469194e-01
6.604468787240884708e-01
6.626736379455866466e-01
6.646471998447414098e-01
6.663218501089873680e-01
6.674395793750248496e-01
6.682370923712422917e-01
6.709780572259083087e-01
6.728326378696922738e-01
6.744556695080828890e-01
6.766066579042319118e-01
6.772624490975153178e-01
6.789194255593260507e-01
6.814378264814507924e-01
6.840486683124957779e-01
6.838563072626975270e-01
6.850922792769728042e-01
6.873810574340223356e-01
6.893196753631927187e-01
6.908841248155613846e-01
6.929125221015334235e-01
6.940757600764557722e-01
6.956568023560650849e-01
6.973271189899860056e-01
6.991580915075533698e-01
7.010939865657144221e-01
7.020623160138188545e-01
7.034294034684432928e-01
7.051227801768940040e-01
7.071863628494415854e-01
7.081620607744238960e-01
7.097399516688441823e-01
7.119139077650963321e-01
7.135228096084064164e-01
7.145902752201551689e-01
7.165301729348346749e-01
7.180099926459986293e-01
7.192572850310042787e-01
7.206555294634032771e-01
7.216034381648693818e-01
7.231547121803612033e-01
7.246911808240982245e-01
7.262104754547910046e-01
7.281021029251040222e-01
7.290559779669864016e-01
7.309392200898685577e-01
7.322892260385667207e-01
7.337964584550787928e-01
7.357858588431597235e-01
7.372591601514989490e-01
7.388035775973240682e-01
7.398200199573310432e-01
7.415224574976970739e-01
7.427436006670893320e-01
7.446585836378711853e-01
7.459515263915466043e-01
7.472816304562087675e-01
7.484016295031367116e-01
7.502504245143626349e-01
7.515607324792985544e-01
7.525247675550041926e-01
7.538627119051103387e-01
7.557334066302285880e-01
7.568966367558025432e-01
7.580962028188196200e-01
7.589882299463494020e-01
7.611031914206348725e-01
7.624778842290556025e-01
7.635550141491275200e-01
7.648264949010971092e-01
7.661771089949145352e-01
7.669761983161724750e-01
7.689384789205496729e-01
7.703654250782087098e-01
7.710860494502774776e-01
7.728741905116206512e-01
7.738504873133712492e-01
7.751389745926553498e-01
7.759715508277070795e-01
7.779322311789177435e-01
7.788503457544382336e-01
7.806104893559525637e-01
7.816369748815980012e-01
7.826661353902117924e-01
7.839935847319243756e-01
7.853832811807249792e-01
7.867834142491336724e-01
7.874920578547042194e-01
7.891942495612006558e-01
7.903804698580798593e-01
7.915144529061163281e-01
7.922698339093511288e-01
7.934374248493734072e-01
7.950155452385706534e-01
7.962632738335467808e-01
7.976826235051884817e-01
7.988975476092256001e-01
8.001127948862537531e-01
8.008124319945699732e-01
8.023521705530217707e-01
8.033219507422253436e-01
8.043069572761213371e-01
8.059808702273317804e-01
8.071560067911712766e-01
8.082177192714877778e-01
8.090264791646099019e-01
8.101945651932419556e-01
8.112592719716735790e-01
8.121905484558489263e-01
8.136770599777003454e-01
8.149472331354453702e-01
8.159873259680837654e-01
8.171976927366434440e-01
8.183907059574510034e-01
8.196474436783590667e-01
8.204274121864034708e-01
8.211304965111294596e-01
8.228569042329116900e-01
8.240724624627437933e-01
8.249545003908249630e-01
8.263232095905874708e-01
8.275833043453705296e-01
8.285506735041606730e-01
8.291515721556066421e-01
8.305751256939174487e-01
8.320318942487632263e-01
8.329127873416969363e-01
8.334827960096033994e-01
8.347954328313029748e-01
8.361181211783155209e-01
8.372613921046634378e-01
8.379316941049057554e-01
8.389315350879755773e-01
8.400781555882417262e-01
8.409808966966271226e-01
8.420888516898094034e-01
8.430562697860959354e-01
8.438517435486168061e-01
8.449038902078218616e-01
8.459617118535753821e-01
8.470660646816977613e-01
8.483484322991163840e-01
8.493183722003517788e-01
8.499247828612063183e-01
8.513207818374012303e-01
8.525118094377424072e-01
8.533005841145222536e-01
8.541022257474272239e-01
8.555386242754769999e-01
8.564098885655697657e-01
8.567559198553518218e-01
8.578983805135074192e-01
8.595199409800848844e-01
8.604210583002245283e-01
8.611647738629099047e-01
8.621092602004195582e-01
8.627184915236731921e-01
8.640084104847531865e-01
8.645879153971270936e-01
8.654597994297712482e-01
8.670109868316204782e-01
8.681203165230000351e-01
8.683098203640536861e-01
8.691199371459780165e-01
8.703357317853429587e-01
8.713242669037262189e-01
8.726351675972509048e-01
8.735566627289190755e-01
8.740738094023471350e-01
8.758558436595076380e-01
8.764356785357482194e-01
8.770310775410284920e-01
8.776215604461605757e-01
8.787118762815544493e-01
8.794767158848769695e-01
8.800026908990444818e-01
8.813333816241797347e-01
8.821293810958727999e-01
8.833756089024337177e-01
8.838683216024564304e-01
8.846436364931732355e-01
8.857421037511649109e-01
8.863497975311714905e-01
8.876176209999132594e-01
8.885533667227657473e-01
8.892844569246304287e-01
8.901638460533780606e-01
8.906492172635670501e-01
8.916572644195198682e-01
8.924381860503335373e-01
8.932663818028245828e-01
8.943228760928652044e-01
8.952771854582343147e-01
8.961063283873166307e-01
8.968568989185967677e-01
8.972234242240206825e-01
8.982969940448775059e-01
8.987996396633805007e-01
8.995632434054094961e-01
9.009392674054693684e-01
9.013742781805152982e-01
9.024761368036117171e-01
9.033434954106952519e-01
9.038070792629602224e-01
9.047821906489581512e-01
9.056469344296922408e-01
9.063611066697704333e-01
9.067672604235980094e-01
9.078403154729549618e-01
9.088970327440928365e-01
9.097178265705058164e-01
9.104500256633436539e-01
9.111209892122705822e-01
9.121363027692346304e-01
9.128705190613268794e-01
9.137113368525010548e-01
9.141002212845943387e-01
9.143280735099621470e-01
9.156128421226865655e-01
9.163062860443131896e-01
9.168182022906584683e-01
9.174496920932699862e-01
9.186100189686320361e-01
9.194026707399020060e-01
9.204813578992960821e-01
9.210994652175760189e-01
9.216934297496668371e-01
9.228411509164355930e-01
9.237511573705335932e-01
9.246827375566845086e-01
9.244562908171762849e-01
9.238205208275936942e-01
9.240711593440612548e-01
9.248685330950527916e-01
9.266551162827351140e-01
9.296899453793371348e-01
9.318513480106987990e-01
9.329189497342642579e-01
9.321573827211878660e-01
9.304545861537937279e-01
9.289722773843707149e-01
9.285548422100976529e-01
9.300543075535183668e-01
9.328772997063258243e-01
