1.561706837847852414e-02
1.362137686995829565e-02
1.311782635115418122e-02
1.327452267047658438e-02
1.304811147443922514e-02
1.280109561649103549e-02
1.175670245457931078e-02
1.137006441511267951e-02
1.125951965195923048e-02
1.177238614972353319e-02
1.272764334402013385e-02
1.131410544097358715e-02
1.231535757318187596e-02
1.474333766161577824e-02
1.431545798570258397e-02
1.693584238345214460e-02
1.943761414555562200e-02
1.686493037495953237e-02
1.722298131284955708e-02
1.996903612391910318e-02
2.206757694680036228e-02
2.433329591441595399e-02
2.828585385906199831e-02
3.227132142830482081e-02
2.841062964792449852e-02
3.153517890233151211e-02
3.790051386112965048e-02
3.791145757420365942e-02
4.492944237402238944e-02
4.594030679136845707e-02
4.868627762865368469e-02
4.909060359071526491e-02
5.368317820205367047e-02
5.326688318201713845e-02
6.135184392399482128e-02
6.542231914622624600e-02
6.840012567350325923e-02
7.420761639376541319e-02
7.662073876840014286e-02
7.627912557224390822e-02
8.312845333976250084e-02
8.535246544239860622e-02
8.831954943521638790e-02
9.163184453378153682e-02
9.374946305986206485e-02
9.850641909759598469e-02
1.016405929678464992e-01
1.058410430293938720e-01
1.096455870321318415e-01
1.160335294925327193e-01
1.173454640622292183e-01
1.207407621506745854e-01
1.264651306017870458e-01
1.259127971729812612e-01
1.299526468806677659e-01
1.374002469234456569e-01
1.421199550935881573e-01
1.467379801212385371e-01
1.499720261193446813e-01
1.511821613673615117e-01
1.556667731013767486e-01
1.584156757600298782e-01
1.650730861523466431e-01
1.660566159488006122e-01
1.709305288618037377e-01
1.765159982317671961e-01
1.775819219617954525e-01
1.805902121806322314e-01
1.851230036934521928e-01
1.882612378389940389e-01
1.906216624723663378e-01
1.975983609785903761e-01
2.012657491274605914e-01
2.014629291805646316e-01
2.091514625675964523e-01
2.116894242563913675e-01
2.158941295450176323e-01
2.180973606958166167e-01
2.204886071217316001e-01
2.244911491172816020e-01
2.293189380522156762e-01
2.327876659723251140e-01
2.368355390562154050e-01
2.421986155351528724e-01
2.446305597326964565e-01
2.491004254263922968e-01
2.526828322385330505e-01
2.555782663611632644e-01
2.595662518977523980e-01
2.623641061311243194e-01
2.661429116276942675e-01
2.710731747626325960e-01
2.753033248459455518e-01
2.766966045697909493e-01
2.806343029225179531e-01
2.841230888394921661e-01
2.860901372985260038e-01
2.910787953540572848e-01
2.939609337645499032e-01
2.987896276063622958e-01
3.034553546675948787e-01
3.053979023908484081e-01
3.082914373913213657e-01
3.131445788867919244e-01
3.163496859201377354e-01
3.174184446119688863e-01
3.213011557854781319e-01
3.256465981732463710e-01
3.292103726659765250e-01
3.325091620162591299e-01
3.345498419849766703e-01
3.376507096111454609e-01
3.409577869674689787e-01
3.447503739694656733e-01
3.489064099552904863e-01
3.512952486904450389e-01
3.552307300812395097e-01
3.588824738020300331e-01
3.617029766811279412e-01
3.643852757039977019e-01
3.673217256095672734e-01
3.698624786382650464e-01
3.745408794028082244e-01
3.761418499831474804e-01
3.797283577113407804e-01
3.835863564075252530e-01
3.860661251868929833e-01
3.886675113518656688e-01
3.924585178310717182e-01
3.957888928407066742e-01
3.987919189010962207e-01
4.016597679961628198e-01
4.040894347855001345e-01
4.073778752941794590e-01
4.097568499225459071e-01
4.128330983050931269e-01
4.159733887378576633e-01
4.191799302603921862e-01
4.214549190765672915e-01
4.247877464674269521e-01
4.276887441541205592e-01
4.302441671175856186e-01
4.335532780793534546e-01
4.368507338729026857e-01
4.390964765678551096e-01
4.428953543731768971e-01
4.448321118439292343e-01
4.468324473218215354e-01
4.501443622898129160e-01
4.528765928859013190e-01
4.546310408128140801e-01
4.577453067378176033e-01
4.608883785254714316e-01
4.642761012036740187e-01
4.661241493726043239e-01
4.687404733398076173e-01
4.708005306398878043e-01
4.735431099970160984e-01
4.781181477196621010e-01
4.799203127121822177e-01
4.827180096778238561e-01
4.850489240016031545e-01
4.868483234487918088e-01
4.891415923157393930e-01
4.909664065925576359e-01
4.944672871015701188e-01
4.981781501125683298e-01
5.004687548788596674e-01
5.029710644354772331e-01
5.053233520644075938e-01
5.079779458486435306e-01
5.100546693662886266e-01
5.129199485482596188e-01
5.152638875435763266e-01
5.179079219094205877e-01
5.202722367379570834e-01
5.227183849662054849e-01
5.253655369471970094e-01
5.276830777471304135e-01
5.304252912821945110e-01
5.321702588215042606e-01
5.340359429810027647e-01
5.368052585929816711e-01
5.390239526437430317e-01
5.413946788277339550e-01
5.435527493426135504e-01
5.460928738818071615e-01
5.479867077686564336e-01
5.507196060614966138e-01
5.521053199452491400e-01
5.553294585998989064e-01
5.576369215734703344e-01
5.589033511791270392e-01
5.617341586714399426e-01
5.640600768058967596e-01
5.656751118253854349e-01
5.686783926260631228e-01
5.698544537793841513e-01
5.730903701047704857e-01
5.741456696224873646e-01
5.772114823471973244e-01
5.791587999534941744e-01
5.805933841550916519e-01
5.833763337807525984e-01
5.853169974728966718e-01
5.873100547869618548e-01
5.904473169195060267e-01
5.931449523078046182e-01
5.937379098728595705e-01
5.952505937953842530e-01
5.982249317749217532e-01
5.994650688561798946e-01
6.020564386703498583e-01
6.031956946314626089e-01
6.059602942376396406e-01
6.085263866109229536e-01
6.100342256289931209e-01
6.118929336440908084e-01
6.142096577450815165e-01
6.151723801080599685e-01
6.173819698584736004e-01
6.197623548822460693e-01
6.211106548441367448e-01
6.231260318810142307e-01
6.246146512246500970e-01
6.264821658471939614e-01
6.279403934380229924e-01
6.306518205340028160e-01
6.329809209519265956e-01
6.350450050681089031e-01
6.368022732155113053e-01
6.381956137623935321e-01
6.402252301212483232e-01
6.417818717932720629e-01
6.435925948893823634e-01
6.457326679704205041e-01
6.471946130801687902e-01
6.487654841960811547e-01
6.512548143833540859e-01
6.530873157191008360e-01
6.535074337760525820e-01
6.565354967488578053e-01
6.583844627562789320e-01
6.589969914891909974e-01
6.606674219618149380e-01
6.625836346676063915e-01
6.647210171283104430e-01
6.664929012283120624e-01
6.679438900900328546e-01
6.700439018771048305e-01
6.713429138872210045e-01
6.731079331990822423e-01
6.747086181089777535e-01
6.760982462975611007e-01
6.773276915914233642e-01
6.798591792435884074e-01
6.807847558997361936e-01
6.831042413368244581e-01
6.839018951778517152e-01
6.859044117629778947e-01
6.872208092803704371e-01
6.889240069031247193e-01
6.905171598145394274e-01
6.928615651879971304e-01
6.928191162354623289e-01
6.948549982261684743e-01
6.975134119428665347e-01
6.981980367195422810e-01
6.996130865273615385e-01
7.017769097394688238e-01
7.031357441821506349e-01
7.048714837686230750e-01
7.061566900023505955e-01
7.072534286169426254e-01
7.084936632246126020e-01
7.108676284313399929e-01
7.124183871322473660e-01
7.133127059509883905e-01
7.146278944949898682e-01
7.163537819345902058e-01
7.183191942767741534e-01
7.193102887371604082e-01
7.203727538671468311e-01
7.222371759795562784e-01
7.235474986478379611e-01
7.251911698436146470e-01
7.261785239194048502e-01
7.276960207642091394e-01
7.290798114431845667e-01
7.306388275826121159e-01
7.311842674421784594e-01
7.332290314656377817e-01
7.346528923658037780e-01
7.361096296143594397e-01
7.366690575648837669e-01
7.381195375436511164e-01
7.397312941403079156e-01
7.410376085341487951e-01
7.422760444396726554e-01
7.430532913562174491e-01
7.455725810053211999e-01
7.467494874694676765e-01
7.473626234957601033e-01
7.489002671794673383e-01
7.500310010471845645e-01
7.511543495765385936e-01
7.528471114608514814e-01
7.540025049186716011e-01
7.551080940955521292e-01
7.564224375361825459e-01
7.578751669923644574e-01
7.591779272997043471e-01
7.607431226152304715e-01
7.615221320609713018e-01
7.628469333104486161e-01
7.641750093140128319e-01
7.653195747695107354e-01
7.669723249354943873e-01
7.675489588341877223e-01
7.690149288843101116e-01
7.699199576619202290e-01
7.712595724770021643e-01
7.726361863146324893e-01
7.733040243653627188e-01
7.749560375391041367e-01
7.759166028395952930e-01
7.768993753756633369e-01
7.783568106134083342e-01
7.799203021777594280e-01
7.809095596641166814e-01
7.814379173014366353e-01
7.827149476875326917e-01
7.837423082125641871e-01
7.850110160213926713e-01
7.856141347864401547e-01
7.873528707244854541e-01
7.884121060021207494e-01
7.897833933303239906e-01
7.905101476306656272e-01
7.910739754337434704e-01
7.927868038037182430e-01
7.936423083690713476e-01
7.947515643403041397e-01
7.959900098295306092e-01
7.972794714134913141e-01
7.978516753276246876e-01
7.986576847594487605e-01
8.004113177028807646e-01
8.011215171783507838e-01
8.019839536162907123e-01
8.029070857755100654e-01
8.043329701917896202e-01
8.056496067101772685e-01
8.066060265742449609e-01
8.074944865393459681e-01
8.084896741900220452e-01
8.096025518389218245e-01
8.104131685301892984e-01
8.107487676970209778e-01
8.119213537158611604e-01
8.134084107424154331e-01
8.140251097808125502e-01
8.148619359965313391e-01
8.164273983718185468e-01
8.174708193225194153e-01
8.183413750958868915e-01
8.195482540254031001e-01
8.198952723683777810e-01
8.213130564162977043e-01
8.219945571745789215e-01
8.225175862698411722e-01
8.239050656423597685e-01
8.249096622164076020e-01
8.256986458190214151e-01
8.267503721635351965e-01
8.276056813841973225e-01
8.288854051873290052e-01
8.299866938031158492e-01
8.308384846030254511e-01
8.315561869282572793e-01
8.321335179664570703e-01
8.335412036379322709e-01
8.345166306625924069e-01
8.350665980151822376e-01
8.356187876049812058e-01
8.369728872273408671e-01
8.377239687829711734e-01
8.388126060457384847e-01
8.397952417297331884e-01
8.404904759905860168e-01
8.409237535989873003e-01
8.416060891847852998e-01
8.425397128613922870e-01
8.438940547043020102e-01
8.445927670648400998e-01
8.455437103916817465e-01
8.464311789549234799e-01
8.468824409074349191e-01
8.482929468551069219e-01
8.487877148429555652e-01
8.496794629341535288e-01
8.504795324271231527e-01
8.511838036219505632e-01
8.519404681853249839e-01
8.530241824325435207e-01
8.536130239193812086e-01
8.549654918337493692e-01
8.557112983584833632e-01
8.563106083845332117e-01
8.573091279017113209e-01
8.581828535530431346e-01
8.587329662841994837e-01
8.591081120340641197e-01
8.602272903834691231e-01
8.612228269399360148e-01
8.615770681870253966e-01
8.625904345866695078e-01
8.636300984526692481e-01
8.646128222462716728e-01
8.654413030833787435e-01
8.659583841504300272e-01
8.669578571211772333e-01
8.673686255716632765e-01
8.681169064081281084e-01
8.688446583950865110e-01
8.695139022312996513e-01
8.704540950289703094e-01
8.710488664348701171e-01
8.719723910272303424e-01
8.728193885761464932e-01
8.732540741331215051e-01
8.737064701582343274e-01
8.751976741782453439e-01
8.757327037784119472e-01
8.761421936180054937e-01
8.769325551371676131e-01
8.778902762945954841e-01
8.781120516085835215e-01
8.795955614267059186e-01
8.797336876629473501e-01
8.806168999906310857e-01
8.811546725196564012e-01
8.821111578704896594e-01
8.831193785842076371e-01
8.830982882277447210e-01
8.841836144940445896e-01
8.850016669280179604e-01
8.852118886063675696e-01
8.863292561347932974e-01
8.868040474969803855e-01
8.875669843595141995e-01
8.882834289935307437e-01
8.891226340060691680e-01
8.897793303202347071e-01
8.902798744427699029e-01
8.907075805640348731e-01
8.914618893061971860e-01
8.922411259917292226e-01
8.926920971921612491e-01
8.935927545822967000e-01
8.944901464613351783e-01
8.948489376905973680e-01
8.960077947557115730e-01
8.963866641561673010e-01
8.969183415939246951e-01
8.978653517458616840e-01
8.985789210173719121e-01
8.989399857879232236e-01
8.998022515951291656e-01
9.001022458724026176e-01
9.008387267877695503e-01
9.013125265739698744e-01
9.018206629674706543e-01
9.028697651755546172e-01
9.033742736348052693e-01
9.038741047659761829e-01
9.044354524305898702e-01
9.053893566031432361e-01
9.058097364376519467e-01
9.061142811869323799e-01
9.072475168064739748e-01
9.081556559011773055e-01
9.084524034694558825e-01
9.096954263505806493e-01
9.096133461704306589e-01
9.103554202770030024e-01
9.105053030428212901e-01
9.114320179012946888e-01
9.118720316095807465e-01
9.127758190226265000e-01
9.133821701089011036e-01
9.136389072063699768e-01
9.140609843264165812e-01
9.148048019428633992e-01
9.156286905675667942e-01
9.166977108605179891e-01
9.175097823434207323e-01
9.177636736531498141e-01
9.176101455798013617e-01
9.176125582169821771e-01
9.171539947764441036e-01
9.178494204553673264e-01
9.194215913944044916e-01
9.218984870771556039e-01
9.240394813137977614e-01
9.248496371504668634e-01
9.236761060901352849e-01
9.226010969323720223e-01
9.208660520973188657e-01
9.208664902036474142e-01
9.222929159372504904e-01
9.250212715633137073e-01
