8.238988747022395476e-01
8.231831578199808597e-01
8.230287238373173997e-01
8.233883409535702746e-01
8.237644845553546702e-01
8.238502399979175106e-01
8.239300277656169680e-01
8.239276021948814810e-01
8.237903034875132535e-01
8.237565327408998828e-01
8.236934785662433089e-01
8.236065880224279212e-01
8.237110271697056785e-01
8.239154432602784350e-01
8.239839521475081918e-01
8.241857519354285344e-01
8.243483410575020986e-01
8.241570523430796769e-01
8.240864512779279005e-01
8.241764147118627593e-01
8.242175011666234008e-01
8.243654628032476284e-01
8.245963600474146560e-01
8.249500973663740355e-01
8.247245266743246095e-01
8.249545142359429040e-01
8.254032744224198970e-01
8.252585803904587403e-01
8.256981551400410790e-01
8.257907668862068951e-01
8.258974300126763479e-01
8.257358410261853576e-01
8.260442292594925018e-01
8.261822941060169567e-01
8.268716667943804000e-01
8.270888745229731942e-01
8.271449684636593691e-01
8.276304736813603347e-01
8.279132973778032811e-01
8.276404330801188092e-01
8.282243881712723077e-01
8.283213729292746574e-01
8.284382199052182649e-01
8.285915987749062905e-01
8.286113949701917614e-01
8.291332475871090457e-01
8.293596652013601744e-01
8.296294336764521438e-01
8.300720785438011617e-01
8.303457492981759502e-01
8.303534217260802874e-01
8.308890510533492035e-01
8.313459427993464823e-01
8.312928364912440804e-01
8.313772278747425526e-01
8.316648421260792734e-01
8.321862074046175728e-01
8.331129215214430062e-01
8.330224640584014129e-01
8.326428244010256607e-01
8.333346323936062783e-01
8.333126279237335066e-01
8.338105933405941528e-01
8.341608189697089504e-01
8.343457584160286489e-01
8.342229025890691707e-01
8.353132454617241409e-01
8.351876960499070579e-01
8.356881506041210494e-01
8.356631555751691254e-01
8.362116363685345721e-01
8.369865404916358997e-01
8.368766314224918013e-01
8.370624621611820748e-01
8.377848549008671819e-01
8.376200291998524561e-01
8.381321475307362823e-01
8.382571051156588737e-01
8.384583228300853674e-01
8.395762121471783690e-01
8.400941497963951843e-01
8.395171442548797769e-01
8.401702727394594339e-01
8.411618926190262968e-01
8.404696930725097381e-01
8.405449896042592739e-01
8.409625524113540918e-01
8.411761449794797896e-01
8.419219163446236553e-01
8.414022263452634043e-01
8.418518710219757839e-01
8.430509404782242644e-01
8.431944983344386024e-01
8.433394819975242873e-01
8.439229465559617838e-01
8.446797562709749130e-01
8.437797545704942559e-01
8.451934334762383205e-01
8.450970131683996911e-01
8.452782668407743394e-01
8.460785771729032456e-01
8.460952602446070170e-01
8.461402465102267900e-01
8.464563920614888159e-01
8.465298062529040823e-01
8.475550175489970917e-01
8.476897029181209575e-01
8.477668582048017987e-01
8.486816033216844080e-01
8.484459713396285130e-01
8.486996581714925103e-01
8.484962852084600993e-01
8.486821668466408841e-01
8.491953594742153166e-01
8.504535819184225742e-01
8.502629235742514835e-01
8.501947950370228879e-01
8.508611625922242183e-01
8.507382776681469139e-01
8.509488794303107229e-01
8.522106721564399745e-01
8.522547687202868261e-01
8.521290627459424671e-01
8.526680474012703348e-01
8.532844648005151189e-01
8.537169832556376070e-01
8.540662075158880207e-01
8.540460145847551532e-01
8.544783790800477563e-01
8.543235261251724832e-01
8.546899170401270895e-01
8.557966102686966892e-01
8.554610499322404804e-01
8.556993255280861410e-01
8.560982596697127578e-01
8.563542370370893497e-01
8.566103237123305902e-01
8.573207702944704023e-01
8.577871996484577322e-01
8.581855674241891663e-01
8.582635934771629671e-01
8.588110808297980681e-01
8.587600586176165063e-01
8.592800399730962102e-01
8.596243058357687650e-01
8.596441688974594264e-01
8.602266649426840717e-01
8.604018450669097540e-01
8.610310128923116535e-01
8.607113261980893215e-01
8.614721746429454541e-01
8.606821118649671254e-01
8.620055785082112454e-01
8.619177928798533728e-01
8.619834310528059484e-01
8.629757531204806931e-01
8.629100899233183020e-01
8.634099997997281006e-01
8.630034540653567232e-01
8.634156767114782305e-01
8.642150940897976863e-01
8.645610959302808540e-01
8.651976593808260452e-01
8.651098991457034648e-01
8.656593321970709187e-01
8.655603092822654610e-01
8.653837843765630478e-01
8.658261247035244912e-01
8.663773607290592427e-01
8.665547664424144703e-01
8.669448037258570272e-01
8.675047364080519241e-01
8.677055902921027020e-01
8.682321044441496660e-01
8.683577321098376878e-01
8.684465582961381491e-01
8.688151746715423451e-01
8.688450121238404655e-01
8.690467653575312257e-01
8.695936761337411669e-01
8.695883452398257552e-01
8.701024619572322871e-01
8.706234437814548421e-01
8.710011558652871466e-01
8.712266366931257222e-01
8.711172114702711022e-01
8.710653334486395671e-01
8.719679979411679716e-01
8.720657414518285799e-01
8.725714260463268701e-01
8.726730352778915289e-01
8.728857571483926714e-01
8.729994811890885442e-01
8.732971047714298551e-01
8.739625915373623322e-01
8.735678157947244227e-01
8.741953339810460966e-01
8.747988257197245598e-01
8.749262764256289238e-01
8.747535749324540921e-01
8.753717995001599750e-01
8.760857752624049422e-01
8.762230428767167068e-01
8.760134661839228398e-01
8.762254639812825374e-01
8.762771618119833406e-01
8.770043559036875269e-01
8.774493820244521070e-01
8.773674440066140390e-01
8.775583179892130214e-01
8.778222793394402368e-01
8.785056144427805247e-01
8.785351870905464544e-01
8.787217708247437864e-01
8.794041295471796138e-01
8.795907571252997714e-01
8.797893033011463526e-01
8.799677068486456699e-01
8.804386605819684020e-01
8.805700635754422079e-01
8.803775688585669945e-01
8.807924207358727164e-01
8.816579029262833211e-01
8.817363503829613869e-01
8.818778990371959337e-01
8.817835353310451429e-01
8.825117103985097300e-01
8.827600644228473792e-01
8.828216357547912230e-01
8.832246575958485613e-01
8.836933231274773926e-01
8.832222018467567048e-01
8.842364391360862941e-01
8.846804388911317929e-01
8.842656476459994641e-01
8.849373446872675908e-01
8.847510618541412075e-01
8.850914429880980538e-01
8.856648012213920174e-01
8.858278749833629062e-01
8.858158622987155617e-01
8.863292016109359794e-01
8.862544410724517707e-01
8.867342663615478404e-01
8.869861448719368324e-01
8.871071765940531373e-01
8.875031567297041457e-01
8.879590850141577674e-01
8.876513061045314679e-01
8.879976712719578336e-01
8.882906793776581544e-01
8.883836037487695680e-01
8.886628739395578958e-01
8.887948750139230691e-01
8.892972357059352184e-01
8.893465884380460373e-01
8.895763775337952595e-01
8.901721001341527106e-01
8.903024330274191822e-01
8.905434517586310328e-01
8.906407088080460221e-01
8.909754714527540198e-01
8.914603379913550452e-01
8.915730838969732064e-01
8.917363673470383167e-01
8.921266132814058558e-01
8.923227112664328109e-01
8.923775702124925324e-01
8.925457614760418101e-01
8.928689425590067286e-01
8.930380357574644323e-01
8.931964825003154695e-01
8.934709603135797540e-01
8.939784812520862323e-01
8.943613944452327713e-01
8.942990649925128821e-01
8.943125766297338464e-01
8.947736467013007733e-01
8.952972360425924814e-01
8.951418240925081982e-01
8.952484938883883414e-01
8.955967056108097291e-01
8.958090515166959866e-01
8.959466822825919996e-01
8.964100225503959241e-01
8.966625488822860257e-01
8.964836379339914396e-01
8.967123434009472982e-01
8.970136625247898676e-01
8.971994822847828566e-01
8.973893091963826008e-01
8.975840022688974518e-01
8.978797139654886017e-01
8.980799767702558611e-01
8.981776937312136999e-01
8.983524231322179698e-01
8.987526284532552090e-01
8.992642667666352896e-01
8.995650762449395321e-01
8.995694374351238531e-01
8.996263850206429602e-01
8.996851048163434506e-01
8.998942603342713342e-01
9.003661180810170750e-01
9.004935559331150863e-01
9.006811860761956279e-01
9.009867374306230747e-01
9.010942828146975003e-01
9.011486655966665094e-01
9.014087784465492081e-01
9.017657836001283789e-01
9.020081293648191112e-01
9.020135719235118366e-01
9.022422364801241379e-01
9.024987301721005828e-01
9.024598449240178732e-01
9.025791652543645460e-01
9.029062311609566960e-01
9.030970407105857189e-01
9.032017637654594644e-01
9.032822954980342933e-01
9.034477991248459627e-01
9.038775591601375670e-01
9.042225610642796729e-01
9.042552848225479112e-01
9.044049207752865582e-01
9.046576846190740318e-01
9.048762749933952909e-01
9.050440310785253795e-01
9.053992058943859389e-01
9.055858463579267159e-01
9.056329035062462562e-01
9.057080843223268563e-01
9.057494761025410845e-01
9.059537930368185554e-01
9.061213820751353731e-01
9.063722760994852301e-01
9.066960940251574952e-01
9.069102942472564433e-01
9.070310585238604562e-01
9.072844450494629287e-01
9.074778575872868291e-01
9.074705969657425042e-01
9.076362764836535257e-01
9.078907858473401760e-01
9.081367594909215413e-01
9.083217155038260104e-01
9.082578090593186326e-01
9.083846759515342706e-01
9.086877792227869843e-01
9.090840146434265856e-01
9.092247334584786511e-01
9.090856844341207443e-01
9.091170705872693159e-01
9.094619578032996365e-01
9.096960272982131945e-01
9.098960589914204533e-01
9.099913955232286078e-01
9.101528137788190698e-01
9.102909434219640383e-01
9.103663321561064059e-01
9.105842275321309742e-01
9.107525261025483099e-01
9.109535522543044106e-01
9.109996211172801672e-01
9.110090375313508737e-01
9.112419854448505774e-01
9.113734627841074687e-01
9.114779637050716143e-01
9.116746600113022625e-01
9.119371134765902331e-01
9.120473620181539509e-01
9.121646229960669316e-01
9.122837347132262131e-01
9.124118770753174568e-01
9.126030594500257331e-01
9.127868826492974152e-01
9.129774678086759465e-01
9.130792708177429828e-01
9.132033830928274476e-01
9.133339210198766489e-01
9.133542321569599887e-01
9.134923770506511165e-01
9.136102445693182750e-01
9.136913290303131374e-01
9.138781512139450003e-01
9.140055762741985390e-01
9.141364540317495901e-01
9.142638324693715957e-01
9.144285074095320764e-01
9.145500629423755079e-01
9.146421200149184028e-01
9.146602638861013324e-01
9.146847326075517870e-01
9.148220021608548524e-01
9.149785442052755791e-01
9.153002925890327823e-01
9.153689784017045028e-01
9.155299709498132543e-01
9.155240536477848856e-01
9.155549052622563577e-01
9.156985896730179819e-01
9.158104254655405896e-01
9.159452808857487804e-01
9.160398979718104018e-01
9.160161551872889607e-01
9.161498330728622408e-01
9.162601677108805909e-01
9.162533653340765305e-01
9.163552492929565307e-01
9.165056428745558259e-01
9.166063876779181330e-01
9.166734389596120636e-01
9.167202938336594942e-01
9.168759860112472015e-01
9.170624747454577674e-01
9.170715435956928729e-01
9.171360552651283138e-01
9.171821817298274615e-01
9.172041650219334707e-01
9.173500110724687184e-01
9.174140366841747607e-01
9.174273708710246611e-01
9.175423675649476696e-01
9.175160867230218731e-01
9.175724698293205028e-01
9.177916207441769725e-01
9.179298811657237156e-01
9.179168413887870415e-01
9.179837763452626254e-01
9.179950851666059952e-01
9.180253299468960071e-01
9.181089318225965634e-01
9.180414929231153209e-01
9.181771057492201793e-01
9.181711537241887822e-01
9.183182741032821506e-01
9.183618970780466073e-01
9.184065827879467347e-01
9.184386946044260647e-01
9.184253054185801401e-01
9.185106782235566980e-01
9.183983102009309896e-01
9.184591711326800523e-01
9.185787698620625497e-01
9.186961577079962860e-01
9.186675700738397010e-01
9.188469616355152692e-01
9.186918814024509494e-01
9.186639914195865453e-01
9.186509853400275372e-01
9.188093756748267893e-01
9.187750464613696488e-01
9.186686762458334821e-01
9.185705246822140069e-01
9.186169563727905052e-01
9.187473055028957392e-01
9.188791262623676737e-01
9.186911225761122957e-01
9.185052125022739045e-01
9.186113896969859693e-01
9.186037166904553741e-01
9.185997323327987907e-01
9.186367607620239406e-01
9.184751789192204807e-01
9.186504354514724024e-01
9.187211389653012761e-01
9.186164922791597576e-01
9.183923177538955152e-01
9.182740423926968321e-01
9.183466645430342634e-01
9.183908358925445548e-01
9.183455957394014435e-01
9.183299413371192044e-01
9.181078164714403522e-01
9.180522973505874651e-01
9.179636767598023939e-01
9.179590731721432029e-01
9.177645066302321242e-01
9.177386995796471547e-01
9.177228098576146742e-01
9.175436773780241140e-01
9.174368305180881089e-01
9.174150349778906754e-01
9.171346699971286709e-01
9.170609216226095484e-01
9.169137860970331122e-01
9.166140546304294423e-01
9.168007718073595269e-01
9.165303116079228651e-01
9.165625531618266653e-01
9.164983233981817135e-01
9.161738050495579211e-01
9.158021942780092406e-01
9.156328223651165610e-01
9.158479461384985143e-01
9.156979091122616765e-01
9.152504565531864866e-01
9.147829548341397388e-01
9.144497286669965863e-01
9.137135609096076472e-01
9.135767287844330786e-01
9.138621204114528718e-01
9.150131098914328076e-01
9.148919498882596146e-01
9.144321998744158186e-01
9.130897005221459972e-01
9.116278239878790046e-01
9.102726695030851634e-01
9.089443398657498507e-01
9.086500572942836085e-01
9.092929798916253858e-01
