2.152717974577280161e-02
1.938194946645809685e-02
1.881412191984600801e-02
1.859671885047433151e-02
1.773844589684870146e-02
1.728397451913859031e-02
1.558827190932138458e-02
1.498226134131027190e-02
1.497010343958532323e-02
1.579295152516572293e-02
1.722751795349943688e-02
1.517178545902705261e-02
1.654190594026501426e-02
1.981518632277235251e-02
1.916542997847567320e-02
2.252686589720337765e-02
2.584548377083636245e-02
2.293656917138002516e-02
2.346811447461213951e-02
2.703122528617842718e-02
3.010441548975290385e-02
3.266170320859642512e-02
3.810801914134352014e-02
4.227392771852612335e-02
3.819194011747099188e-02
4.218505512486842024e-02
4.945858872847933019e-02
5.076773152105449466e-02
5.891686178137420238e-02
5.988497190994804265e-02
6.347714686367059156e-02
6.583587924221116772e-02
7.116262761661808212e-02
7.050053045592362400e-02
7.813526067037022960e-02
8.367653571858924000e-02
8.872308124216962688e-02
9.443948822608262683e-02
9.704236556353305898e-02
9.811933070031603199e-02
1.049875345156188050e-01
1.081531260499788843e-01
1.124069337521277356e-01
1.160883076812167375e-01
1.190717824190237889e-01
1.259370714861477447e-01
1.308989316828789162e-01
1.342320961367339527e-01
1.375994790978137816e-01
1.455726253249408353e-01
1.477442908571189872e-01
1.506084579258775424e-01
1.571528441680165589e-01
1.572095212352566107e-01
1.629315196960573475e-01
1.692720489592256794e-01
1.747474523408288627e-01
1.794997204997029194e-01
1.839317721177479714e-01
1.871452169762816697e-01
1.915176307138445888e-01
1.953091862744426865e-01
2.013353262898398277e-01
2.043785954369590485e-01
2.089147331259266493e-01
2.128916452201092546e-01
2.164071352376613078e-01
2.215811686397377300e-01
2.249822803571520091e-01
2.289082243547134743e-01
2.310110107813982960e-01
2.386556079077241932e-01
2.437707593453685706e-01
2.432526778934569200e-01
2.515687448203162146e-01
2.543680324604007392e-01
2.577951149753716642e-01
2.614274373954409980e-01
2.661077894069647787e-01
2.681436653220046762e-01
2.733758210099698216e-01
2.774613976221962930e-01
2.802012139578509142e-01
2.853954361009756191e-01
2.899308017809463789e-01
2.949991458895357965e-01
2.986320938132122627e-01
3.019657322157922041e-01
3.059235470767969201e-01
3.087320403712575101e-01
3.133923728443418488e-01
3.175804764149494086e-01
3.203788875700402383e-01
3.239402555344275680e-01
3.279550291707087895e-01
3.303041832671727018e-01
3.341309194445446495e-01
3.381521740765209283e-01
3.405731453595480240e-01
3.454573814315335945e-01
3.512519635245638372e-01
3.535250608446555143e-01
3.578698945895951722e-01
3.597854369850753686e-01
3.634741491832492732e-01
3.654447560034381759e-01
3.699127145865750976e-01
3.736809079369669551e-01
3.783799334495573929e-01
3.817793047150261354e-01
3.835630207638185407e-01
3.865168348555916289e-01
3.899043576323718563e-01
3.940046221906818302e-01
3.957199659549046067e-01
3.990272348476269770e-01
4.042274830331720747e-01
4.063445265284454933e-01
4.092039694577889741e-01
4.124777658239373590e-01
4.157575193293597260e-01
4.184441896076326328e-01
4.243911135088929143e-01
4.261991192070023193e-01
4.274441755820600486e-01
4.309994042680132531e-01
4.337825180807721170e-01
4.374805167228649205e-01
4.415242626996516706e-01
4.433365739896825142e-01
4.470652712596409617e-01
4.494315047913816086e-01
4.514271496095239034e-01
4.553546520646499784e-01
4.575313648828818192e-01
4.617898850887300344e-01
4.641537685194132012e-01
4.665901351807456021e-01
4.697168093069100103e-01
4.716429224695952716e-01
4.746304756311804374e-01
4.776430825730427210e-01
4.802511264249435530e-01
4.840009363152273369e-01
4.853660208201408532e-01
4.877780834417816402e-01
4.905478219307514709e-01
4.930679973559577434e-01
4.948540514523906420e-01
4.982614651590764332e-01
5.015071085696011233e-01
5.033994828649395181e-01
5.068160436093809285e-01
5.086894678878158826e-01
5.114248316793771343e-01
5.138497313458578741e-01
5.164746831115359926e-01
5.187133547424864766e-01
5.206679646006810991e-01
5.237909988892371915e-01
5.261587908397407087e-01
5.289187649587290263e-01
5.308635428284128599e-01
5.327831823513812237e-01
5.351032245200403326e-01
5.372101947706299230e-01
5.400681380329955816e-01
5.425932095564418578e-01
5.455020595484307844e-01
5.467396271683802045e-01
5.491385887343791516e-01
5.506271576492763886e-01
5.541002811366840808e-01
5.557702395061336897e-01
5.580710632962656570e-01
5.601899643233516635e-01
5.621452535940536510e-01
5.648563042656993272e-01
5.669470069346363994e-01
5.694083863133804213e-01
5.714714889486214311e-01
5.726965988928613971e-01
5.749523766439569306e-01
5.772445662024147106e-01
5.793019036893699569e-01
5.815855439970292196e-01
5.835078475286274990e-01
5.857173455440006782e-01
5.874745941559424978e-01
5.902361036930180438e-01
5.919290321146823963e-01
5.936855483753147311e-01
5.958885548008120425e-01
5.982532980939196943e-01
5.995229615079002983e-01
6.016068039322335359e-01
6.038046962884283664e-01
6.052726543911367552e-01
6.067555698642452811e-01
6.091619425847399905e-01
6.109355843911417061e-01
6.132309137269341681e-01
6.144597969516505387e-01
6.163783900563785112e-01
6.181943298352209348e-01
6.203826551564044500e-01
6.219037464419002736e-01
6.246816963542699552e-01
6.262237791682365717e-01
6.275150000542141226e-01
6.285171996808557315e-01
6.308238463001553109e-01
6.323839545320057987e-01
6.346642558115802579e-01
6.363395980750286007e-01
6.374730994748263324e-01
6.394994487156463459e-01
6.418981417229587816e-01
6.427880164277357533e-01
6.444130138448638245e-01
6.458045060293311490e-01
6.482989807562508089e-01
6.500867108732962807e-01
6.511632646971314831e-01
6.533226876762683322e-01
6.550958889551482534e-01
6.558920365488897231e-01
6.578268629368432263e-01
6.587912604280304896e-01
6.606934884947668341e-01
6.622737936946961890e-01
6.636809972268512547e-01
6.650428362629464685e-01
6.673833278337536479e-01
6.683364426533706659e-01
6.700563410811305465e-01
6.712212347110676491e-01
6.728562336800752997e-01
6.744583428361882183e-01
6.753490641970998354e-01
6.765459178667174722e-01
6.785213743916714835e-01
6.803105344015876188e-01
6.822522072705424767e-01
6.824135403794967525e-01
6.840675410727672379e-01
6.862975269904526554e-01
6.875062337985042848e-01
6.891940494051352895e-01
6.901029029123965097e-01
6.918073908061813659e-01
6.933717496543678749e-01
6.946497424516212549e-01
6.964349953258976988e-01
6.964144424555587243e-01
6.981120740001266478e-01
6.996293306175397353e-01
7.011702190601465379e-01
7.025647730666092494e-01
7.043043154677676165e-01
7.060768997277633297e-01
7.067058984925651544e-01
7.074348498056308721e-01
7.087990406063378046e-01
7.101607353816629109e-01
7.114888244598975842e-01
7.133100275678871949e-01
7.142148334180944413e-01
7.154267437704171506e-01
7.167954659736416323e-01
7.182844622347934749e-01
7.190289222893980758e-01
7.201347814448937346e-01
7.221144754302396551e-01
7.228119649995590201e-01
7.246509306490845903e-01
7.260411491842184706e-01
7.266813221359116337e-01
7.282944919631531011e-01
7.288629595987079490e-01
7.302711817807647776e-01
7.315325881104854933e-01
7.328190378781346270e-01
7.334232870805188487e-01
7.353109535265152097e-01
7.361392554049644987e-01
7.380031022484441205e-01
7.387210254234339857e-01
7.402182697813802781e-01
7.409639006347898960e-01
7.422101016069714285e-01
7.428506759483722854e-01
7.444247493962756757e-01
7.454008881997283842e-01
7.465692226935803921e-01
7.475579960693614634e-01
7.491651638677231384e-01
7.496119085998046438e-01
7.507975225437135691e-01
7.516493686715745026e-01
7.533754914479180442e-01
7.541472737472167953e-01
7.550479864588371948e-01
7.559191327824531514e-01
7.574321118897552330e-01
7.586194702713267013e-01
7.593747099868178863e-01
7.609475547554365171e-01
7.614338536271576530e-01
7.627142430497015901e-01
7.641479210969258640e-01
7.645630557088932688e-01
7.657976380100144365e-01
7.668616270512387256e-01
7.677211054071512164e-01
7.683241663886515305e-01
7.694735719209259139e-01
7.706756320444096975e-01
7.719417261536911656e-01
7.725184081136658998e-01
7.734664871995451385e-01
7.744190418424666822e-01
7.760840602773332320e-01
7.767161144186117694e-01
7.778810195529751725e-01
7.785667326220229167e-01
7.798360814951016406e-01
7.806093646806941955e-01
7.810441656042980130e-01
7.817530058750412625e-01
7.833528672265610560e-01
7.840071130871051341e-01
7.853798505484526071e-01
7.858239744012167627e-01
7.868266948805154870e-01
7.877423727822303601e-01
7.893421123949491136e-01
7.896454536310758554e-01
7.908706425698807108e-01
7.918580089042817072e-01
7.926656290718302467e-01
7.934758735786165973e-01
7.939965408780796929e-01
7.945859682536934310e-01
7.958793033406191819e-01
7.964949204086845258e-01
7.975571495942297418e-01
7.984365798383668000e-01
7.993698973476546232e-01
8.005964225896343711e-01
8.004309491174723679e-01
8.017490664098096964e-01
8.026811801072105679e-01
8.032814928414927502e-01
8.045070201930839549e-01
8.054242205204721339e-01
8.060014500516935465e-01
8.070233269411432042e-01
8.077692245564839224e-01
8.081569323894176593e-01
8.094410665293985119e-01
8.101641509003456587e-01
8.109828300371912935e-01
8.118065204140911817e-01
8.123696067260481879e-01
8.134634394021631465e-01
8.143456566765574500e-01
8.153680844209212353e-01
8.154691686533296346e-01
8.164522502776949686e-01
8.171794757921131414e-01
8.181402186003208232e-01
8.191735159290655099e-01
8.199170738056654750e-01
8.206206330918065506e-01
8.212531462370128432e-01
8.217874892994261327e-01
8.228111619618332373e-01
8.239120353790947426e-01
8.244159881599708584e-01
8.246769134532189183e-01
8.262137785536137757e-01
8.267723329995938508e-01
8.271791632509106762e-01
8.277976053879103624e-01
8.288962569619227061e-01
8.295291570742802101e-01
8.302643254201593770e-01
8.310324671909774530e-01
8.318954159024661843e-01
8.324530503698497341e-01
8.327975725883648428e-01
8.333401214217969200e-01
8.345647769463887533e-01
8.353760811251240703e-01
8.359749094029877980e-01
8.368062566858364137e-01
8.371871765426610601e-01
8.382527921350536593e-01
8.386681758009015830e-01
8.399867535224894155e-01
8.400159759794099124e-01
8.405335893077194864e-01
8.415310057041049951e-01
8.417062488880272531e-01
8.425714462406530547e-01
8.437395139476698835e-01
8.441213222693703111e-01
8.451325281615683638e-01
8.461393226946249957e-01
8.465063748923320475e-01
8.466754418018582751e-01
8.480482642223978740e-01
8.483985407446279492e-01
8.491394862687485778e-01
8.499543328576847356e-01
8.503155476207449048e-01
8.507342247776655819e-01
8.516490804610513665e-01
8.522157481927632450e-01
8.531480163986980836e-01
8.539231903619065589e-01
8.542955640661692440e-01
8.549937037231870596e-01
8.556001053885521346e-01
8.560967508528147807e-01
8.568116905170234388e-01
8.574078188284489643e-01
8.578836372702752788e-01
8.586157379186358796e-01
8.592876076632238735e-01
8.597772041955172861e-01
8.607698840007848018e-01
8.615028210826810584e-01
8.620411553377852476e-01
8.622395945476675205e-01
8.633017889701837255e-01
8.638399462577038834e-01
8.642265062306683232e-01
8.646311752563735631e-01
8.655457820122681722e-01
8.663828924666476805e-01
8.664880415544253811e-01
8.672023240716962844e-01
8.681334652695995580e-01
8.685719194488333850e-01
8.690385890233086608e-01
8.698395613098813817e-01
8.700559248565261639e-01
8.708542528682039485e-01
8.714837946621635245e-01
8.721160177492949250e-01
8.725520480102294529e-01
8.730101840224127052e-01
8.736477761308065748e-01
8.744298594280992543e-01
8.751911180926961187e-01
8.754075829544649689e-01
8.759180414029821282e-01
8.763234233350287727e-01
8.766696892584620038e-01
8.778223248739678297e-01
8.780760326953405137e-01
8.788298850940381435e-01
8.795862753038606874e-01
8.798358556505653238e-01
8.804273769590795773e-01
8.813083960588966592e-01
8.817273841550407054e-01
8.822390940845322715e-01
8.826819126640162994e-01
8.831549459459708817e-01
8.834888785222667629e-01
8.840221249108896062e-01
8.846985401410387695e-01
8.855000889937941766e-01
8.858913818063330892e-01
8.863711102264487662e-01
8.872510131467289396e-01
8.875101107368549291e-01
8.879005675093327721e-01
8.886574734463770220e-01
8.895090448377590553e-01
8.898810053170045364e-01
8.897602754287586846e-01
8.904369552822473111e-01
8.911327872497121216e-01
8.917187603338817548e-01
8.918414879946995333e-01
8.924268708448600540e-01
8.927746992669538528e-01
8.935542751715312981e-01
8.939089610429317156e-01
8.948505320566758625e-01
8.953310270792137482e-01
8.961050696822145945e-01
8.969695519213262136e-01
8.971192939445095105e-01
8.969440807441090291e-01
8.966515666719342414e-01
8.970599582857299303e-01
8.972537990346894921e-01
8.986594499099754829e-01
9.005692083722663943e-01
9.024965224940723063e-01
9.033593047880178473e-01
9.022545986373787796e-01
9.011713736807627217e-01
8.998422164841147763e-01
8.997277417634560459e-01
9.007813869994832912e-01
9.031449793688633987e-01
