-1.021143 -1.021143 -1.448096 -1.448096 0.298445 0.321653 -1.300000 -0.947768 3.144277 0.965810
-1.018071 -1.018071 -0.916482 -0.916482 0.284210 0.270261 -1.283940 -1.021155 3.141613 0.958431
-1.001754 -1.001754 -1.118378 -1.118378 0.296589 0.280598 -1.286432 -1.080397 3.127390 0.960986
-1.012433 -1.012433 -1.095573 -1.095573 0.297699 0.281562 -1.267727 -1.056286 3.135806 0.965534
-1.046743 -1.046743 -1.036922 -1.036922 0.297993 0.294121 -1.276201 -1.019309 3.163565 0.956917
-1.001167 -1.001167 -1.044106 -1.044106 0.289995 0.265456 -1.256313 -1.071802 3.155265 0.970421
-1.009519 -1.009519 -1.025017 -1.025017 0.290319 0.270930 -1.263314 -1.042268 3.181861 0.961583
-1.046263 -1.046263 -1.099310 -1.099310 0.293147 0.279046 -1.260937 -1.068470 3.148670 0.962151
-1.044738 -1.044738 -1.103612 -1.103612 0.291519 0.272263 -1.251587 -1.071078 3.143987 0.957120
-1.031360 -1.031360 -1.303452 -1.303452 0.299693 0.315547 -1.300000 -0.945653 3.137840 0.963515
-1.020425 -1.020425 -1.119941 -1.119941 0.303182 0.319528 -1.300000 -0.921644 3.161121 0.962466
-1.040033 -1.040033 -1.332694 -1.332694 0.299058 0.307133 -1.272629 -0.989668 3.135578 0.966975
-1.003814 -1.003814 -1.088048 -1.088048 0.286395 0.268597 -1.255887 -1.026078 3.148651 0.963675
-1.054548 -1.054548 -1.276663 -1.276663 0.293254 0.288712 -1.281977 -1.062298 3.149127 0.959468
-1.020134 -1.020134 -1.037949 -1.037949 0.298609 0.297345 -1.298972 -1.003045 3.135383 0.965587
-1.019752 -1.019752 -1.385282 -1.385282 0.293218 0.298265 -1.282486 -0.983400 3.149567 0.966412
-1.017210 -1.017210 -1.131881 -1.131881 0.294148 0.293180 -1.300000 -1.046670 3.126634 0.965180
-1.011740 -1.011740 -0.998697 -0.998697 0.297501 0.288535 -1.265228 -0.985627 3.152079 0.961030
-1.045947 -1.045947 -1.156927 -1.156927 0.289619 0.285680 -1.267608 -1.011619 3.163379 0.965353
-0.996820 -0.996820 -1.102824 -1.102824 0.292924 0.278696 -1.281796 -1.031961 3.157536 0.967846
-1.022832 -1.022832 -0.914485 -0.914485 0.296395 0.278954 -1.250074 -1.024838 3.154419 0.964537
-1.027382 -1.027382 -1.096407 -1.096407 0.299363 0.308384 -1.300000 -0.965739 3.136088 0.964845
-1.017701 -1.017701 -1.051747 -1.051747 0.293673 0.260841 -1.216622 -1.093569 3.170328 0.965123
-1.011465 -1.011465 -1.337858 -1.337858 0.288021 0.257183 -1.221164 -1.103587 3.163698 0.960515
-1.020101 -1.020101 -1.020526 -1.020526 0.303749 0.300643 -1.276458 -1.004384 3.118896 0.960626
-1.034490 -1.034490 -1.133921 -1.133921 0.286133 0.273196 -1.280507 -1.049654 3.146926 0.960416
-1.003506 -1.003506 -1.083256 -1.083256 0.289233 0.272556 -1.259309 -1.022913 3.148831 0.963127
-0.990725 -0.990725 -1.006047 -1.006047 0.304618 0.286483 -1.282113 -1.086525 3.130447 0.968837
-1.006880 -1.006880 -0.974911 -0.974911 0.297578 0.282697 -1.262759 -1.012072 3.158768 0.965350
-1.013088 -1.013088 -0.935552 -0.935552 0.298522 0.291664 -1.299478 -1.026036 3.145594 0.960073
-1.024884 -1.024884 -1.413974 -1.413974 0.302629 0.321970 -1.300000 -0.939969 3.151078 0.966454
-1.008450 -1.008450 -1.048847 -1.048847 0.296206 0.289286 -1.263687 -1.002955 3.149818 0.966242
-1.023933 -1.023933 -1.278168 -1.278168 0.289472 0.274494 -1.264486 -1.058786 3.149510 0.965837
-1.049668 -1.049668 -1.094891 -1.094891 0.283844 0.256267 -1.221103 -1.092277 3.159693 0.961707
-1.022342 -1.022342 -1.100622 -1.100622 0.300276 0.306902 -1.298182 -0.937476 3.152115 0.961404
-1.039748 -1.039748 -1.444192 -1.444192 0.308761 0.332124 -1.255736 -0.923728 3.124136 0.955247
-1.017998 -1.017998 -1.095993 -1.095993 0.288385 0.266211 -1.235156 -1.058345 3.159515 0.962295
-1.020610 -1.020610 -1.217364 -1.217364 0.297199 0.312868 -1.300000 -0.940843 3.146740 0.964339
-0.996455 -0.996455 -1.086042 -1.086042 0.295876 0.288000 -1.293997 -0.983804 3.139466 0.957914
-1.032337 -1.032337 -0.999334 -0.999334 0.296273 0.310257 -1.300000 -0.942171 3.157047 0.967195
-1.038117 -1.038117 -1.479486 -1.479486 0.288853 0.279697 -1.268652 -1.085098 3.147201 0.963740
-1.030215 -1.030215 -1.196122 -1.196122 0.290775 0.267291 -1.267608 -1.101349 3.172364 0.964034
-1.007503 -1.007503 -1.043283 -1.043283 0.296258 0.297893 -1.300000 -0.953484 3.155848 0.961537
-1.011847 -1.011847 -1.345903 -1.345903 0.298679 0.295123 -1.265413 -1.012049 3.140522 0.958898
-0.992736 -0.992736 -1.222780 -1.222780 0.299593 0.295609 -1.300000 -1.021443 3.144900 0.965131
-1.003686 -1.003686 -1.448159 -1.448159 0.296329 0.304749 -1.299964 -0.992752 3.155278 0.965816
-1.034853 -1.034853 -0.978147 -0.978147 0.292071 0.271439 -1.237277 -1.040868 3.157117 0.963123
-0.997525 -0.997525 -1.001328 -1.001328 0.294029 0.278313 -1.282124 -1.029860 3.163191 0.966928
-1.021042 -1.021042 -0.874440 -0.874440 0.301248 0.290673 -1.274103 -0.998909 3.142012 0.962129
-1.040723 -1.040723 -1.116668 -1.116668 0.286633 0.252468 -1.175669 -1.089592 3.169139 0.962748
-0.995946 -0.995946 -0.898542 -0.898542 0.295306 0.282799 -1.280705 -1.006729 3.148681 0.965229
-0.995318 -0.995318 -0.969851 -0.969851 0.305936 0.300814 -1.288935 -0.976618 3.141488 0.958482
-1.024820 -1.024820 -1.387361 -1.387361 0.293040 0.291957 -1.300000 -1.049443 3.157817 0.965125
-1.013320 -1.013320 -1.120746 -1.120746 0.293256 0.285922 -1.289309 -1.024538 3.124360 0.963744
-1.025415 -1.025415 -1.212174 -1.212174 0.296371 0.304642 -1.276565 -0.958290 3.135908 0.963240
-1.031858 -1.031858 -1.223665 -1.223665 0.298461 0.293492 -1.273096 -1.044460 3.159570 0.962152
-0.991527 -0.991527 -1.517908 -1.517908 0.298757 0.302930 -1.300000 -0.984623 3.175233 0.961657
