-1.001361 -1.001361 -1.264805 -1.264805 0.303746 0.317291 -1.291290 -0.932786 3.151694 0.962859
-1.023268 -1.023268 -1.083361 -1.083361 0.291502 0.293852 -1.300000 -0.974816 3.141956 0.961876
-1.013091 -1.013091 -1.295780 -1.295780 0.296103 0.288858 -1.267077 -1.022240 3.134218 0.964478
-1.013938 -1.013938 -1.579574 -1.579574 0.298146 0.293995 -1.281426 -1.057486 3.145817 0.960123
-1.001215 -1.001215 -1.100809 -1.100809 0.295792 0.283136 -1.279272 -1.016315 3.138610 0.963266
-1.011547 -1.011547 -1.231591 -1.231591 0.293207 0.299298 -1.300000 -1.017176 3.134766 0.963127
-1.004813 -1.004813 -1.351212 -1.351212 0.286176 0.259686 -1.230363 -1.085869 3.164837 0.961211
-1.032443 -1.032443 -1.330686 -1.330686 0.298944 0.293031 -1.263516 -1.042198 3.148189 0.958976
-0.990238 -0.990238 -1.398032 -1.398032 0.293665 0.269155 -1.218270 -1.114999 3.154335 0.961147
-1.036540 -1.036540 -1.088078 -1.088078 0.289076 0.262200 -1.233392 -1.089125 3.187920 0.963908
-1.009883 -1.009883 -1.369366 -1.369366 0.296373 0.299780 -1.299890 -1.038409 3.166946 0.965690
-1.017527 -1.017527 -1.200027 -1.200027 0.289155 0.277646 -1.279487 -1.066083 3.139567 0.968393
-1.014575 -1.014575 -1.089907 -1.089907 0.293047 0.267948 -1.251782 -1.075276 3.153123 0.961271
-1.013364 -1.013364 -1.316911 -1.316911 0.291698 0.291275 -1.299498 -1.010228 3.142053 0.965963
-0.998295 -0.998295 -0.967414 -0.967414 0.300218 0.296484 -1.266402 -0.941387 3.157492 0.963842
-0.998389 -0.998389 -1.332033 -1.332033 0.296968 0.299976 -1.289411 -0.978781 3.149523 0.964729
-1.035950 -1.035950 -0.957581 -0.957581 0.302709 0.293654 -1.272522 -1.042377 3.136723 0.966926
-1.015989 -1.015989 -1.025250 -1.025250 0.288798 0.268985 -1.260225 -1.069796 3.161528 0.964295
-1.015023 -1.015023 -0.920471 -0.920471 0.295377 0.291088 -1.297985 -0.978060 3.140761 0.962242
-1.012644 -1.012644 -1.156808 -1.156808 0.295748 0.278111 -1.256078 -1.051266 3.143263 0.964694
-1.017788 -1.017788 -1.205544 -1.205544 0.286490 0.282569 -1.286566 -1.020862 3.170605 0.964292
-0.979767 -0.979767 -1.198785 -1.198785 0.306207 0.307832 -1.288792 -0.964660 3.145348 0.963877
-1.022193 -1.022193 -1.178707 -1.178707 0.303149 0.319892 -1.293724 -0.924613 3.180867 0.964744
-1.030026 -1.030026 -1.156161 -1.156161 0.300861 0.313476 -1.296837 -0.951417 3.160085 0.965579
-1.011981 -1.011981 -1.059036 -1.059036 0.297099 0.293255 -1.285995 -0.977629 3.141045 0.961913
-1.029990 -1.029990 -1.104174 -1.104174 0.294789 0.281064 -1.243216 -1.040863 3.135084 0.962493
-1.025224 -1.025224 -1.209967 -1.209967 0.289790 0.271960 -1.271830 -1.088768 3.137503 0.964197
-1.015179 -1.015179 -0.799909 -0.799909 0.300869 0.302365 -1.300000 -0.933700 3.133478 0.965888
-1.009360 -1.009360 -1.135015 -1.135015 0.298526 0.300999 -1.296755 -0.995709 3.137457 0.961631
-1.020877 -1.020877 -1.105228 -1.105228 0.303430 0.296466 -1.252527 -1.008047 3.181426 0.963392
-1.002717 -1.002717 -1.133995 -1.133995 0.306308 0.312093 -1.290775 -0.941584 3.152986 0.963560
-1.023902 -1.023902 -1.043981 -1.043981 0.290426 0.267739 -1.236076 -1.066231 3.139852 0.964600
-1.157705 -1.157705 -1.162975 -1.162975 0.294264 0.327871 -1.232217 -0.888129 3.127015 0.971848
-1.155476 -1.155476 -1.129945 -1.129945 0.304475 0.340770 -1.267387 -0.916607 3.120532 0.968540
-1.150089 -1.150089 -1.134813 -1.134813 0.290597 0.294487 -1.285300 -1.108073 3.120303 0.968079
-1.150089 -1.150089 -1.134813 -1.134813 0.290633 0.297536 -1.300000 -1.090288 3.120027 0.965550
-1.151064 -1.151064 -1.134663 -1.134663 0.294149 0.308238 -1.299463 -1.069098 3.112371 0.966680
-1.127916 -1.127916 -1.145251 -1.145251 0.300540 0.325830 -1.286178 -0.962931 3.130524 0.968029
-1.129178 -1.129178 -1.148495 -1.148495 0.294248 0.314627 -1.298407 -1.021864 3.116843 0.968068
-1.129178 -1.129178 -1.148495 -1.148495 0.295283 0.313816 -1.275572 -0.996640 3.138807 0.966929
-1.114466 -1.114466 -1.152661 -1.152661 0.283702 0.279553 -1.268148 -1.088708 3.151642 0.967112
-1.077999 -1.077999 -1.038449 -1.038449 0.305085 0.308710 -1.272417 -0.999125 3.147882 0.964158
-1.088206 -1.088206 -1.072904 -1.072904 0.295977 0.304544 -1.293133 -1.038503 3.126453 0.962613
-1.077427 -1.077427 -1.074070 -1.074070 0.296113 0.297959 -1.284999 -1.030057 3.157473 0.964512
-1.074545 -1.074545 -1.073517 -1.073517 0.300904 0.316344 -1.299551 -0.980365 3.146265 0.963814
-1.071278 -1.071278 -1.090565 -1.090565 0.299728 0.288899 -1.268834 -1.106179 3.143207 0.962267
-1.080043 -1.080043 -1.107643 -1.107643 0.299818 0.315375 -1.285641 -0.995868 3.145774 0.963100
-1.057863 -1.057863 -1.062693 -1.062693 0.295299 0.271998 -1.255556 -1.139203 3.158180 0.959758
-1.058035 -1.058035 -1.060071 -1.060071 0.303825 0.316306 -1.300000 -0.973380 3.155891 0.957570
-1.056040 -1.056040 -1.057762 -1.057762 0.299877 0.296977 -1.296072 -1.054122 3.150426 0.958682
-1.056040 -1.056040 -1.057762 -1.057762 0.304681 0.300718 -1.270180 -1.037640 3.159550 0.957056
-1.055574 -1.055574 -1.058142 -1.058142 0.296538 0.281978 -1.295059 -1.119361 3.161282 0.963074
-1.055574 -1.055574 -1.058142 -1.058142 0.302618 0.306211 -1.300000 -1.049911 3.163496 0.966769
-1.055582 -1.055582 -1.058051 -1.058051 0.302450 0.316029 -1.300000 -0.984674 3.129191 0.955533
-1.066026 -1.066026 -1.070371 -1.070371 0.292800 0.277619 -1.252071 -1.072520 3.165392 0.959801
-1.063896 -1.063896 -1.059666 -1.059666 0.290974 0.275192 -1.266687 -1.120719 3.158272 0.964466
-1.058294 -1.058294 -0.936812 -0.936812 0.295769 0.283302 -1.291864 -1.080878 3.163985 0.965969
