-1.029221 -1.029221 -1.101724 -1.101724 0.285853 0.254885 -1.236316 -1.142897 3.174343 0.963127
-0.992580 -0.992580 -1.198172 -1.198172 0.296377 0.288213 -1.300000 -1.030313 3.147040 0.961254
-1.051604 -1.051604 -1.036277 -1.036277 0.302847 0.306673 -1.298198 -1.015186 3.133922 0.962071
-1.006119 -1.006119 -1.323849 -1.323849 0.303859 0.310744 -1.282623 -0.976310 3.143550 0.964275
-1.031345 -1.031345 -0.868498 -0.868498 0.293068 0.275455 -1.249978 -1.003468 3.177335 0.968234
-1.037165 -1.037165 -1.075657 -1.075657 0.304873 0.323183 -1.261117 -0.886765 3.154169 0.962251
-1.039697 -1.039697 -1.101757 -1.101757 0.286496 0.257511 -1.215413 -1.101332 3.168280 0.965297
-1.006962 -1.006962 -1.453891 -1.453891 0.297183 0.313854 -1.300000 -0.962203 3.136012 0.966154
-1.053725 -1.053725 -1.452868 -1.452868 0.300848 0.324264 -1.274764 -0.924075 3.155016 0.961467
-1.033629 -1.033629 -0.875810 -0.875810 0.291701 0.278920 -1.281545 -1.004153 3.155299 0.958427
-1.043401 -1.043401 -1.013345 -1.013345 0.308817 0.319872 -1.292880 -0.937998 3.157099 0.961620
-0.999897 -0.999897 -1.359367 -1.359367 0.302603 0.298181 -1.296123 -1.044540 3.148026 0.962558
-0.986543 -0.986543 -1.254575 -1.254575 0.296024 0.292936 -1.274700 -0.985912 3.131463 0.961805
-0.994939 -0.994939 -0.968727 -0.968727 0.290784 0.264865 -1.262025 -1.050755 3.181151 0.964255
-1.025419 -1.025419 -1.176317 -1.176317 0.284227 0.256919 -1.214004 -1.100610 3.194837 0.966867
-1.025762 -1.025762 -1.362533 -1.362533 0.305136 0.335401 -1.262937 -0.884246 3.144376 0.967416
-0.998591 -0.998591 -1.310515 -1.310515 0.303599 0.304718 -1.300000 -1.004870 3.160558 0.964757
-1.042312 -1.042312 -1.217600 -1.217600 0.291565 0.273369 -1.248481 -1.038427 3.160318 0.959590
-1.026217 -1.026217 -1.460274 -1.460274 0.293474 0.288630 -1.266715 -1.052859 3.147277 0.964240
-1.040416 -1.040416 -1.294825 -1.294825 0.295712 0.298707 -1.300000 -1.029875 3.140158 0.959942
-1.030658 -1.030658 -1.086666 -1.086666 0.289444 0.266910 -1.251655 -1.118307 3.156701 0.964214
-1.007675 -1.007675 -1.471791 -1.471791 0.287237 0.287894 -1.292065 -1.031027 3.142947 0.966603
-1.009941 -1.009941 -1.511580 -1.511580 0.293037 0.297400 -1.291663 -1.009465 3.162595 0.965534
-1.017320 -1.017320 -1.206112 -1.206112 0.302242 0.328614 -1.300000 -0.871909 3.144764 0.968480
-1.008955 -1.008955 -1.104966 -1.104966 0.297380 0.273440 -1.220443 -1.073827 3.183504 0.966135
-1.028872 -1.028872 -0.888857 -0.888857 0.303028 0.321863 -1.300000 -0.884728 3.163254 0.957280
-1.011018 -1.011018 -1.039296 -1.039296 0.291652 0.269353 -1.247752 -1.035921 3.154999 0.960826
-1.005202 -1.005202 -1.258295 -1.258295 0.297071 0.293976 -1.293628 -1.026443 3.176277 0.969287
-1.022905 -1.022905 -1.216253 -1.216253 0.288778 0.287367 -1.288055 -1.068243 3.123424 0.968309
-1.026812 -1.026812 -1.257318 -1.257318 0.306047 0.339627 -1.291486 -0.859323 3.166527 0.960684
-1.052132 -1.052132 -1.137234 -1.137234 0.298812 0.309402 -1.291046 -0.992726 3.148101 0.960795
-1.015037 -1.015037 -1.533799 -1.533799 0.300023 0.312898 -1.293489 -1.004033 3.148603 0.963840
-1.001880 -1.001880 -1.206968 -1.206968 0.299136 0.288113 -1.272758 -1.032229 3.158032 0.962690
-1.025254 -1.025254 -1.300801 -1.300801 0.299631 0.301975 -1.300000 -1.050566 3.139656 0.965013
-1.012853 -1.012853 -1.028925 -1.028925 0.293734 0.265695 -1.231758 -1.077311 3.161061 0.965816
-1.023320 -1.023320 -0.966515 -0.966515 0.288783 0.269436 -1.275507 -1.040979 3.150766 0.962270
-1.014391 -1.014391 -1.075073 -1.075073 0.293883 0.280912 -1.300000 -1.104564 3.154157 0.968004
-1.021256 -1.021256 -1.149419 -1.149419 0.302942 0.309472 -1.300000 -0.968338 3.140818 0.959521
-1.003479 -1.003479 -1.123781 -1.123781 0.289390 0.281905 -1.291571 -1.009673 3.151968 0.967099
-1.031832 -1.031832 -0.940026 -0.940026 0.304621 0.298722 -1.288976 -1.022861 3.137747 0.962847
-1.013265 -1.013265 -1.116427 -1.116427 0.305911 0.320482 -1.300000 -0.924315 3.129440 0.965865
-1.035040 -1.035040 -1.067373 -1.067373 0.303632 0.320702 -1.300000 -0.917614 3.151483 0.964882
-1.029133 -1.029133 -1.361938 -1.361938 0.297840 0.302370 -1.291836 -1.028227 3.126190 0.962854
-1.025203 -1.025203 -1.095259 -1.095259 0.295610 0.280260 -1.285973 -1.075352 3.173269 0.961787
-1.012154 -1.012154 -1.050164 -1.050164 0.292629 0.277165 -1.252545 -1.011625 3.152471 0.962251
-1.003565 -1.003565 -1.103676 -1.103676 0.300409 0.288506 -1.256478 -1.015379 3.145967 0.968110
-0.988720 -0.988720 -1.408073 -1.408073 0.291762 0.280606 -1.286035 -1.058375 3.169921 0.966419
-1.052685 -1.052685 -1.443989 -1.443989 0.291972 0.276053 -1.269600 -1.131106 3.115273 0.964581
-1.036310 -1.036310 -1.104284 -1.104284 0.295161 0.312754 -1.295436 -0.957113 3.165142 0.960360
-1.049251 -1.049251 -1.366248 -1.366248 0.295710 0.297715 -1.276325 -1.022887 3.169554 0.960219
-1.028895 -1.028895 -0.974947 -0.974947 0.293331 0.284525 -1.299925 -1.051122 3.140687 0.966580
-1.043089 -1.043089 -1.063035 -1.063035 0.299545 0.287921 -1.294718 -1.087424 3.147572 0.961478
-1.035329 -1.035329 -1.230319 -1.230319 0.302904 0.323060 -1.296126 -0.953491 3.145342 0.962157
-1.037167 -1.037167 -1.361956 -1.361956 0.291461 0.294211 -1.300000 -1.050377 3.146238 0.958311
-1.022179 -1.022179 -1.146396 -1.146396 0.301295 0.298933 -1.277608 -1.006097 3.159865 0.962599
-0.998947 -0.998947 -1.058594 -1.058594 0.294762 0.278737 -1.254059 -1.030160 3.183386 0.965963
-1.009086 -1.009086 -1.409471 -1.409471 0.289639 0.283674 -1.275997 -1.038829 3.165735 0.966408
