-1.013561 -1.013561 -0.814209 -0.814209 0.294196 0.270411 -1.245711 -1.046588 3.140758 0.965555
-1.013561 -1.013561 -0.814209 -0.814209 0.296592 0.281928 -1.278806 -0.981920 3.149895 0.964414
-1.014296 -1.014296 -0.816951 -0.816951 0.292749 0.269280 -1.254946 -1.027757 3.150797 0.964527
-1.014581 -1.014581 -0.805636 -0.805636 0.290805 0.265292 -1.253195 -1.058288 3.133034 0.961631
-1.013278 -1.013278 -0.804644 -0.804644 0.296843 0.280145 -1.275856 -1.043335 3.135257 0.961902
-1.016888 -1.016888 -0.804197 -0.804197 0.308281 0.313019 -1.300000 -0.914500 3.149454 0.961775
-1.004817 -1.004817 -0.789087 -0.789087 0.288197 0.270112 -1.281522 -1.003871 3.141700 0.965995
-1.005660 -1.005660 -0.799918 -0.799918 0.288352 0.263841 -1.233592 -1.021996 3.146528 0.964074
-1.004714 -1.004714 -0.796670 -0.796670 0.289089 0.267407 -1.262334 -1.015317 3.158877 0.967309
-1.007718 -1.007718 -0.786644 -0.786644 0.293232 0.271335 -1.245259 -1.011410 3.147910 0.965283
-1.011055 -1.011055 -0.796020 -0.796020 0.294163 0.271590 -1.268924 -1.012689 3.147259 0.962325
-1.013284 -1.013284 -0.799199 -0.799199 0.291495 0.283618 -1.300000 -0.959582 3.142582 0.962601
-1.013755 -1.013755 -0.804722 -0.804722 0.292352 0.271727 -1.262237 -1.024431 3.146111 0.966378
-1.008285 -1.008285 -0.809509 -0.809509 0.292683 0.279818 -1.281267 -0.949850 3.155632 0.963289
-1.003720 -1.003720 -0.826421 -0.826421 0.289707 0.258094 -1.220726 -1.066181 3.140363 0.962622
-1.000509 -1.000509 -1.035563 -1.035563 0.297563 0.301762 -1.300000 -0.945269 3.144779 0.966966
-1.007568 -1.007568 -1.045249 -1.045249 0.296888 0.288156 -1.280049 -1.020431 3.133072 0.960620
-1.007568 -1.007568 -1.045249 -1.045249 0.294766 0.279822 -1.270965 -1.041815 3.131005 0.959939
-1.007959 -1.007959 -1.037823 -1.037823 0.291215 0.272901 -1.255491 -1.031236 3.154816 0.963810
-1.007400 -1.007400 -1.033492 -1.033492 0.293213 0.274744 -1.256894 -1.038123 3.150620 0.964703
-1.005975 -1.005975 -1.029928 -1.029928 0.288852 0.274686 -1.298782 -1.011325 3.152865 0.962049
-1.005935 -1.005935 -1.027160 -1.027160 0.297654 0.289499 -1.292060 -1.031867 3.138823 0.967665
-1.007760 -1.007760 -0.953637 -0.953637 0.302885 0.298225 -1.298475 -0.994190 3.152074 0.969062
-1.014153 -1.014153 -0.963446 -0.963446 0.295861 0.270969 -1.220905 -1.031966 3.159873 0.960912
-1.011148 -1.011148 -0.959218 -0.959218 0.298541 0.291023 -1.300000 -0.987441 3.141670 0.962638
-1.006414 -1.006414 -1.016817 -1.016817 0.293808 0.271881 -1.266279 -1.067430 3.155534 0.971171
-1.003992 -1.003992 -1.020325 -1.020325 0.303425 0.311808 -1.299958 -0.936155 3.149123 0.967953
-1.003992 -1.003992 -1.020354 -1.020354 0.289325 0.259989 -1.227808 -1.076421 3.151444 0.961688
-1.002896 -1.002896 -1.021220 -1.021220 0.302618 0.291009 -1.265215 -1.016271 3.141877 0.962327
-1.002272 -1.002272 -1.024445 -1.024445 0.304776 0.300618 -1.290496 -0.980664 3.142402 0.961775
-1.012543 -1.012543 -1.041740 -1.041740 0.297240 0.300451 -1.300000 -0.968832 3.139066 0.963948
-1.020960 -1.020960 -1.077531 -1.077531 0.293983 0.295436 -1.295789 -0.982800 3.140513 0.965859
-1.021384 -1.021384 -1.107413 -1.107413 0.293047 0.283631 -1.277676 -1.009332 3.141908 0.960075
-1.037125 -1.037125 -1.098807 -1.098807 0.294212 0.294305 -1.284851 -1.003550 3.144242 0.962710
-1.036328 -1.036328 -1.094820 -1.094820 0.295975 0.297724 -1.278134 -0.977614 3.147181 0.961340
-1.021619 -1.021619 -1.076846 -1.076846 0.289034 0.267700 -1.261703 -1.041745 3.150073 0.959734
-1.024233 -1.024233 -1.064218 -1.064218 0.291248 0.289701 -1.300000 -0.980574 3.147249 0.960698
-1.024233 -1.024233 -1.064218 -1.064218 0.294799 0.306624 -1.300000 -0.916740 3.142754 0.959517
-1.023873 -1.023873 -1.063896 -1.063896 0.292670 0.291271 -1.299825 -1.009038 3.138367 0.965980
-1.023873 -1.023873 -1.063896 -1.063896 0.295588 0.298106 -1.280094 -0.964419 3.134832 0.960963
-1.024187 -1.024187 -1.060931 -1.060931 0.299657 0.324813 -1.300000 -0.872990 3.139760 0.961771
-1.022181 -1.022181 -1.074888 -1.074888 0.294387 0.288109 -1.270931 -0.993946 3.137250 0.961680
-1.017095 -1.017095 -1.079997 -1.079997 0.299839 0.292019 -1.295061 -1.073319 3.153585 0.963087
-1.017095 -1.017095 -1.079997 -1.079997 0.300774 0.301358 -1.300000 -0.993085 3.136879 0.962280
-1.014395 -1.014395 -1.078570 -1.078570 0.294632 0.272852 -1.262278 -1.112292 3.152593 0.971498
-1.018792 -1.018792 -1.058695 -1.058695 0.297323 0.276983 -1.250585 -1.051183 3.144851 0.959913
-1.018635 -1.018635 -1.058378 -1.058378 0.304047 0.305817 -1.298441 -0.991890 3.129184 0.964789
-1.018606 -1.018606 -1.058474 -1.058474 0.301610 0.297944 -1.287588 -1.003543 3.127509 0.962775
-1.019190 -1.019190 -1.057645 -1.057645 0.303810 0.306769 -1.300000 -0.988955 3.142655 0.969559
-1.019454 -1.019454 -1.057217 -1.057217 0.297758 0.284038 -1.280252 -1.043803 3.132781 0.961606
-1.023521 -1.023521 -1.156191 -1.156191 0.291597 0.286963 -1.298698 -1.028072 3.142827 0.964955
-1.023696 -1.023696 -1.155222 -1.155222 0.294835 0.279250 -1.266417 -1.070628 3.144661 0.965342
-1.023696 -1.023696 -1.155222 -1.155222 0.304402 0.310319 -1.280250 -0.968476 3.138455 0.963362
-1.023978 -1.023978 -1.155471 -1.155471 0.304598 0.315764 -1.300000 -0.981585 3.129731 0.968522
-1.028072 -1.028072 -1.138702 -1.138702 0.293768 0.288333 -1.278210 -0.996568 3.153996 0.961803
-1.030775 -1.030775 -1.116431 -1.116431 0.290602 0.298889 -1.300000 -0.962090 3.152439 0.963973
-1.029931 -1.029931 -1.106807 -1.106807 0.292670 0.284965 -1.278310 -1.018194 3.160555 0.965578
