-1.020360 -1.020360 -1.019240 -1.019240 0.301019 0.291725 -1.299985 -1.020149 3.150664 0.959439
-1.020360 -1.020360 -1.019240 -1.019240 0.307573 0.298334 -1.275598 -1.024126 3.153979 0.963717
-1.020940 -1.020940 -1.017554 -1.017554 0.303690 0.310415 -1.299844 -0.967344 3.150867 0.961504
-1.022560 -1.022560 -1.022503 -1.022503 0.300799 0.287866 -1.290119 -1.062344 3.151372 0.965336
-1.022630 -1.022630 -1.022313 -1.022313 0.307869 0.324669 -1.297492 -0.924950 3.131278 0.957969
-1.021323 -1.021323 -1.027453 -1.027453 0.305910 0.321142 -1.300000 -0.935033 3.146036 0.965474
-1.024009 -1.024009 -1.019359 -1.019359 0.299941 0.299441 -1.300000 -0.979317 3.136914 0.961492
-1.028426 -1.028426 -1.018905 -1.018905 0.294658 0.273892 -1.250580 -1.063499 3.143423 0.961916
-1.028426 -1.028426 -1.018905 -1.018905 0.291051 0.265736 -1.252293 -1.062177 3.154001 0.961868
-1.028088 -1.028088 -1.016847 -1.016847 0.301551 0.285961 -1.261814 -1.043573 3.141909 0.963409
-1.032618 -1.032618 -1.012416 -1.012416 0.301930 0.284290 -1.273304 -1.066820 3.130011 0.961299
-1.032618 -1.032618 -1.012416 -1.012416 0.308136 0.311432 -1.300000 -0.992799 3.137226 0.962108
-1.032757 -1.032757 -1.024183 -1.024183 0.303169 0.301303 -1.269863 -1.012421 3.136215 0.959504
-1.033445 -1.033445 -1.022174 -1.022174 0.300989 0.293927 -1.279329 -1.022372 3.139608 0.964097
-1.033493 -1.033493 -1.022131 -1.022131 0.300879 0.303136 -1.295072 -0.990536 3.127427 0.962181
-1.032841 -1.032841 -1.026167 -1.026167 0.304829 0.317422 -1.277300 -0.941850 3.141229 0.966059
-1.032841 -1.032841 -1.026167 -1.026167 0.288063 0.260232 -1.225913 -1.073783 3.161196 0.962454
-1.032840 -1.032840 -1.026083 -1.026083 0.291876 0.285933 -1.300000 -1.013294 3.137825 0.961610
-1.037165 -1.037165 -1.027502 -1.027502 0.288644 0.274105 -1.279937 -1.045240 3.141195 0.963454
-1.035713 -1.035713 -1.025815 -1.025815 0.300278 0.312524 -1.300000 -0.959681 3.131120 0.966325
-1.036229 -1.036229 -1.025551 -1.025551 0.292076 0.274302 -1.265342 -1.054668 3.131756 0.961943
-1.032490 -1.032490 -1.004301 -1.004301 0.292587 0.273987 -1.232004 -1.034638 3.136147 0.958080
-1.032230 -1.032230 -1.005920 -1.005920 0.297260 0.290469 -1.262746 -0.994741 3.135407 0.960141
-1.031980 -1.031980 -1.006050 -1.006050 0.295482 0.296631 -1.300000 -1.010335 3.131524 0.966370
-1.034052 -1.034052 -1.005522 -1.005522 0.290645 0.279309 -1.284841 -1.046515 3.128688 0.962399
-1.025653 -1.025653 -0.982085 -0.982085 0.293727 0.271699 -1.261698 -1.078723 3.141923 0.967152
-1.020349 -1.020349 -0.985219 -0.985219 0.285811 0.275526 -1.272380 -0.973611 3.161889 0.962083
-1.021417 -1.021417 -0.976539 -0.976539 0.295747 0.282539 -1.285245 -1.059848 3.123428 0.969375
-1.019164 -1.019164 -0.977076 -0.977076 0.294192 0.274593 -1.235875 -1.035706 3.137703 0.962882
-1.026174 -1.026174 -0.984407 -0.984407 0.293309 0.279145 -1.300000 -1.065617 3.133609 0.964214
-1.022072 -1.022072 -0.977816 -0.977816 0.300206 0.304010 -1.300000 -0.976661 3.136737 0.964595
-1.021456 -1.021456 -0.979861 -0.979861 0.298886 0.300272 -1.300000 -0.970507 3.140958 0.966261
-1.026092 -1.026092 -0.968495 -0.968495 0.297385 0.301613 -1.300000 -0.964694 3.137327 0.962021
-1.023946 -1.023946 -0.968574 -0.968574 0.295521 0.294839 -1.286269 -0.977252 3.144270 0.962431
-1.026594 -1.026594 -0.962692 -0.962692 0.293535 0.281578 -1.279331 -1.027336 3.147114 0.964607
-1.027186 -1.027186 -0.964011 -0.964011 0.300079 0.297804 -1.267891 -1.031086 3.116985 0.964473
-1.025333 -1.025333 -0.964489 -0.964489 0.299310 0.284454 -1.271205 -1.067615 3.121716 0.962912
-1.021020 -1.021020 -0.978722 -0.978722 0.299130 0.297181 -1.297333 -1.001107 3.135099 0.965537
-1.018472 -1.018472 -0.996486 -0.996486 0.310548 0.311995 -1.283357 -0.952160 3.132749 0.960510
-1.018916 -1.018916 -0.998620 -0.998620 0.298626 0.296148 -1.298032 -0.983294 3.137944 0.960768
-1.018894 -1.018894 -0.998646 -0.998646 0.298515 0.303243 -1.300000 -0.961573 3.136698 0.957798
-1.020928 -1.020928 -1.014865 -1.014865 0.294692 0.291949 -1.300000 -0.990318 3.148952 0.958191
-1.032566 -1.032566 -1.007430 -1.007430 0.292356 0.281342 -1.297017 -1.067488 3.146090 0.964744
-1.047041 -1.047041 -1.016860 -1.016860 0.301517 0.302190 -1.299072 -1.023180 3.133648 0.961743
-1.030561 -1.030561 -0.940696 -0.940696 0.296418 0.279718 -1.281462 -1.067949 3.149381 0.962443
-1.035059 -1.035059 -0.948248 -0.948248 0.290818 0.261531 -1.224723 -1.062700 3.164040 0.961087
-1.034753 -1.034753 -0.947329 -0.947329 0.303800 0.316394 -1.300000 -0.939599 3.132058 0.962811
-1.034753 -1.034753 -0.947329 -0.947329 0.299754 0.295641 -1.300000 -1.026121 3.125322 0.965266
-1.034753 -1.034753 -0.947329 -0.947329 0.299715 0.286099 -1.255245 -1.025470 3.144662 0.961857
-1.036113 -1.036113 -0.948686 -0.948686 0.296262 0.268444 -1.241409 -1.111730 3.149056 0.966646
-1.034563 -1.034563 -0.951826 -0.951826 0.306342 0.301278 -1.285333 -1.008103 3.138648 0.962084
-1.033547 -1.033547 -0.940557 -0.940557 0.304144 0.310184 -1.299957 -0.960580 3.144432 0.962681
-1.043471 -1.043471 -0.984179 -0.984179 0.296036 0.299379 -1.300000 -0.986127 3.137887 0.958879
-1.044743 -1.044743 -0.981516 -0.981516 0.300058 0.303748 -1.299978 -0.997070 3.142187 0.965242
-1.045541 -1.045541 -0.968178 -0.968178 0.297783 0.295877 -1.283804 -0.999331 3.143864 0.963128
-1.045264 -1.045264 -0.970604 -0.970604 0.287090 0.262091 -1.241196 -1.132808 3.143466 0.961699
-1.037503 -1.037503 -0.988960 -0.988960 0.299052 0.290059 -1.295028 -1.058326 3.137186 0.964429
-1.034359 -1.034359 -1.015078 -1.015078 0.303963 0.329197 -1.299969 -0.880983 3.148820 0.957582
