-1.048592 -1.048592 -1.001357 -1.001357 0.291160 0.274560 -1.260587 -1.053487 3.168818 0.962144
-1.050390 -1.050390 -1.003806 -1.003806 0.303746 0.318516 -1.299992 -0.948622 3.151159 0.963284
-1.056763 -1.056763 -1.012148 -1.012148 0.291122 0.296607 -1.300000 -0.997023 3.136115 0.959574
-1.051458 -1.051458 -1.021222 -1.021222 0.295170 0.308234 -1.290031 -0.933351 3.160271 0.962987
-1.050936 -1.050936 -0.999656 -0.999656 0.298775 0.304700 -1.279485 -0.980783 3.131072 0.958924
-1.047218 -1.047218 -1.006332 -1.006332 0.301753 0.310289 -1.275955 -0.938055 3.150062 0.958813
-1.040715 -1.040715 -0.987922 -0.987922 0.292137 0.282680 -1.290294 -1.057320 3.123391 0.958060
-1.041130 -1.041130 -0.989901 -0.989901 0.290800 0.265557 -1.231161 -1.087931 3.159901 0.963218
-1.041010 -1.041010 -0.989703 -0.989703 0.295628 0.280625 -1.262327 -1.035366 3.153293 0.963045
-1.041398 -1.041398 -0.989025 -0.989025 0.302217 0.305288 -1.288670 -0.989268 3.141945 0.960432
-1.039553 -1.039553 -0.973856 -0.973856 0.292033 0.277103 -1.275709 -1.041727 3.154875 0.961400
-1.040760 -1.040760 -0.971257 -0.971257 0.299764 0.304008 -1.286410 -1.014362 3.149354 0.962630
-1.041910 -1.041910 -0.956530 -0.956530 0.286717 0.262991 -1.265535 -1.114065 3.177832 0.967009
-1.041910 -1.041910 -0.956530 -0.956530 0.297755 0.297652 -1.298699 -1.033064 3.141931 0.967044
-1.042067 -1.042067 -0.955102 -0.955102 0.295771 0.290934 -1.300000 -1.033489 3.156535 0.966765
-1.042067 -1.042067 -0.955112 -0.955112 0.290834 0.271501 -1.252830 -1.055808 3.175626 0.962526
-1.043782 -1.043782 -0.954885 -0.954885 0.304388 0.306492 -1.280116 -0.975662 3.152518 0.960824
-1.047501 -1.047501 -0.962037 -0.962037 0.295617 0.282300 -1.272947 -1.053607 3.154848 0.964024
-1.046669 -1.046669 -0.978599 -0.978599 0.296492 0.295644 -1.299878 -1.008494 3.153127 0.964005
-1.046332 -1.046332 -0.988023 -0.988023 0.286992 0.269685 -1.281528 -1.085237 3.168267 0.969199
-1.045283 -1.045283 -1.003872 -1.003872 0.292811 0.281001 -1.276586 -1.055991 3.144001 0.960393
-1.043367 -1.043367 -1.002833 -1.002833 0.282967 0.249696 -1.217139 -1.151533 3.178713 0.967115
-1.043511 -1.043511 -1.002943 -1.002943 0.291766 0.288775 -1.293225 -1.000569 3.174122 0.961324
-1.031376 -1.031376 -0.985520 -0.985520 0.295507 0.283812 -1.281924 -1.054753 3.169916 0.964366
-1.033295 -1.033295 -0.986777 -0.986777 0.299248 0.289463 -1.292468 -1.036674 3.159715 0.962698
-1.033295 -1.033295 -0.986777 -0.986777 0.305217 0.311947 -1.299668 -0.967846 3.157141 0.964491
-1.033293 -1.033293 -0.989977 -0.989977 0.300118 0.289099 -1.272334 -1.043055 3.172417 0.969036
-1.032571 -1.032571 -0.981099 -0.981099 0.297748 0.291117 -1.275354 -0.994675 3.163128 0.960245
-1.032882 -1.032882 -0.981035 -0.981035 0.299600 0.288913 -1.263444 -1.027321 3.157256 0.963673
-1.032572 -1.032572 -0.985615 -0.985615 0.302624 0.307450 -1.282199 -0.952290 3.154500 0.962546
-1.031610 -1.031610 -0.980641 -0.980641 0.295516 0.279227 -1.262365 -1.081316 3.143419 0.962159
-1.032850 -1.032850 -0.977505 -0.977505 0.292423 0.273464 -1.251351 -1.050719 3.161730 0.962932
-1.032850 -1.032850 -0.977505 -0.977505 0.292470 0.279613 -1.272969 -1.058496 3.145542 0.960029
-1.035729 -1.035729 -0.960034 -0.960034 0.290178 0.256267 -1.207784 -1.093588 3.185802 0.963364
-1.035729 -1.035729 -0.960034 -0.960034 0.294479 0.270228 -1.230532 -1.050547 3.176205 0.961740
-1.035729 -1.035729 -0.960034 -0.960034 0.294047 0.277096 -1.256554 -1.052447 3.155262 0.958792
-1.035729 -1.035729 -0.960034 -0.960034 0.295256 0.278794 -1.264424 -1.043045 3.162945 0.965006
-1.035731 -1.035731 -0.959997 -0.959997 0.292192 0.271875 -1.260328 -1.075823 3.151954 0.962182
-1.034973 -1.034973 -0.956604 -0.956604 0.293401 0.274578 -1.266678 -1.087398 3.144201 0.963684
-1.034973 -1.034973 -0.956604 -0.956604 0.293387 0.268284 -1.228241 -1.038177 3.168124 0.959016
-1.036194 -1.036194 -0.959743 -0.959743 0.289434 0.286202 -1.297880 -1.007066 3.136765 0.960699
-1.039175 -1.039175 -0.964134 -0.964134 0.290108 0.291228 -1.299595 -0.996830 3.152481 0.966110
-1.043387 -1.043387 -0.984578 -0.984578 0.298469 0.292930 -1.286528 -1.008414 3.155403 0.961492
-1.035086 -1.035086 -0.978155 -0.978155 0.303043 0.315965 -1.292674 -0.966483 3.149653 0.962457
-1.036074 -1.036074 -0.978168 -0.978168 0.298988 0.262816 -1.170241 -1.080938 3.190486 0.957515
-1.032309 -1.032309 -0.978897 -0.978897 0.294928 0.281459 -1.280994 -1.055722 3.157939 0.966289
-1.032309 -1.032309 -0.978897 -0.978897 0.297952 0.296039 -1.300000 -1.032813 3.137524 0.964007
-1.033128 -1.033128 -0.984121 -0.984121 0.300363 0.310100 -1.299399 -0.946020 3.155215 0.958869
-1.036338 -1.036338 -0.978668 -0.978668 0.294849 0.282813 -1.281931 -1.034511 3.154427 0.959919
-1.036476 -1.036476 -0.978122 -0.978122 0.296742 0.285993 -1.290252 -1.040085 3.162044 0.965292
-1.038741 -1.038741 -0.982984 -0.982984 0.293216 0.291417 -1.300000 -1.018833 3.150474 0.962183
-1.038741 -1.038741 -0.982984 -0.982984 0.301539 0.330116 -1.283714 -0.868179 3.163319 0.963220
-1.038741 -1.038741 -0.982984 -0.982984 0.297162 0.306775 -1.300000 -0.950623 3.161253 0.964895
-1.039155 -1.039155 -0.993542 -0.993542 0.296503 0.292502 -1.289154 -1.022737 3.149906 0.962126
-1.010910 -1.010910 -1.083269 -1.083269 0.299926 0.298311 -1.282317 -1.009093 3.155677 0.964244
-1.010978 -1.010978 -1.081934 -1.081934 0.296345 0.288675 -1.279739 -1.002550 3.164668 0.960592
-1.011623 -1.011623 -1.090245 -1.090245 0.306666 0.316621 -1.286488 -0.926173 3.162212 0.961442
