-1.005747 -1.005747 -0.930482 -0.930482 0.295733 0.278730 -1.288029 -1.027816 3.147668 0.962222
-1.061943 -1.061943 -1.704458 -1.704458 0.297370 0.314302 -1.283093 -1.012328 3.132020 0.968793
-1.026261 -1.026261 -1.345361 -1.345361 0.294032 0.279323 -1.224909 -1.042293 3.184311 0.966289
-1.013220 -1.013220 -1.316963 -1.316963 0.295647 0.306520 -1.300000 -0.970919 3.164563 0.957439
-1.023994 -1.023994 -1.274617 -1.274617 0.294169 0.279593 -1.235748 -1.024449 3.161188 0.960429
-1.005714 -1.005714 -1.159805 -1.159805 0.294697 0.276462 -1.237672 -1.037503 3.186563 0.962099
-1.033115 -1.033115 -1.470070 -1.470070 0.288986 0.283667 -1.279406 -1.087290 3.169341 0.963790
-1.045287 -1.045287 -1.141792 -1.141792 0.300645 0.304344 -1.288798 -0.998831 3.148228 0.961675
-1.008587 -1.008587 -1.273832 -1.273832 0.301316 0.307496 -1.299704 -0.969048 3.155302 0.965233
-1.003885 -1.003885 -1.382931 -1.382931 0.294427 0.284049 -1.273284 -1.052128 3.124328 0.959152
-1.010342 -1.010342 -1.156785 -1.156785 0.303536 0.304334 -1.292348 -0.998992 3.132142 0.963438
-1.001421 -1.001421 -1.177169 -1.177169 0.304416 0.306165 -1.300000 -0.993240 3.145254 0.966475
-1.019786 -1.019786 -1.385315 -1.385315 0.303122 0.316755 -1.300000 -0.984174 3.146553 0.963600
-1.003300 -1.003300 -1.167816 -1.167816 0.293783 0.284608 -1.299760 -1.025298 3.154438 0.960835
-1.017704 -1.017704 -1.179550 -1.179550 0.296620 0.280244 -1.242323 -1.046708 3.160128 0.965982
-0.986303 -0.986303 -1.487562 -1.487562 0.295086 0.288736 -1.269401 -1.004576 3.160184 0.965134
-1.029463 -1.029463 -1.166073 -1.166073 0.300222 0.304680 -1.271527 -0.994842 3.130816 0.964576
-1.032165 -1.032165 -1.270319 -1.270319 0.297668 0.300825 -1.277075 -1.023897 3.149882 0.959840
-1.024534 -1.024534 -1.364389 -1.364389 0.298063 0.296337 -1.283196 -1.035563 3.163201 0.962896
-0.988318 -0.988318 -1.207646 -1.207646 0.293695 0.275504 -1.260403 -1.053624 3.177376 0.963944
-1.047726 -1.047726 -0.965828 -0.965828 0.287380 0.264703 -1.248906 -1.074876 3.142312 0.965750
-1.020292 -1.020292 -1.231087 -1.231087 0.296047 0.303413 -1.300000 -0.983501 3.156131 0.962633
-1.011488 -1.011488 -1.234387 -1.234387 0.299373 0.316826 -1.299882 -0.917312 3.149760 0.965164
-1.003257 -1.003257 -1.336752 -1.336752 0.297925 0.285233 -1.270827 -1.096831 3.145503 0.967755
-1.014442 -1.014442 -1.046420 -1.046420 0.286778 0.265077 -1.252126 -1.047552 3.145549 0.965831
-1.007796 -1.007796 -1.173630 -1.173630 0.298380 0.294676 -1.300000 -1.004312 3.148253 0.959292
-1.046120 -1.046120 -1.153198 -1.153198 0.294346 0.326678 -1.279831 -0.870449 3.180043 0.962057
-1.041153 -1.041153 -1.406830 -1.406830 0.286521 0.276237 -1.273624 -1.068779 3.165130 0.962227
-1.027584 -1.027584 -1.246990 -1.246990 0.291194 0.284445 -1.291518 -1.056270 3.156922 0.960467
-1.004733 -1.004733 -1.033069 -1.033069 0.301697 0.319439 -1.285576 -0.873544 3.165941 0.967664
-0.987501 -0.987501 -1.235254 -1.235254 0.299094 0.291024 -1.296902 -1.024710 3.156602 0.962432
-1.024390 -1.024390 -1.059455 -1.059455 0.295848 0.284511 -1.274764 -1.035433 3.155185 0.962674
-1.020870 -1.020870 -0.967752 -0.967752 0.295632 0.278494 -1.255149 -1.029821 3.133831 0.962920
-1.022126 -1.022126 -1.576859 -1.576859 0.291914 0.301816 -1.284642 -0.999796 3.153323 0.961389
-1.029495 -1.029495 -1.038445 -1.038445 0.290312 0.271694 -1.258273 -1.049185 3.154643 0.962264
-1.029655 -1.029655 -1.250327 -1.250327 0.298457 0.301763 -1.299554 -1.020164 3.156083 0.959654
-1.021280 -1.021280 -1.131918 -1.131918 0.305759 0.296818 -1.222950 -1.027487 3.134766 0.964763
-1.027883 -1.027883 -1.275818 -1.275818 0.301711 0.285440 -1.229026 -1.046916 3.170141 0.960196
-1.025740 -1.025740 -1.007779 -1.007779 0.303229 0.290672 -1.276608 -1.047488 3.124360 0.964500
-1.046435 -1.046435 -1.195139 -1.195139 0.288947 0.264199 -1.239965 -1.151780 3.158803 0.967410
-1.032644 -1.032644 -1.121383 -1.121383 0.292777 0.278038 -1.295261 -1.091323 3.166108 0.963478
-1.045113 -1.045113 -1.147449 -1.147449 0.294807 0.303896 -1.300000 -0.999878 3.139646 0.964318
-1.010216 -1.010216 -1.412285 -1.412285 0.302483 0.312151 -1.287205 -0.993178 3.144691 0.965341
-1.002555 -1.002555 -1.160679 -1.160679 0.288040 0.274898 -1.278415 -1.038769 3.135918 0.965630
-1.022948 -1.022948 -1.016604 -1.016604 0.295177 0.296844 -1.299983 -0.973683 3.160418 0.960255
-1.002150 -1.002150 -1.015253 -1.015253 0.303237 0.285513 -1.248358 -1.016460 3.157497 0.962835
-1.055722 -1.055722 -1.532604 -1.532604 0.300805 0.319224 -1.276398 -0.994719 3.143833 0.966783
-0.995145 -0.995145 -1.468801 -1.468801 0.293618 0.285761 -1.259463 -1.017912 3.146262 0.962248
-1.029296 -1.029296 -1.104754 -1.104754 0.293731 0.284856 -1.287623 -1.051696 3.159682 0.962497
-1.027757 -1.027757 -1.210129 -1.210129 0.289048 0.290348 -1.288967 -1.024063 3.139905 0.964500
-1.014459 -1.014459 -1.196413 -1.196413 0.293925 0.291639 -1.283883 -0.979396 3.145386 0.961404
-1.012981 -1.012981 -1.453407 -1.453407 0.288008 0.273409 -1.229535 -1.040898 3.169856 0.959517
-1.025244 -1.025244 -0.945071 -0.945071 0.297215 0.289825 -1.275137 -1.005037 3.156230 0.961904
-1.019145 -1.019145 -1.035487 -1.035487 0.287464 0.267680 -1.251953 -1.035285 3.136180 0.964161
-1.019543 -1.019543 -1.088098 -1.088098 0.300300 0.305170 -1.298913 -0.974081 3.174358 0.962360
-1.011567 -1.011567 -1.115125 -1.115125 0.293186 0.267394 -1.215774 -1.084655 3.156341 0.963174
-1.022103 -1.022103 -1.247255 -1.247255 0.295265 0.288092 -1.279183 -1.038928 3.161272 0.963898
