-1.013333 -1.013333 -1.103147 -1.103147 0.296715 0.299456 -1.300000 -0.981215 3.155702 0.968099
-1.013431 -1.013431 -1.104507 -1.104507 0.291314 0.276207 -1.273524 -1.033103 3.168121 0.967321
-1.013446 -1.013446 -1.106227 -1.106227 0.302679 0.319905 -1.300000 -0.926110 3.135640 0.964128
-1.009672 -1.009672 -1.108073 -1.108073 0.292733 0.297421 -1.299225 -0.960604 3.165581 0.964789
-1.009156 -1.009156 -1.100539 -1.100539 0.295930 0.290892 -1.299319 -1.003690 3.165817 0.965777
-1.002822 -1.002822 -1.093316 -1.093316 0.296196 0.295921 -1.300000 -0.977300 3.157689 0.959933
-1.003135 -1.003135 -1.093016 -1.093016 0.301499 0.309434 -1.294366 -0.922430 3.165990 0.960964
-1.010260 -1.010260 -1.109250 -1.109250 0.300822 0.306148 -1.300000 -0.965962 3.148371 0.966322
-1.008808 -1.008808 -1.109709 -1.109709 0.298592 0.295317 -1.295850 -0.995959 3.154492 0.964246
-1.008808 -1.008808 -1.109709 -1.109709 0.298333 0.288536 -1.271074 -1.032178 3.151247 0.963502
-1.008810 -1.008810 -1.109319 -1.109319 0.304176 0.307405 -1.261636 -0.980602 3.149338 0.963590
-1.004581 -1.004581 -1.114827 -1.114827 0.293110 0.273875 -1.263159 -1.067669 3.162703 0.966090
-1.004581 -1.004581 -1.114827 -1.114827 0.298726 0.305185 -1.300000 -0.950972 3.165865 0.962912
-1.004581 -1.004581 -1.114827 -1.114827 0.300136 0.312834 -1.288119 -0.928084 3.157500 0.958699
-1.009937 -1.009937 -1.153100 -1.153100 0.292908 0.307209 -1.299810 -0.909195 3.179734 0.962767
-1.008970 -1.008970 -1.153782 -1.153782 0.286113 0.283579 -1.300000 -0.990734 3.160636 0.960316
-1.008824 -1.008824 -1.142336 -1.142336 0.287145 0.284358 -1.298071 -1.003249 3.142663 0.956749
-1.008804 -1.008804 -1.140996 -1.140996 0.284736 0.265510 -1.262299 -1.072048 3.146598 0.967713
-1.007454 -1.007454 -1.141547 -1.141547 0.284923 0.263594 -1.253218 -1.098593 3.147583 0.967932
-1.007652 -1.007652 -1.139164 -1.139164 0.285708 0.258886 -1.218379 -1.065165 3.178738 0.969155
-1.008528 -1.008528 -1.144727 -1.144727 0.295527 0.282735 -1.255301 -1.017965 3.164762 0.963993
-1.000247 -1.000247 -1.164562 -1.164562 0.304907 0.301376 -1.283002 -0.987669 3.150450 0.965081
-1.012366 -1.012366 -1.159225 -1.159225 0.291788 0.273129 -1.254037 -1.047831 3.158708 0.960505
-1.012366 -1.012366 -1.159225 -1.159225 0.295286 0.294215 -1.300000 -1.010954 3.151885 0.964210
-1.012624 -1.012624 -1.159439 -1.159439 0.288506 0.256389 -1.209742 -1.102189 3.166996 0.962028
-1.010588 -1.010588 -1.167343 -1.167343 0.294704 0.292927 -1.287219 -0.985544 3.161837 0.961642
-1.014150 -1.014150 -1.181720 -1.181720 0.305475 0.318070 -1.296017 -0.950618 3.135469 0.964536
-1.015142 -1.015142 -1.185376 -1.185376 0.295372 0.293840 -1.290794 -0.993076 3.147809 0.966672
-1.015123 -1.015123 -1.185386 -1.185386 0.292743 0.288209 -1.299748 -1.059478 3.154039 0.971355
-1.014950 -1.014950 -1.186562 -1.186562 0.291923 0.285459 -1.289230 -1.023237 3.141276 0.957071
-1.014899 -1.014899 -1.178735 -1.178735 0.301631 0.326713 -1.300000 -0.855589 3.183620 0.967448
-1.013510 -1.013510 -1.181606 -1.181606 0.291350 0.281361 -1.273903 -1.022387 3.165213 0.961484
-1.017702 -1.017702 -1.175539 -1.175539 0.295377 0.299324 -1.300000 -0.986717 3.148862 0.963079
-1.003017 -1.003017 -1.167235 -1.167235 0.297966 0.308431 -1.300000 -0.950776 3.151593 0.969239
-1.001883 -1.001883 -1.168375 -1.168375 0.303001 0.320051 -1.298620 -0.935778 3.133324 0.965402
-1.006507 -1.006507 -1.154960 -1.154960 0.282603 0.264272 -1.250054 -1.024626 3.165833 0.963006
-1.004175 -1.004175 -1.156871 -1.156871 0.289705 0.286186 -1.300000 -1.018856 3.161605 0.968272
-1.010564 -1.010564 -1.141723 -1.141723 0.292730 0.278629 -1.285617 -1.049234 3.159389 0.963136
-1.010564 -1.010564 -1.141723 -1.141723 0.303189 0.311055 -1.279832 -0.941746 3.152017 0.963080
-1.009373 -1.009373 -1.137640 -1.137640 0.288738 0.269475 -1.261476 -1.068410 3.180118 0.967403
-1.009373 -1.009373 -1.137640 -1.137640 0.294347 0.284424 -1.251677 -1.001965 3.166090 0.956900
-0.993691 -0.993691 -1.131535 -1.131535 0.295284 0.281367 -1.300000 -1.086552 3.138727 0.963600
-0.995200 -0.995200 -1.122702 -1.122702 0.295206 0.286829 -1.298322 -1.040069 3.148170 0.967902
-0.994639 -0.994639 -1.122598 -1.122598 0.299464 0.291688 -1.300000 -1.000357 3.149251 0.965193
-1.011072 -1.011072 -1.090814 -1.090814 0.293249 0.284638 -1.284154 -1.017925 3.147562 0.962673
-1.013573 -1.013573 -1.103570 -1.103570 0.286685 0.286654 -1.292222 -1.028391 3.148268 0.970478
-1.012427 -1.012427 -1.106768 -1.106768 0.291961 0.299838 -1.300000 -0.946481 3.158148 0.967691
-1.015715 -1.015715 -1.045702 -1.045702 0.294968 0.290575 -1.282774 -0.998896 3.159027 0.969629
-1.016924 -1.016924 -1.038314 -1.038314 0.289990 0.265857 -1.220671 -1.037015 3.174042 0.963492
-1.008904 -1.008904 -1.010587 -1.010587 0.293593 0.276916 -1.250239 -1.049012 3.162022 0.964695
-1.007483 -1.007483 -1.009871 -1.009871 0.289205 0.278128 -1.300000 -1.076891 3.146308 0.965771
-1.010318 -1.010318 -1.010631 -1.010631 0.298540 0.299443 -1.283099 -0.948284 3.166437 0.958984
-1.010318 -1.010318 -1.010631 -1.010631 0.298988 0.301006 -1.299748 -0.971457 3.152402 0.965422
-1.005823 -1.005823 -0.998599 -0.998599 0.289095 0.278997 -1.276543 -0.996959 3.168920 0.965656
-1.005823 -1.005823 -0.998599 -0.998599 0.293581 0.292939 -1.286320 -0.952264 3.162267 0.963772
-1.004182 -1.004182 -0.999985 -0.999985 0.291313 0.271467 -1.236654 -1.016262 3.181253 0.961942
-1.005419 -1.005419 -0.983332 -0.983332 0.290491 0.285837 -1.300000 -0.956225 3.173204 0.961636
