-1.029068 -1.029068 -1.144407 -1.144407 0.288875 0.268612 -1.256900 -1.099497 3.166301 0.965613
-1.020075 -1.020075 -1.185950 -1.185950 0.301144 0.314045 -1.300000 -0.945359 3.129195 0.957853
-0.992829 -0.992829 -1.407422 -1.407422 0.298272 0.287529 -1.283800 -1.050165 3.134188 0.962566
-1.023733 -1.023733 -1.319444 -1.319444 0.294534 0.286469 -1.282465 -1.044482 3.155940 0.958822
-1.003199 -1.003199 -1.375561 -1.375561 0.309160 0.320135 -1.298966 -0.969941 3.137580 0.960841
-1.027531 -1.027531 -1.101422 -1.101422 0.300918 0.309869 -1.300000 -0.965095 3.153426 0.959283
-1.013630 -1.013630 -1.307040 -1.307040 0.298678 0.303804 -1.295188 -1.049108 3.119939 0.967197
-1.037559 -1.037559 -1.232262 -1.232262 0.295105 0.301099 -1.300000 -1.030681 3.136038 0.963963
-1.003517 -1.003517 -1.414725 -1.414725 0.303628 0.315071 -1.290726 -0.957813 3.150972 0.963974
-1.025535 -1.025535 -1.194518 -1.194518 0.291638 0.267889 -1.247421 -1.104793 3.142936 0.962143
-1.017972 -1.017972 -1.157213 -1.157213 0.296199 0.281194 -1.256639 -1.042835 3.160946 0.960503
-1.030887 -1.030887 -1.121551 -1.121551 0.296818 0.283595 -1.286817 -1.088303 3.134015 0.961715
-1.047593 -1.047593 -1.003867 -1.003867 0.301716 0.309169 -1.300000 -0.984101 3.129958 0.963603
-1.032738 -1.032738 -1.403662 -1.403662 0.294826 0.297399 -1.300000 -1.047866 3.104091 0.967542
-1.003305 -1.003305 -1.066361 -1.066361 0.292419 0.280497 -1.257436 -0.980000 3.159814 0.957981
-1.039078 -1.039078 -1.402521 -1.402521 0.293010 0.291591 -1.289201 -1.051130 3.134978 0.960485
-1.000528 -1.000528 -1.087761 -1.087761 0.291554 0.275703 -1.264831 -1.049511 3.157578 0.963544
-0.996026 -0.996026 -1.329792 -1.329792 0.298869 0.295367 -1.283082 -1.010569 3.149640 0.959580
-1.012760 -1.012760 -1.193054 -1.193054 0.295695 0.296161 -1.299955 -0.984190 3.175075 0.966973
-1.012264 -1.012264 -1.217971 -1.217971 0.297616 0.299336 -1.289813 -0.996297 3.106556 0.965424
-0.984482 -0.984482 -0.798679 -0.798679 0.301909 0.276189 -1.239152 -1.035810 3.150316 0.965170
-1.038435 -1.038435 -1.086429 -1.086429 0.279413 0.243511 -1.169488 -1.095080 3.206142 0.966490
-1.013225 -1.013225 -1.170476 -1.170476 0.298137 0.299085 -1.296014 -0.988098 3.143969 0.965191
-1.007028 -1.007028 -1.108309 -1.108309 0.294228 0.290113 -1.299158 -1.010526 3.134431 0.964245
-1.015403 -1.015403 -1.172348 -1.172348 0.304409 0.313822 -1.300000 -0.976556 3.164245 0.963380
-1.029494 -1.029494 -1.226025 -1.226025 0.289603 0.274250 -1.282557 -1.093933 3.161593 0.964720
-1.032086 -1.032086 -1.464730 -1.464730 0.284758 0.271171 -1.249116 -1.080013 3.159173 0.961434
-1.007022 -1.007022 -0.932408 -0.932408 0.295900 0.272439 -1.225610 -1.028650 3.126242 0.962701
-1.031379 -1.031379 -0.940856 -0.940856 0.298557 0.297335 -1.300000 -1.021793 3.145319 0.966236
-1.027769 -1.027769 -0.967135 -0.967135 0.296514 0.283479 -1.273338 -1.029176 3.138887 0.960379
-1.010374 -1.010374 -1.335647 -1.335647 0.289559 0.284670 -1.286013 -1.031425 3.163648 0.964450
-1.010510 -1.010510 -1.285462 -1.285462 0.302327 0.321023 -1.285096 -0.919618 3.150367 0.960563
-1.006812 -1.006812 -1.331986 -1.331986 0.297611 0.288739 -1.246095 -1.014925 3.164735 0.960917
-1.018873 -1.018873 -1.363320 -1.363320 0.292444 0.279105 -1.280119 -1.090174 3.143936 0.961784
-1.032109 -1.032109 -1.173156 -1.173156 0.298904 0.294528 -1.299967 -1.056461 3.152856 0.965020
-1.008866 -1.008866 -1.265299 -1.265299 0.293019 0.268522 -1.228171 -1.072637 3.166483 0.957861
-1.019040 -1.019040 -1.027036 -1.027036 0.299231 0.297772 -1.278440 -0.982850 3.139988 0.963312
-1.035491 -1.035491 -1.219837 -1.219837 0.294830 0.289496 -1.299262 -1.059788 3.145182 0.966239
-1.023000 -1.023000 -1.480345 -1.480345 0.285804 0.259439 -1.219512 -1.140019 3.163424 0.964632
-1.016003 -1.016003 -1.016714 -1.016714 0.294271 0.278485 -1.270106 -1.023670 3.145357 0.961063
-1.031647 -1.031647 -1.313153 -1.313153 0.298374 0.301070 -1.300000 -1.058763 3.147377 0.966279
-1.040357 -1.040357 -1.252698 -1.252698 0.297784 0.302985 -1.259460 -0.993702 3.147836 0.964704
-1.047320 -1.047320 -1.171149 -1.171149 0.289948 0.274844 -1.288148 -1.107271 3.164265 0.964295
-0.998180 -0.998180 -1.447937 -1.447937 0.302329 0.321325 -1.300000 -0.976090 3.148343 0.959512
-1.057239 -1.057239 -1.407928 -1.407928 0.300293 0.326929 -1.300000 -0.959168 3.138765 0.964765
-1.034224 -1.034224 -1.136711 -1.136711 0.299597 0.308800 -1.300000 -0.959933 3.153735 0.960402
-1.032872 -1.032872 -1.082138 -1.082138 0.289900 0.276213 -1.300000 -1.085164 3.168182 0.959023
-1.026422 -1.026422 -1.131201 -1.131201 0.297447 0.298663 -1.300000 -1.029466 3.144076 0.966883
-1.008508 -1.008508 -1.130766 -1.130766 0.299431 0.294970 -1.298549 -1.015823 3.151544 0.964199
-1.050430 -1.050430 -1.222560 -1.222560 0.295107 0.298337 -1.300000 -1.059213 3.108807 0.962169
-1.032904 -1.032904 -1.358460 -1.358460 0.300426 0.313384 -1.297630 -0.969653 3.142071 0.960870
-1.055150 -1.055150 -1.043851 -1.043851 0.284922 0.266471 -1.257732 -1.081036 3.175428 0.965865
-1.025816 -1.025816 -1.117120 -1.117120 0.287054 0.272966 -1.292643 -1.044475 3.164332 0.961548
-1.028075 -1.028075 -1.068801 -1.068801 0.294582 0.291805 -1.300000 -1.029819 3.145632 0.959071
-1.043982 -1.043982 -1.153754 -1.153754 0.295373 0.307925 -1.300000 -0.947022 3.166867 0.959965
-1.025601 -1.025601 -1.382767 -1.382767 0.290806 0.272050 -1.244648 -1.077766 3.150016 0.960925
-1.027817 -1.027817 -1.128613 -1.128613 0.300250 0.301422 -1.299994 -1.015747 3.147860 0.965595
-1.032422 -1.032422 -1.215781 -1.215781 0.289957 0.281683 -1.279257 -1.032731 3.137013 0.958109
