-1.003955 -1.003955 -0.988015 -0.988015 0.300452 0.286232 -1.250000 -0.976166 3.174385 0.963094
-1.003939 -1.003939 -0.989024 -0.989024 0.297553 0.291506 -1.292104 -1.005752 3.144624 0.963127
-0.999195 -0.999195 -0.983316 -0.983316 0.292975 0.280052 -1.275617 -1.005741 3.167613 0.964061
-0.999195 -0.999195 -0.983316 -0.983316 0.296953 0.292420 -1.297236 -0.965667 3.153520 0.961712
-1.000858 -1.000858 -0.980380 -0.980380 0.299509 0.289365 -1.276901 -1.006330 3.146674 0.960746
-1.007311 -1.007311 -0.980397 -0.980397 0.302718 0.314172 -1.300000 -0.904626 3.159291 0.963530
-1.006679 -1.006679 -0.975841 -0.975841 0.287662 0.271416 -1.273157 -1.028407 3.168805 0.965821
-1.006286 -1.006286 -0.979466 -0.979466 0.294840 0.280172 -1.281059 -1.043875 3.156186 0.967485
-1.006286 -1.006286 -0.979466 -0.979466 0.300553 0.307761 -1.294042 -0.914310 3.147779 0.961993
-1.005250 -1.005250 -0.981441 -0.981441 0.298938 0.301818 -1.290990 -0.928372 3.148832 0.961937
-1.003968 -1.003968 -0.982311 -0.982311 0.290331 0.267416 -1.232024 -1.040252 3.145024 0.960108
-1.003987 -1.003987 -1.024733 -1.024733 0.287526 0.284036 -1.299759 -0.970812 3.158681 0.965141
-1.004245 -1.004245 -1.025292 -1.025292 0.291200 0.281106 -1.273367 -0.981519 3.154833 0.962969
-1.004344 -1.004344 -1.024166 -1.024166 0.292926 0.297605 -1.296002 -0.965475 3.149613 0.966122
-1.003208 -1.003208 -1.038356 -1.038356 0.293267 0.275398 -1.275497 -1.047220 3.163618 0.964424
-1.005019 -1.005019 -1.126466 -1.126466 0.292736 0.280534 -1.268052 -0.999763 3.176538 0.962887
-1.013260 -1.013260 -1.132958 -1.132958 0.285631 0.263706 -1.247670 -1.057895 3.169199 0.962237
-1.000219 -1.000219 -1.190905 -1.190905 0.300319 0.308743 -1.300000 -0.949216 3.151656 0.962869
-1.002700 -1.002700 -1.206673 -1.206673 0.289598 0.291049 -1.297876 -0.978100 3.170269 0.967216
-1.002870 -1.002870 -1.205882 -1.205882 0.294275 0.296428 -1.300000 -0.955488 3.155777 0.957931
-0.999937 -0.999937 -1.217271 -1.217271 0.297801 0.292491 -1.262396 -0.976393 3.166620 0.958291
-0.999917 -0.999917 -1.215250 -1.215250 0.298070 0.293919 -1.297941 -0.976309 3.159851 0.964300
-0.997199 -0.997199 -1.212121 -1.212121 0.292865 0.296429 -1.299412 -0.952057 3.176574 0.967403
-0.985920 -0.985920 -1.246354 -1.246354 0.292433 0.279433 -1.262643 -1.015749 3.170439 0.962796
-0.986460 -0.986460 -1.247712 -1.247712 0.291228 0.266524 -1.229566 -1.100697 3.178894 0.957649
-0.986460 -0.986460 -1.247712 -1.247712 0.301357 0.304230 -1.286593 -0.961104 3.192234 0.964592
-0.990609 -0.990609 -1.240049 -1.240049 0.296823 0.287213 -1.272633 -1.030221 3.166050 0.960798
-0.989573 -0.989573 -1.242741 -1.242741 0.295082 0.286246 -1.296182 -1.028095 3.184075 0.967995
-0.987647 -0.987647 -1.301567 -1.301567 0.302654 0.309124 -1.283401 -0.960032 3.168038 0.966128
-0.995151 -0.995151 -1.296660 -1.296660 0.296825 0.286848 -1.258457 -1.039950 3.176290 0.956290
-1.005375 -1.005375 -1.345414 -1.345414 0.292707 0.303406 -1.300000 -0.979271 3.174106 0.961373
-0.989561 -0.989561 -1.304312 -1.304312 0.297442 0.274323 -1.248406 -1.073894 3.180754 0.956137
-0.992859 -0.992859 -1.293689 -1.293689 0.290390 0.276938 -1.273596 -1.042135 3.195662 0.961415
-0.983728 -0.983728 -1.300757 -1.300757 0.305602 0.293482 -1.293880 -1.055134 3.165162 0.959244
-0.982279 -0.982279 -1.300926 -1.300926 0.307439 0.307286 -1.300000 -1.004499 3.183072 0.966093
-0.982640 -0.982640 -1.304986 -1.304986 0.299034 0.289135 -1.286787 -1.053550 3.178227 0.959988
-0.982640 -0.982640 -1.304986 -1.304986 0.298454 0.283833 -1.281546 -1.070745 3.176338 0.963448
-0.982933 -0.982933 -1.303283 -1.303283 0.295199 0.288360 -1.299955 -1.082095 3.157479 0.963516
-0.982933 -0.982933 -1.303283 -1.303283 0.293093 0.281661 -1.288974 -1.037239 3.172256 0.958052
-0.982213 -0.982213 -1.309847 -1.309847 0.299009 0.295269 -1.284182 -0.976546 3.181440 0.957374
-0.980410 -0.980410 -1.303501 -1.303501 0.293888 0.279062 -1.290491 -1.078129 3.176309 0.966079
-0.980410 -0.980410 -1.303501 -1.303501 0.302807 0.302591 -1.289068 -0.973505 3.174386 0.965185
-0.980410 -0.980410 -1.303501 -1.303501 0.297372 0.285328 -1.255536 -1.008949 3.188914 0.961271
-0.981456 -0.981456 -1.300207 -1.300207 0.297435 0.287493 -1.282016 -1.034850 3.175610 0.966876
-0.981456 -0.981456 -1.300207 -1.300207 0.292816 0.272141 -1.256216 -1.059322 3.203441 0.965863
-0.985330 -0.985330 -1.317607 -1.317607 0.300668 0.301184 -1.284117 -0.988306 3.170476 0.963710
-0.984117 -0.984117 -1.332313 -1.332313 0.300705 0.302653 -1.299850 -0.996803 3.180291 0.964255
-0.983899 -0.983899 -1.330154 -1.330154 0.303857 0.314200 -1.300000 -0.944576 3.166910 0.957481
-0.984867 -0.984867 -1.331128 -1.331128 0.301265 0.300530 -1.288846 -0.999767 3.178048 0.961163
-0.984668 -0.984668 -1.330986 -1.330986 0.293752 0.273410 -1.262169 -1.066258 3.188963 0.960229
-0.987289 -0.987289 -1.325761 -1.325761 0.292483 0.268849 -1.238263 -1.090031 3.197134 0.965036
-0.995781 -0.995781 -1.339579 -1.339579 0.310324 0.320755 -1.300000 -0.963070 3.183512 0.962108
-0.987966 -0.987966 -1.320760 -1.320760 0.305972 0.313261 -1.300000 -1.022018 3.157559 0.963288
-0.984413 -0.984413 -1.304705 -1.304705 0.298459 0.294556 -1.270549 -0.989968 3.176457 0.961205
-0.985979 -0.985979 -1.304679 -1.304679 0.292520 0.272776 -1.240779 -1.071835 3.180814 0.962808
-1.023154 -1.023154 -1.290730 -1.290730 0.286977 0.273701 -1.285832 -1.092392 3.176287 0.967461
-1.023255 -1.023255 -1.290264 -1.290264 0.289928 0.285088 -1.273747 -1.080107 3.147957 0.959259
