-1.030172 -1.030172 -0.942266 -0.942266 0.294389 0.273751 -1.253083 -1.068464 3.130893 0.962971
-1.030408 -1.030408 -0.943493 -0.943493 0.298562 0.295170 -1.299833 -1.022068 3.119536 0.962957
-1.029624 -1.029624 -0.945359 -0.945359 0.295796 0.278208 -1.262695 -1.053493 3.127436 0.962086
-1.027274 -1.027274 -0.957873 -0.957873 0.290676 0.266354 -1.232679 -1.066770 3.143543 0.964827
-1.024770 -1.024770 -0.969832 -0.969832 0.294131 0.266360 -1.234150 -1.077734 3.149481 0.963671
-1.024527 -1.024527 -0.969811 -0.969811 0.304313 0.301751 -1.288069 -0.986778 3.127640 0.961589
-1.024527 -1.024527 -0.969811 -0.969811 0.293723 0.263489 -1.225155 -1.111971 3.155638 0.967250
-1.025024 -1.025024 -0.969005 -0.969005 0.298682 0.286274 -1.279301 -1.030766 3.126485 0.962479
-1.025230 -1.025230 -0.969843 -0.969843 0.287677 0.262745 -1.254665 -1.072117 3.136171 0.963550
-1.023760 -1.023760 -0.977764 -0.977764 0.295210 0.284213 -1.261018 -1.003066 3.129386 0.958942
-1.023760 -1.023760 -0.977764 -0.977764 0.291972 0.275744 -1.261766 -1.029966 3.144068 0.966257
-1.023760 -1.023760 -0.977764 -0.977764 0.296846 0.290031 -1.274307 -0.969801 3.140890 0.962355
-1.020216 -1.020216 -0.981084 -0.981084 0.298775 0.296224 -1.300000 -1.026221 3.118527 0.965796
-1.020216 -1.020216 -0.981084 -0.981084 0.299740 0.291348 -1.270697 -1.038242 3.131961 0.964465
-1.020216 -1.020216 -0.981084 -0.981084 0.294060 0.279576 -1.298574 -1.076554 3.135023 0.968324
-1.018643 -1.018643 -0.990136 -0.990136 0.296261 0.282072 -1.286112 -1.044786 3.133172 0.964913
-1.018823 -1.018823 -0.988834 -0.988834 0.300528 0.284244 -1.257716 -1.023906 3.124842 0.964611
-1.021132 -1.021132 -0.990702 -0.990702 0.293582 0.259974 -1.180979 -1.080062 3.136889 0.960678
-1.021132 -1.021132 -0.990702 -0.990702 0.290887 0.264894 -1.242536 -1.057599 3.148729 0.965117
-1.024355 -1.024355 -0.974011 -0.974011 0.292496 0.286636 -1.291160 -1.013623 3.130414 0.966496
-1.023311 -1.023311 -0.951464 -0.951464 0.295150 0.290491 -1.300000 -1.012653 3.111521 0.959994
-1.022109 -1.022109 -0.918088 -0.918088 0.297087 0.283765 -1.285205 -1.017617 3.130044 0.962750
-1.024133 -1.024133 -0.916326 -0.916326 0.291596 0.263057 -1.245015 -1.062356 3.145297 0.963841
-1.024042 -1.024042 -0.917849 -0.917849 0.299680 0.294229 -1.300000 -1.007273 3.132217 0.962608
-1.024042 -1.024042 -0.917849 -0.917849 0.301505 0.309045 -1.300000 -0.957006 3.128526 0.960292
-1.030297 -1.030297 -0.916551 -0.916551 0.289835 0.278049 -1.299450 -1.039076 3.142463 0.967601
-1.023086 -1.023086 -0.928870 -0.928870 0.298475 0.289370 -1.275095 -0.984316 3.138172 0.960774
-1.025195 -1.025195 -0.924959 -0.924959 0.291786 0.256859 -1.184290 -1.069917 3.155405 0.962096
-1.025192 -1.025192 -0.924962 -0.924962 0.295640 0.281272 -1.262512 -1.039845 3.134221 0.965824
-1.025198 -1.025198 -0.925162 -0.925162 0.293352 0.282984 -1.300000 -1.014075 3.120505 0.961594
-1.026018 -1.026018 -0.924233 -0.924233 0.300817 0.298133 -1.300000 -0.980072 3.122139 0.963361
-1.017406 -1.017406 -0.922035 -0.922035 0.295871 0.289353 -1.299274 -0.994893 3.136116 0.965996
-1.018476 -1.018476 -0.923301 -0.923301 0.300403 0.304462 -1.291359 -0.926000 3.145373 0.962109
-1.019696 -1.019696 -0.917093 -0.917093 0.304037 0.308822 -1.269875 -0.925801 3.139352 0.961645
-1.020009 -1.020009 -0.915445 -0.915445 0.296113 0.282503 -1.259113 -0.986715 3.138005 0.957638
-1.020009 -1.020009 -0.915445 -0.915445 0.294014 0.280144 -1.289061 -1.028942 3.127669 0.967460
-1.023190 -1.023190 -0.909392 -0.909392 0.292094 0.279255 -1.274297 -1.017053 3.137358 0.963730
-1.013005 -1.013005 -0.979473 -0.979473 0.293917 0.274915 -1.268070 -1.042314 3.135116 0.960766
-1.029420 -1.029420 -0.993646 -0.993646 0.304692 0.297763 -1.274529 -1.014896 3.125541 0.962543
-1.029420 -1.029420 -0.993646 -0.993646 0.302420 0.303003 -1.298931 -0.995738 3.133318 0.961185
-1.029420 -1.029420 -0.993646 -0.993646 0.306584 0.313029 -1.298099 -0.971259 3.124625 0.964696
-1.028109 -1.028109 -0.994981 -0.994981 0.300865 0.302912 -1.300000 -0.972902 3.135329 0.963310
-1.028131 -1.028131 -1.001480 -1.001480 0.294818 0.296376 -1.300000 -0.994834 3.127209 0.962988
-1.024934 -1.024934 -1.006790 -1.006790 0.296528 0.280609 -1.269191 -1.042930 3.132166 0.961642
-1.024358 -1.024358 -0.997395 -0.997395 0.300496 0.285844 -1.265039 -1.052174 3.130444 0.962252
-1.022891 -1.022891 -0.995196 -0.995196 0.300783 0.286791 -1.267301 -1.043492 3.136101 0.960329
-1.017468 -1.017468 -1.052905 -1.052905 0.297399 0.297115 -1.294148 -0.986138 3.137446 0.961287
-1.016654 -1.016654 -1.047286 -1.047286 0.297591 0.278204 -1.241885 -1.018143 3.158274 0.964212
-1.016654 -1.016654 -1.047286 -1.047286 0.296671 0.290024 -1.290176 -1.029598 3.138661 0.963187
-1.003766 -1.003766 -1.080795 -1.080795 0.297933 0.304798 -1.300000 -0.982994 3.135461 0.963224
-1.003569 -1.003569 -1.083814 -1.083814 0.299059 0.296637 -1.300000 -0.989664 3.145112 0.963579
-1.005073 -1.005073 -1.081539 -1.081539 0.296102 0.275969 -1.248341 -1.025111 3.150756 0.960914
-1.005642 -1.005642 -1.082778 -1.082778 0.297111 0.282265 -1.256144 -1.052197 3.126036 0.962620
-1.006414 -1.006414 -1.080712 -1.080712 0.296162 0.268116 -1.237487 -1.129409 3.149620 0.962106
-1.006414 -1.006414 -1.080712 -1.080712 0.306928 0.317240 -1.295910 -0.944063 3.135693 0.963257
-1.008284 -1.008284 -1.081588 -1.081588 0.301383 0.293220 -1.282446 -1.009061 3.154347 0.963448
-1.011328 -1.011328 -1.074591 -1.074591 0.301393 0.297086 -1.294992 -1.017360 3.138124 0.962758
-1.018205 -1.018205 -1.045159 -1.045159 0.305831 0.308974 -1.299353 -0.980686 3.139592 0.959723
