-1.018689 -1.018689 -0.981105 -0.981105 0.293552 0.288636 -1.299704 -1.001684 3.152162 0.958604
-1.004921 -1.004921 -1.210533 -1.210533 0.294725 0.288133 -1.299868 -1.063932 3.115198 0.959516
-1.038363 -1.038363 -1.107924 -1.107924 0.288047 0.287553 -1.295085 -1.004758 3.154100 0.962993
-1.021999 -1.021999 -1.650029 -1.650029 0.299873 0.310449 -1.274807 -0.993852 3.163672 0.959537
-0.930262 -0.930262 -0.738328 -0.738328 0.303349 0.284327 -1.300000 -0.915167 3.169554 0.960853
-0.946360 -0.946360 -0.764407 -0.764407 0.309302 0.292739 -1.285158 -0.949063 3.153831 0.963586
-0.969727 -0.969727 -0.785116 -0.785116 0.289233 0.258761 -1.237306 -0.984119 3.171997 0.962652
-0.971326 -0.971326 -0.757081 -0.757081 0.294511 0.279190 -1.296291 -0.943548 3.164810 0.966139
-0.971832 -0.971832 -0.779176 -0.779176 0.292172 0.277827 -1.299825 -0.938816 3.158331 0.962962
-0.966876 -0.966876 -0.823883 -0.823883 0.293908 0.258399 -1.243650 -1.079669 3.154800 0.964390
-0.966031 -0.966031 -0.825382 -0.825382 0.301501 0.292957 -1.300000 -0.954779 3.152905 0.963571
-1.011069 -1.011069 -0.865810 -0.865810 0.298885 0.297616 -1.297992 -0.961180 3.138240 0.962818
-1.011705 -1.011705 -0.879775 -0.879775 0.297889 0.283050 -1.276502 -1.003551 3.145975 0.969511
-1.020901 -1.020901 -0.877020 -0.877020 0.291939 0.279679 -1.282220 -0.983080 3.152501 0.966804
-1.021462 -1.021462 -0.877499 -0.877499 0.296955 0.282124 -1.246512 -0.971806 3.153093 0.959043
-1.010973 -1.010973 -0.885287 -0.885287 0.296816 0.276160 -1.251133 -1.011324 3.146273 0.965529
-1.012628 -1.012628 -0.881985 -0.881985 0.298819 0.299074 -1.295842 -0.943449 3.133485 0.964389
-1.012628 -1.012628 -0.881985 -0.881985 0.293457 0.273123 -1.240675 -1.033969 3.148262 0.967333
-1.019370 -1.019370 -0.861770 -0.861770 0.304687 0.335044 -1.299892 -0.802605 3.161173 0.965030
-1.019173 -1.019173 -0.858595 -0.858595 0.289868 0.267561 -1.249559 -1.009690 3.174926 0.960532
-1.019173 -1.019173 -0.858595 -0.858595 0.292771 0.279408 -1.285870 -1.032248 3.147615 0.965359
-1.019409 -1.019409 -0.856465 -0.856465 0.292301 0.288327 -1.299741 -0.963060 3.152280 0.960760
-1.020416 -1.020416 -0.866882 -0.866882 0.296949 0.293181 -1.287111 -0.960208 3.149067 0.961126
-1.019844 -1.019844 -0.865911 -0.865911 0.297174 0.296631 -1.299052 -0.951833 3.153956 0.962628
-1.019431 -1.019431 -0.864743 -0.864743 0.296625 0.289742 -1.293836 -0.988909 3.144134 0.967235
-1.017041 -1.017041 -0.873683 -0.873683 0.290150 0.277860 -1.294431 -1.025354 3.146638 0.968306
-1.020265 -1.020265 -0.932144 -0.932144 0.295788 0.276582 -1.254348 -1.045129 3.147589 0.964470
-1.017672 -1.017672 -0.938492 -0.938492 0.299134 0.297987 -1.299935 -1.000602 3.146285 0.964773
-1.021958 -1.021958 -0.938417 -0.938417 0.290877 0.278862 -1.282752 -1.000589 3.171046 0.963971
-1.019131 -1.019131 -0.952153 -0.952153 0.301279 0.295369 -1.282060 -1.018846 3.148381 0.964006
-1.018126 -1.018126 -0.960448 -0.960448 0.307917 0.310685 -1.284827 -0.961757 3.139944 0.958941
-1.018182 -1.018182 -0.957244 -0.957244 0.305516 0.314332 -1.300000 -0.930191 3.146099 0.961300
-1.012827 -1.012827 -0.965821 -0.965821 0.301561 0.292553 -1.270171 -0.996227 3.153019 0.964502
-1.013025 -1.013025 -0.967408 -0.967408 0.297769 0.278119 -1.237361 -1.005153 3.166753 0.958771
-1.017102 -1.017102 -0.957711 -0.957711 0.286057 0.265639 -1.252418 -1.026718 3.179640 0.963440
-1.013062 -1.013062 -0.948053 -0.948053 0.292084 0.270591 -1.277165 -1.094217 3.152045 0.965887
-1.011171 -1.011171 -0.963218 -0.963218 0.296707 0.282444 -1.290611 -1.069948 3.151231 0.970086
-1.012615 -1.012615 -0.964075 -0.964075 0.298192 0.295945 -1.299938 -0.962227 3.161267 0.963821
-1.012263 -1.012263 -0.963431 -0.963431 0.294651 0.285887 -1.294234 -0.994892 3.157856 0.962879
-1.011942 -1.011942 -0.958981 -0.958981 0.293138 0.282325 -1.287731 -1.016475 3.166275 0.967204
-1.011942 -1.011942 -0.958981 -0.958981 0.295634 0.296841 -1.300000 -0.919907 3.183969 0.962700
-1.010437 -1.010437 -0.981503 -0.981503 0.288710 0.283640 -1.299968 -0.967716 3.164382 0.962042
-1.010450 -1.010450 -0.978349 -0.978349 0.304052 0.322843 -1.299808 -0.904136 3.158486 0.969100
-1.010450 -1.010450 -0.978349 -0.978349 0.292865 0.275634 -1.258985 -1.032997 3.160913 0.963902
-1.009943 -1.009943 -0.976733 -0.976733 0.296101 0.288904 -1.300000 -0.992906 3.160885 0.966481
-1.010180 -1.010180 -0.976893 -0.976893 0.290496 0.259525 -1.217267 -1.048978 3.183346 0.963316
-1.011578 -1.011578 -0.982240 -0.982240 0.296168 0.287721 -1.267628 -0.984603 3.156531 0.958171
-1.008444 -1.008444 -0.982345 -0.982345 0.291243 0.274548 -1.238052 -0.989911 3.175322 0.961919
-1.009369 -1.009369 -0.977319 -0.977319 0.295989 0.281908 -1.250098 -1.009354 3.153013 0.958861
-1.008803 -1.008803 -0.975994 -0.975994 0.303182 0.310672 -1.300000 -0.931449 3.164792 0.963102
-1.013817 -1.013817 -0.982878 -0.982878 0.294889 0.279228 -1.295360 -1.073984 3.147840 0.962445
-1.011222 -1.011222 -1.002732 -1.002732 0.300655 0.300604 -1.299646 -0.965343 3.166213 0.963600
-1.011222 -1.011222 -1.002732 -1.002732 0.294310 0.274937 -1.262022 -1.076510 3.151840 0.962229
-1.011222 -1.011222 -1.002732 -1.002732 0.293219 0.257376 -1.193051 -1.073411 3.203270 0.964206
-1.011599 -1.011599 -1.008679 -1.008679 0.288650 0.263752 -1.228460 -1.049187 3.192720 0.962726
-1.022271 -1.022271 -1.006771 -1.006771 0.296760 0.297051 -1.298175 -0.976017 3.162138 0.961988
-1.048516 -1.048516 -1.000136 -1.000136 0.296505 0.299705 -1.283656 -0.979028 3.163510 0.963086
