-1.055100 -1.055100 -1.121292 -1.121292 0.301415 0.308249 -1.288760 -1.003205 3.143130 0.965114
-1.034153 -1.034153 -1.321722 -1.321722 0.296824 0.294131 -1.286007 -1.055557 3.166981 0.966846
-1.043459 -1.043459 -1.378118 -1.378118 0.295755 0.312241 -1.269817 -0.962748 3.148818 0.963800
-1.044005 -1.044005 -1.480406 -1.480406 0.296309 0.290735 -1.268897 -1.087451 3.144242 0.959916
-1.037848 -1.037848 -1.190103 -1.190103 0.295104 0.277629 -1.247828 -1.082958 3.166367 0.960713
-0.997894 -0.997894 -1.350752 -1.350752 0.288627 0.275041 -1.263263 -1.022228 3.178014 0.964332
-1.012835 -1.012835 -1.090927 -1.090927 0.300757 0.294791 -1.288784 -1.025054 3.141517 0.962642
-1.023789 -1.023789 -1.254944 -1.254944 0.302856 0.321908 -1.300000 -0.947953 3.157461 0.968872
-1.066323 -1.066323 -1.261880 -1.261880 0.295342 0.299497 -1.284027 -1.048315 3.145850 0.966079
-1.018283 -1.018283 -0.987042 -0.987042 0.300171 0.278849 -1.245787 -1.058194 3.182512 0.961971
-1.011579 -1.011579 -1.056193 -1.056193 0.292053 0.273658 -1.259854 -1.061209 3.166831 0.965587
-1.034180 -1.034180 -1.050558 -1.050558 0.291850 0.273517 -1.274910 -1.104470 3.161147 0.964728
-0.998474 -0.998474 -1.009356 -1.009356 0.295308 0.286637 -1.299780 -0.980208 3.138637 0.968350
-0.989522 -0.989522 -1.050638 -1.050638 0.296626 0.267205 -1.228119 -1.057544 3.180040 0.964183
-1.026669 -1.026669 -1.146654 -1.146654 0.298109 0.293569 -1.281404 -1.026600 3.150100 0.959218
-1.016027 -1.016027 -1.087636 -1.087636 0.288006 0.263373 -1.235868 -1.070694 3.150714 0.962093
-1.005609 -1.005609 -1.433604 -1.433604 0.302363 0.296795 -1.300000 -1.074116 3.157131 0.966259
-1.017562 -1.017562 -1.668976 -1.668976 0.296659 0.296278 -1.282244 -1.042459 3.154793 0.961452
-1.038454 -1.038454 -1.175636 -1.175636 0.294974 0.294251 -1.295775 -1.039932 3.138606 0.962022
-1.056207 -1.056207 -1.278546 -1.278546 0.288968 0.284481 -1.285823 -1.054560 3.158282 0.962075
-0.985830 -0.985830 -1.330470 -1.330470 0.297459 0.289411 -1.297623 -1.041389 3.154003 0.965611
-1.006003 -1.006003 -1.209411 -1.209411 0.293893 0.298409 -1.286935 -0.964068 3.167414 0.961368
-1.042490 -1.042490 -0.785110 -0.785110 0.297673 0.278630 -1.258789 -1.041401 3.160402 0.961706
-1.029885 -1.029885 -1.323426 -1.323426 0.303706 0.328623 -1.298191 -0.916818 3.158935 0.964199
-1.026947 -1.026947 -1.027205 -1.027205 0.294969 0.287354 -1.289945 -1.035789 3.146921 0.965639
-1.015492 -1.015492 -1.051318 -1.051318 0.290779 0.272566 -1.269476 -1.083752 3.155148 0.966136
-1.014476 -1.014476 -1.457463 -1.457463 0.296818 0.300388 -1.299848 -1.011109 3.140457 0.963546
-1.023836 -1.023836 -1.192575 -1.192575 0.297456 0.304778 -1.300000 -1.001194 3.150232 0.968453
-1.016092 -1.016092 -1.347388 -1.347388 0.300412 0.302457 -1.276057 -1.010384 3.159874 0.960930
-1.020735 -1.020735 -1.209127 -1.209127 0.296924 0.276268 -1.252552 -1.123600 3.151979 0.961827
-1.040139 -1.040139 -1.483322 -1.483322 0.296059 0.303949 -1.299884 -1.032255 3.118068 0.959811
-1.011163 -1.011163 -1.459832 -1.459832 0.291951 0.279911 -1.277475 -1.097694 3.152303 0.966455
-1.009513 -1.009513 -1.243847 -1.243847 0.285548 0.256860 -1.231980 -1.108028 3.157124 0.961016
-1.007733 -1.007733 -1.308945 -1.308945 0.300251 0.295471 -1.292467 -1.041230 3.148099 0.962417
-1.009142 -1.009142 -1.266142 -1.266142 0.302388 0.301797 -1.278013 -1.011766 3.156624 0.964503
-0.998384 -0.998384 -1.286748 -1.286748 0.293666 0.275239 -1.270643 -1.089794 3.147636 0.959467
-1.006387 -1.006387 -1.300872 -1.300872 0.302431 0.312331 -1.300000 -0.973417 3.147575 0.958923
-1.048629 -1.048629 -1.170429 -1.170429 0.289014 0.265373 -1.235122 -1.114190 3.161893 0.962638
-1.033279 -1.033279 -1.404919 -1.404919 0.290241 0.266116 -1.242573 -1.133960 3.156173 0.960649
-1.033899 -1.033899 -1.155737 -1.155737 0.297347 0.302855 -1.300000 -1.006694 3.152816 0.965547
-1.019092 -1.019092 -1.192297 -1.192297 0.292426 0.286967 -1.300000 -1.023712 3.179415 0.960806
-1.024232 -1.024232 -1.516973 -1.516973 0.300599 0.338638 -1.275687 -0.853818 3.154334 0.960540
-1.031892 -1.031892 -1.084787 -1.084787 0.293459 0.281149 -1.278206 -1.028934 3.171283 0.961132
-1.033358 -1.033358 -0.949036 -0.949036 0.286876 0.256851 -1.231033 -1.091609 3.163533 0.965763
-1.013843 -1.013843 -1.318224 -1.318224 0.295602 0.292062 -1.300000 -1.023341 3.157270 0.965616
-1.060215 -1.060215 -1.243887 -1.243887 0.290349 0.280401 -1.297567 -1.105978 3.133562 0.963964
-0.993294 -0.993294 -1.190253 -1.190253 0.295995 0.281608 -1.257181 -1.027633 3.138630 0.962938
-1.010514 -1.010514 -1.161811 -1.161811 0.295052 0.292585 -1.288656 -1.027814 3.116600 0.958023
-1.017283 -1.017283 -1.222013 -1.222013 0.297616 0.298804 -1.297583 -1.003954 3.169842 0.964453
-1.039928 -1.039928 -0.991416 -0.991416 0.298593 0.290905 -1.296267 -1.043295 3.144008 0.964092
-1.015411 -1.015411 -1.152960 -1.152960 0.298543 0.294635 -1.295823 -1.003962 3.159169 0.959073
-1.029829 -1.029829 -1.321843 -1.321843 0.294553 0.304636 -1.300000 -1.026236 3.137455 0.970103
-1.026562 -1.026562 -1.586912 -1.586912 0.299347 0.323008 -1.284932 -0.935415 3.166853 0.963710
-1.019686 -1.019686 -1.156499 -1.156499 0.295291 0.287109 -1.280718 -1.048435 3.151103 0.966691
-1.045533 -1.045533 -1.676702 -1.676702 0.288426 0.288813 -1.275073 -1.060832 3.160752 0.964425
-1.009545 -1.009545 -1.216155 -1.216155 0.294198 0.292929 -1.299748 -1.001671 3.147665 0.966673
-1.004406 -1.004406 -1.252409 -1.252409 0.297194 0.282040 -1.273234 -1.058005 3.169501 0.965030
