-1.009810 -1.009810 -1.095946 -1.095946 0.302772 0.297439 -1.294393 -1.051855 3.135183 0.966344
-1.006142 -1.006142 -1.084681 -1.084681 0.300272 0.292681 -1.289436 -1.025797 3.138779 0.963182
-1.004904 -1.004904 -1.078640 -1.078640 0.304840 0.302780 -1.287211 -0.992807 3.141480 0.961209
-1.004667 -1.004667 -1.077200 -1.077200 0.302518 0.287894 -1.262371 -1.078229 3.136688 0.957959
-1.001740 -1.001740 -1.082747 -1.082747 0.303170 0.291824 -1.281601 -1.021125 3.140369 0.961027
-1.001480 -1.001480 -1.078480 -1.078480 0.288574 0.276392 -1.300000 -1.043845 3.141674 0.964590
-1.011113 -1.011113 -1.088150 -1.088150 0.304918 0.316708 -1.300000 -0.927978 3.132549 0.962063
-1.009329 -1.009329 -1.085288 -1.085288 0.297206 0.300074 -1.300000 -0.981993 3.127845 0.954947
-1.009329 -1.009329 -1.085417 -1.085417 0.294767 0.277096 -1.271937 -1.050413 3.150719 0.962479
-1.009329 -1.009329 -1.085417 -1.085417 0.299604 0.282375 -1.253468 -1.048988 3.158000 0.962870
-1.009329 -1.009329 -1.085417 -1.085417 0.304782 0.311457 -1.298581 -0.969767 3.148557 0.962994
-1.009133 -1.009133 -1.086855 -1.086855 0.294834 0.273914 -1.243172 -1.064975 3.163130 0.964265
-1.009133 -1.009133 -1.086855 -1.086855 0.295998 0.281013 -1.281794 -1.044650 3.162821 0.961244
-1.017180 -1.017180 -1.086744 -1.086744 0.294670 0.271533 -1.246958 -1.076992 3.160589 0.962862
-1.017180 -1.017180 -1.086744 -1.086744 0.297034 0.274265 -1.233046 -1.096400 3.146743 0.960295
-1.022510 -1.022510 -1.081304 -1.081304 0.291566 0.268330 -1.248238 -1.080089 3.156955 0.958897
-1.020329 -1.020329 -1.081871 -1.081871 0.290803 0.272105 -1.281766 -1.095353 3.152205 0.966243
-1.020277 -1.020277 -1.080409 -1.080409 0.297332 0.295755 -1.300000 -1.012492 3.140389 0.964355
-1.020277 -1.020277 -1.080409 -1.080409 0.295161 0.293580 -1.300000 -1.001098 3.145585 0.958935
-1.020496 -1.020496 -1.079019 -1.079019 0.290182 0.269249 -1.262488 -1.077653 3.153390 0.960412
-1.020496 -1.020496 -1.079019 -1.079019 0.295570 0.273711 -1.234822 -1.047698 3.162733 0.959903
-1.020382 -1.020382 -1.076364 -1.076364 0.296940 0.285455 -1.291527 -1.050556 3.153249 0.966309
-1.020382 -1.020382 -1.076364 -1.076364 0.296088 0.273097 -1.250158 -1.064932 3.167170 0.965064
-1.022050 -1.022050 -1.086994 -1.086994 0.295223 0.276125 -1.257178 -1.075684 3.148897 0.962656
-1.022050 -1.022050 -1.086994 -1.086994 0.292841 0.270249 -1.251993 -1.098051 3.153177 0.960777
-1.023040 -1.023040 -1.079238 -1.079238 0.291697 0.263182 -1.228386 -1.096576 3.174557 0.966836
-1.023608 -1.023608 -1.080507 -1.080507 0.294938 0.293094 -1.300000 -0.985726 3.165991 0.963420
-1.027552 -1.027552 -1.012164 -1.012164 0.306066 0.321513 -1.298561 -0.935453 3.140986 0.959534
-1.034207 -1.034207 -1.018811 -1.018811 0.285187 0.263308 -1.246812 -1.089191 3.154533 0.963379
-1.033420 -1.033420 -1.008428 -1.008428 0.303228 0.324638 -1.300000 -0.899702 3.145237 0.962422
-1.033999 -1.033999 -0.991732 -0.991732 0.292736 0.289547 -1.300000 -1.007011 3.154746 0.965933
-1.033603 -1.033603 -0.992181 -0.992181 0.298410 0.300631 -1.299961 -0.975938 3.149108 0.962298
-1.033603 -1.033603 -0.992181 -0.992181 0.301076 0.295251 -1.270385 -1.017183 3.147694 0.964758
-1.034740 -1.034740 -0.976366 -0.976366 0.294556 0.289669 -1.296556 -1.027465 3.143397 0.967738
-1.034740 -1.034740 -0.976366 -0.976366 0.294396 0.289363 -1.290967 -1.002947 3.145769 0.962643
-1.033449 -1.033449 -0.976433 -0.976433 0.299202 0.300625 -1.292614 -0.986599 3.139781 0.964347
-1.033497 -1.033497 -0.976842 -0.976842 0.295411 0.288185 -1.300000 -1.012451 3.148873 0.966267
-1.034410 -1.034410 -0.971168 -0.971168 0.298738 0.299753 -1.300000 -1.007093 3.131360 0.963845
-1.035145 -1.035145 -1.005854 -1.005854 0.292247 0.287649 -1.294783 -1.002911 3.146237 0.963021
-1.035483 -1.035483 -1.020534 -1.020534 0.299611 0.301054 -1.300000 -1.022414 3.124750 0.963189
-1.034982 -1.034982 -1.019743 -1.019743 0.299717 0.304133 -1.286644 -0.979619 3.134180 0.961152
-1.033991 -1.033991 -1.021589 -1.021589 0.294893 0.274664 -1.236719 -1.058464 3.156737 0.964973
-1.035351 -1.035351 -1.020714 -1.020714 0.297790 0.292188 -1.283905 -0.996832 3.153468 0.963506
-1.037967 -1.037967 -1.031663 -1.031663 0.290787 0.273006 -1.248415 -1.050025 3.159206 0.963134
-1.037694 -1.037694 -1.027672 -1.027672 0.288925 0.275297 -1.290135 -1.105872 3.138524 0.967797
-1.038035 -1.038035 -1.033296 -1.033296 0.283224 0.268893 -1.272125 -1.103234 3.147162 0.969451
-1.039200 -1.039200 -1.033582 -1.033582 0.283845 0.276198 -1.284930 -0.999647 3.159833 0.962520
-1.032231 -1.032231 -1.025877 -1.025877 0.294315 0.294405 -1.299916 -1.022863 3.132100 0.966870
-1.032235 -1.032235 -1.025825 -1.025825 0.296209 0.301989 -1.300000 -1.005703 3.116344 0.960806
-1.032862 -1.032862 -1.011363 -1.011363 0.290282 0.278707 -1.282809 -1.037623 3.140446 0.963644
-1.032862 -1.032862 -1.011363 -1.011363 0.291124 0.282884 -1.299969 -1.057669 3.143140 0.967042
-1.032862 -1.032862 -1.011363 -1.011363 0.293561 0.288703 -1.299894 -1.026227 3.144729 0.964023
-1.031705 -1.031705 -1.008470 -1.008470 0.295543 0.297612 -1.300000 -0.965342 3.156463 0.958876
-1.028979 -1.028979 -1.008190 -1.008190 0.292309 0.278200 -1.300000 -1.098712 3.126615 0.960565
-1.022597 -1.022597 -1.405089 -1.405089 0.307405 0.327407 -1.276634 -0.942843 3.150577 0.962567
-1.006076 -1.006076 -1.446446 -1.446446 0.297871 0.288091 -1.283533 -1.086555 3.147758 0.963862
-1.021858 -1.021858 -1.377392 -1.377392 0.299406 0.315576 -1.282161 -0.962959 3.156024 0.960403
