-1.011894 -1.011894 -0.975503 -0.975503 0.291992 0.260295 -1.199661 -1.058986 3.155136 0.959681
-1.003053 -1.003053 -1.101411 -1.101411 0.289968 0.280664 -1.277826 -1.013306 3.161356 0.963291
-1.008954 -1.008954 -1.217588 -1.217588 0.305756 0.313088 -1.299949 -0.978478 3.163390 0.962238
-1.013463 -1.013463 -1.092281 -1.092281 0.296196 0.288900 -1.284375 -1.020589 3.140265 0.962240
-0.997204 -0.997204 -1.083242 -1.083242 0.313115 0.335959 -1.299181 -0.867843 3.162766 0.963179
-1.015233 -1.015233 -0.890851 -0.890851 0.306613 0.303410 -1.275289 -0.961391 3.149657 0.961706
-1.057218 -1.057218 -1.432807 -1.432807 0.300801 0.311547 -1.278481 -1.001676 3.147566 0.965985
-1.016624 -1.016624 -0.900250 -0.900250 0.292212 0.280369 -1.273862 -0.988194 3.126726 0.962970
-1.020021 -1.020021 -1.151075 -1.151075 0.286776 0.287503 -1.300000 -1.022907 3.141601 0.967591
-1.021527 -1.021527 -0.851446 -0.851446 0.293046 0.278591 -1.291658 -1.021372 3.136433 0.959028
-1.021733 -1.021733 -1.362595 -1.362595 0.294519 0.294023 -1.300000 -1.031270 3.144169 0.961328
-1.032946 -1.032946 -1.254361 -1.254361 0.297801 0.307899 -1.300000 -0.986239 3.138506 0.963545
-0.999565 -0.999565 -1.149321 -1.149321 0.297406 0.287821 -1.270834 -1.017793 3.147338 0.963224
-1.018331 -1.018331 -1.168149 -1.168149 0.294226 0.291946 -1.289767 -0.982444 3.160238 0.964455
-1.016568 -1.016568 -1.202829 -1.202829 0.282516 0.262455 -1.257240 -1.093325 3.158868 0.970165
-1.025443 -1.025443 -1.151514 -1.151514 0.295989 0.300664 -1.300000 -1.001238 3.133367 0.963284
-1.002703 -1.002703 -1.019127 -1.019127 0.287499 0.277086 -1.300000 -1.049443 3.138087 0.970478
-1.024745 -1.024745 -1.569872 -1.569872 0.302322 0.337246 -1.270471 -0.874560 3.135942 0.954465
-1.013369 -1.013369 -1.170013 -1.170013 0.296965 0.288579 -1.290071 -1.048755 3.134011 0.966272
-0.994361 -0.994361 -0.877750 -0.877750 0.297252 0.279887 -1.300000 -1.036449 3.159338 0.967625
-1.011705 -1.011705 -1.240705 -1.240705 0.297797 0.306825 -1.300000 -0.970445 3.143381 0.961905
-1.044260 -1.044260 -1.346783 -1.346783 0.285099 0.273850 -1.253327 -1.058537 3.158405 0.964043
-1.008217 -1.008217 -1.309815 -1.309815 0.292143 0.288654 -1.295620 -1.054466 3.142013 0.962757
-1.024876 -1.024876 -0.967458 -0.967458 0.289802 0.275081 -1.249136 -1.027455 3.166156 0.963981
-1.043930 -1.043930 -1.339565 -1.339565 0.303242 0.325859 -1.297494 -0.943682 3.158882 0.965029
-1.015042 -1.015042 -1.149004 -1.149004 0.298349 0.301175 -1.285142 -0.983107 3.134277 0.962584
-0.960694 -0.960694 -0.794753 -0.794753 0.321578 0.307473 -1.292085 -0.976225 3.159526 0.959279
-1.038328 -1.038328 -0.726707 -0.726707 0.297266 0.286441 -1.299920 -0.998710 3.162832 0.964261
-1.039918 -1.039918 -0.721238 -0.721238 0.294690 0.289143 -1.300000 -0.969590 3.142204 0.961471
-1.039138 -1.039138 -0.777382 -0.777382 0.293655 0.281747 -1.285723 -1.017844 3.144124 0.966612
-1.039752 -1.039752 -0.777057 -0.777057 0.289460 0.262696 -1.222449 -1.012839 3.180485 0.960551
-1.031950 -1.031950 -0.802629 -0.802629 0.292280 0.277515 -1.269299 -1.015443 3.149596 0.962839
-1.030819 -1.030819 -0.802122 -0.802122 0.286695 0.259627 -1.252895 -1.059740 3.157101 0.960205
-1.030905 -1.030905 -0.801852 -0.801852 0.289154 0.255075 -1.214085 -1.076831 3.173643 0.965759
-1.027267 -1.027267 -0.789849 -0.789849 0.300004 0.288554 -1.269482 -1.002770 3.148836 0.963405
-1.025753 -1.025753 -0.787411 -0.787411 0.292634 0.282736 -1.290633 -0.981337 3.161931 0.962037
-1.031192 -1.031192 -0.801148 -0.801148 0.293109 0.270522 -1.248469 -1.028519 3.161108 0.961321
-1.031653 -1.031653 -0.801961 -0.801961 0.295536 0.282701 -1.295360 -1.014861 3.156577 0.967672
-1.027022 -1.027022 -0.820703 -0.820703 0.305537 0.293416 -1.264666 -1.016308 3.136401 0.961775
-1.038106 -1.038106 -0.784801 -0.784801 0.302910 0.284802 -1.252294 -1.044147 3.144163 0.961967
-1.038106 -1.038106 -0.784801 -0.784801 0.303754 0.297156 -1.300000 -1.027351 3.129973 0.965983
-1.037872 -1.037872 -0.776745 -0.776745 0.289915 0.254208 -1.209409 -1.073563 3.166233 0.961169
-1.037204 -1.037204 -0.776626 -0.776626 0.301175 0.296210 -1.290634 -0.990400 3.132049 0.963212
-1.037631 -1.037631 -0.783561 -0.783561 0.294130 0.288305 -1.285283 -0.976801 3.151943 0.965776
-1.041600 -1.041600 -0.775089 -0.775089 0.297336 0.293960 -1.300000 -0.977269 3.140681 0.962760
-1.044347 -1.044347 -0.783092 -0.783092 0.290305 0.262922 -1.218343 -1.060753 3.166544 0.966697
-1.044705 -1.044705 -0.783300 -0.783300 0.289754 0.275053 -1.274189 -1.031157 3.149339 0.966237
-1.043234 -1.043234 -0.598689 -0.598689 0.309718 0.310708 -1.287590 -0.918970 3.145483 0.963884
-1.043234 -1.043234 -0.598689 -0.598689 0.301357 0.291158 -1.300000 -0.941219 3.167599 0.965807
-1.044268 -1.044268 -0.589595 -0.589595 0.296146 0.276448 -1.266179 -1.001759 3.159726 0.966528
-1.041647 -1.041647 -0.594035 -0.594035 0.294467 0.277911 -1.280343 -1.018359 3.136980 0.963022
-1.040017 -1.040017 -0.605893 -0.605893 0.303525 0.277134 -1.245527 -1.014838 3.158037 0.963551
-1.039563 -1.039563 -0.605435 -0.605435 0.304765 0.285753 -1.280245 -1.006303 3.154048 0.963681
-1.038788 -1.038788 -0.605934 -0.605934 0.301874 0.274103 -1.249660 -1.038287 3.143016 0.956688
-1.044732 -1.044732 -0.629850 -0.629850 0.305362 0.284755 -1.262875 -1.012462 3.138482 0.959960
-1.047255 -1.047255 -0.640144 -0.640144 0.307818 0.295588 -1.281469 -0.987972 3.144310 0.964943
-1.048840 -1.048840 -0.639932 -0.639932 0.295596 0.281145 -1.284033 -0.988983 3.125944 0.958947
