-1.028910 -1.028910 -0.936347 -0.936347 0.290669 0.267080 -1.256491 -1.064280 3.159567 0.966818
-1.025322 -1.025322 -0.939193 -0.939193 0.294969 0.272851 -1.254174 -1.065628 3.156443 0.966833
-1.022774 -1.022774 -0.973353 -0.973353 0.294157 0.287323 -1.299969 -1.002398 3.158165 0.965695
-1.022964 -1.022964 -0.988040 -0.988040 0.307623 0.308320 -1.291154 -0.992423 3.146391 0.968392
-1.024428 -1.024428 -0.987930 -0.987930 0.291310 0.261130 -1.202720 -1.062413 3.170635 0.960972
-1.024428 -1.024428 -0.987930 -0.987930 0.292743 0.280086 -1.280817 -1.045290 3.153652 0.966261
-1.029219 -1.029219 -0.986344 -0.986344 0.295914 0.297929 -1.299353 -0.980830 3.149218 0.965271
-1.029219 -1.029219 -0.986344 -0.986344 0.298387 0.309121 -1.287298 -0.923340 3.151236 0.960138
-1.029219 -1.029219 -0.986344 -0.986344 0.292851 0.285887 -1.293888 -1.007572 3.156673 0.965999
-1.029219 -1.029219 -0.986344 -0.986344 0.293043 0.283266 -1.280932 -1.031868 3.151068 0.965272
-1.027731 -1.027731 -0.988257 -0.988257 0.291011 0.282955 -1.300000 -1.029316 3.151713 0.967918
-1.025648 -1.025648 -0.980667 -0.980667 0.290850 0.285458 -1.295167 -0.990797 3.162706 0.966676
-1.032964 -1.032964 -0.973037 -0.973037 0.292546 0.290384 -1.284748 -0.980615 3.164024 0.962434
-1.041633 -1.041633 -0.964889 -0.964889 0.288501 0.268058 -1.235641 -1.052977 3.164351 0.963313
-1.041660 -1.041660 -0.964501 -0.964501 0.283657 0.265929 -1.247196 -1.030313 3.158778 0.960545
-1.051832 -1.051832 -0.970255 -0.970255 0.288928 0.273123 -1.271128 -1.046024 3.165980 0.964105
-1.061432 -1.061432 -0.983507 -0.983507 0.300856 0.301784 -1.271788 -1.013794 3.149058 0.964721
-1.063004 -1.063004 -0.985500 -0.985500 0.293142 0.272237 -1.254551 -1.118374 3.149769 0.966426
-1.063004 -1.063004 -0.985500 -0.985500 0.301007 0.312583 -1.300000 -0.987643 3.136983 0.967009
-1.066502 -1.066502 -1.009162 -1.009162 0.289147 0.284906 -1.284682 -1.027896 3.152649 0.963228
-1.064235 -1.064235 -1.005273 -1.005273 0.302482 0.317329 -1.299751 -0.973864 3.134341 0.966455
-1.060104 -1.060104 -0.988444 -0.988444 0.290415 0.290776 -1.300000 -1.009787 3.150826 0.964834
-1.060104 -1.060104 -0.988444 -0.988444 0.289271 0.289077 -1.289350 -0.985214 3.170247 0.963063
-1.025722 -1.025722 -1.039532 -1.039532 0.296010 0.279642 -1.274647 -1.067598 3.151194 0.963388
-1.025128 -1.025128 -1.040162 -1.040162 0.293703 0.293459 -1.300000 -0.983016 3.155855 0.959655
-1.022370 -1.022370 -1.047076 -1.047076 0.297259 0.293018 -1.299808 -1.006229 3.153089 0.966172
-1.024913 -1.024913 -1.058027 -1.058027 0.289910 0.261726 -1.227590 -1.094022 3.170798 0.961832
-1.025105 -1.025105 -1.058428 -1.058428 0.303647 0.304912 -1.268639 -0.992108 3.142028 0.962956
-1.026934 -1.026934 -1.068139 -1.068139 0.294819 0.281132 -1.261237 -1.035229 3.146869 0.958792
-1.026934 -1.026934 -1.068139 -1.068139 0.299054 0.289898 -1.271479 -1.040477 3.150849 0.966718
-1.030343 -1.030343 -1.081144 -1.081144 0.295714 0.279881 -1.266191 -1.032564 3.171368 0.966232
-1.029971 -1.029971 -1.069547 -1.069547 0.295652 0.284167 -1.283004 -1.056337 3.157032 0.970552
-1.027057 -1.027057 -1.076700 -1.076700 0.293573 0.278528 -1.282754 -1.059310 3.152397 0.964100
-1.025954 -1.025954 -1.076915 -1.076915 0.302057 0.325342 -1.292747 -0.858339 3.158311 0.961567
-1.024643 -1.024643 -1.074667 -1.074667 0.301098 0.311484 -1.299902 -0.940906 3.144453 0.959841
-1.028245 -1.028245 -1.075056 -1.075056 0.297058 0.279226 -1.247216 -1.060058 3.149241 0.960431
-1.022616 -1.022616 -0.991735 -0.991735 0.299828 0.291407 -1.287997 -1.029956 3.156743 0.967134
-1.023486 -1.023486 -0.995133 -0.995133 0.289367 0.268248 -1.255429 -1.027435 3.171620 0.960756
-1.023449 -1.023449 -0.989688 -0.989688 0.297640 0.299438 -1.300000 -0.990980 3.151886 0.966185
-1.024800 -1.024800 -1.006241 -1.006241 0.293038 0.293094 -1.293657 -0.995004 3.151846 0.961572
-1.024364 -1.024364 -0.999561 -0.999561 0.289791 0.265471 -1.240602 -1.090872 3.162616 0.965173
-1.024364 -1.024364 -0.999561 -0.999561 0.291553 0.271508 -1.243656 -1.050629 3.174692 0.964297
-1.022550 -1.022550 -0.996445 -0.996445 0.295101 0.282975 -1.272257 -1.057522 3.148110 0.965106
-1.021946 -1.021946 -0.998913 -0.998913 0.286736 0.290045 -1.300000 -0.941038 3.165564 0.957946
-1.021768 -1.021768 -0.994661 -0.994661 0.296236 0.306408 -1.300000 -0.929163 3.142943 0.965445
-1.021768 -1.021768 -0.994661 -0.994661 0.292265 0.294791 -1.295434 -0.968247 3.146924 0.963252
-1.024829 -1.024829 -0.959232 -0.959232 0.295529 0.289335 -1.272786 -1.016324 3.145261 0.966729
-1.028016 -1.028016 -0.935691 -0.935691 0.298431 0.300971 -1.295546 -0.968152 3.149730 0.964338
-1.027392 -1.027392 -0.936532 -0.936532 0.294081 0.283176 -1.294782 -1.018198 3.132496 0.958422
-1.020427 -1.020427 -0.932423 -0.932423 0.299018 0.295047 -1.298763 -0.995125 3.140110 0.966713
-1.017394 -1.017394 -0.922868 -0.922868 0.288637 0.274619 -1.282919 -1.017523 3.152735 0.967105
-1.014588 -1.014588 -0.936857 -0.936857 0.290000 0.271443 -1.265650 -1.035203 3.157855 0.966836
-1.015014 -1.015014 -0.937732 -0.937732 0.288758 0.262932 -1.227395 -1.025865 3.162673 0.960262
-1.015294 -1.015294 -0.942790 -0.942790 0.291468 0.269117 -1.242139 -1.031685 3.165180 0.965385
-1.015294 -1.015294 -0.942790 -0.942790 0.292437 0.280842 -1.272080 -0.982481 3.164804 0.964976
-1.008327 -1.008327 -0.975925 -0.975925 0.294684 0.281570 -1.259986 -1.018714 3.151719 0.958111
-1.008327 -1.008327 -0.975925 -0.975925 0.290969 0.267561 -1.242039 -1.040706 3.186671 0.964858
