-1.034171 -1.034171 -1.321557 -1.321557 0.299699 0.306451 -1.300000 -1.014515 3.167793 0.964411
-1.037874 -1.037874 -1.152210 -1.152210 0.296389 0.295706 -1.300000 -1.045034 3.147593 0.966006
-1.034134 -1.034134 -1.473398 -1.473398 0.291153 0.302266 -1.283317 -1.023492 3.165476 0.964877
-1.022835 -1.022835 -0.969285 -0.969285 0.297807 0.295461 -1.294166 -1.008966 3.149427 0.963507
-1.012258 -1.012258 -1.162783 -1.162783 0.299744 0.303900 -1.294814 -0.966136 3.152458 0.964628
-1.006911 -1.006911 -1.252441 -1.252441 0.298265 0.286632 -1.263844 -1.069776 3.167439 0.964156
-1.042377 -1.042377 -0.911043 -0.911043 0.301703 0.319813 -1.298486 -0.910899 3.105592 0.961564
-1.013577 -1.013577 -1.215147 -1.215147 0.296153 0.298237 -1.299819 -0.993635 3.141067 0.961927
-1.046596 -1.046596 -1.321540 -1.321540 0.295849 0.296179 -1.291366 -1.072675 3.149872 0.963437
-0.985677 -0.985677 -1.405069 -1.405069 0.295712 0.298951 -1.295621 -0.988236 3.164290 0.963689
-1.003370 -1.003370 -1.112997 -1.112997 0.295711 0.280168 -1.264384 -1.074967 3.160722 0.962663
-1.015098 -1.015098 -1.241533 -1.241533 0.291235 0.283204 -1.277741 -1.048239 3.165871 0.961577
-0.998137 -0.998137 -1.247323 -1.247323 0.297563 0.293711 -1.293599 -1.047580 3.156511 0.961761
-1.039327 -1.039327 -0.968517 -0.968517 0.294783 0.286888 -1.276516 -1.041356 3.136789 0.963948
-1.031011 -1.031011 -1.162306 -1.162306 0.297607 0.295515 -1.274345 -1.027504 3.147820 0.964711
-1.009141 -1.009141 -1.237155 -1.237155 0.295217 0.294843 -1.299821 -1.011680 3.161336 0.964469
-1.022512 -1.022512 -1.132491 -1.132491 0.295089 0.284079 -1.261704 -1.044943 3.103234 0.959361
-1.021165 -1.021165 -1.097357 -1.097357 0.294044 0.281382 -1.278767 -1.043945 3.147033 0.962429
-1.035841 -1.035841 -1.208705 -1.208705 0.287432 0.287913 -1.300000 -1.041273 3.147675 0.965709
-1.014919 -1.014919 -1.076850 -1.076850 0.292315 0.286172 -1.284958 -0.982281 3.155591 0.960692
-1.027300 -1.027300 -1.542164 -1.542164 0.282818 0.271497 -1.287031 -1.079035 3.157606 0.960817
-0.999787 -0.999787 -1.409363 -1.409363 0.286104 0.257153 -1.221832 -1.174256 3.158102 0.962451
-0.997602 -0.997602 -1.202915 -1.202915 0.297018 0.265035 -1.209031 -1.137071 3.172728 0.963363
-1.013218 -1.013218 -1.324906 -1.324906 0.295356 0.290925 -1.298740 -1.066463 3.158896 0.966015
-1.040234 -1.040234 -1.349170 -1.349170 0.298543 0.305839 -1.277006 -1.015652 3.125880 0.963504
-1.014221 -1.014221 -1.108990 -1.108990 0.297219 0.295123 -1.300000 -1.006849 3.155063 0.965922
-1.035378 -1.035378 -1.394116 -1.394116 0.292206 0.283014 -1.278246 -1.071155 3.148727 0.965448
-1.000671 -1.000671 -1.156977 -1.156977 0.290487 0.286239 -1.300000 -1.004007 3.148346 0.965941
-1.009779 -1.009779 -1.277445 -1.277445 0.291454 0.280548 -1.271267 -1.003516 3.166177 0.965359
-1.036464 -1.036464 -0.902463 -0.902463 0.296010 0.294677 -1.297348 -0.984154 3.107687 0.960477
-1.003147 -1.003147 -0.914021 -0.914021 0.293356 0.271501 -1.253934 -1.046700 3.164885 0.966431
-1.006859 -1.006859 -1.033000 -1.033000 0.313000 0.332940 -1.300000 -0.884846 3.144666 0.962604
-1.043027 -1.043027 -1.151216 -1.151216 0.296925 0.302111 -1.300000 -1.025611 3.127386 0.965209
-1.033479 -1.033479 -1.707238 -1.707238 0.297023 0.306598 -1.294491 -1.028621 3.154409 0.959888
-0.992708 -0.992708 -1.105318 -1.105318 0.297620 0.296056 -1.256415 -0.952471 3.142769 0.963836
-1.047099 -1.047099 -1.063239 -1.063239 0.291685 0.298500 -1.297633 -0.966170 3.179305 0.961433
-1.030307 -1.030307 -1.091269 -1.091269 0.299760 0.300804 -1.292999 -1.023428 3.136941 0.961968
-1.001674 -1.001674 -1.142862 -1.142862 0.300411 0.309666 -1.300000 -0.939751 3.124937 0.961140
-1.036247 -1.036247 -0.967882 -0.967882 0.298645 0.304930 -1.299513 -0.958271 3.134101 0.962926
-1.037934 -1.037934 -1.375335 -1.375335 0.302118 0.327301 -1.277506 -0.910520 3.125328 0.959298
-1.038950 -1.038950 -1.381311 -1.381311 0.295169 0.286357 -1.273563 -1.089551 3.158461 0.965019
-1.021600 -1.021600 -1.406216 -1.406216 0.289640 0.282362 -1.267996 -1.042307 3.167294 0.963736
-1.042125 -1.042125 -1.397856 -1.397856 0.293212 0.295234 -1.299956 -1.057124 3.148215 0.964961
-0.999798 -0.999798 -0.924635 -0.924635 0.296134 0.286896 -1.295938 -1.001014 3.150876 0.966630
-1.011362 -1.011362 -1.213392 -1.213392 0.298407 0.299560 -1.296082 -0.986620 3.153933 0.966995
-1.017430 -1.017430 -0.948286 -0.948286 0.294547 0.275865 -1.265609 -1.035348 3.162731 0.960118
-1.041300 -1.041300 -1.232667 -1.232667 0.288966 0.287737 -1.275213 -1.048470 3.153599 0.965755
-1.029545 -1.029545 -1.331616 -1.331616 0.284681 0.258821 -1.221767 -1.140536 3.190989 0.963624
-1.032712 -1.032712 -0.969703 -0.969703 0.299179 0.300284 -1.290003 -0.973077 3.110859 0.962277
-1.033642 -1.033642 -1.057970 -1.057970 0.282591 0.261701 -1.243631 -1.059114 3.175466 0.963218
-1.007394 -1.007394 -1.086230 -1.086230 0.293216 0.279551 -1.270988 -1.013189 3.170200 0.965683
-1.010424 -1.010424 -1.134103 -1.134103 0.299099 0.303618 -1.300000 -0.988593 3.131841 0.966137
-1.040523 -1.040523 -1.094081 -1.094081 0.300211 0.300068 -1.275845 -0.971312 3.163373 0.957119
-1.029977 -1.029977 -1.132535 -1.132535 0.297318 0.312765 -1.300000 -0.930542 3.164438 0.962515
-1.039275 -1.039275 -0.975834 -0.975834 0.292866 0.282425 -1.295011 -1.033209 3.147609 0.958251
-1.026517 -1.026517 -1.254180 -1.254180 0.291872 0.296366 -1.299983 -0.995002 3.130091 0.965159
-1.020172 -1.020172 -1.169597 -1.169597 0.292339 0.288984 -1.288380 -1.017067 3.148527 0.962299
