-1.045568 -1.045568 -0.633727 -0.633727 0.295681 0.275335 -1.256674 -0.974901 3.158509 0.960089
-1.046183 -1.046183 -0.634782 -0.634782 0.294175 0.271949 -1.267264 -1.046303 3.143666 0.969060
-1.042125 -1.042125 -0.683324 -0.683324 0.291205 0.260680 -1.241005 -1.061284 3.147224 0.962985
-1.036146 -1.036146 -0.712770 -0.712770 0.298156 0.290898 -1.299877 -0.966565 3.136120 0.962990
-1.036146 -1.036146 -0.712770 -0.712770 0.296075 0.278808 -1.263897 -0.978118 3.153928 0.962765
-1.036146 -1.036146 -0.712770 -0.712770 0.298375 0.293427 -1.300000 -0.966251 3.146656 0.962796
-1.035659 -1.035659 -0.715073 -0.715073 0.297303 0.279412 -1.273483 -1.028329 3.157040 0.968210
-1.019466 -1.019466 -0.702754 -0.702754 0.306909 0.291625 -1.268503 -0.994082 3.146650 0.963708
-1.019445 -1.019445 -0.703197 -0.703197 0.301386 0.280868 -1.276330 -1.032042 3.143087 0.962730
-1.025607 -1.025607 -0.709427 -0.709427 0.298978 0.276289 -1.259339 -1.013318 3.154407 0.962528
-1.021037 -1.021037 -0.709379 -0.709379 0.295211 0.269219 -1.246632 -1.026003 3.158975 0.962402
-1.022968 -1.022968 -0.710804 -0.710804 0.301003 0.292851 -1.299918 -0.972997 3.147920 0.964559
-1.026449 -1.026449 -0.709259 -0.709259 0.295310 0.282015 -1.291611 -1.026229 3.144652 0.968342
-1.026318 -1.026318 -0.709045 -0.709045 0.296545 0.283462 -1.288218 -1.006505 3.147778 0.965252
-1.027487 -1.027487 -0.755378 -0.755378 0.307874 0.297742 -1.282193 -0.993718 3.139448 0.960399
-1.031663 -1.031663 -0.784927 -0.784927 0.301692 0.282193 -1.247597 -1.046028 3.155574 0.966051
-1.032229 -1.032229 -0.784023 -0.784023 0.299062 0.278082 -1.258030 -1.058723 3.136651 0.964319
-1.031510 -1.031510 -0.796055 -0.796055 0.298539 0.274132 -1.236572 -1.018127 3.161707 0.960891
-1.031572 -1.031572 -0.792864 -0.792864 0.293365 0.286976 -1.299203 -0.998994 3.146896 0.958320
-1.041255 -1.041255 -0.818444 -0.818444 0.291622 0.281899 -1.279659 -1.022197 3.151387 0.963220
-1.040480 -1.040480 -0.820046 -0.820046 0.288319 0.268181 -1.250377 -1.028384 3.134007 0.961763
-1.040216 -1.040216 -0.819336 -0.819336 0.291744 0.279216 -1.277765 -1.000059 3.137437 0.965475
-1.038902 -1.038902 -0.821039 -0.821039 0.298732 0.304201 -1.300000 -0.936693 3.126296 0.962645
-1.038938 -1.038938 -0.821201 -0.821201 0.289548 0.260150 -1.220657 -1.043002 3.159261 0.966424
-1.031606 -1.031606 -0.828739 -0.828739 0.301314 0.305977 -1.299701 -0.954707 3.122148 0.961821
-1.030922 -1.030922 -0.824202 -0.824202 0.292458 0.276795 -1.274653 -0.980049 3.154529 0.961638
-1.033224 -1.033224 -0.824875 -0.824875 0.297338 0.292994 -1.289063 -0.976396 3.139418 0.966621
-1.033224 -1.033224 -0.824875 -0.824875 0.292694 0.281480 -1.289217 -1.006892 3.125615 0.961561
-1.033139 -1.033139 -0.824532 -0.824532 0.297150 0.295660 -1.299925 -1.004376 3.130814 0.965490
-1.032314 -1.032314 -0.825823 -0.825823 0.294818 0.281504 -1.286481 -1.004387 3.152591 0.965216
-1.035063 -1.035063 -0.805172 -0.805172 0.292763 0.282506 -1.297152 -0.989388 3.157653 0.964361
-1.035063 -1.035063 -0.805172 -0.805172 0.297214 0.299917 -1.299975 -0.967493 3.127613 0.959180
-1.035063 -1.035063 -0.805172 -0.805172 0.297177 0.293061 -1.283483 -0.971793 3.145090 0.965336
-1.026788 -1.026788 -0.797190 -0.797190 0.296639 0.272870 -1.234162 -1.032829 3.165295 0.967757
-1.022948 -1.022948 -0.790955 -0.790955 0.296065 0.288934 -1.279777 -0.952568 3.144336 0.958962
-1.022779 -1.022779 -0.791303 -0.791303 0.294966 0.286000 -1.300000 -0.993644 3.136793 0.962896
-1.022925 -1.022925 -0.790036 -0.790036 0.296618 0.273489 -1.248228 -1.037775 3.141128 0.961574
-1.028779 -1.028779 -0.862991 -0.862991 0.294894 0.283834 -1.271026 -1.007550 3.130893 0.963181
-1.024770 -1.024770 -0.860284 -0.860284 0.289438 0.272743 -1.293631 -1.068913 3.122480 0.967728
-1.025466 -1.025466 -0.859824 -0.859824 0.293379 0.285849 -1.300000 -0.981484 3.146272 0.964778
-1.026971 -1.026971 -0.853127 -0.853127 0.290661 0.291014 -1.300000 -0.947720 3.132124 0.960256
-1.021962 -1.021962 -0.843816 -0.843816 0.292853 0.278203 -1.276009 -1.019931 3.125568 0.965241
-1.023959 -1.023959 -0.838181 -0.838181 0.296741 0.296852 -1.294909 -0.937902 3.127549 0.959746
-1.030309 -1.030309 -0.850785 -0.850785 0.288581 0.263524 -1.238794 -1.037106 3.140608 0.959631
-1.030309 -1.030309 -0.850785 -0.850785 0.293715 0.275440 -1.239590 -1.018112 3.143872 0.966146
-1.027239 -1.027239 -0.851236 -0.851236 0.294913 0.298089 -1.299526 -0.918744 3.137501 0.963944
-1.005875 -1.005875 -0.843629 -0.843629 0.299853 0.293630 -1.290785 -0.962774 3.130504 0.964995
-1.005793 -1.005793 -0.843630 -0.843630 0.295130 0.272443 -1.249037 -1.028299 3.140500 0.964904
-1.009985 -1.009985 -0.801138 -0.801138 0.297684 0.283159 -1.273774 -0.999595 3.131382 0.964027
-1.010657 -1.010657 -0.803126 -0.803126 0.298232 0.295496 -1.300000 -0.923028 3.151656 0.964592
-1.010198 -1.010198 -0.804810 -0.804810 0.284639 0.264403 -1.278266 -1.023825 3.141478 0.967150
-1.005346 -1.005346 -0.833003 -0.833003 0.294347 0.266463 -1.245758 -1.049245 3.142741 0.963496
-1.008890 -1.008890 -0.836043 -0.836043 0.290161 0.273940 -1.278757 -1.003376 3.149431 0.964684
-1.010892 -1.010892 -0.817612 -0.817612 0.294840 0.273569 -1.253330 -1.054624 3.135614 0.964084
-1.012253 -1.012253 -0.814579 -0.814579 0.292285 0.262157 -1.226058 -1.053527 3.162495 0.966629
-1.012338 -1.012338 -0.814550 -0.814550 0.297544 0.279452 -1.271690 -1.020856 3.146010 0.967434
-1.012338 -1.012338 -0.814550 -0.814550 0.294659 0.280536 -1.295181 -1.003007 3.143955 0.964831
