3.017477 0.968403 0.305950 0.289646
3.051551 0.967413 0.312278 0.303606
3.176289 0.977114 0.295050 0.297023
3.056108 0.963619 0.303362 0.297814
3.070213 0.966821 0.310082 0.300900
3.146164 0.971132 0.299473 0.290614
3.171499 0.969429 0.299113 0.300081
3.140174 0.975095 0.304587 0.297222
3.155046 0.977069 0.294088 0.285701
3.137846 0.969492 0.306861 0.301702
3.146599 0.963958 0.312109 0.311373
3.123394 0.970440 0.310904 0.314117
3.150178 0.974664 0.300672 0.306887
3.122107 0.971358 0.311201 0.311364
3.235706 0.970649 0.314325 0.320821
3.275804 0.974042 0.314694 0.323912
3.216530 0.971510 0.302427 0.301488
3.183124 0.976293 0.299541 0.300858
3.175962 0.964830 0.308335 0.308996
3.151933 0.966809 0.309792 0.314707
3.137285 0.964407 0.311968 0.309125
3.170738 0.968890 0.306172 0.304091
3.178095 0.968648 0.310264 0.311291
3.135074 0.966493 0.312708 0.304450
3.162159 0.974722 0.285625 0.276736
3.153554 0.968985 0.306169 0.310358
3.167657 0.978566 0.294428 0.293469
3.160729 0.981878 0.285944 0.279467
3.108917 0.972544 0.296264 0.296021
3.116455 0.968167 0.315369 0.317073
3.134157 0.967532 0.315260 0.304553
3.122282 0.967416 0.316302 0.309042
3.178612 0.969581 0.310727 0.300542
3.191647 0.971740 0.307661 0.307655
3.147423 0.968367 0.298877 0.299390
3.194249 0.970058 0.298768 0.299331
3.125976 0.971322 0.296666 0.309871
3.143239 0.976434 0.292486 0.278673
3.101248 0.968704 0.303822 0.290426
3.101919 0.969065 0.304338 0.305800
3.125722 0.969148 0.305326 0.307219
3.144300 0.970881 0.295924 0.292647
3.089599 0.967024 0.316420 0.320617
3.088921 0.961990 0.318698 0.324157
3.133811 0.968946 0.319423 0.316085
3.091018 0.966248 0.308663 0.300023
3.003839 0.958864 0.318674 0.301324
3.173547 0.971917 0.304373 0.306861
3.130172 0.968201 0.308969 0.308177
3.155663 0.968141 0.301887 0.289668
3.158354 0.964641 0.311552 0.308626
3.110131 0.956895 0.324651 0.323835
3.153302 0.960967 0.317487 0.321783
3.098695 0.965822 0.304838 0.297361
3.136809 0.970164 0.310378 0.315911
3.155034 0.970855 0.301533 0.301881
3.133395 0.970857 0.312071 0.308242
3.175080 0.971722 0.306033 0.310487
3.125756 0.968442 0.308768 0.304396
3.089152 0.956051 0.337061 0.328744
3.079225 0.968890 0.313560 0.312034
3.113444 0.968611 0.305921 0.303979
3.135813 0.976736 0.299654 0.315204
3.160255 0.976972 0.308144 0.315184
3.164955 0.969163 0.304628 0.299709
3.178724 0.964980 0.313770 0.304202
3.180384 0.973838 0.306014 0.307519
3.155872 0.972061 0.309697 0.311210
3.185368 0.974257 0.302972 0.295336
3.212134 0.974109 0.306764 0.306970
3.198350 0.975772 0.304222 0.312327
3.183857 0.974334 0.294001 0.293654
3.101441 0.968989 0.309215 0.303756
3.103965 0.972603 0.300055 0.295353
3.160727 0.972553 0.292333 0.280645
3.123022 0.970413 0.303643 0.308243
3.138413 0.974696 0.302280 0.307644
3.159898 0.975434 0.301210 0.312719
3.157682 0.979985 0.294125 0.308595
3.042924 0.969952 0.302830 0.293734
3.061383 0.965040 0.327469 0.336899
3.210579 0.976272 0.300023 0.303020
3.127352 0.963389 0.311075 0.300078
3.152543 0.965546 0.306714 0.305820
3.179500 0.970823 0.302663 0.305118
3.151543 0.967410 0.305239 0.309492
3.197722 0.975836 0.297622 0.296411
3.190110 0.976728 0.294398 0.293289
3.167985 0.971916 0.303227 0.302710
3.151589 0.972562 0.304682 0.297889
3.216880 0.973967 0.313880 0.314603
3.164279 0.968987 0.304131 0.293597
3.197822 0.977546 0.293720 0.295706
3.086872 0.970300 0.310193 0.311396
3.118595 0.964595 0.314792 0.313473
3.203071 0.972328 0.299357 0.292873
3.201440 0.980241 0.287444 0.279817
3.088165 0.965071 0.313398 0.306721
3.070732 0.958307 0.325948 0.304029
3.079320 0.960905 0.322233 0.317115
3.108957 0.964093 0.315499 0.311883
3.159328 0.978097 0.301545 0.303889
3.168198 0.975824 0.298361 0.305464
3.215767 0.979242 0.292471 0.296704
3.181639 0.977488 0.300394 0.306031
3.137950 0.977577 0.292346 0.288230
3.070425 0.966110 0.304361 0.296234
3.089695 0.962911 0.314070 0.313756
3.179289 0.961804 0.319495 0.320276
3.163316 0.964529 0.314808 0.301052
3.152279 0.962568 0.318309 0.318350
3.155950 0.968865 0.309344 0.304317
3.190376 0.970170 0.310966 0.312646
3.146036 0.968626 0.308873 0.305820
3.099880 0.970296 0.303120 0.291335
3.098666 0.971475 0.295043 0.285115
3.090869 0.962802 0.306652 0.303721
3.048906 0.957229 0.316860 0.314041
3.093449 0.959029 0.319008 0.320328
3.142982 0.966826 0.308594 0.296809
3.188990 0.976046 0.304361 0.299243
3.167320 0.974233 0.305370 0.308093
3.118405 0.963983 0.318656 0.309462
3.080014 0.963547 0.318384 0.314681
3.135455 0.975425 0.292253 0.297002
3.072080 0.972507 0.294812 0.294007
3.129629 0.967260 0.315172 0.320359
3.143347 0.972765 0.306702 0.309683
3.098172 0.971514 0.299054 0.297788
3.115867 0.961827 0.324765 0.325217
3.162750 0.969148 0.312120 0.309280
3.116849 0.973514 0.301004 0.297867
3.169360 0.972132 0.298872 0.303835
3.169469 0.971430 0.291442 0.297076
3.119898 0.976135 0.285034 0.283544
3.107241 0.976383 0.291623 0.294145
3.157683 0.970873 0.306910 0.301459
3.150797 0.969791 0.308651 0.302580
