3.071950 0.967066 0.309092 0.312039
3.167776 0.974148 0.309335 0.317055
3.145568 0.968226 0.305239 0.300800
3.139751 0.972040 0.306244 0.304375
3.137761 0.977435 0.296860 0.299536
3.193226 0.971943 0.292419 0.289318
3.244959 0.979035 0.292221 0.287044
3.241616 0.985228 0.299812 0.310541
3.224589 0.981526 0.298110 0.302685
3.115421 0.976766 0.294793 0.301292
3.146522 0.974889 0.295100 0.297245
3.189007 0.976267 0.295108 0.297888
3.105577 0.972760 0.298029 0.297011
3.164713 0.975561 0.305456 0.312012
3.090955 0.967292 0.314090 0.313927
3.079093 0.964425 0.325360 0.323922
3.130769 0.968035 0.307201 0.299023
3.113748 0.968865 0.297528 0.296328
3.213872 0.969841 0.300259 0.298748
3.116876 0.968143 0.302256 0.295313
3.145677 0.971847 0.306976 0.311072
3.118136 0.966310 0.302978 0.301051
3.100958 0.967688 0.309181 0.303953
3.077340 0.968676 0.306504 0.294442
3.248431 0.975953 0.308717 0.302165
3.119325 0.970888 0.306120 0.299619
3.135908 0.971292 0.312437 0.318757
3.146275 0.970261 0.300385 0.291512
3.169271 0.971189 0.306620 0.311123
3.170247 0.974923 0.301979 0.300213
3.176799 0.973435 0.303153 0.294494
3.065694 0.970411 0.308805 0.300643
3.073376 0.969888 0.303904 0.296842
3.150371 0.977648 0.293912 0.295515
3.210147 0.978898 0.294883 0.295900
3.120699 0.969579 0.307062 0.296005
3.128810 0.972241 0.301687 0.297610
3.136212 0.976158 0.297849 0.301168
3.127356 0.963429 0.304277 0.288250
3.109649 0.962625 0.318370 0.320617
3.178538 0.968746 0.309173 0.300719
3.125633 0.966490 0.314462 0.311949
3.055725 0.967951 0.312859 0.311339
3.012512 0.974637 0.294294 0.285233
3.010178 0.974300 0.300654 0.297733
3.141899 0.978332 0.292711 0.290344
3.114349 0.970547 0.303646 0.306836
3.124069 0.966768 0.317483 0.327137
3.170843 0.971271 0.314521 0.320455
3.222552 0.974472 0.305856 0.295233
3.273678 0.973507 0.309289 0.305050
3.178622 0.971077 0.304291 0.307500
3.167965 0.974615 0.302639 0.310652
3.150905 0.979634 0.295367 0.302268
3.076636 0.966148 0.325592 0.321926
3.123851 0.964280 0.306489 0.310184
3.109874 0.968060 0.304099 0.296636
3.114195 0.961931 0.319588 0.310808
3.131007 0.965936 0.308293 0.292792
3.052196 0.958686 0.315088 0.289595
3.154187 0.971252 0.315226 0.309881
3.176557 0.967735 0.309891 0.305562
3.161030 0.970260 0.308132 0.299293
3.094571 0.969072 0.310697 0.322552
3.028855 0.962308 0.322455 0.318693
3.147895 0.962212 0.317664 0.312421
3.161777 0.966282 0.312460 0.311111
3.072892 0.972776 0.304709 0.304520
3.130687 0.966252 0.312115 0.301840
3.124679 0.967818 0.305083 0.300082
3.192453 0.967934 0.295972 0.297814
3.124002 0.968646 0.297532 0.300451
3.205480 0.974679 0.283622 0.290477
3.119708 0.971933 0.300176 0.301022
3.154768 0.971027 0.308194 0.297528
3.221239 0.973797 0.311432 0.304549
3.236113 0.978388 0.305484 0.294345
3.159488 0.978939 0.293934 0.294992
3.113478 0.969015 0.315273 0.312126
3.106334 0.977640 0.298077 0.306049
3.091851 0.968448 0.311305 0.310765
3.116446 0.969717 0.303523 0.304445
3.125872 0.968676 0.313535 0.314791
3.134968 0.971412 0.307680 0.304926
3.105966 0.974129 0.305263 0.300649
3.128061 0.979196 0.297105 0.303322
3.182194 0.980695 0.299083 0.301848
3.089606 0.973307 0.307881 0.307420
3.165599 0.973987 0.299422 0.301820
3.080787 0.967301 0.312165 0.313966
3.094201 0.967319 0.316661 0.302102
3.071206 0.966634 0.322647 0.323037
3.051806 0.964726 0.312089 0.313122
3.162088 0.979289 0.305082 0.301712
3.112464 0.973589 0.296919 0.294586
3.080813 0.967523 0.311653 0.310658
3.091191 0.967280 0.303741 0.289943
3.174360 0.975821 0.301782 0.294154
3.138863 0.975954 0.300216 0.304124
3.175608 0.972769 0.298808 0.299711
3.177651 0.969742 0.311956 0.311859
3.147878 0.968246 0.311708 0.312611
3.189777 0.974792 0.296292 0.297845
3.139199 0.972871 0.309244 0.311884
3.157301 0.976885 0.293570 0.296597
3.083699 0.969043 0.308118 0.302378
3.133785 0.972521 0.301497 0.297794
3.135027 0.966537 0.309531 0.312714
3.153271 0.972804 0.303253 0.299584
3.139419 0.974900 0.306611 0.312603
3.187449 0.969996 0.310566 0.310176
3.061735 0.971840 0.296378 0.295316
3.120698 0.965318 0.312756 0.304122
3.152547 0.967488 0.298425 0.293320
3.118426 0.968428 0.304488 0.301030
3.098764 0.967821 0.320165 0.330622
3.090866 0.964205 0.309396 0.297550
3.108196 0.974069 0.304058 0.302730
3.122777 0.973935 0.298532 0.301975
3.139685 0.975007 0.301238 0.303118
3.205703 0.976119 0.297850 0.298059
3.118401 0.970309 0.303389 0.298302
3.126841 0.965889 0.318529 0.314232
3.150224 0.967993 0.314678 0.306409
3.126679 0.968436 0.312069 0.307737
3.134165 0.969047 0.312680 0.313309
3.142197 0.966811 0.310367 0.302972
3.153101 0.964371 0.315514 0.307927
3.148254 0.971395 0.308563 0.313183
3.139914 0.970703 0.306320 0.317741
3.126491 0.972148 0.299953 0.293035
3.183215 0.982374 0.289471 0.288668
3.182155 0.980118 0.294803 0.287866
3.130654 0.972006 0.299816 0.300511
3.175493 0.975781 0.295674 0.305615
3.274568 0.981429 0.300138 0.304372
3.134962 0.962632 0.302138 0.293638
3.144253 0.963337 0.310795 0.307499
3.064991 0.965189 0.306060 0.296982
