3.135350 0.969937 0.314953 0.317769
3.157306 0.979972 0.293669 0.302435
3.192166 0.975883 0.296293 0.297405
3.107934 0.969928 0.308830 0.313093
3.074696 0.964253 0.319554 0.328939
3.155927 0.968492 0.311835 0.316424
3.181290 0.972862 0.296644 0.298522
3.168119 0.970804 0.304085 0.304921
3.051953 0.966340 0.314411 0.298532
3.116821 0.969147 0.309332 0.308483
3.136376 0.975803 0.303113 0.298068
3.103205 0.966551 0.325667 0.322268
3.216315 0.972036 0.308086 0.305569
3.167529 0.971248 0.302268 0.301879
3.113786 0.965199 0.323730 0.317811
3.172890 0.977931 0.298009 0.302040
3.119950 0.972721 0.296629 0.281656
3.177830 0.968559 0.318912 0.324723
3.162638 0.970423 0.303676 0.301868
3.162638 0.970423 0.304077 0.305558
3.199105 0.976720 0.292059 0.290565
3.167188 0.971352 0.305862 0.311616
3.131082 0.969358 0.304024 0.306027
3.086570 0.956942 0.315171 0.313043
3.087350 0.965852 0.306066 0.299556
3.175783 0.975361 0.309717 0.314504
3.198446 0.976818 0.301535 0.302927
3.213603 0.977077 0.304790 0.297455
3.175471 0.968159 0.310602 0.303138
3.103730 0.970907 0.303705 0.308234
3.078051 0.969271 0.314245 0.312411
3.168858 0.969240 0.300650 0.310871
3.123337 0.966888 0.302553 0.302164
3.070569 0.966081 0.310778 0.307060
3.130790 0.967879 0.311665 0.311295
3.091928 0.971224 0.306104 0.301769
3.086467 0.970858 0.303297 0.300695
3.119260 0.971868 0.299811 0.298309
3.102382 0.959073 0.321251 0.314527
3.174824 0.963624 0.325190 0.332231
3.160125 0.973711 0.296515 0.290730
3.163312 0.964452 0.322659 0.315186
3.204286 0.975997 0.300103 0.303983
3.057753 0.963989 0.309063 0.308322
3.205035 0.975860 0.303881 0.304939
3.215073 0.980584 0.298094 0.294340
3.080302 0.963458 0.312647 0.312575
3.078608 0.970644 0.311779 0.309917
3.141644 0.969905 0.312538 0.309826
3.181514 0.984823 0.288280 0.292206
3.200808 0.978298 0.297221 0.297250
3.162654 0.967520 0.312676 0.321697
3.136881 0.968997 0.305552 0.304285
3.157155 0.976519 0.297243 0.299891
3.181039 0.968357 0.298449 0.287808
3.121093 0.965628 0.314534 0.305626
3.173665 0.970410 0.308655 0.316646
3.081991 0.963356 0.315808 0.313968
3.206926 0.978014 0.290515 0.284417
3.174942 0.979052 0.298824 0.302275
3.164282 0.978035 0.300958 0.297209
3.189790 0.973908 0.309561 0.309392
3.185521 0.974026 0.311560 0.311169
3.146089 0.968844 0.310266 0.298260
3.070981 0.966988 0.301485 0.290692
3.117475 0.968328 0.306912 0.308514
3.129614 0.963753 0.320270 0.314973
3.106149 0.971476 0.309964 0.297917
3.114674 0.976306 0.301625 0.307327
3.174758 0.972545 0.299433 0.300925
3.198731 0.976582 0.294739 0.297506
3.170368 0.976229 0.293270 0.298635
3.163705 0.971779 0.304067 0.302533
3.149356 0.967660 0.313238 0.310187
3.126680 0.970441 0.322467 0.326139
3.089181 0.967042 0.317981 0.324059
3.079834 0.967991 0.310197 0.305637
3.231478 0.976823 0.305724 0.299361
3.183191 0.971163 0.296507 0.297643
3.132547 0.968819 0.304878 0.303833
3.080483 0.968225 0.306534 0.302855
3.173336 0.973556 0.306166 0.301336
3.143241 0.971947 0.304035 0.294267
3.120795 0.969740 0.309021 0.307442
3.188305 0.973939 0.307477 0.305130
3.163568 0.971311 0.304116 0.303104
3.198463 0.976616 0.304784 0.300413
3.221144 0.977535 0.312559 0.321744
3.170070 0.972522 0.297384 0.293220
3.159739 0.970408 0.300737 0.298403
3.112555 0.973911 0.301961 0.313620
3.144217 0.966274 0.306930 0.310880
3.141826 0.972739 0.301054 0.301085
3.183148 0.975004 0.292274 0.291552
3.155509 0.979554 0.288193 0.288462
3.084598 0.978165 0.304120 0.305778
3.143320 0.970800 0.318119 0.309657
3.127379 0.964953 0.317563 0.315648
3.218855 0.970347 0.302739 0.298708
3.169024 0.962237 0.313835 0.311676
3.140974 0.959101 0.323424 0.327275
3.231434 0.967081 0.318954 0.313973
3.204862 0.977977 0.291448 0.294490
3.167886 0.967374 0.309207 0.308987
3.113117 0.964928 0.312530 0.312980
3.137511 0.977473 0.297469 0.296475
3.144675 0.977198 0.300882 0.304703
3.058005 0.971395 0.305694 0.297032
3.097603 0.966596 0.307746 0.300417
3.084125 0.966377 0.312094 0.310124
3.081044 0.963293 0.312897 0.304532
3.087085 0.968919 0.310029 0.322354
3.193444 0.978603 0.301397 0.303262
3.118775 0.966635 0.303612 0.296867
3.191106 0.964110 0.312082 0.312214
3.122432 0.968653 0.308580 0.301251
3.173115 0.980374 0.288479 0.286546
3.138448 0.976526 0.298905 0.299679
3.092976 0.965085 0.318859 0.327668
3.172832 0.972776 0.299861 0.290412
3.179613 0.970169 0.296305 0.286326
3.179422 0.975135 0.300869 0.299882
3.087451 0.967774 0.307190 0.311258
3.141200 0.975406 0.304062 0.305967
3.117596 0.976266 0.295705 0.287378
3.096713 0.969304 0.309892 0.310230
3.125805 0.971322 0.312630 0.307870
3.138709 0.963906 0.329090 0.334921
3.124854 0.957534 0.327990 0.323680
3.126223 0.962964 0.328403 0.323289
3.077156 0.966716 0.322074 0.314392
3.145444 0.975344 0.304891 0.303542
3.171887 0.979369 0.294232 0.290977
3.153098 0.973172 0.302944 0.310218
3.156562 0.969441 0.297325 0.287568
3.200000 0.972832 0.296550 0.292058
3.240187 0.973653 0.299556 0.302353
3.145977 0.978039 0.290792 0.295270
