3.191244 0.975448 0.305071 0.304575
3.210173 0.969825 0.310929 0.308550
3.202106 0.971166 0.306186 0.304593
3.093708 0.970558 0.303562 0.301932
3.156520 0.971832 0.304736 0.300970
3.174415 0.973323 0.296700 0.296965
3.158656 0.971461 0.293422 0.286959
3.108367 0.963279 0.315534 0.314771
3.125264 0.964265 0.314536 0.313074
3.108910 0.963207 0.327870 0.328208
3.101383 0.966087 0.318178 0.314851
3.186597 0.970297 0.313601 0.306711
3.169617 0.968851 0.302222 0.297844
3.193569 0.972680 0.303204 0.305428
3.223213 0.972710 0.303713 0.308670
3.096949 0.964486 0.311573 0.311240
3.135295 0.971142 0.305154 0.302684
3.108610 0.969539 0.308278 0.313074
3.052653 0.968526 0.312125 0.311168
3.125748 0.963826 0.320126 0.318352
3.072620 0.972637 0.301401 0.303887
3.233187 0.978082 0.304618 0.309631
3.108570 0.967431 0.313014 0.309303
3.121869 0.967995 0.310184 0.307543
3.193359 0.968537 0.312970 0.315290
3.075700 0.965382 0.311693 0.297613
3.104913 0.968900 0.303699 0.302532
3.047218 0.965737 0.306051 0.300647
3.137234 0.968537 0.312860 0.312624
3.197955 0.972789 0.300677 0.304828
3.179237 0.977318 0.297674 0.288127
3.143219 0.970405 0.309542 0.311349
3.135565 0.964727 0.326688 0.331727
3.140106 0.964399 0.312388 0.303268
3.198284 0.972157 0.303422 0.307626
3.183545 0.972670 0.299076 0.296739
3.150701 0.975515 0.296655 0.294966
3.129781 0.971102 0.307217 0.306698
3.120561 0.966162 0.316169 0.313815
3.168338 0.971345 0.303079 0.303183
3.247781 0.975283 0.306268 0.317443
3.200537 0.972169 0.304215 0.314597
3.180509 0.967713 0.306139 0.302430
3.178348 0.976428 0.294356 0.293646
3.189563 0.977795 0.303250 0.309083
3.152324 0.972557 0.302824 0.310897
3.083476 0.970143 0.309975 0.314516
3.144790 0.970433 0.311696 0.307472
3.060257 0.964448 0.319691 0.310622
3.205535 0.970003 0.302334 0.298713
3.133952 0.969353 0.309707 0.312203
3.120106 0.967828 0.314793 0.311048
3.087208 0.967586 0.311116 0.316508
3.119674 0.969760 0.305968 0.299702
3.153238 0.971887 0.302844 0.300113
3.125001 0.967872 0.323651 0.332919
3.193671 0.976781 0.298793 0.291141
3.135669 0.974201 0.302017 0.295408
3.168889 0.973147 0.302088 0.306966
3.097159 0.970268 0.305727 0.305888
3.130534 0.972018 0.301510 0.301050
3.178290 0.972163 0.307353 0.305183
3.200286 0.978607 0.296233 0.300548
3.117967 0.965599 0.306503 0.306685
3.080695 0.961454 0.312637 0.308659
3.136421 0.973716 0.312891 0.324443
3.225974 0.981872 0.300429 0.296625
3.202285 0.979816 0.291073 0.290382
3.193111 0.976139 0.303621 0.306658
3.190800 0.970763 0.304045 0.307845
3.197100 0.973237 0.300105 0.298933
3.198803 0.983862 0.283638 0.284737
3.208034 0.981768 0.288513 0.287626
3.106814 0.966759 0.303600 0.304859
3.082900 0.963361 0.322001 0.323280
3.182063 0.976865 0.295946 0.289201
3.132647 0.972310 0.304610 0.309189
3.142676 0.974436 0.311769 0.305174
3.190902 0.976413 0.308092 0.313673
3.142151 0.974744 0.303102 0.307280
3.125474 0.972205 0.313599 0.308331
3.165224 0.976296 0.296426 0.291636
3.115277 0.980125 0.292941 0.294272
3.124648 0.959245 0.322593 0.306757
3.106315 0.965256 0.309485 0.308128
3.127268 0.969495 0.308446 0.305235
3.162232 0.973464 0.307466 0.303382
3.199515 0.976577 0.302075 0.297778
3.144866 0.974266 0.301793 0.301876
3.117092 0.976925 0.300831 0.303930
3.081651 0.972202 0.309255 0.305735
3.128288 0.971284 0.296162 0.292524
3.153217 0.970784 0.301322 0.305086
3.084334 0.968408 0.310190 0.312213
3.130655 0.968673 0.303140 0.314334
3.167973 0.970011 0.299354 0.304257
3.162126 0.966865 0.308804 0.298898
3.144266 0.966617 0.313290 0.303218
3.211083 0.976721 0.307297 0.308363
3.225519 0.976333 0.303746 0.301702
3.231633 0.974343 0.306516 0.307935
3.255897 0.975547 0.302714 0.299843
3.113596 0.966446 0.308251 0.296805
3.166079 0.965577 0.317111 0.314649
3.167530 0.966419 0.314448 0.314116
3.180055 0.968736 0.314339 0.307853
3.100234 0.973590 0.310260 0.314787
3.094718 0.971501 0.302060 0.301636
3.157061 0.980270 0.295653 0.298465
3.171405 0.978799 0.294248 0.292085
3.179079 0.975723 0.293387 0.295436
3.104905 0.970219 0.309138 0.305501
3.114333 0.967814 0.312581 0.306758
3.129701 0.972932 0.300257 0.306284
3.157680 0.974579 0.294443 0.281659
3.118895 0.971307 0.300879 0.305359
3.061354 0.970958 0.304592 0.307488
3.116240 0.967362 0.307876 0.294703
3.130623 0.967045 0.296902 0.303903
3.108569 0.966548 0.296020 0.287260
3.066539 0.967501 0.301788 0.306663
3.104854 0.973662 0.295465 0.290171
3.122483 0.966131 0.302844 0.288554
3.098492 0.972613 0.303483 0.303792
3.202725 0.973127 0.297397 0.292311
3.180852 0.974699 0.297052 0.299643
3.078315 0.966020 0.309795 0.300751
3.109014 0.957225 0.324769 0.324611
3.113435 0.967012 0.314776 0.320449
3.114135 0.978061 0.297155 0.291066
3.129150 0.975293 0.298950 0.304314
3.150017 0.971874 0.304671 0.307786
3.120100 0.964770 0.305413 0.284480
3.170155 0.969483 0.315935 0.310890
3.213184 0.974650 0.297869 0.292781
3.115000 0.974953 0.309529 0.312938
3.146457 0.972421 0.298184 0.304385
3.164580 0.972707 0.298386 0.305524
