3.187479 0.976190 0.295457 0.295079
3.103418 0.966445 0.310123 0.311598
3.196431 0.974223 0.299034 0.296383
3.156990 0.971809 0.305983 0.303484
3.136756 0.974424 0.304169 0.309483
3.210308 0.971239 0.299524 0.296245
3.219087 0.974490 0.302368 0.293526
3.209972 0.976503 0.298135 0.304657
3.124820 0.967205 0.315113 0.313558
3.124524 0.971875 0.301892 0.301312
3.135754 0.977210 0.294027 0.295902
3.165121 0.974716 0.301840 0.300460
3.168124 0.975089 0.306599 0.306561
3.184877 0.976930 0.290148 0.283121
3.201328 0.974334 0.311334 0.313857
3.090071 0.974591 0.296666 0.298404
3.129486 0.974885 0.296919 0.299141
3.093289 0.978437 0.299661 0.304326
3.107807 0.972225 0.301648 0.304576
3.035138 0.964946 0.304651 0.300130
3.247605 0.978441 0.313283 0.324404
3.188843 0.975626 0.301863 0.305460
3.119134 0.973445 0.293441 0.295480
3.151815 0.977066 0.296243 0.301161
3.095938 0.971365 0.310037 0.315737
3.165828 0.970185 0.299144 0.287460
3.200293 0.970122 0.304112 0.306853
3.172181 0.968011 0.307237 0.300745
3.163935 0.967771 0.314876 0.312916
3.197988 0.973023 0.304910 0.302132
3.166604 0.970940 0.304940 0.301241
3.101220 0.966066 0.317418 0.318807
3.157113 0.975060 0.311685 0.307902
3.137164 0.971057 0.296486 0.289177
3.107233 0.968159 0.303217 0.300900
3.143869 0.967716 0.308324 0.316339
3.108173 0.968849 0.307300 0.305972
3.091074 0.962807 0.310342 0.294574
3.014437 0.963555 0.323216 0.323566
3.053652 0.965255 0.314530 0.306718
3.094179 0.966183 0.311141 0.301196
3.182354 0.966481 0.331504 0.340778
3.178591 0.973625 0.302479 0.290104
3.064888 0.967446 0.310039 0.306283
3.117569 0.963497 0.317118 0.317786
3.149468 0.965855 0.318476 0.321121
3.122250 0.967701 0.306214 0.300244
3.063626 0.962766 0.308338 0.310516
3.089848 0.973509 0.302272 0.298526
3.137944 0.974110 0.296514 0.298228
3.154557 0.965073 0.312359 0.310704
3.115493 0.966990 0.306490 0.303396
3.161805 0.970147 0.309379 0.309993
3.159651 0.970464 0.306247 0.297048
3.205669 0.977286 0.296910 0.294796
3.175706 0.974849 0.294591 0.299338
3.169473 0.967394 0.298333 0.296927
3.083592 0.962944 0.312806 0.324864
3.192914 0.977476 0.299059 0.299770
3.165368 0.970687 0.313161 0.316292
3.104240 0.960950 0.318897 0.310746
3.156579 0.965468 0.306182 0.297106
3.077227 0.964403 0.305600 0.302429
3.115016 0.961525 0.315960 0.307781
3.160965 0.971651 0.299820 0.291700
3.115956 0.964173 0.307941 0.293852
3.068405 0.966587 0.309231 0.302835
3.199827 0.973240 0.293181 0.294577
3.201206 0.967505 0.306450 0.302550
3.177938 0.965117 0.305468 0.308804
3.118133 0.957903 0.310528 0.313217
3.209878 0.967263 0.313840 0.309123
3.128167 0.970011 0.309319 0.308714
3.132568 0.969612 0.298329 0.296201
3.173816 0.970755 0.302410 0.299957
3.147630 0.969092 0.306760 0.299531
3.119631 0.957241 0.331919 0.327516
3.072337 0.973937 0.299649 0.298788
3.122925 0.969477 0.309338 0.299483
3.100346 0.965736 0.312311 0.319550
3.153268 0.968184 0.307081 0.301204
3.077111 0.966796 0.305681 0.306691
3.121728 0.973242 0.303549 0.301310
3.164162 0.966351 0.317896 0.317832
3.222825 0.969825 0.314882 0.303895
3.134285 0.977863 0.305993 0.299587
3.164196 0.972402 0.302590 0.296692
3.114087 0.968056 0.305235 0.302514
3.109360 0.965800 0.306248 0.306343
3.170219 0.980202 0.292440 0.298239
3.212324 0.979255 0.296612 0.298881
3.152624 0.966545 0.318818 0.320118
3.191951 0.973969 0.302856 0.299458
3.122249 0.971030 0.301640 0.303294
3.134884 0.969250 0.316089 0.319636
3.159725 0.971020 0.308445 0.315093
3.157886 0.973074 0.298844 0.288915
3.129661 0.971965 0.309410 0.306672
3.119261 0.967582 0.311635 0.307533
3.137585 0.977296 0.291533 0.287943
3.166825 0.976629 0.300998 0.300347
3.080712 0.965972 0.318110 0.304795
3.195385 0.975931 0.294454 0.287332
3.234855 0.979526 0.300534 0.303044
3.158720 0.974183 0.308800 0.304754
3.098903 0.971463 0.303418 0.298020
3.173258 0.978175 0.301324 0.308256
3.152589 0.975167 0.300361 0.308640
3.155028 0.974553 0.302856 0.314272
3.135286 0.969223 0.312529 0.310057
3.113230 0.969707 0.310884 0.313271
3.141531 0.965756 0.305156 0.305133
3.062736 0.966891 0.312025 0.315131
3.184000 0.975485 0.305362 0.309339
3.185881 0.977097 0.297488 0.289701
3.183672 0.971859 0.306108 0.309376
3.175915 0.974948 0.299251 0.308117
3.145273 0.972963 0.293530 0.295076
3.211098 0.983239 0.292731 0.298035
3.184491 0.979347 0.286653 0.289884
3.182647 0.974865 0.299044 0.294006
3.128654 0.973213 0.299750 0.299401
3.069764 0.958928 0.321946 0.318323
3.051830 0.964806 0.317907 0.315050
3.161723 0.978777 0.301445 0.295563
3.192833 0.974901 0.308214 0.305412
3.153525 0.967906 0.311395 0.321580
3.173542 0.966590 0.317953 0.313716
3.198386 0.972687 0.312251 0.318866
3.145972 0.964812 0.314051 0.306243
3.124759 0.973081 0.303615 0.301750
3.190832 0.972488 0.303081 0.304153
3.185858 0.971359 0.301361 0.299803
3.195874 0.970301 0.297307 0.293080
3.188127 0.975166 0.295917 0.298580
3.178392 0.978665 0.300495 0.297302
3.107398 0.969835 0.306038 0.306480
3.192278 0.975662 0.305196 0.299859
