3.253187 0.979597 0.307943 0.311791
3.143134 0.973390 0.299537 0.300894
3.104279 0.966860 0.308365 0.288740
3.055820 0.972502 0.317388 0.323253
3.124509 0.973140 0.299032 0.300759
3.165485 0.974818 0.299439 0.303670
3.141615 0.965735 0.313210 0.310178
3.126893 0.966291 0.316219 0.302598
3.156945 0.974451 0.297879 0.301068
3.217942 0.981486 0.294192 0.294360
3.223949 0.981238 0.293170 0.293389
3.136638 0.971908 0.305625 0.303780
3.174526 0.973717 0.311075 0.310126
3.205292 0.976043 0.290786 0.294604
3.202449 0.975787 0.298814 0.304673
3.146701 0.964999 0.314778 0.320009
3.155345 0.969280 0.304599 0.298382
3.068772 0.972550 0.293974 0.293851
3.077662 0.971894 0.299545 0.304068
3.110420 0.970822 0.297621 0.294130
3.170902 0.980122 0.294007 0.293461
3.159486 0.977886 0.305653 0.307040
3.146071 0.969161 0.303379 0.293206
3.140412 0.969576 0.304447 0.308477
3.186579 0.977191 0.298794 0.294417
3.115986 0.967780 0.308246 0.305542
3.134572 0.965200 0.312021 0.312314
3.131278 0.967653 0.304743 0.300851
3.148313 0.973890 0.297018 0.288623
3.126349 0.963860 0.302632 0.295088
3.081903 0.967151 0.298479 0.298925
3.118827 0.964153 0.313817 0.316515
3.111491 0.963147 0.312729 0.315291
3.158996 0.969201 0.303991 0.303652
3.211374 0.967241 0.305214 0.310312
3.118539 0.964042 0.314324 0.328993
3.161596 0.964579 0.306851 0.301152
3.172245 0.980923 0.286271 0.289309
3.183531 0.971904 0.313218 0.315682
3.086324 0.969577 0.305363 0.299436
3.163386 0.974918 0.310097 0.310228
3.185766 0.971292 0.307911 0.309422
3.136199 0.969891 0.309010 0.302729
3.219024 0.977259 0.309011 0.311409
3.191685 0.978282 0.296738 0.288550
3.202922 0.974833 0.302634 0.304253
3.106667 0.969292 0.304651 0.295979
3.120104 0.969597 0.302811 0.297500
3.112749 0.967546 0.305687 0.297763
3.148283 0.971926 0.304432 0.301388
3.120080 0.973864 0.295765 0.299059
3.134490 0.970497 0.306156 0.304944
3.138595 0.970321 0.295999 0.295528
3.089632 0.969932 0.308962 0.298366
3.180390 0.973780 0.300659 0.298222
3.065996 0.959667 0.323262 0.332381
3.101308 0.965436 0.316847 0.319446
3.175097 0.968099 0.290698 0.283118
3.080718 0.964745 0.313211 0.308302
3.158452 0.970645 0.306594 0.309232
3.188117 0.963075 0.305520 0.301944
3.192650 0.966618 0.309887 0.312036
3.128997 0.965970 0.298670 0.296629
3.079125 0.966519 0.308069 0.308317
3.174280 0.973086 0.305213 0.304308
3.135232 0.969615 0.300383 0.298502
3.156463 0.971090 0.308373 0.311212
3.097743 0.959725 0.332172 0.342002
3.049944 0.966384 0.324377 0.318973
3.170944 0.967463 0.316735 0.315636
3.138361 0.965631 0.304638 0.291522
3.086757 0.968871 0.311414 0.306058
3.133869 0.979163 0.307796 0.308707
3.109409 0.974401 0.296494 0.288235
3.124843 0.971055 0.310092 0.307448
3.121136 0.967313 0.307922 0.307494
3.117798 0.966536 0.316209 0.307715
3.144949 0.970693 0.315345 0.311142
3.184175 0.968179 0.314496 0.317775
3.190151 0.982657 0.294041 0.303360
3.243303 0.977030 0.286519 0.288215
3.193210 0.957153 0.325068 0.326832
3.160546 0.963709 0.318404 0.322151
3.158766 0.966538 0.313220 0.307795
3.161802 0.967048 0.311360 0.305943
3.110339 0.960251 0.316882 0.316990
3.088822 0.966144 0.314029 0.315983
3.094190 0.967245 0.319503 0.318778
3.214294 0.969268 0.308250 0.304163
3.094501 0.963632 0.310232 0.303392
3.204627 0.973842 0.306136 0.304944
3.186216 0.975733 0.292404 0.293155
3.183503 0.972666 0.302352 0.309933
3.176689 0.972439 0.302903 0.299007
3.171002 0.970378 0.303285 0.302837
3.126734 0.966988 0.316458 0.323840
3.083100 0.966903 0.314341 0.311533
3.141873 0.968763 0.309244 0.303954
3.106337 0.976844 0.299738 0.304178
3.088405 0.970787 0.302718 0.298222
3.155221 0.972400 0.319148 0.317768
3.151851 0.966090 0.319677 0.321602
3.128045 0.965941 0.311782 0.302559
3.178181 0.972716 0.310922 0.313987
3.224118 0.977359 0.311113 0.309112
3.285876 0.989043 0.306027 0.306401
3.181739 0.970349 0.313976 0.308835
3.149850 0.967421 0.310976 0.307186
3.141584 0.969646 0.312493 0.319392
3.100300 0.967337 0.308293 0.299661
3.065185 0.964868 0.320585 0.309890
3.071878 0.963492 0.316248 0.309269
3.146682 0.972527 0.300473 0.303713
3.205084 0.966499 0.315239 0.307939
3.202253 0.970362 0.297045 0.300354
3.137115 0.969386 0.298111 0.289690
3.151289 0.975994 0.298198 0.304230
3.146402 0.970521 0.312354 0.314591
3.106117 0.968197 0.308231 0.295235
3.124874 0.969797 0.311955 0.307461
3.137800 0.973282 0.302597 0.306873
3.115264 0.972141 0.299406 0.298176
3.123111 0.970389 0.304464 0.295239
3.213329 0.971168 0.310041 0.308875
3.151439 0.971634 0.308963 0.301033
3.179570 0.971372 0.308286 0.305878
3.153430 0.970735 0.308151 0.303683
3.065945 0.966389 0.315404 0.308275
3.121510 0.971560 0.312441 0.324877
3.083947 0.970449 0.308333 0.298869
3.111126 0.963233 0.318942 0.321827
3.139707 0.970254 0.301029 0.293974
3.126784 0.968651 0.291347 0.278948
3.068230 0.959124 0.320494 0.299022
3.108255 0.964927 0.313814 0.319114
3.129661 0.973276 0.301875 0.298318
3.156017 0.966438 0.299007 0.304905
3.116305 0.972429 0.298277 0.298551
