3.158943 0.968426 0.292583 0.285548
3.142887 0.965366 0.314265 0.306786
3.142697 0.968176 0.306178 0.309065
3.178526 0.970007 0.303898 0.303083
3.183884 0.983036 0.287063 0.285534
3.203901 0.974619 0.301659 0.297154
3.225547 0.974782 0.304444 0.301920
3.119108 0.971866 0.301583 0.302333
3.152528 0.970507 0.304923 0.306818
3.132652 0.967403 0.308565 0.303103
3.135815 0.978700 0.293839 0.301700
3.172899 0.971730 0.291035 0.285675
3.117607 0.971336 0.297216 0.305816
3.168808 0.967223 0.307321 0.309486
3.270634 0.984584 0.304061 0.303211
3.206280 0.985350 0.292671 0.302061
3.206075 0.980542 0.294591 0.296170
3.145365 0.972909 0.304437 0.299683
3.158641 0.976879 0.296238 0.286685
3.136947 0.971521 0.296553 0.301031
3.160924 0.975602 0.292933 0.295475
3.129768 0.979144 0.294935 0.302270
3.213465 0.979426 0.288705 0.287604
3.170864 0.972705 0.306791 0.308001
3.171067 0.969149 0.308347 0.304625
3.124588 0.964249 0.317420 0.325641
3.119923 0.969303 0.306490 0.305910
3.168000 0.979583 0.301033 0.293145
3.147080 0.972349 0.311861 0.314172
3.135291 0.969673 0.310146 0.309009
3.140990 0.971541 0.303626 0.306732
3.068917 0.969773 0.305846 0.296189
3.102853 0.964414 0.311967 0.315401
3.095714 0.969901 0.301687 0.304796
3.146736 0.968864 0.308410 0.298912
3.148032 0.966923 0.308811 0.297143
3.122213 0.965969 0.303767 0.309504
3.166911 0.972482 0.299063 0.299231
3.185840 0.967572 0.303140 0.297950
3.124636 0.965068 0.313436 0.321646
3.144701 0.973237 0.302100 0.297989
3.113198 0.970661 0.305602 0.308213
3.130994 0.973734 0.300437 0.297910
3.213799 0.977717 0.294802 0.300762
3.106171 0.964216 0.311715 0.288197
3.121401 0.965443 0.321698 0.319528
3.158177 0.969992 0.305318 0.299343
3.179718 0.978093 0.295047 0.298134
3.145080 0.967099 0.314377 0.313192
3.153590 0.962767 0.318523 0.322731
3.165741 0.964002 0.318872 0.319400
3.103116 0.959792 0.316616 0.313104
3.180899 0.975581 0.290145 0.290402
3.156733 0.973859 0.297612 0.305476
3.169622 0.979038 0.291406 0.298196
3.037214 0.965702 0.308808 0.298553
3.117454 0.963582 0.309194 0.297100
3.164235 0.974131 0.287577 0.283912
3.145662 0.972520 0.298942 0.304847
3.089771 0.971023 0.305845 0.308645
3.180150 0.977835 0.297637 0.294609
3.151944 0.972084 0.312416 0.314494
3.085204 0.963868 0.312609 0.313238
3.243525 0.977585 0.316723 0.310056
3.146919 0.972957 0.304268 0.303288
3.155515 0.970909 0.310294 0.311205
3.121018 0.968715 0.308708 0.301326
3.181811 0.975047 0.301834 0.296016
3.131992 0.963023 0.321758 0.316780
3.073332 0.965660 0.311728 0.308748
3.116518 0.967804 0.301635 0.298603
3.146890 0.977635 0.299383 0.301132
3.158840 0.972090 0.305359 0.311375
3.151397 0.964484 0.307146 0.299270
3.140241 0.973143 0.316062 0.316402
3.212592 0.975094 0.298164 0.299719
3.144844 0.968625 0.304228 0.300105
3.221203 0.975089 0.298203 0.287958
3.223210 0.976007 0.309592 0.319299
3.177162 0.976102 0.297733 0.296073
3.180258 0.977061 0.300817 0.307106
3.135693 0.970457 0.308632 0.305804
3.228461 0.981671 0.304447 0.299762
3.209434 0.977956 0.288345 0.287744
3.209097 0.976338 0.298907 0.299540
3.131999 0.968690 0.303111 0.295160
3.155130 0.971050 0.298382 0.301733
3.210965 0.968050 0.306831 0.307436
3.217790 0.976774 0.290147 0.281500
3.083826 0.966869 0.321691 0.323845
3.114758 0.969141 0.320910 0.323125
3.117028 0.969223 0.307880 0.307947
3.141435 0.969334 0.306709 0.302024
3.063947 0.968903 0.312322 0.306940
3.187690 0.972594 0.313435 0.313421
3.183519 0.976526 0.296155 0.297309
3.091551 0.971964 0.303166 0.302415
3.135587 0.968382 0.300082 0.294390
3.174372 0.978217 0.293186 0.293347
3.142971 0.968106 0.310652 0.312265
3.145588 0.968595 0.305374 0.311462
3.080374 0.970096 0.312556 0.300988
3.089724 0.967118 0.312370 0.315142
3.065553 0.966224 0.304417 0.296589
3.157126 0.966330 0.322631 0.322041
3.141363 0.969128 0.320222 0.316069
3.241356 0.969964 0.317996 0.315100
3.166138 0.972146 0.305160 0.302760
3.092085 0.969206 0.308495 0.311254
3.094721 0.976269 0.296765 0.302180
3.214018 0.974117 0.304404 0.306625
3.150228 0.975972 0.297759 0.295899
3.127313 0.975102 0.293684 0.295001
3.101056 0.967966 0.308947 0.300177
2.994972 0.964170 0.325738 0.328291
3.107974 0.969357 0.305036 0.304586
3.066437 0.963539 0.312526 0.315528
3.169384 0.975214 0.286216 0.289807
3.128270 0.973088 0.309045 0.316666
3.097124 0.971471 0.306713 0.309296
3.118502 0.966229 0.312805 0.302947
3.133473 0.965215 0.304172 0.294189
3.131562 0.970610 0.303551 0.312709
3.057021 0.970999 0.302013 0.292723
3.139943 0.978684 0.299563 0.305696
3.139138 0.970711 0.300338 0.300141
3.205456 0.977104 0.292508 0.291338
3.117347 0.970024 0.299424 0.303422
3.172624 0.978507 0.286423 0.281990
3.165273 0.974539 0.290343 0.290356
3.106661 0.969856 0.301846 0.300823
3.177734 0.971420 0.310403 0.309265
3.191084 0.974017 0.307731 0.309167
3.203326 0.978658 0.300536 0.297105
3.203959 0.974372 0.302648 0.305565
3.257574 0.972365 0.302228 0.294591
3.172681 0.971590 0.298161 0.305491
3.099111 0.959089 0.319308 0.320334
3.149459 0.969782 0.296237 0.279894
