3.156575 0.969886 0.306377 0.307343
3.043890 0.967985 0.315587 0.308034
3.068368 0.962217 0.308400 0.294948
3.109635 0.961504 0.310447 0.315223
3.211236 0.967785 0.301780 0.294694
3.271326 0.978880 0.306180 0.305386
3.147906 0.966118 0.313342 0.319300
3.135825 0.962574 0.310694 0.310392
3.105299 0.965936 0.309269 0.300388
3.155364 0.970346 0.313073 0.315488
3.148497 0.969705 0.304908 0.297313
3.149817 0.967351 0.310640 0.313317
3.223065 0.974517 0.313869 0.319932
3.067932 0.973142 0.305498 0.306534
3.163860 0.968249 0.314324 0.317752
3.117186 0.965651 0.321491 0.317422
3.117579 0.975007 0.295736 0.304361
3.056935 0.957957 0.323990 0.319357
3.082828 0.959788 0.315328 0.299208
3.173666 0.966210 0.311834 0.315217
3.138775 0.966115 0.319779 0.315338
3.147998 0.972102 0.297781 0.298876
3.197285 0.967806 0.305188 0.302135
3.172942 0.970925 0.308442 0.305237
3.211959 0.978675 0.292149 0.289270
3.149560 0.967543 0.307946 0.306934
3.136656 0.969025 0.309533 0.300117
3.178926 0.975131 0.298140 0.305959
3.202599 0.982065 0.282175 0.284371
3.212872 0.984039 0.284347 0.286419
3.023080 0.956645 0.323598 0.325215
3.142122 0.974138 0.303271 0.307608
3.142122 0.974138 0.299161 0.298722
3.109971 0.961777 0.315389 0.319615
3.029913 0.969216 0.312811 0.311026
3.166557 0.966734 0.316933 0.309078
3.245436 0.972395 0.320834 0.324487
3.214150 0.973122 0.299192 0.299979
3.094993 0.963484 0.304379 0.298421
3.089864 0.966895 0.296738 0.287434
3.157572 0.969880 0.302461 0.296692
3.158587 0.974535 0.301435 0.302904
3.154493 0.976597 0.294531 0.301417
3.194046 0.977556 0.299350 0.308393
3.151337 0.972280 0.305352 0.302521
3.186775 0.981986 0.282641 0.292742
3.197657 0.982080 0.295848 0.297714
3.150990 0.971781 0.297196 0.291839
3.134935 0.970036 0.317563 0.318220
3.130873 0.974470 0.295534 0.292314
3.199424 0.978406 0.285901 0.290526
3.211597 0.982016 0.293774 0.290715
3.193074 0.977642 0.297932 0.292182
3.174725 0.975813 0.304651 0.305966
3.143698 0.971768 0.309550 0.306374
3.156584 0.971002 0.315833 0.317410
3.177487 0.973718 0.296342 0.289021
3.155837 0.968638 0.304785 0.303262
3.230009 0.977239 0.308501 0.308780
3.227989 0.976489 0.305381 0.296204
3.209345 0.977626 0.292728 0.292311
3.180425 0.974571 0.306661 0.307221
3.191608 0.975522 0.296533 0.299439
3.116763 0.975630 0.301373 0.301452
3.165220 0.972668 0.307184 0.307987
3.105256 0.971616 0.301395 0.297083
3.147162 0.974476 0.294201 0.297342
3.067753 0.962558 0.312353 0.297173
3.115731 0.974278 0.302051 0.292502
3.086191 0.964283 0.319472 0.315467
3.152718 0.972700 0.300464 0.308245
3.201645 0.975993 0.292640 0.296586
3.172434 0.964972 0.314628 0.315146
3.155992 0.972023 0.309313 0.308439
3.042795 0.965268 0.318882 0.317095
3.087379 0.970571 0.308441 0.292760
3.136428 0.969658 0.306148 0.293695
3.112605 0.972867 0.312757 0.316020
3.115648 0.974847 0.301772 0.299006
3.129375 0.975243 0.298569 0.297906
3.136007 0.974184 0.303997 0.308244
3.067986 0.965632 0.315690 0.315018
3.145363 0.964763 0.312941 0.313433
3.089539 0.965626 0.312581 0.314959
3.102764 0.971261 0.301573 0.294606
3.108584 0.970983 0.311460 0.305127
3.100609 0.971786 0.304241 0.311313
3.194182 0.967497 0.316087 0.317409
3.213533 0.973417 0.293345 0.291871
3.125132 0.966364 0.311038 0.302657
3.132855 0.975082 0.304205 0.316325
3.056068 0.961833 0.313152 0.303960
3.078623 0.957078 0.315566 0.303331
3.187005 0.973217 0.303172 0.313275
3.173092 0.974661 0.307321 0.299485
3.191044 0.975608 0.298926 0.298641
3.135246 0.969055 0.305329 0.301392
3.168707 0.966040 0.305891 0.300177
3.164700 0.969987 0.292243 0.283112
3.159406 0.981080 0.294319 0.294579
3.100413 0.964261 0.316219 0.305548
3.182142 0.971102 0.309142 0.303767
3.169820 0.978579 0.300714 0.299754
3.186787 0.972030 0.303238 0.299104
3.140269 0.971702 0.309953 0.307942
3.161754 0.971591 0.302827 0.286499
3.146972 0.966889 0.305991 0.306522
3.181643 0.970755 0.297809 0.303211
3.177572 0.972378 0.318217 0.318243
3.116939 0.965017 0.316476 0.300555
3.137395 0.978405 0.296707 0.300261
3.115460 0.977788 0.299443 0.301592
3.138742 0.970615 0.299836 0.283855
3.199247 0.974118 0.299313 0.298127
3.098914 0.968221 0.302504 0.299785
3.153378 0.970214 0.307746 0.306812
3.147441 0.969603 0.298610 0.298265
3.197635 0.978120 0.293679 0.306993
3.148036 0.972050 0.301976 0.303681
3.174716 0.970626 0.310082 0.306268
3.160114 0.971860 0.294289 0.290855
3.141692 0.968562 0.308650 0.302956
3.197365 0.976091 0.302105 0.302472
3.257564 0.981020 0.298560 0.295986
3.159193 0.970824 0.301644 0.306442
3.176034 0.968225 0.306545 0.306432
3.174552 0.967417 0.306792 0.313195
3.167627 0.970869 0.297610 0.291333
3.189620 0.971081 0.295995 0.296059
3.134320 0.974813 0.308623 0.306082
3.144820 0.978271 0.303549 0.305595
3.191015 0.975497 0.307085 0.307572
3.164667 0.965587 0.315773 0.323444
3.066179 0.960568 0.307971 0.299606
3.168244 0.968235 0.301614 0.295995
3.110890 0.976298 0.304628 0.300021
3.071588 0.965690 0.320472 0.318445
3.082347 0.968129 0.313077 0.316858
