3.076887 0.964587 0.321699 0.315711
3.175626 0.969273 0.312446 0.306998
3.117732 0.971267 0.303846 0.297415
3.093978 0.971829 0.307156 0.302045
3.165429 0.975098 0.317416 0.314514
3.135339 0.970626 0.316258 0.313968
3.177749 0.963200 0.318239 0.309630
3.064122 0.958206 0.328880 0.326265
3.093144 0.964442 0.319561 0.316183
3.128235 0.973243 0.307138 0.309417
3.076131 0.963804 0.316869 0.319991
3.111006 0.967035 0.312698 0.311395
3.156632 0.971113 0.293931 0.297324
3.181105 0.969683 0.298812 0.300451
3.155142 0.964556 0.320694 0.320465
3.154201 0.970075 0.306528 0.314065
3.113358 0.969100 0.303792 0.306255
3.070593 0.959119 0.321266 0.322632
3.143880 0.967007 0.305916 0.301411
3.057863 0.958085 0.318371 0.314526
3.103036 0.967222 0.304047 0.311329
3.155784 0.979008 0.294225 0.288865
3.170353 0.975867 0.303654 0.296419
3.136994 0.967785 0.311274 0.312473
3.142583 0.969239 0.303756 0.298017
3.138690 0.967496 0.304736 0.307036
3.141003 0.972435 0.299697 0.314247
3.145524 0.966185 0.306490 0.303572
3.159481 0.971575 0.304365 0.295998
3.095378 0.967187 0.316047 0.316299
3.070230 0.965149 0.311862 0.311500
3.112775 0.967292 0.311979 0.293500
3.143577 0.969617 0.309204 0.301597
3.246254 0.978265 0.311684 0.310863
3.175030 0.968613 0.312842 0.307394
3.152497 0.970006 0.311602 0.310071
3.130957 0.967456 0.316479 0.312450
3.137592 0.968226 0.315127 0.307681
3.200225 0.972957 0.304823 0.305447
3.057015 0.969195 0.311276 0.303657
3.073082 0.970643 0.307370 0.309788
3.093926 0.968940 0.307428 0.301554
3.132697 0.972862 0.297663 0.294816
3.166734 0.974594 0.298098 0.292679
3.182638 0.978393 0.300108 0.303390
3.189000 0.974505 0.303268 0.307749
3.124361 0.971244 0.307285 0.308857
3.142424 0.966808 0.310471 0.305496
3.191888 0.968183 0.312013 0.313487
3.122733 0.969093 0.310175 0.312556
3.187172 0.973999 0.307298 0.300687
3.202660 0.985135 0.285963 0.285668
3.131176 0.979757 0.295814 0.296169
3.209703 0.981936 0.287311 0.288523
3.095033 0.970211 0.307920 0.303755
3.150927 0.963614 0.310180 0.309218
3.092416 0.970813 0.306831 0.302647
3.137090 0.969846 0.302138 0.300385
3.211026 0.975818 0.302660 0.303311
3.194350 0.972229 0.307074 0.306018
3.116395 0.976895 0.302833 0.307198
3.187152 0.975929 0.297645 0.295501
3.168237 0.970550 0.311928 0.308628
3.103689 0.969738 0.302017 0.296846
3.095704 0.970960 0.306427 0.299335
3.236628 0.978817 0.306340 0.304403
3.170809 0.968926 0.309103 0.310683
3.095229 0.959683 0.329095 0.326649
3.114941 0.967329 0.316058 0.312473
3.093324 0.965734 0.316311 0.315558
3.096370 0.967300 0.306854 0.305803
3.133815 0.968747 0.311766 0.317449
3.127505 0.966925 0.313584 0.305530
3.106152 0.968868 0.303798 0.302921
3.079891 0.969648 0.300887 0.293048
3.083585 0.966178 0.319000 0.327208
3.105580 0.962488 0.315509 0.317589
3.246952 0.972826 0.316800 0.329717
3.190703 0.974000 0.294198 0.287751
3.164309 0.971083 0.293654 0.301460
3.109643 0.976300 0.290493 0.286947
3.080794 0.967646 0.304422 0.301210
3.103776 0.969478 0.302025 0.303905
3.120383 0.975129 0.299680 0.306934
3.115895 0.966034 0.309306 0.303133
3.033817 0.961267 0.316178 0.299135
3.155728 0.973443 0.309706 0.311464
3.155843 0.973790 0.301474 0.296686
3.169726 0.974190 0.303265 0.304338
3.181406 0.971682 0.298465 0.300909
3.175683 0.971088 0.303545 0.301256
3.068130 0.964270 0.317169 0.308490
3.100676 0.963516 0.311307 0.318065
3.242397 0.981039 0.311513 0.304932
3.151513 0.964815 0.311742 0.304584
3.151513 0.964815 0.314768 0.307823
3.198081 0.967431 0.309349 0.309560
3.240832 0.972203 0.313926 0.320407
3.262810 0.979497 0.310380 0.307604
3.159813 0.971099 0.297424 0.294359
3.125812 0.967921 0.306138 0.301829
3.097180 0.973982 0.306678 0.305493
3.106133 0.972555 0.303829 0.295412
3.121813 0.972561 0.308985 0.314589
3.150448 0.973630 0.309117 0.306481
3.147147 0.972679 0.306720 0.310755
3.195278 0.969626 0.307745 0.302238
3.201319 0.972553 0.300074 0.295230
3.218546 0.972090 0.313138 0.306983
3.238367 0.975615 0.306688 0.306276
3.141976 0.971315 0.307965 0.302899
3.083617 0.959766 0.327470 0.326760
3.183394 0.967695 0.313750 0.305646
3.156527 0.975931 0.298722 0.298183
3.204938 0.975403 0.300196 0.305073
3.208459 0.979804 0.286719 0.280910
3.176246 0.970568 0.304497 0.304504
3.167981 0.963688 0.312716 0.306928
3.190018 0.971472 0.300022 0.294960
3.131877 0.968223 0.304093 0.301734
3.118617 0.972382 0.307155 0.303588
3.073686 0.967364 0.312351 0.316501
3.145336 0.969414 0.305088 0.304722
3.106783 0.968232 0.312218 0.314692
3.166806 0.972220 0.306895 0.300660
3.125126 0.974785 0.303557 0.306246
3.170395 0.979999 0.293864 0.293499
3.143356 0.973066 0.303299 0.289498
3.104867 0.974857 0.294313 0.299780
3.103727 0.974824 0.299402 0.297193
3.061502 0.961656 0.318055 0.306579
3.184948 0.972101 0.308450 0.301832
3.136392 0.975689 0.301964 0.294596
3.089666 0.969408 0.315904 0.314920
3.090366 0.962899 0.311169 0.314925
3.164406 0.971721 0.303905 0.299732
3.207600 0.975001 0.301304 0.305090
3.189721 0.973656 0.308120 0.315690
3.144637 0.973988 0.303107 0.298887
