3.204271 0.974111 0.305031 0.302221
3.059614 0.966491 0.312775 0.304714
3.059130 0.963305 0.313227 0.295416
3.044076 0.958148 0.315861 0.300901
3.184253 0.962991 0.306791 0.306320
3.100523 0.976835 0.299900 0.298330
3.161985 0.969949 0.303228 0.306401
3.270872 0.977316 0.297695 0.294921
3.161749 0.970620 0.303703 0.302364
3.146065 0.970149 0.316210 0.318424
3.173967 0.969861 0.306152 0.300824
3.113814 0.959631 0.319659 0.320457
3.138836 0.968275 0.311701 0.295210
3.206858 0.970659 0.312560 0.304034
3.139136 0.961940 0.311498 0.299565
3.118281 0.971240 0.307043 0.303024
3.080414 0.969457 0.310208 0.307371
3.056675 0.964662 0.312926 0.310583
3.193849 0.979066 0.285516 0.292000
3.123259 0.974081 0.302680 0.303067
3.144507 0.978656 0.291524 0.293393
3.172487 0.975653 0.287803 0.285619
3.173280 0.967487 0.311154 0.307404
3.149983 0.972036 0.308988 0.313678
3.151678 0.970062 0.306220 0.304362
3.184868 0.965366 0.316810 0.315967
3.151427 0.963258 0.314743 0.316608
3.143320 0.964521 0.315746 0.307242
3.029585 0.967615 0.309916 0.303949
3.036313 0.967904 0.316387 0.320223
3.153867 0.976741 0.304842 0.295605
3.216940 0.985655 0.307222 0.314052
3.118480 0.975556 0.307197 0.301091
3.110044 0.974868 0.304502 0.309468
3.140884 0.972677 0.304224 0.308580
3.137986 0.967118 0.302912 0.304628
3.193910 0.973258 0.295256 0.298301
3.233601 0.977923 0.301243 0.310632
3.201697 0.974502 0.301835 0.293456
3.216023 0.982128 0.283319 0.289450
3.120279 0.973610 0.295739 0.301375
3.118519 0.971217 0.295687 0.292777
3.163804 0.973898 0.298919 0.299887
3.193442 0.973901 0.289711 0.294418
3.189851 0.964858 0.294592 0.287522
3.147008 0.973218 0.291613 0.292872
3.145951 0.974045 0.299380 0.302316
3.154373 0.975614 0.302054 0.299433
3.170263 0.969998 0.301538 0.295959
3.181640 0.973510 0.301546 0.294889
3.162575 0.970713 0.315551 0.315392
3.112003 0.962664 0.311752 0.302004
3.150976 0.963723 0.308470 0.306238
3.172392 0.975690 0.296207 0.297446
3.137198 0.975454 0.292201 0.299159
3.111334 0.971723 0.306153 0.310400
3.088512 0.965660 0.310007 0.309680
3.085643 0.965633 0.312495 0.306547
3.195662 0.979723 0.296026 0.292013
3.182357 0.978830 0.296139 0.298387
3.192949 0.979502 0.288747 0.290071
3.069505 0.969472 0.299652 0.290432
3.130717 0.966472 0.311780 0.304015
3.152889 0.969801 0.309799 0.305687
3.204148 0.971040 0.301328 0.296044
3.253159 0.980052 0.306782 0.306252
3.140473 0.974676 0.311832 0.313014
3.163778 0.976313 0.297961 0.296657
3.119437 0.968396 0.308602 0.314118
3.111411 0.968700 0.309372 0.305990
3.101494 0.964943 0.321689 0.310113
3.150939 0.968520 0.319710 0.321117
3.140180 0.966812 0.319964 0.317378
3.154833 0.970042 0.314165 0.309095
3.119985 0.980411 0.295937 0.299533
3.092007 0.975959 0.286977 0.288988
3.144954 0.970278 0.313177 0.310672
3.128705 0.967372 0.315105 0.321971
3.111137 0.974560 0.300063 0.297215
3.114444 0.974120 0.304065 0.297284
3.203835 0.975610 0.299194 0.303981
3.197363 0.972348 0.299997 0.304008
3.159114 0.963781 0.306190 0.293626
3.132594 0.964572 0.298771 0.288993
3.115581 0.963264 0.308810 0.289690
3.128888 0.970310 0.307914 0.311023
3.145458 0.969562 0.316570 0.325870
3.142878 0.962664 0.316577 0.311035
3.172620 0.969094 0.304770 0.302257
3.160992 0.965781 0.310679 0.308907
3.163763 0.975747 0.307367 0.309849
3.129303 0.973837 0.304477 0.306149
3.186309 0.972680 0.304980 0.304628
3.226755 0.981228 0.303192 0.300392
3.220077 0.981188 0.304543 0.298632
3.268950 0.982678 0.302016 0.299233
3.207267 0.982623 0.302222 0.305020
3.237566 0.977777 0.296672 0.291815
3.181894 0.976160 0.306040 0.311406
3.131848 0.970948 0.303086 0.291257
3.126133 0.965097 0.309741 0.305088
3.164836 0.965688 0.309699 0.306586
3.142260 0.964450 0.311988 0.312787
3.162093 0.970014 0.310588 0.312989
3.240929 0.973553 0.309218 0.310572
3.234457 0.977688 0.310275 0.312453
3.279487 0.982649 0.301057 0.287310
3.159349 0.969758 0.303919 0.306710
3.096474 0.970707 0.298103 0.292849
3.092117 0.967485 0.306331 0.310702
3.059854 0.965865 0.302038 0.288823
3.046424 0.968930 0.302089 0.293063
3.059893 0.967587 0.307016 0.312560
3.181410 0.968512 0.304471 0.302696
3.100403 0.965398 0.322342 0.327482
3.064008 0.972041 0.305243 0.298361
3.110273 0.975434 0.300347 0.296028
3.054429 0.967167 0.310590 0.302134
3.028987 0.962744 0.316603 0.305106
3.111894 0.979165 0.287226 0.287945
3.172458 0.975789 0.290982 0.292372
3.211672 0.974730 0.296147 0.297692
3.209714 0.975588 0.295120 0.289771
3.190449 0.969390 0.315243 0.313243
3.135228 0.964060 0.309138 0.309398
3.185800 0.977788 0.293958 0.298552
3.128022 0.966365 0.314877 0.310278
3.145695 0.973501 0.309756 0.311884
3.158947 0.966656 0.308042 0.301757
3.192876 0.969576 0.309693 0.308577
3.116639 0.967485 0.309409 0.303377
3.150378 0.971800 0.299551 0.298338
3.155026 0.971049 0.295778 0.298365
3.156496 0.969651 0.315763 0.317036
3.156453 0.968559 0.313678 0.311716
3.037441 0.964113 0.315243 0.307298
3.032262 0.967213 0.307180 0.303226
3.039429 0.973326 0.302783 0.291858
