3.133724 0.966831 0.317463 0.311554
3.098864 0.971905 0.304010 0.303730
3.050889 0.965697 0.315326 0.305344
3.134631 0.973791 0.299669 0.289111
3.059265 0.965628 0.308631 0.300959
3.116114 0.969360 0.315927 0.312501
3.135396 0.972542 0.307148 0.300931
3.159111 0.972333 0.302514 0.297977
3.138616 0.970464 0.301765 0.300190
3.061828 0.966647 0.311458 0.314343
3.083674 0.969336 0.317471 0.319468
3.083834 0.959787 0.315057 0.294144
3.150752 0.977428 0.294437 0.304846
3.139347 0.972661 0.294988 0.297543
3.089906 0.962350 0.313501 0.310873
3.111775 0.963204 0.306122 0.303890
3.171138 0.977437 0.294742 0.301119
3.153592 0.965035 0.309220 0.311001
3.191036 0.978978 0.293245 0.286992
3.102433 0.965628 0.327033 0.328865
3.130379 0.964947 0.315551 0.312486
3.146255 0.970805 0.295788 0.295039
3.173223 0.973571 0.300661 0.296104
3.091694 0.980187 0.290903 0.290069
3.027126 0.964419 0.305416 0.309429
3.090106 0.973467 0.308973 0.308326
3.103503 0.958763 0.324527 0.320453
3.051568 0.960303 0.317986 0.304376
3.096887 0.975310 0.287506 0.283486
3.113476 0.966726 0.312418 0.315269
3.176185 0.972757 0.296029 0.293173
3.206596 0.973408 0.300233 0.298880
3.174722 0.968134 0.299473 0.303206
3.119380 0.960253 0.322880 0.324929
3.123211 0.964585 0.317828 0.317556
3.132745 0.963325 0.320281 0.322922
3.179932 0.968152 0.296458 0.286445
3.168399 0.972091 0.301265 0.303196
3.221593 0.970707 0.298095 0.298226
3.219788 0.975072 0.300361 0.296194
3.117096 0.968132 0.306718 0.300539
3.209064 0.972893 0.297439 0.304729
3.215678 0.978530 0.291896 0.291743
3.142419 0.971704 0.310871 0.308000
3.177661 0.969263 0.304054 0.295286
3.109048 0.975482 0.294188 0.296338
3.216182 0.975845 0.292053 0.288224
3.120947 0.966847 0.302374 0.297638
3.146373 0.973794 0.304410 0.299537
3.090124 0.971020 0.307663 0.297513
3.158893 0.971902 0.304124 0.302077
3.174382 0.972159 0.307285 0.303517
3.180440 0.968768 0.303657 0.300791
3.141404 0.973980 0.292115 0.295478
3.208123 0.975737 0.301539 0.304974
3.143919 0.971543 0.308254 0.304136
3.185552 0.967561 0.306117 0.304875
3.130614 0.960692 0.317284 0.307236
3.128944 0.967558 0.307635 0.302474
3.120701 0.971838 0.309222 0.299690
3.131113 0.971005 0.307710 0.303394
3.149019 0.969806 0.311502 0.310777
3.160408 0.978692 0.297049 0.300314
3.138833 0.973447 0.302626 0.301393
3.108973 0.970786 0.306928 0.300522
3.163357 0.970718 0.300124 0.300278
3.110231 0.969986 0.300132 0.295324
3.099420 0.968230 0.298120 0.304346
3.141817 0.964730 0.306886 0.301796
3.141322 0.962968 0.307648 0.301572
3.122312 0.960064 0.319439 0.314439
3.172818 0.967891 0.306934 0.300025
3.097870 0.971750 0.304519 0.307255
3.147032 0.969452 0.304563 0.300707
3.120584 0.971817 0.308477 0.314747
3.083921 0.961430 0.314794 0.313338
3.116287 0.967788 0.296725 0.302786
3.184259 0.968863 0.298929 0.306243
3.108117 0.975312 0.299023 0.303365
3.135963 0.972362 0.302825 0.306072
3.162710 0.970497 0.307798 0.308025
3.160340 0.976239 0.301255 0.302434
3.157777 0.976774 0.298373 0.299589
3.124029 0.963476 0.303001 0.288918
3.177324 0.968675 0.305739 0.302022
3.177411 0.969359 0.300871 0.290388
3.159163 0.972184 0.304301 0.303646
3.078289 0.970535 0.308007 0.314741
3.101919 0.969074 0.315432 0.326781
3.141326 0.972282 0.301085 0.302544
3.160026 0.973396 0.304601 0.299634
3.175774 0.974151 0.305374 0.302466
3.173500 0.970416 0.311304 0.315811
3.157556 0.969499 0.307513 0.305030
3.104984 0.969745 0.306546 0.299598
3.068927 0.971644 0.310155 0.314994
3.139152 0.983045 0.288459 0.286891
3.187559 0.972588 0.295222 0.296883
3.249793 0.976221 0.300079 0.312595
3.211117 0.977479 0.294633 0.300696
3.196658 0.968749 0.312052 0.308774
3.218367 0.976806 0.290210 0.290271
3.200077 0.971741 0.292131 0.289156
3.135557 0.975784 0.293763 0.301829
3.224531 0.984639 0.295041 0.296613
3.259059 0.981210 0.293251 0.293889
3.225839 0.975178 0.287854 0.283057
3.154508 0.970947 0.306168 0.310526
3.121428 0.975779 0.295998 0.306813
3.136933 0.972806 0.310821 0.309311
3.257141 0.979900 0.307843 0.310105
3.113526 0.966515 0.316815 0.307347
3.077659 0.959508 0.320700 0.293084
3.081845 0.963511 0.316161 0.318658
3.198211 0.975230 0.294918 0.292036
3.208649 0.974960 0.293080 0.290635
3.118428 0.975520 0.298371 0.300047
3.123128 0.963682 0.308008 0.307607
3.068572 0.964358 0.302600 0.298920
3.118389 0.968914 0.299339 0.310686
3.135508 0.972153 0.302833 0.304857
3.171850 0.970785 0.304327 0.307088
3.182438 0.970781 0.303464 0.304954
3.103559 0.971442 0.307328 0.314947
3.096524 0.968237 0.305646 0.290262
3.171287 0.966963 0.309445 0.296370
3.153816 0.965171 0.308197 0.292805
3.213804 0.974441 0.303279 0.300957
3.156133 0.973614 0.310395 0.312663
3.152118 0.963261 0.310012 0.308170
3.162223 0.960198 0.325483 0.313828
3.213355 0.973538 0.305779 0.305869
3.118925 0.962646 0.313177 0.304734
3.250353 0.976010 0.317696 0.318115
3.254059 0.971454 0.317591 0.317046
3.166158 0.969375 0.305261 0.310750
3.198587 0.966596 0.311969 0.305135
3.187368 0.977449 0.306693 0.306642
3.088665 0.960673 0.320226 0.315871
3.076887 0.964587 0.321699 0.315711
3.175626 0.969273 0.312446 0.306998
3.117732 0.971267 0.303846 0.297415
3.093978 0.971829 0.307156 0.302045
3.165429 0.975098 0.317416 0.314514
3.135339 0.970626 0.316258 0.313968
3.177749 0.963200 0.318239 0.309630
3.064122 0.958206 0.328880 0.326265
3.093144 0.964442 0.319561 0.316183
3.128235 0.973243 0.307138 0.309417
3.076131 0.963804 0.316869 0.319991
3.111006 0.967035 0.312698 0.311395
3.156632 0.971113 0.293931 0.297324
3.181105 0.969683 0.298812 0.300451
3.155142 0.964556 0.320694 0.320465
3.154201 0.970075 0.306528 0.314065
3.113358 0.969100 0.303792 0.306255
3.070593 0.959119 0.321266 0.322632
3.143880 0.967007 0.305916 0.301411
3.057863 0.958085 0.318371 0.314526
3.103036 0.967222 0.304047 0.311329
3.155784 0.979008 0.294225 0.288865
3.170353 0.975867 0.303654 0.296419
3.136994 0.967785 0.311274 0.312473
3.142583 0.969239 0.303756 0.298017
3.138690 0.967496 0.304736 0.307036
3.141003 0.972435 0.299697 0.314247
3.145524 0.966185 0.306490 0.303572
3.159481 0.971575 0.304365 0.295998
3.095378 0.967187 0.316047 0.316299
3.070230 0.965149 0.311862 0.311500
3.112775 0.967292 0.311979 0.293500
3.143577 0.969617 0.309204 0.301597
3.246254 0.978265 0.311684 0.310863
3.175030 0.968613 0.312842 0.307394
3.152497 0.970006 0.311602 0.310071
3.130957 0.967456 0.316479 0.312450
3.137592 0.968226 0.315127 0.307681
3.200225 0.972957 0.304823 0.305447
3.057015 0.969195 0.311276 0.303657
3.073082 0.970643 0.307370 0.309788
3.093926 0.968940 0.307428 0.301554
3.132697 0.972862 0.297663 0.294816
3.166734 0.974594 0.298098 0.292679
3.182638 0.978393 0.300108 0.303390
3.189000 0.974505 0.303268 0.307749
3.124361 0.971244 0.307285 0.308857
3.142424 0.966808 0.310471 0.305496
3.191888 0.968183 0.312013 0.313487
3.122733 0.969093 0.310175 0.312556
3.187172 0.973999 0.307298 0.300687
3.202660 0.985135 0.285963 0.285668
3.131176 0.979757 0.295814 0.296169
3.209703 0.981936 0.287311 0.288523
3.095033 0.970211 0.307920 0.303755
3.150927 0.963614 0.310180 0.309218
3.092416 0.970813 0.306831 0.302647
3.137090 0.969846 0.302138 0.300385
3.211026 0.975818 0.302660 0.303311
3.194350 0.972229 0.307074 0.306018
3.116395 0.976895 0.302833 0.307198
3.187152 0.975929 0.297645 0.295501
3.168237 0.970550 0.311928 0.308628
3.103689 0.969738 0.302017 0.296846
3.095704 0.970960 0.306427 0.299335
3.236628 0.978817 0.306340 0.304403
3.170809 0.968926 0.309103 0.310683
3.095229 0.959683 0.329095 0.326649
3.114941 0.967329 0.316058 0.312473
3.093324 0.965734 0.316311 0.315558
3.096370 0.967300 0.306854 0.305803
3.133815 0.968747 0.311766 0.317449
3.127505 0.966925 0.313584 0.305530
3.106152 0.968868 0.303798 0.302921
3.079891 0.969648 0.300887 0.293048
3.083585 0.966178 0.319000 0.327208
3.105580 0.962488 0.315509 0.317589
3.246952 0.972826 0.316800 0.329717
3.190703 0.974000 0.294198 0.287751
3.164309 0.971083 0.293654 0.301460
3.109643 0.976300 0.290493 0.286947
3.080794 0.967646 0.304422 0.301210
3.103776 0.969478 0.302025 0.303905
3.120383 0.975129 0.299680 0.306934
3.115895 0.966034 0.309306 0.303133
3.033817 0.961267 0.316178 0.299135
3.155728 0.973443 0.309706 0.311464
3.155843 0.973790 0.301474 0.296686
3.169726 0.974190 0.303265 0.304338
3.181406 0.971682 0.298465 0.300909
3.175683 0.971088 0.303545 0.301256
3.068130 0.964270 0.317169 0.308490
3.100676 0.963516 0.311307 0.318065
3.242397 0.981039 0.311513 0.304932
3.151513 0.964815 0.311742 0.304584
3.151513 0.964815 0.314768 0.307823
3.198081 0.967431 0.309349 0.309560
3.240832 0.972203 0.313926 0.320407
3.262810 0.979497 0.310380 0.307604
3.159813 0.971099 0.297424 0.294359
3.125812 0.967921 0.306138 0.301829
3.097180 0.973982 0.306678 0.305493
3.106133 0.972555 0.303829 0.295412
3.121813 0.972561 0.308985 0.314589
3.150448 0.973630 0.309117 0.306481
3.147147 0.972679 0.306720 0.310755
3.195278 0.969626 0.307745 0.302238
3.201319 0.972553 0.300074 0.295230
3.218546 0.972090 0.313138 0.306983
3.238367 0.975615 0.306688 0.306276
3.141976 0.971315 0.307965 0.302899
3.083617 0.959766 0.327470 0.326760
3.183394 0.967695 0.313750 0.305646
3.156527 0.975931 0.298722 0.298183
3.204938 0.975403 0.300196 0.305073
3.208459 0.979804 0.286719 0.280910
3.176246 0.970568 0.304497 0.304504
3.167981 0.963688 0.312716 0.306928
3.190018 0.971472 0.300022 0.294960
3.131877 0.968223 0.304093 0.301734
3.118617 0.972382 0.307155 0.303588
3.073686 0.967364 0.312351 0.316501
3.145336 0.969414 0.305088 0.304722
3.106783 0.968232 0.312218 0.314692
3.166806 0.972220 0.306895 0.300660
3.125126 0.974785 0.303557 0.306246
3.170395 0.979999 0.293864 0.293499
3.143356 0.973066 0.303299 0.289498
3.104867 0.974857 0.294313 0.299780
3.103727 0.974824 0.299402 0.297193
3.061502 0.961656 0.318055 0.306579
3.184948 0.972101 0.308450 0.301832
3.136392 0.975689 0.301964 0.294596
3.089666 0.969408 0.315904 0.314920
3.090366 0.962899 0.311169 0.314925
3.164406 0.971721 0.303905 0.299732
3.207600 0.975001 0.301304 0.305090
3.189721 0.973656 0.308120 0.315690
3.144637 0.973988 0.303107 0.298887
3.168123 0.970333 0.315324 0.310716
3.134691 0.965694 0.316344 0.316642
3.156638 0.971182 0.312735 0.308252
3.169347 0.970737 0.303297 0.299287
3.167628 0.980561 0.290653 0.300614
3.175644 0.975298 0.312903 0.311174
3.238912 0.977496 0.306689 0.300347
3.270098 0.978711 0.303588 0.295771
3.262555 0.981419 0.310040 0.308724
3.204661 0.970798 0.299446 0.296775
3.211116 0.978839 0.291695 0.292317
3.245548 0.984343 0.296633 0.301131
3.132526 0.976692 0.303778 0.305285
3.151466 0.977358 0.296059 0.285937
3.151876 0.969951 0.306169 0.303632
3.181579 0.976412 0.301451 0.293387
3.201690 0.971306 0.311270 0.307177
3.126766 0.970984 0.312808 0.313697
3.144789 0.972593 0.313157 0.317827
3.145908 0.968334 0.308049 0.309891
3.118906 0.967624 0.306373 0.310515
3.075387 0.964352 0.310683 0.303451
3.115072 0.973647 0.294083 0.291019
3.090758 0.967129 0.314035 0.311248
3.179608 0.965265 0.320358 0.321634
3.209802 0.970538 0.309616 0.307347
3.189444 0.971344 0.306614 0.313742
3.160398 0.971545 0.303487 0.300259
3.074564 0.962451 0.309003 0.302949
3.177757 0.972566 0.306538 0.305989
3.154447 0.973684 0.294181 0.284919
3.098196 0.969615 0.301287 0.282328
3.041155 0.965081 0.321858 0.322006
3.138007 0.965924 0.317792 0.312402
3.161723 0.969776 0.316437 0.326017
3.053275 0.966833 0.315839 0.309822
3.052502 0.968634 0.312317 0.311099
3.053506 0.961298 0.327604 0.309094
3.078088 0.963927 0.300581 0.284819
3.124593 0.974005 0.298498 0.299654
3.170645 0.973249 0.300388 0.296894
3.187179 0.977373 0.306791 0.303525
3.173210 0.971884 0.302483 0.298629
3.139563 0.958295 0.320912 0.319691
3.109433 0.967677 0.307633 0.307702
3.120801 0.972084 0.310542 0.310304
3.093498 0.968796 0.310793 0.319950
3.151059 0.966025 0.303090 0.294770
3.171108 0.962958 0.313194 0.312326
3.134957 0.967132 0.305567 0.304810
3.123716 0.968090 0.303194 0.310739
3.111743 0.966363 0.305930 0.307813
3.116030 0.965870 0.311775 0.311910
3.102943 0.969576 0.314812 0.307917
3.189103 0.977672 0.309946 0.313511
3.104972 0.979379 0.307117 0.296853
3.214014 0.977984 0.307772 0.304261
3.172226 0.977464 0.295171 0.296355
3.143763 0.973792 0.302598 0.308544
3.209021 0.970406 0.306625 0.314536
3.146115 0.968029 0.309221 0.299497
3.149453 0.972957 0.305467 0.305711
3.159058 0.967532 0.306632 0.297955
3.156476 0.974411 0.306950 0.310094
3.184796 0.975791 0.298528 0.298571
3.162843 0.973220 0.306526 0.306587
3.166938 0.966833 0.309158 0.307180
3.144887 0.970039 0.304407 0.307771
3.130077 0.966733 0.302095 0.297246
3.153791 0.967503 0.295648 0.281995
3.155425 0.961875 0.310249 0.309074
3.140626 0.962190 0.321135 0.324260
3.115554 0.965603 0.319123 0.310759
3.121764 0.962456 0.310176 0.303253
3.124278 0.963346 0.316759 0.307306
3.126728 0.976825 0.308539 0.306947
3.143387 0.966815 0.304433 0.306665
3.134717 0.969181 0.316853 0.315191
3.151634 0.977624 0.297340 0.305080
3.143302 0.972421 0.308724 0.306779
3.146400 0.969789 0.303803 0.306222
3.174060 0.970703 0.306522 0.311267
3.139411 0.971599 0.291405 0.288612
3.118730 0.965888 0.306830 0.304286
3.148144 0.971396 0.302528 0.298240
3.107770 0.970125 0.308695 0.312364
3.144869 0.973982 0.295729 0.303269
3.121041 0.970806 0.292126 0.295013
3.137482 0.972506 0.302853 0.302989
3.205365 0.969462 0.310440 0.307041
3.179449 0.975848 0.296416 0.303413
3.138216 0.973582 0.303358 0.304422
3.132165 0.972193 0.292226 0.289411
3.128252 0.975845 0.299145 0.304677
3.173048 0.968819 0.305879 0.302973
3.129740 0.971096 0.309673 0.311431
3.143453 0.969773 0.311637 0.319659
3.127462 0.971916 0.298939 0.303429
3.146585 0.968901 0.307446 0.303462
3.245229 0.976942 0.309144 0.312584
3.188355 0.971739 0.306308 0.302394
3.222008 0.969307 0.305214 0.305623
3.128899 0.972234 0.302544 0.306472
3.226385 0.983776 0.295369 0.290351
3.145894 0.979518 0.310195 0.320178
3.127430 0.975350 0.305338 0.310991
3.122504 0.974976 0.294642 0.294913
3.084916 0.967718 0.307912 0.305389
3.142000 0.974855 0.301839 0.302328
3.162296 0.979895 0.292361 0.295889
3.173509 0.974243 0.294420 0.292638
3.157212 0.968692 0.310365 0.304122
3.265566 0.974379 0.305343 0.293306
3.032311 0.959693 0.325114 0.316926
3.078670 0.964863 0.313437 0.312458
3.136511 0.974938 0.301344 0.296343
3.160681 0.983107 0.293041 0.301110
3.102067 0.967531 0.309194 0.299776
3.161989 0.973633 0.301228 0.289533
3.166418 0.974167 0.293492 0.289998
3.159801 0.970308 0.299358 0.298806
3.227455 0.977602 0.305257 0.307902
3.106472 0.969978 0.307980 0.317120
3.097889 0.970777 0.305081 0.304448
3.152661 0.965525 0.307944 0.305758
3.214537 0.973503 0.295852 0.299948
3.174105 0.967450 0.317180 0.312644
3.079901 0.966212 0.307023 0.300886
3.098322 0.963944 0.307719 0.292018
3.199987 0.977046 0.289845 0.292265
3.075682 0.970116 0.304775 0.312582
3.096474 0.973193 0.299377 0.295488
3.125514 0.968003 0.299367 0.302755
3.118701 0.968278 0.305578 0.305688
3.122128 0.967742 0.311321 0.318742
3.147488 0.976350 0.291412 0.290978
3.145250 0.976101 0.306701 0.309759
3.164632 0.973475 0.297881 0.297730
3.144816 0.974909 0.304138 0.297632
3.071149 0.975272 0.300190 0.296948
3.134315 0.974403 0.293718 0.290262
3.118319 0.968051 0.307241 0.305574
3.098792 0.963649 0.313632 0.303435
3.230746 0.974205 0.319680 0.320238
3.116437 0.973378 0.304452 0.304407
3.115723 0.971018 0.312477 0.313985
3.156755 0.967824 0.314439 0.315994
3.215941 0.970713 0.305118 0.312396
3.161697 0.968323 0.309524 0.303207
3.160134 0.970617 0.317826 0.320091
3.162521 0.967429 0.310470 0.307226
3.149358 0.965236 0.304400 0.304170
3.110880 0.970590 0.308380 0.310795
3.138347 0.974728 0.300567 0.297968
3.104202 0.970268 0.309737 0.302194
3.192652 0.974236 0.297541 0.291957
3.161955 0.969572 0.310617 0.308825
3.154858 0.973851 0.286686 0.273911
3.137810 0.975000 0.289290 0.293437
3.246644 0.975280 0.291621 0.296876
3.207899 0.972682 0.298273 0.292545
3.211763 0.970994 0.304325 0.301728
3.146048 0.965484 0.315915 0.314734
3.215077 0.975720 0.303203 0.307408
3.137330 0.967476 0.303686 0.304174
3.107856 0.965364 0.312038 0.317165
3.093563 0.971263 0.302663 0.302822
3.129501 0.973484 0.287203 0.284160
3.180219 0.972181 0.295596 0.301541
3.147338 0.971467 0.301587 0.308256
3.153957 0.973245 0.296494 0.308825
3.158148 0.961986 0.311907 0.299985
3.192081 0.974962 0.299538 0.295766
3.118846 0.965075 0.312473 0.304100
3.179925 0.968273 0.315699 0.319128
3.124813 0.970421 0.305280 0.308420
3.140281 0.977169 0.293014 0.294310
3.154971 0.978883 0.299571 0.307865
3.085822 0.973596 0.300624 0.304970
3.083800 0.972652 0.294555 0.290394
3.083800 0.972652 0.298194 0.303375
3.200833 0.972361 0.296112 0.284334
3.202336 0.973339 0.297212 0.296017
3.124362 0.975245 0.295365 0.279104
3.169071 0.978343 0.296100 0.292232
3.167896 0.974730 0.296957 0.291212
3.144988 0.963735 0.315385 0.314998
3.162571 0.961232 0.316029 0.318272
3.112250 0.970500 0.307546 0.306399
3.093304 0.965095 0.318583 0.316331
3.175630 0.974288 0.295814 0.287424
3.116888 0.967843 0.305271 0.300514
3.146198 0.965484 0.311416 0.311421
3.179370 0.972876 0.298497 0.297213
3.175402 0.973621 0.292769 0.282243
3.142767 0.974859 0.304473 0.303774
3.134641 0.973251 0.296844 0.289016
3.264013 0.983224 0.307306 0.306866
3.139341 0.967635 0.306220 0.302501
3.159132 0.971837 0.303033 0.309500
3.105329 0.968802 0.318414 0.319003
3.185226 0.974050 0.300724 0.298984
3.198039 0.974377 0.304074 0.304439
3.219065 0.973017 0.301429 0.304064
3.169673 0.972608 0.309618 0.325719
3.113142 0.965640 0.321210 0.328920
3.111150 0.963434 0.320213 0.320710
3.075205 0.960026 0.314972 0.301224
3.163950 0.965140 0.308514 0.302100
3.146260 0.964876 0.310080 0.298172
3.157012 0.971989 0.293485 0.294759
3.166313 0.971661 0.305049 0.309917
3.167182 0.976296 0.295791 0.300190
3.182069 0.974853 0.300942 0.300677
3.121350 0.968449 0.303971 0.306357
3.081698 0.969137 0.305785 0.301695
3.151343 0.972965 0.295750 0.295113
3.148247 0.959573 0.318732 0.312752
3.151364 0.956483 0.330082 0.319970
3.149573 0.965824 0.315591 0.309925
3.203529 0.973832 0.303443 0.313036
3.121263 0.970190 0.313786 0.314993
3.207979 0.974067 0.299455 0.301533
3.037260 0.962276 0.310769 0.311018
3.132539 0.971509 0.302209 0.291876
3.004873 0.961389 0.328581 0.316742
3.050330 0.958812 0.321763 0.313649
3.161844 0.968167 0.310538 0.302708
3.148910 0.966530 0.315553 0.311776
3.145950 0.965679 0.309192 0.298681
3.157090 0.969415 0.307096 0.311617
3.148901 0.969503 0.305386 0.311598
3.053351 0.962130 0.315960 0.317239
3.097362 0.968668 0.302551 0.286094
3.098352 0.964885 0.316182 0.307836
3.118021 0.968270 0.305867 0.305949
3.101755 0.973484 0.295986 0.298568
3.170461 0.970262 0.307220 0.312550
3.155148 0.964822 0.309045 0.301048
3.125640 0.966007 0.308742 0.305916
3.154995 0.965579 0.310554 0.305831
3.218565 0.972362 0.306062 0.306390
3.147154 0.968645 0.303356 0.296714
3.089391 0.964003 0.314847 0.313187
3.196602 0.973102 0.301575 0.302965
3.210298 0.984283 0.289077 0.287716
3.146692 0.973270 0.305274 0.299585
3.139086 0.970364 0.307124 0.298860
3.089564 0.976164 0.307794 0.314335
3.194207 0.971714 0.309915 0.317427
3.159406 0.970300 0.310547 0.307725
3.188009 0.979038 0.288479 0.292982
3.198732 0.981471 0.291045 0.298803
3.178596 0.968055 0.316446 0.319779
3.199588 0.982267 0.297485 0.298300
3.179820 0.974660 0.297738 0.299294
3.175966 0.971769 0.298932 0.298095
3.105891 0.965334 0.318439 0.317182
3.124537 0.965564 0.314707 0.308561
3.210408 0.978523 0.294886 0.289704
3.228939 0.976656 0.298569 0.293585
3.146896 0.971024 0.307579 0.310317
3.176773 0.974269 0.310337 0.321679
3.184565 0.976827 0.289056 0.277269
3.158709 0.976121 0.295919 0.297353
3.128840 0.967676 0.303545 0.301400
3.095658 0.971193 0.295831 0.297877
3.111672 0.968251 0.297325 0.291534
3.102172 0.969426 0.299212 0.290910
3.238093 0.981421 0.307017 0.310474
3.209633 0.979821 0.285680 0.291041
3.173469 0.976324 0.301770 0.301132
3.240264 0.978027 0.305278 0.311439
3.183162 0.977152 0.288024 0.287634
3.090006 0.970023 0.299767 0.288500
3.100114 0.967452 0.313123 0.312056
3.168138 0.976033 0.298227 0.289645
3.072628 0.966625 0.317771 0.323889
3.071950 0.967066 0.309092 0.312039
3.167776 0.974148 0.309335 0.317055
3.145568 0.968226 0.305239 0.300800
3.139751 0.972040 0.306244 0.304375
3.137761 0.977435 0.296860 0.299536
3.193226 0.971943 0.292419 0.289318
3.244959 0.979035 0.292221 0.287044
3.241616 0.985228 0.299812 0.310541
3.224589 0.981526 0.298110 0.302685
3.115421 0.976766 0.294793 0.301292
3.146522 0.974889 0.295100 0.297245
3.189007 0.976267 0.295108 0.297888
3.105577 0.972760 0.298029 0.297011
3.164713 0.975561 0.305456 0.312012
3.090955 0.967292 0.314090 0.313927
3.079093 0.964425 0.325360 0.323922
3.130769 0.968035 0.307201 0.299023
3.113748 0.968865 0.297528 0.296328
3.213872 0.969841 0.300259 0.298748
3.116876 0.968143 0.302256 0.295313
3.145677 0.971847 0.306976 0.311072
3.118136 0.966310 0.302978 0.301051
3.100958 0.967688 0.309181 0.303953
3.077340 0.968676 0.306504 0.294442
3.248431 0.975953 0.308717 0.302165
3.119325 0.970888 0.306120 0.299619
3.135908 0.971292 0.312437 0.318757
3.146275 0.970261 0.300385 0.291512
3.169271 0.971189 0.306620 0.311123
3.170247 0.974923 0.301979 0.300213
3.176799 0.973435 0.303153 0.294494
3.065694 0.970411 0.308805 0.300643
3.073376 0.969888 0.303904 0.296842
3.150371 0.977648 0.293912 0.295515
3.210147 0.978898 0.294883 0.295900
3.120699 0.969579 0.307062 0.296005
3.128810 0.972241 0.301687 0.297610
3.136212 0.976158 0.297849 0.301168
3.127356 0.963429 0.304277 0.288250
3.109649 0.962625 0.318370 0.320617
3.178538 0.968746 0.309173 0.300719
3.125633 0.966490 0.314462 0.311949
3.055725 0.967951 0.312859 0.311339
3.012512 0.974637 0.294294 0.285233
3.010178 0.974300 0.300654 0.297733
3.141899 0.978332 0.292711 0.290344
3.114349 0.970547 0.303646 0.306836
3.124069 0.966768 0.317483 0.327137
3.170843 0.971271 0.314521 0.320455
3.222552 0.974472 0.305856 0.295233
3.273678 0.973507 0.309289 0.305050
3.178622 0.971077 0.304291 0.307500
3.167965 0.974615 0.302639 0.310652
3.150905 0.979634 0.295367 0.302268
3.076636 0.966148 0.325592 0.321926
3.123851 0.964280 0.306489 0.310184
3.109874 0.968060 0.304099 0.296636
3.114195 0.961931 0.319588 0.310808
3.131007 0.965936 0.308293 0.292792
3.052196 0.958686 0.315088 0.289595
3.154187 0.971252 0.315226 0.309881
3.176557 0.967735 0.309891 0.305562
3.161030 0.970260 0.308132 0.299293
3.094571 0.969072 0.310697 0.322552
3.028855 0.962308 0.322455 0.318693
3.147895 0.962212 0.317664 0.312421
3.161777 0.966282 0.312460 0.311111
3.072892 0.972776 0.304709 0.304520
3.130687 0.966252 0.312115 0.301840
3.124679 0.967818 0.305083 0.300082
3.192453 0.967934 0.295972 0.297814
3.124002 0.968646 0.297532 0.300451
3.205480 0.974679 0.283622 0.290477
3.119708 0.971933 0.300176 0.301022
3.154768 0.971027 0.308194 0.297528
3.221239 0.973797 0.311432 0.304549
3.236113 0.978388 0.305484 0.294345
3.159488 0.978939 0.293934 0.294992
3.113478 0.969015 0.315273 0.312126
3.106334 0.977640 0.298077 0.306049
3.091851 0.968448 0.311305 0.310765
3.116446 0.969717 0.303523 0.304445
3.125872 0.968676 0.313535 0.314791
3.134968 0.971412 0.307680 0.304926
3.105966 0.974129 0.305263 0.300649
3.128061 0.979196 0.297105 0.303322
3.182194 0.980695 0.299083 0.301848
3.089606 0.973307 0.307881 0.307420
3.165599 0.973987 0.299422 0.301820
3.080787 0.967301 0.312165 0.313966
3.094201 0.967319 0.316661 0.302102
3.071206 0.966634 0.322647 0.323037
3.051806 0.964726 0.312089 0.313122
3.162088 0.979289 0.305082 0.301712
3.112464 0.973589 0.296919 0.294586
3.080813 0.967523 0.311653 0.310658
3.091191 0.967280 0.303741 0.289943
3.174360 0.975821 0.301782 0.294154
3.138863 0.975954 0.300216 0.304124
3.175608 0.972769 0.298808 0.299711
3.177651 0.969742 0.311956 0.311859
3.147878 0.968246 0.311708 0.312611
3.189777 0.974792 0.296292 0.297845
3.139199 0.972871 0.309244 0.311884
3.157301 0.976885 0.293570 0.296597
3.083699 0.969043 0.308118 0.302378
3.133785 0.972521 0.301497 0.297794
3.135027 0.966537 0.309531 0.312714
3.153271 0.972804 0.303253 0.299584
3.139419 0.974900 0.306611 0.312603
3.187449 0.969996 0.310566 0.310176
3.061735 0.971840 0.296378 0.295316
3.120698 0.965318 0.312756 0.304122
3.152547 0.967488 0.298425 0.293320
3.118426 0.968428 0.304488 0.301030
3.098764 0.967821 0.320165 0.330622
3.090866 0.964205 0.309396 0.297550
3.108196 0.974069 0.304058 0.302730
3.122777 0.973935 0.298532 0.301975
3.139685 0.975007 0.301238 0.303118
3.205703 0.976119 0.297850 0.298059
3.118401 0.970309 0.303389 0.298302
3.126841 0.965889 0.318529 0.314232
3.150224 0.967993 0.314678 0.306409
3.126679 0.968436 0.312069 0.307737
3.134165 0.969047 0.312680 0.313309
3.142197 0.966811 0.310367 0.302972
3.153101 0.964371 0.315514 0.307927
3.148254 0.971395 0.308563 0.313183
3.139914 0.970703 0.306320 0.317741
3.126491 0.972148 0.299953 0.293035
3.183215 0.982374 0.289471 0.288668
3.182155 0.980118 0.294803 0.287866
3.130654 0.972006 0.299816 0.300511
3.175493 0.975781 0.295674 0.305615
3.274568 0.981429 0.300138 0.304372
3.134962 0.962632 0.302138 0.293638
3.144253 0.963337 0.310795 0.307499
3.064991 0.965189 0.306060 0.296982
3.158943 0.968426 0.292583 0.285548
3.142887 0.965366 0.314265 0.306786
3.142697 0.968176 0.306178 0.309065
3.178526 0.970007 0.303898 0.303083
3.183884 0.983036 0.287063 0.285534
3.203901 0.974619 0.301659 0.297154
3.225547 0.974782 0.304444 0.301920
3.119108 0.971866 0.301583 0.302333
3.152528 0.970507 0.304923 0.306818
3.132652 0.967403 0.308565 0.303103
3.135815 0.978700 0.293839 0.301700
3.172899 0.971730 0.291035 0.285675
3.117607 0.971336 0.297216 0.305816
3.168808 0.967223 0.307321 0.309486
3.270634 0.984584 0.304061 0.303211
3.206280 0.985350 0.292671 0.302061
3.206075 0.980542 0.294591 0.296170
3.145365 0.972909 0.304437 0.299683
3.158641 0.976879 0.296238 0.286685
3.136947 0.971521 0.296553 0.301031
3.160924 0.975602 0.292933 0.295475
3.129768 0.979144 0.294935 0.302270
3.213465 0.979426 0.288705 0.287604
3.170864 0.972705 0.306791 0.308001
3.171067 0.969149 0.308347 0.304625
3.124588 0.964249 0.317420 0.325641
3.119923 0.969303 0.306490 0.305910
3.168000 0.979583 0.301033 0.293145
3.147080 0.972349 0.311861 0.314172
3.135291 0.969673 0.310146 0.309009
3.140990 0.971541 0.303626 0.306732
3.068917 0.969773 0.305846 0.296189
3.102853 0.964414 0.311967 0.315401
3.095714 0.969901 0.301687 0.304796
3.146736 0.968864 0.308410 0.298912
3.148032 0.966923 0.308811 0.297143
3.122213 0.965969 0.303767 0.309504
3.166911 0.972482 0.299063 0.299231
3.185840 0.967572 0.303140 0.297950
3.124636 0.965068 0.313436 0.321646
3.144701 0.973237 0.302100 0.297989
3.113198 0.970661 0.305602 0.308213
3.130994 0.973734 0.300437 0.297910
3.213799 0.977717 0.294802 0.300762
3.106171 0.964216 0.311715 0.288197
3.121401 0.965443 0.321698 0.319528
3.158177 0.969992 0.305318 0.299343
3.179718 0.978093 0.295047 0.298134
3.145080 0.967099 0.314377 0.313192
3.153590 0.962767 0.318523 0.322731
3.165741 0.964002 0.318872 0.319400
3.103116 0.959792 0.316616 0.313104
3.180899 0.975581 0.290145 0.290402
3.156733 0.973859 0.297612 0.305476
3.169622 0.979038 0.291406 0.298196
3.037214 0.965702 0.308808 0.298553
3.117454 0.963582 0.309194 0.297100
3.164235 0.974131 0.287577 0.283912
3.145662 0.972520 0.298942 0.304847
3.089771 0.971023 0.305845 0.308645
3.180150 0.977835 0.297637 0.294609
3.151944 0.972084 0.312416 0.314494
3.085204 0.963868 0.312609 0.313238
3.243525 0.977585 0.316723 0.310056
3.146919 0.972957 0.304268 0.303288
3.155515 0.970909 0.310294 0.311205
3.121018 0.968715 0.308708 0.301326
3.181811 0.975047 0.301834 0.296016
3.131992 0.963023 0.321758 0.316780
3.073332 0.965660 0.311728 0.308748
3.116518 0.967804 0.301635 0.298603
3.146890 0.977635 0.299383 0.301132
3.158840 0.972090 0.305359 0.311375
3.151397 0.964484 0.307146 0.299270
3.140241 0.973143 0.316062 0.316402
3.212592 0.975094 0.298164 0.299719
3.144844 0.968625 0.304228 0.300105
3.221203 0.975089 0.298203 0.287958
3.223210 0.976007 0.309592 0.319299
3.177162 0.976102 0.297733 0.296073
3.180258 0.977061 0.300817 0.307106
3.135693 0.970457 0.308632 0.305804
3.228461 0.981671 0.304447 0.299762
3.209434 0.977956 0.288345 0.287744
3.209097 0.976338 0.298907 0.299540
3.131999 0.968690 0.303111 0.295160
3.155130 0.971050 0.298382 0.301733
3.210965 0.968050 0.306831 0.307436
3.217790 0.976774 0.290147 0.281500
3.083826 0.966869 0.321691 0.323845
3.114758 0.969141 0.320910 0.323125
3.117028 0.969223 0.307880 0.307947
3.141435 0.969334 0.306709 0.302024
3.063947 0.968903 0.312322 0.306940
3.187690 0.972594 0.313435 0.313421
3.183519 0.976526 0.296155 0.297309
3.091551 0.971964 0.303166 0.302415
3.135587 0.968382 0.300082 0.294390
3.174372 0.978217 0.293186 0.293347
3.142971 0.968106 0.310652 0.312265
3.145588 0.968595 0.305374 0.311462
3.080374 0.970096 0.312556 0.300988
3.089724 0.967118 0.312370 0.315142
3.065553 0.966224 0.304417 0.296589
3.157126 0.966330 0.322631 0.322041
3.141363 0.969128 0.320222 0.316069
3.241356 0.969964 0.317996 0.315100
3.166138 0.972146 0.305160 0.302760
3.092085 0.969206 0.308495 0.311254
3.094721 0.976269 0.296765 0.302180
3.214018 0.974117 0.304404 0.306625
3.150228 0.975972 0.297759 0.295899
3.127313 0.975102 0.293684 0.295001
3.101056 0.967966 0.308947 0.300177
2.994972 0.964170 0.325738 0.328291
3.107974 0.969357 0.305036 0.304586
3.066437 0.963539 0.312526 0.315528
3.169384 0.975214 0.286216 0.289807
3.128270 0.973088 0.309045 0.316666
3.097124 0.971471 0.306713 0.309296
3.118502 0.966229 0.312805 0.302947
3.133473 0.965215 0.304172 0.294189
3.131562 0.970610 0.303551 0.312709
3.057021 0.970999 0.302013 0.292723
3.139943 0.978684 0.299563 0.305696
3.139138 0.970711 0.300338 0.300141
3.205456 0.977104 0.292508 0.291338
3.117347 0.970024 0.299424 0.303422
3.172624 0.978507 0.286423 0.281990
3.165273 0.974539 0.290343 0.290356
3.106661 0.969856 0.301846 0.300823
3.177734 0.971420 0.310403 0.309265
3.191084 0.974017 0.307731 0.309167
3.203326 0.978658 0.300536 0.297105
3.203959 0.974372 0.302648 0.305565
3.257574 0.972365 0.302228 0.294591
3.172681 0.971590 0.298161 0.305491
3.099111 0.959089 0.319308 0.320334
3.149459 0.969782 0.296237 0.279894
3.146033 0.969457 0.302684 0.298538
3.150549 0.970430 0.307753 0.308354
3.134274 0.969124 0.304222 0.308495
3.148996 0.964610 0.304831 0.306493
3.129457 0.973990 0.304905 0.298751
3.181044 0.975495 0.301953 0.295355
3.132692 0.971324 0.297892 0.289216
3.142159 0.968760 0.311098 0.315014
3.113159 0.971811 0.301710 0.301448
3.164583 0.982808 0.277052 0.285314
3.218775 0.979313 0.292690 0.294160
3.191524 0.976013 0.301382 0.303953
3.181670 0.969215 0.312031 0.314619
3.132518 0.969069 0.304530 0.301990
3.121492 0.971487 0.305973 0.304566
3.100793 0.964458 0.320434 0.326753
3.149606 0.974324 0.296119 0.296354
3.058261 0.963043 0.314881 0.324486
3.144317 0.971874 0.297029 0.291913
3.183400 0.969792 0.306040 0.307899
3.197989 0.972463 0.297770 0.294202
3.138363 0.969535 0.309338 0.312679
3.116393 0.970164 0.315944 0.322429
3.140958 0.973046 0.305161 0.314797
3.134258 0.971425 0.304344 0.301316
3.171232 0.972894 0.296978 0.302044
3.149961 0.963599 0.308503 0.301359
3.159931 0.972799 0.299954 0.302508
3.133149 0.962893 0.312770 0.306876
3.093892 0.970145 0.296412 0.302472
3.096226 0.978413 0.293534 0.294770
3.143211 0.978001 0.303134 0.305685
3.145694 0.969910 0.320657 0.312677
3.140185 0.964518 0.319630 0.319237
3.133869 0.975813 0.304442 0.309444
3.032594 0.958622 0.304519 0.299715
3.044456 0.962031 0.308829 0.306327
3.035443 0.958145 0.316957 0.315835
3.103794 0.976627 0.293615 0.282316
3.110568 0.971418 0.308700 0.297389
3.141035 0.978725 0.304993 0.311143
3.084250 0.975012 0.305892 0.300180
3.176742 0.974673 0.293503 0.294711
3.093311 0.966874 0.311900 0.307919
3.112714 0.968862 0.300877 0.287752
3.113385 0.966149 0.312469 0.298005
3.186570 0.970623 0.312395 0.315252
3.172745 0.967847 0.309083 0.305582
3.049411 0.960443 0.322731 0.318668
3.101294 0.963559 0.307931 0.293870
3.098384 0.963684 0.311307 0.306231
3.103400 0.968225 0.312190 0.298602
3.161788 0.971907 0.306239 0.311932
3.117656 0.970357 0.301642 0.299869
3.169904 0.972570 0.309919 0.308463
3.061922 0.964603 0.319034 0.321065
3.067194 0.966317 0.320825 0.313798
3.226935 0.982425 0.318073 0.309691
3.214085 0.976712 0.298290 0.304898
3.145603 0.966278 0.310742 0.309043
3.132395 0.964730 0.314528 0.309182
3.080929 0.969799 0.311864 0.318025
3.097159 0.969367 0.301566 0.295926
3.073425 0.961621 0.317934 0.318526
3.129976 0.966264 0.308417 0.297345
3.167050 0.969645 0.308507 0.315037
3.137560 0.972888 0.296807 0.292156
3.167895 0.974606 0.308392 0.300531
3.196543 0.973073 0.294458 0.293719
3.212131 0.964682 0.313098 0.305064
3.135845 0.961556 0.326644 0.332826
3.155710 0.974435 0.304598 0.302537
3.188143 0.972707 0.311312 0.316547
3.138592 0.972308 0.309479 0.301919
3.167808 0.965660 0.307325 0.308690
3.130713 0.968855 0.302507 0.299369
3.152573 0.973289 0.294080 0.290329
3.152634 0.970688 0.306703 0.306824
3.045181 0.958743 0.323551 0.317377
3.119681 0.964266 0.314424 0.315611
3.146242 0.971136 0.313981 0.320646
3.160666 0.970160 0.302676 0.300484
3.093486 0.967998 0.306266 0.302669
3.106009 0.973054 0.306634 0.306114
3.166034 0.962916 0.312805 0.312092
3.184999 0.970702 0.311269 0.301540
3.223582 0.976680 0.312341 0.311499
3.104413 0.963557 0.308810 0.305198
3.187788 0.975662 0.299131 0.301414
3.114678 0.967188 0.312684 0.301967
3.118272 0.964551 0.321598 0.324053
3.177170 0.971837 0.307149 0.298654
3.133835 0.970603 0.313913 0.313265
3.165918 0.975671 0.303158 0.310364
3.126649 0.970015 0.315659 0.314195
3.158459 0.970003 0.315938 0.314316
3.133978 0.970262 0.300548 0.292913
3.216801 0.978571 0.296174 0.292992
3.156928 0.970027 0.305891 0.310057
3.135276 0.964893 0.312690 0.306493
3.143277 0.974193 0.309518 0.305940
3.178916 0.972732 0.304671 0.300260
3.158735 0.973345 0.298707 0.294447
3.095652 0.967809 0.301047 0.291702
3.125634 0.972438 0.304592 0.303620
3.177009 0.975221 0.292199 0.298109
3.216205 0.972708 0.302780 0.303215
3.076107 0.962967 0.319718 0.304260
3.097184 0.972440 0.300572 0.295230
3.132843 0.969147 0.303391 0.312085
3.115180 0.966500 0.310771 0.309243
3.124097 0.973071 0.307462 0.308523
3.177226 0.976737 0.294549 0.295319
3.188541 0.977978 0.303078 0.303765
3.168614 0.972172 0.300681 0.295370
3.153948 0.971887 0.308377 0.296894
3.148014 0.972623 0.305862 0.306006
3.124424 0.971480 0.305438 0.305388
3.134774 0.964433 0.319238 0.321038
3.149489 0.974144 0.305942 0.310022
3.192504 0.973081 0.303564 0.305873
3.147528 0.975028 0.298395 0.291783
3.174888 0.970991 0.310918 0.317263
3.203527 0.974594 0.310113 0.306595
3.153711 0.969926 0.302401 0.294312
3.126120 0.967741 0.312703 0.321301
3.122638 0.968265 0.299991 0.303803
3.101955 0.965881 0.304166 0.297778
3.150607 0.975952 0.308267 0.309870
3.062197 0.965558 0.319254 0.318149
3.093763 0.970646 0.306806 0.295257
3.152622 0.969353 0.304615 0.312219
3.193800 0.979434 0.291575 0.288434
3.144302 0.972289 0.292964 0.290311
3.177662 0.973936 0.295912 0.284000
3.063860 0.967249 0.316363 0.313939
3.118883 0.972592 0.301204 0.306689
3.189422 0.972815 0.309525 0.314937
3.188657 0.972603 0.309518 0.312749
3.205491 0.976478 0.305269 0.306300
3.207046 0.971825 0.310773 0.314958
3.207833 0.974196 0.300266 0.307428
3.166443 0.971341 0.300818 0.293613
3.265409 0.987976 0.300561 0.300382
3.264143 0.979220 0.305977 0.311121
3.272540 0.983225 0.300879 0.299321
3.180137 0.977925 0.298815 0.302186
3.170224 0.974242 0.312751 0.300841
3.217464 0.976831 0.296404 0.298658
3.216559 0.976514 0.304819 0.305976
3.152519 0.966160 0.315381 0.315538
3.167699 0.970773 0.302677 0.305091
3.120839 0.967943 0.307623 0.311588
3.154048 0.964015 0.305738 0.297548
3.102834 0.968418 0.297853 0.290047
3.107234 0.963467 0.310731 0.294219
3.244903 0.975449 0.319651 0.326040
3.136472 0.967557 0.326209 0.324343
3.172073 0.963814 0.319270 0.305277
3.144748 0.967327 0.318036 0.310376
3.118509 0.965838 0.318376 0.311703
3.210521 0.973501 0.300743 0.299123
3.066162 0.966634 0.309315 0.298270
3.203052 0.981021 0.297650 0.307267
3.155874 0.972379 0.297331 0.297007
3.041882 0.961112 0.317360 0.311484
3.035548 0.963090 0.325306 0.309244
3.141326 0.972002 0.310503 0.311073
3.129223 0.970108 0.300691 0.301079
3.059622 0.969078 0.301834 0.301380
3.140564 0.970251 0.301966 0.292729
3.171934 0.970102 0.298603 0.292963
3.150657 0.968162 0.305903 0.312948
3.161477 0.974179 0.299304 0.304067
3.132580 0.969013 0.311014 0.310095
3.128316 0.977364 0.297979 0.296178
3.134238 0.980479 0.293372 0.294851
3.190229 0.974196 0.311771 0.315777
3.065949 0.967178 0.309655 0.309574
3.055190 0.966725 0.309442 0.306180
3.081699 0.966246 0.304608 0.301647
3.091914 0.964747 0.312285 0.310043
3.178361 0.973477 0.301360 0.294772
3.126306 0.966927 0.318500 0.319077
3.152639 0.975123 0.299696 0.300475
3.096438 0.978735 0.297640 0.300728
3.091793 0.969464 0.314459 0.303848
3.178175 0.971051 0.303906 0.309799
3.151107 0.966969 0.302727 0.302550
3.159607 0.964517 0.309406 0.306911
3.178655 0.964726 0.310407 0.309591
3.204807 0.974543 0.302665 0.300320
3.199996 0.976529 0.301589 0.308119
3.081406 0.960238 0.315144 0.305184
3.091915 0.968883 0.309873 0.299105
3.151629 0.965333 0.320605 0.318356
3.125447 0.969770 0.305319 0.312709
3.144275 0.967387 0.309750 0.314452
3.134849 0.965756 0.312908 0.315988
3.065827 0.966922 0.317733 0.320794
3.079226 0.969656 0.310048 0.307514
3.077891 0.967146 0.322920 0.313215
2.983648 0.962777 0.328644 0.318318
3.099732 0.962179 0.322748 0.325579
3.157263 0.972725 0.294048 0.292401
3.124875 0.969864 0.305902 0.311615
3.161181 0.974451 0.302261 0.305763
3.190961 0.975385 0.294053 0.293219
3.173012 0.976359 0.287159 0.288432
3.207242 0.978339 0.290590 0.297516
3.147879 0.970635 0.302651 0.301225
3.159175 0.976066 0.293861 0.297473
3.189862 0.977990 0.293504 0.291232
3.180787 0.971752 0.306380 0.311894
3.229992 0.982224 0.302395 0.308740
3.127965 0.965433 0.308485 0.304118
3.159649 0.971446 0.307203 0.300634
3.178865 0.975136 0.298326 0.301481
3.139540 0.965013 0.315218 0.307714
3.163015 0.974535 0.310430 0.307794
3.135308 0.966526 0.321776 0.315266
3.133827 0.974526 0.297081 0.299062
3.135709 0.967161 0.307550 0.302802
3.108300 0.972234 0.297204 0.292565
3.186768 0.973302 0.298551 0.291074
3.126211 0.968456 0.303320 0.280168
3.085977 0.961962 0.316626 0.303149
3.151582 0.966641 0.315019 0.310096
3.181918 0.968898 0.297126 0.289450
3.143232 0.971543 0.311974 0.319146
3.244232 0.982988 0.308412 0.312224
3.095354 0.974229 0.305186 0.311651
3.096922 0.973500 0.302938 0.303394
3.164165 0.973110 0.296780 0.294099
3.126393 0.967452 0.306939 0.304245
3.071454 0.967330 0.310800 0.311285
3.166664 0.971730 0.298853 0.287811
3.164617 0.983924 0.293016 0.300999
3.207507 0.975224 0.303662 0.302137
3.121947 0.970028 0.309969 0.318455
3.132127 0.971976 0.311843 0.306293
3.197360 0.977973 0.294090 0.300989
3.098526 0.975683 0.304009 0.302211
3.124879 0.965938 0.322180 0.318031
3.162794 0.976692 0.314451 0.311216
3.162536 0.968792 0.315753 0.323163
3.172366 0.976395 0.293388 0.284501
3.141897 0.967408 0.305309 0.310201
3.189622 0.968088 0.305538 0.306566
3.177103 0.969085 0.307385 0.303817
3.125017 0.973796 0.302581 0.301357
3.122931 0.971121 0.298859 0.292531
3.098166 0.963738 0.311595 0.307288
3.151778 0.968345 0.310637 0.306664
3.217003 0.976289 0.297097 0.289040
3.178849 0.965578 0.323858 0.331050
3.129409 0.965008 0.313150 0.319581
3.119723 0.964534 0.316848 0.311243
3.112198 0.962578 0.323446 0.317470
3.070074 0.961172 0.325746 0.319716
3.153458 0.968874 0.312445 0.310598
3.049643 0.966713 0.317305 0.310551
3.168293 0.976613 0.290498 0.288341
3.177544 0.975012 0.295839 0.299414
3.176194 0.969399 0.303234 0.294019
3.146709 0.976082 0.308078 0.312194
3.198422 0.973399 0.303959 0.294883
3.066617 0.962095 0.314970 0.302923
3.140693 0.970450 0.298639 0.289500
3.112065 0.967021 0.312872 0.310837
3.115089 0.966881 0.311431 0.304781
3.128645 0.974181 0.292267 0.282877
3.158994 0.965554 0.314359 0.309989
3.245089 0.977262 0.315072 0.314085
3.183228 0.971540 0.297103 0.287603
3.181515 0.975104 0.299744 0.300564
3.182880 0.972942 0.309225 0.308491
3.157645 0.973377 0.299213 0.300318
3.155722 0.973881 0.299354 0.301081
3.214990 0.978074 0.299995 0.300644
3.107085 0.968482 0.314318 0.311885
3.113846 0.971236 0.310295 0.308576
3.033568 0.962143 0.320953 0.303024
3.061655 0.967154 0.314680 0.309713
3.204976 0.978397 0.297213 0.295895
3.207161 0.976055 0.297165 0.298415
3.153682 0.971816 0.304729 0.306494
3.137994 0.973473 0.300075 0.298090
3.073573 0.966693 0.316937 0.313086
3.152766 0.974435 0.297446 0.299871
3.157140 0.975208 0.299336 0.294094
3.181847 0.980754 0.294172 0.284419
3.060361 0.962943 0.315220 0.308939
3.187517 0.974223 0.306372 0.317005
3.111866 0.963713 0.315300 0.316695
3.156016 0.967835 0.308254 0.305325
3.201216 0.978870 0.299583 0.299156
3.170677 0.979092 0.301645 0.308836
3.186021 0.971430 0.305082 0.309472
3.211258 0.974591 0.300075 0.300642
3.158764 0.973596 0.312629 0.312984
3.098024 0.969042 0.312836 0.310063
3.126484 0.970987 0.312475 0.314496
3.160656 0.970606 0.303830 0.304752
3.084500 0.960769 0.318841 0.310214
3.115485 0.965259 0.306081 0.308183
3.075637 0.969878 0.307597 0.312227
3.140636 0.967141 0.311143 0.314604
3.143987 0.968171 0.298800 0.287791
3.099226 0.968592 0.304388 0.298376
3.110078 0.964294 0.303550 0.282147
3.186941 0.972087 0.301708 0.300935
3.122840 0.969526 0.301843 0.293455
3.142215 0.966720 0.311324 0.308883
3.194634 0.973921 0.304975 0.307833
3.112911 0.974013 0.300681 0.299363
3.166471 0.972208 0.308791 0.305743
3.172158 0.967747 0.315813 0.311823
3.124177 0.960256 0.318180 0.311319
3.075846 0.959993 0.318404 0.305706
3.099417 0.968019 0.307284 0.302947
3.127057 0.968756 0.305099 0.285891
3.134251 0.973703 0.304699 0.303131
3.034762 0.971446 0.308163 0.313475
3.012652 0.970198 0.311076 0.310113
3.001416 0.967843 0.312003 0.306018
3.106101 0.974537 0.307941 0.310062
3.110118 0.972435 0.308180 0.292369
3.092612 0.969385 0.322188 0.315093
3.068481 0.963772 0.320356 0.320252
3.154755 0.963148 0.301093 0.290467
3.193189 0.969708 0.306533 0.298716
3.171108 0.972202 0.295060 0.293872
3.041118 0.959924 0.313900 0.293032
3.030569 0.966003 0.306526 0.291492
3.172956 0.973706 0.303589 0.297846
3.194392 0.972397 0.308727 0.311035
3.085153 0.963311 0.309290 0.306334
3.171135 0.974347 0.306264 0.307324
3.207917 0.971165 0.306950 0.312473
3.081190 0.966494 0.308026 0.306618
3.092910 0.967903 0.303331 0.309505
3.134239 0.970557 0.311901 0.312380
3.145179 0.969127 0.316233 0.324436
3.132728 0.968064 0.314085 0.313961
3.085374 0.965700 0.306772 0.298559
3.141587 0.968235 0.304972 0.297098
3.171317 0.975036 0.298103 0.293346
3.145163 0.973970 0.309032 0.311366
3.120288 0.965480 0.315054 0.303435
3.064378 0.963561 0.315745 0.305875
3.051719 0.971715 0.301125 0.295852
3.193356 0.982531 0.280429 0.282047
3.224120 0.983838 0.284873 0.297074
3.225985 0.980194 0.279781 0.279590
3.194808 0.978036 0.293135 0.299268
3.143807 0.975059 0.288973 0.297847
3.138606 0.978366 0.285678 0.287195
3.141367 0.976487 0.290178 0.295624
3.090237 0.977819 0.295100 0.297839
3.185500 0.981637 0.286811 0.291377
3.269343 0.987055 0.283523 0.283812
3.181281 0.972976 0.302869 0.308002
3.157982 0.970012 0.310475 0.313153
3.082075 0.964594 0.326224 0.327855
3.213423 0.976810 0.307720 0.303554
3.132583 0.973292 0.300672 0.310707
3.089457 0.965448 0.314385 0.315103
3.161529 0.969501 0.310829 0.309337
3.222479 0.976384 0.306096 0.299976
3.232133 0.973534 0.309063 0.306486
3.228676 0.973115 0.307506 0.306554
3.192770 0.970466 0.310720 0.305789
3.125515 0.969635 0.307718 0.307499
2.998171 0.968685 0.303996 0.299358
3.025569 0.968867 0.304917 0.315951
3.149769 0.972395 0.299108 0.306699
3.110732 0.967684 0.299225 0.290609
3.148623 0.970063 0.310221 0.305517
3.132258 0.968817 0.314593 0.309113
3.173469 0.973542 0.305932 0.311669
3.209966 0.973160 0.296502 0.292937
3.130224 0.968500 0.316759 0.318024
3.119225 0.973668 0.307686 0.304719
3.118661 0.968332 0.318143 0.317447
3.131062 0.976181 0.292113 0.291546
3.188966 0.971625 0.301837 0.301949
3.145542 0.971709 0.303008 0.293392
3.115504 0.968681 0.317711 0.314938
3.179670 0.976729 0.304421 0.310115
3.133453 0.975747 0.293532 0.290038
3.126054 0.970913 0.301103 0.302066
3.217910 0.976288 0.290866 0.293013
3.145419 0.973636 0.291233 0.293754
3.138543 0.974360 0.301483 0.297404
3.149055 0.969128 0.313309 0.313081
3.192308 0.970491 0.309068 0.304583
3.071602 0.966954 0.304576 0.304205
3.202442 0.969001 0.306499 0.299656
3.099719 0.957225 0.318515 0.319172
3.075144 0.958173 0.322489 0.313641
3.071972 0.966445 0.311426 0.307878
3.181413 0.974723 0.304542 0.308635
3.212630 0.966818 0.302537 0.308701
3.232579 0.973013 0.305954 0.310003
3.152001 0.979842 0.298362 0.298167
3.175018 0.970304 0.301301 0.299879
3.153830 0.968094 0.310086 0.307418
3.193484 0.969574 0.304584 0.305596
3.148838 0.969799 0.311384 0.314480
3.139186 0.974940 0.306192 0.304212
3.077711 0.971690 0.300237 0.291502
3.164318 0.975367 0.308215 0.312839
3.097578 0.965301 0.315284 0.313968
3.167127 0.976108 0.302129 0.301384
3.196561 0.967238 0.308176 0.304227
3.173111 0.963338 0.321884 0.317980
3.144031 0.966234 0.316140 0.313259
3.119735 0.972178 0.311940 0.305732
3.130339 0.975401 0.305151 0.309875
3.198812 0.967519 0.309094 0.303452
3.147772 0.968167 0.305177 0.304529
3.206379 0.975017 0.302487 0.306368
3.130962 0.968991 0.306978 0.302969
3.139817 0.968609 0.309574 0.309245
3.107666 0.973276 0.299969 0.292823
3.188063 0.968792 0.309063 0.313113
3.212723 0.978205 0.289764 0.297999
3.201011 0.978577 0.291244 0.297373
3.179875 0.979527 0.289837 0.293748
3.151995 0.972697 0.298007 0.291261
3.172796 0.976542 0.292536 0.298978
3.158484 0.976811 0.296827 0.297135
3.083744 0.964199 0.314549 0.303631
3.164734 0.971388 0.306689 0.295722
3.179712 0.971101 0.312753 0.313463
3.191108 0.974244 0.298707 0.300094
3.140903 0.966503 0.311027 0.308594
3.221066 0.974038 0.308969 0.307567
3.212198 0.975448 0.304874 0.304831
3.136801 0.966535 0.313811 0.301607
3.105378 0.968570 0.305936 0.307417
3.183429 0.974238 0.305043 0.300008
3.103709 0.975696 0.303960 0.294130
3.104058 0.969287 0.317711 0.318940
3.150287 0.962258 0.318956 0.317525
3.155115 0.972186 0.299923 0.299919
3.165282 0.964802 0.310911 0.306353
3.260485 0.980235 0.310324 0.310853
3.119929 0.972077 0.307359 0.310678
3.149239 0.969796 0.311874 0.317671
3.148095 0.970364 0.303561 0.291254
3.137319 0.967589 0.309759 0.307131
3.165283 0.969257 0.309562 0.310552
3.119957 0.965807 0.309375 0.304795
3.146808 0.967872 0.314205 0.309290
3.079184 0.964232 0.318066 0.312511
3.151031 0.966243 0.301844 0.300741
3.078360 0.966865 0.307795 0.312626
3.117030 0.963650 0.303638 0.299636
3.175703 0.973709 0.287371 0.271810
3.175852 0.972311 0.304562 0.304937
3.135768 0.965176 0.328288 0.331112
3.101653 0.967831 0.317887 0.320567
3.148693 0.971991 0.302350 0.298916
3.158464 0.972834 0.309259 0.305304
3.202910 0.970191 0.312067 0.304404
3.212691 0.974453 0.305851 0.309106
3.196937 0.973927 0.301799 0.288524
3.110223 0.971952 0.303051 0.290532
3.144238 0.973384 0.309611 0.314903
3.146908 0.964973 0.314648 0.301803
3.170035 0.963041 0.319926 0.324047
3.168138 0.969025 0.300689 0.296448
3.164501 0.972051 0.306321 0.315548
3.273156 0.977209 0.301393 0.300269
3.160124 0.974181 0.298795 0.299331
3.158288 0.974402 0.303625 0.293999
3.101148 0.962124 0.315697 0.299041
3.111122 0.964748 0.314984 0.304930
3.110413 0.964733 0.318571 0.313151
3.188775 0.975207 0.303216 0.297596
3.099218 0.971260 0.305586 0.315097
3.089393 0.975889 0.294446 0.308058
3.138528 0.981140 0.291875 0.291551
3.161636 0.978820 0.295751 0.293310
3.199524 0.975293 0.309892 0.304083
3.163167 0.971217 0.306421 0.311731
3.117498 0.976545 0.300865 0.309033
3.109124 0.969538 0.303177 0.293753
3.162853 0.970074 0.301257 0.293033
3.179314 0.973710 0.302926 0.302607
3.071847 0.963843 0.305296 0.301841
3.153876 0.962735 0.317007 0.319023
3.183114 0.964618 0.321606 0.312542
3.149635 0.971076 0.310423 0.309048
3.164099 0.972588 0.309591 0.311816
3.151107 0.975204 0.296033 0.307214
3.180659 0.967712 0.307797 0.312689
3.159341 0.970686 0.302374 0.305178
3.129599 0.974578 0.294932 0.290796
3.171146 0.981996 0.289299 0.295551
3.068081 0.967178 0.313933 0.319971
3.094234 0.966289 0.311468 0.308192
3.131301 0.965376 0.307089 0.301474
3.155422 0.966939 0.311368 0.317540
3.239295 0.970251 0.308061 0.312060
3.121426 0.971011 0.300147 0.284441
3.122051 0.968671 0.296584 0.289838
3.149281 0.966400 0.316549 0.317255
3.119919 0.970669 0.303846 0.301156
3.203315 0.978307 0.294718 0.300982
3.146252 0.975520 0.306565 0.302065
3.200522 0.973064 0.300790 0.300683
3.128381 0.965507 0.307022 0.302244
3.149341 0.975990 0.300195 0.310820
3.163616 0.971434 0.304105 0.297085
3.227795 0.979080 0.309418 0.307599
3.124948 0.966962 0.309975 0.316001
3.025086 0.965762 0.316680 0.309706
3.032022 0.970286 0.308732 0.298589
3.106298 0.962468 0.320516 0.318427
3.061703 0.963056 0.319340 0.312714
3.113129 0.973749 0.304152 0.305307
3.158942 0.971966 0.310225 0.316144
3.153304 0.976471 0.295072 0.304694
3.164665 0.974684 0.310689 0.313456
3.142191 0.976799 0.307079 0.311162
3.128199 0.966324 0.316511 0.312790
3.134040 0.964225 0.313106 0.308243
3.097940 0.965588 0.322691 0.329584
3.054227 0.960449 0.317819 0.306220
3.164933 0.963521 0.323295 0.315514
3.120880 0.962376 0.309164 0.301306
3.130128 0.967790 0.304723 0.299718
3.136484 0.968568 0.312813 0.300883
3.067611 0.961476 0.324127 0.319323
3.110442 0.969458 0.316009 0.310517
3.107571 0.969121 0.305524 0.299440
3.156533 0.975936 0.299920 0.302900
3.164074 0.975239 0.300036 0.298118
3.132408 0.973713 0.307829 0.305149
3.158000 0.972568 0.297323 0.295083
3.152629 0.971904 0.300450 0.289967
3.111538 0.965301 0.310355 0.306009
3.134507 0.971103 0.293660 0.284836
3.050446 0.967726 0.309186 0.306831
3.140371 0.969005 0.315228 0.317508
3.157611 0.972994 0.297673 0.301729
3.129023 0.961761 0.322426 0.328360
3.151126 0.967771 0.309507 0.308942
3.125410 0.969828 0.304379 0.300463
3.124250 0.961289 0.310379 0.310321
3.103404 0.960903 0.321526 0.312359
3.060725 0.959017 0.335200 0.333512
3.106258 0.972885 0.310760 0.312517
3.175921 0.973748 0.302094 0.296663
3.239005 0.978655 0.299553 0.282961
3.261760 0.973199 0.310966 0.321200
3.171211 0.962453 0.312321 0.309693
3.125312 0.972717 0.310410 0.320119
3.101096 0.970216 0.304429 0.300658
3.065795 0.959691 0.327415 0.316854
3.076370 0.968834 0.308318 0.304836
3.123221 0.971839 0.299604 0.304197
3.116917 0.969897 0.305904 0.307051
3.092196 0.972454 0.309080 0.305857
3.124255 0.971240 0.306165 0.307213
3.176811 0.972106 0.308676 0.305319
3.219998 0.973356 0.309998 0.309806
3.168962 0.972537 0.300430 0.304516
3.165858 0.983742 0.283431 0.283908
3.164510 0.978435 0.294478 0.299075
3.242418 0.981105 0.296330 0.294314
3.215249 0.970220 0.306691 0.303723
3.210842 0.974225 0.301576 0.303196
3.172610 0.976167 0.306422 0.307549
3.225005 0.980959 0.308132 0.309738
3.102442 0.974533 0.302364 0.296610
3.221722 0.982428 0.297039 0.281155
3.212958 0.980718 0.300076 0.303798
3.250807 0.976884 0.300440 0.300477
3.239180 0.979564 0.303007 0.310122
3.145696 0.979081 0.301516 0.300163
3.138576 0.972506 0.304306 0.302941
3.107351 0.969299 0.311667 0.312406
3.165274 0.969955 0.313484 0.302523
3.093913 0.963514 0.326395 0.320317
3.149838 0.970963 0.311027 0.313669
3.213617 0.974577 0.290155 0.296781
3.195757 0.969075 0.297779 0.294980
3.175410 0.980432 0.291487 0.298439
3.175018 0.977762 0.297117 0.297236
3.128743 0.979707 0.299198 0.293763
3.182151 0.977414 0.299694 0.308876
3.216482 0.971729 0.301378 0.304324
3.159388 0.972269 0.308251 0.315046
3.211900 0.967023 0.314393 0.317329
3.184683 0.963241 0.319800 0.317667
3.226389 0.975715 0.316880 0.313208
3.069311 0.963314 0.321511 0.322169
3.099997 0.965972 0.306130 0.306060
3.146273 0.969818 0.303394 0.300483
3.161222 0.971304 0.310488 0.309036
3.166430 0.966477 0.314443 0.307920
3.176017 0.972142 0.308335 0.304223
3.146533 0.969389 0.316641 0.322788
3.145432 0.970803 0.313324 0.313868
3.153288 0.964971 0.309122 0.300408
3.200007 0.975064 0.293732 0.295110
3.105701 0.966235 0.305185 0.290160
3.122194 0.974510 0.296365 0.303027
3.232623 0.981268 0.293339 0.295183
3.200338 0.980321 0.282429 0.285062
3.144953 0.977570 0.290753 0.284879
3.057495 0.968656 0.315556 0.308913
3.133006 0.963045 0.313310 0.311135
3.028618 0.961102 0.323952 0.309134
3.052430 0.967919 0.316484 0.307962
3.081039 0.967281 0.313550 0.305360
3.063755 0.957090 0.320109 0.302230
3.079943 0.961087 0.325084 0.320991
3.171558 0.970728 0.313715 0.313350
3.119314 0.963661 0.317986 0.300808
3.141185 0.968235 0.321544 0.319081
3.223371 0.972572 0.312784 0.310600
3.112529 0.972135 0.305442 0.308749
3.243207 0.975092 0.309179 0.306439
3.067958 0.963867 0.321761 0.311926
3.158584 0.979017 0.284495 0.290377
3.154392 0.972911 0.299540 0.299673
3.129231 0.974196 0.310601 0.311806
3.187554 0.972318 0.308345 0.312955
3.131654 0.967329 0.318254 0.315445
3.159524 0.969812 0.315952 0.314329
3.170107 0.969935 0.310762 0.303791
3.215909 0.971836 0.305963 0.310635
3.148461 0.972372 0.299225 0.301022
3.093228 0.969661 0.301353 0.314579
3.099102 0.971107 0.303132 0.297316
3.104318 0.968492 0.306667 0.308050
3.016736 0.964485 0.311783 0.318012
3.125060 0.965818 0.308053 0.307709
3.079799 0.965213 0.301652 0.292145
3.050764 0.966647 0.306358 0.302906
3.176294 0.974696 0.308539 0.306934
3.048872 0.963166 0.306590 0.293819
3.113320 0.965562 0.298300 0.296592
3.148351 0.973127 0.293031 0.288735
3.154639 0.979765 0.297284 0.307025
3.191355 0.974611 0.312049 0.308931
3.228083 0.976168 0.314268 0.310467
3.151062 0.970929 0.311113 0.303214
3.139223 0.970748 0.311141 0.313308
3.120797 0.967692 0.305425 0.310760
3.174889 0.975087 0.287085 0.289733
3.146596 0.972511 0.303548 0.305110
3.125913 0.965404 0.306269 0.294415
3.062176 0.956488 0.322122 0.313959
3.113560 0.971008 0.303544 0.294322
3.149766 0.969838 0.317458 0.321604
3.116610 0.971888 0.320223 0.324504
3.110271 0.971753 0.306662 0.306378
3.145353 0.969379 0.310029 0.317179
3.132529 0.964807 0.303571 0.296905
3.130107 0.965537 0.307147 0.305995
3.172566 0.969285 0.299755 0.295336
3.125159 0.965753 0.300061 0.288559
3.055715 0.961463 0.312535 0.307782
3.119844 0.964979 0.317357 0.311108
3.119513 0.963441 0.310005 0.303764
3.107289 0.964222 0.315460 0.316408
3.094335 0.963425 0.312398 0.316464
3.070011 0.970806 0.300711 0.291092
3.119384 0.981525 0.286207 0.294643
3.112488 0.967825 0.309831 0.302570
3.121627 0.967488 0.311505 0.305067
3.164163 0.974305 0.301278 0.301006
3.154087 0.966951 0.308222 0.308072
3.038595 0.963488 0.322508 0.323794
3.040258 0.964590 0.307333 0.299798
3.127418 0.969182 0.309820 0.315398
3.115731 0.968698 0.311047 0.314316
3.095959 0.967233 0.315774 0.305140
3.157310 0.970202 0.309021 0.308012
3.122313 0.971410 0.298728 0.294432
3.119756 0.971077 0.296991 0.308705
3.154027 0.967868 0.303594 0.311774
3.069790 0.969384 0.306067 0.305551
3.209229 0.979194 0.293831 0.295964
3.175997 0.979072 0.306268 0.307079
3.188633 0.979883 0.290655 0.291329
3.185597 0.976284 0.293248 0.301874
3.097627 0.965885 0.311597 0.314413
3.071781 0.974123 0.304443 0.303977
3.067619 0.971527 0.299655 0.294049
3.221194 0.982459 0.311625 0.324989
3.196097 0.980085 0.285550 0.287557
3.194151 0.979280 0.287162 0.291175
3.125163 0.974056 0.296117 0.298990
3.121739 0.969896 0.303284 0.298231
3.163961 0.965640 0.304742 0.307436
3.182919 0.969713 0.304394 0.303042
3.216749 0.970731 0.305414 0.298234
3.167705 0.975375 0.294717 0.284090
3.153296 0.977517 0.303526 0.308983
3.152134 0.969181 0.314750 0.310187
3.102529 0.963245 0.317672 0.313409
3.110991 0.964250 0.311220 0.301469
3.196858 0.970942 0.307703 0.306682
3.110727 0.965220 0.303715 0.297965
3.180953 0.966924 0.317554 0.323334
3.137181 0.966764 0.318949 0.310018
3.183296 0.975691 0.289303 0.283426
3.139399 0.976945 0.287464 0.282319
3.178101 0.977239 0.292659 0.301684
3.115147 0.971983 0.300902 0.295457
3.105154 0.968163 0.310067 0.307312
3.239385 0.977876 0.309613 0.305660
3.224744 0.979777 0.312155 0.306840
3.299621 0.978522 0.301786 0.290422
3.213398 0.976403 0.306561 0.309880
3.205384 0.981390 0.294743 0.296236
3.059187 0.960065 0.315383 0.306671
3.085451 0.969437 0.306539 0.290116
3.086184 0.966787 0.308634 0.299072
3.229058 0.974785 0.307620 0.294928
3.157390 0.974058 0.301133 0.301912
3.178935 0.976357 0.294022 0.291098
3.178348 0.974055 0.300743 0.297173
3.145694 0.974656 0.296211 0.299046
3.186136 0.977527 0.287910 0.286138
3.197977 0.973210 0.291248 0.290507
3.134619 0.973571 0.297560 0.304687
3.152267 0.975013 0.299065 0.310459
3.102142 0.973929 0.299083 0.299334
3.140232 0.972693 0.308776 0.303885
3.125167 0.968231 0.311914 0.301620
3.140669 0.967392 0.317067 0.319704
3.089399 0.963530 0.317555 0.311132
3.181436 0.975129 0.305364 0.298242
3.180941 0.970913 0.303533 0.295918
3.181393 0.972159 0.288853 0.294051
3.178744 0.974747 0.299189 0.296659
3.177308 0.979597 0.295561 0.289000
3.191852 0.978132 0.302014 0.302441
3.170214 0.971561 0.305901 0.306439
3.172285 0.972082 0.299128 0.294583
3.146332 0.970938 0.302173 0.301622
3.170241 0.968461 0.295076 0.294955
3.197861 0.973794 0.301887 0.298467
3.167269 0.986510 0.282114 0.281502
3.170478 0.980799 0.293406 0.291055
3.061459 0.967250 0.321239 0.316650
3.187553 0.977035 0.307593 0.311859
3.176656 0.971540 0.308847 0.307701
3.183124 0.975490 0.295945 0.288564
3.169032 0.972901 0.305733 0.309877
3.211907 0.978389 0.296047 0.293093
3.122139 0.976840 0.302444 0.304025
3.161455 0.981556 0.297461 0.298842
3.165267 0.975247 0.299862 0.298492
3.192472 0.974480 0.297688 0.303463
3.109158 0.967511 0.307391 0.299411
3.168922 0.969064 0.312762 0.310555
3.126013 0.971507 0.306768 0.303534
3.140295 0.972490 0.299777 0.300661
3.126942 0.973408 0.300849 0.307851
3.152376 0.968277 0.305276 0.308378
3.151637 0.964884 0.308170 0.313046
3.137266 0.961842 0.323774 0.321064
3.171079 0.970040 0.318953 0.323210
3.125452 0.965573 0.321366 0.309589
3.169582 0.973218 0.302556 0.298984
3.088356 0.964353 0.315410 0.311129
3.175531 0.966461 0.310660 0.308129
3.121831 0.964883 0.309932 0.296335
3.173611 0.973131 0.306119 0.307523
3.235905 0.978682 0.298529 0.289334
3.179601 0.971013 0.303703 0.299578
3.088408 0.963623 0.313122 0.317217
3.108284 0.973228 0.313591 0.314478
3.120049 0.973736 0.309191 0.316386
3.103574 0.973964 0.309569 0.323478
3.113642 0.966461 0.309215 0.306033
3.130768 0.961932 0.315777 0.314471
3.129054 0.970853 0.300178 0.288228
3.168282 0.973105 0.301140 0.304255
3.118973 0.966925 0.300625 0.296887
3.168604 0.969931 0.304079 0.301248
3.123320 0.969317 0.304341 0.297101
3.117260 0.972702 0.298560 0.297452
3.129705 0.971582 0.302702 0.305574
3.102892 0.971065 0.307941 0.309315
3.188659 0.972026 0.306074 0.307570
3.137943 0.975462 0.299028 0.298392
3.180294 0.979001 0.287718 0.285373
3.196986 0.973009 0.304002 0.300763
3.147419 0.971759 0.308907 0.310917
3.155076 0.970072 0.300180 0.300835
3.210368 0.968295 0.315611 0.316289
3.047293 0.969122 0.313259 0.308127
3.085370 0.966785 0.307108 0.314151
3.050347 0.968324 0.312006 0.302898
3.022592 0.967735 0.311793 0.296047
3.019898 0.967089 0.306660 0.305517
2.975055 0.962041 0.314217 0.307459
3.182837 0.972526 0.304383 0.302407
3.065349 0.970952 0.306473 0.309731
3.190725 0.980402 0.290436 0.292228
3.232419 0.976446 0.287717 0.282470
3.149523 0.972184 0.312780 0.313550
3.148639 0.967707 0.315899 0.308125
3.079562 0.965952 0.308019 0.307813
3.101603 0.962113 0.316987 0.315326
3.098795 0.968081 0.304860 0.300587
3.081759 0.965522 0.296877 0.299525
3.226391 0.976657 0.297456 0.297356
3.154778 0.968258 0.306226 0.308245
3.091746 0.974083 0.297078 0.281054
3.107976 0.972387 0.310981 0.309704
3.159073 0.975065 0.305876 0.302635
3.118042 0.970759 0.305701 0.311311
3.140941 0.971217 0.306980 0.304492
3.142790 0.970204 0.304206 0.313123
3.157115 0.971112 0.300686 0.302893
3.127863 0.972213 0.308946 0.307477
3.177354 0.982289 0.293103 0.297959
3.183532 0.980537 0.291067 0.298091
3.131106 0.970982 0.309105 0.318318
3.188508 0.974252 0.307409 0.314959
3.144675 0.969409 0.308382 0.304582
3.139778 0.970551 0.310004 0.296904
3.097383 0.964813 0.318612 0.304803
3.168781 0.976252 0.308124 0.307392
3.123280 0.973078 0.307569 0.300747
3.155107 0.973860 0.310640 0.311763
3.129916 0.973480 0.299680 0.301468
3.112790 0.964282 0.310754 0.307124
3.192592 0.974077 0.296086 0.297497
3.176514 0.974314 0.310684 0.307402
3.090880 0.967082 0.313127 0.309968
3.185133 0.967546 0.311933 0.299364
3.138499 0.960553 0.315339 0.312354
3.160545 0.961509 0.320297 0.317272
3.174806 0.973171 0.302825 0.300329
3.144719 0.968919 0.305674 0.308520
3.062234 0.957965 0.314828 0.311381
3.029826 0.953197 0.322054 0.317608
3.095659 0.963873 0.311424 0.313157
3.121017 0.966147 0.303911 0.303232
3.165637 0.969226 0.297889 0.300447
3.160789 0.975842 0.296561 0.300731
3.196990 0.971016 0.306190 0.308536
3.155335 0.969936 0.303990 0.308938
3.246791 0.975421 0.299549 0.294595
3.170615 0.977590 0.291676 0.293701
3.229031 0.981143 0.289548 0.290831
3.204438 0.975842 0.296516 0.298870
3.173496 0.976474 0.284968 0.277703
3.123029 0.972377 0.302692 0.311760
3.158108 0.975559 0.298181 0.302414
3.084518 0.968772 0.310085 0.302591
3.091508 0.966488 0.310245 0.304143
3.168869 0.975641 0.293756 0.296615
3.189064 0.981332 0.287546 0.287123
3.248765 0.986588 0.288152 0.282370
3.162429 0.975455 0.299055 0.296533
3.281861 0.977383 0.297772 0.292081
3.102582 0.964934 0.315704 0.307918
3.060725 0.970177 0.304198 0.304615
3.080890 0.970888 0.302661 0.295356
3.215249 0.975449 0.298258 0.299110
3.181171 0.969128 0.315041 0.316577
3.191405 0.966756 0.311516 0.298525
3.223093 0.970532 0.316643 0.309860
3.170461 0.971375 0.308601 0.302180
3.109456 0.964698 0.317948 0.320317
3.127541 0.974405 0.303248 0.302528
3.101740 0.969263 0.314359 0.307841
3.124568 0.976000 0.298399 0.301116
3.113223 0.968301 0.305044 0.305439
3.150631 0.976001 0.290455 0.287717
3.123448 0.974636 0.295855 0.299781
3.163584 0.970036 0.313627 0.315395
3.188080 0.969510 0.307515 0.303191
3.116145 0.966429 0.320549 0.318748
3.143986 0.972208 0.310483 0.305899
3.175038 0.977552 0.295299 0.299332
3.134958 0.971723 0.302814 0.300953
3.035967 0.959491 0.322371 0.309163
3.144116 0.974497 0.299226 0.301016
3.138207 0.975045 0.289865 0.290006
3.138087 0.970867 0.300911 0.308446
3.133327 0.970010 0.294186 0.282486
3.125949 0.964017 0.319122 0.324366
3.145100 0.969233 0.310574 0.300682
3.128923 0.968808 0.304284 0.306289
3.112609 0.966151 0.311813 0.317585
3.118610 0.962352 0.316426 0.314934
3.199961 0.977778 0.304406 0.307531
3.175727 0.976548 0.296072 0.301303
3.149136 0.963082 0.304315 0.303015
3.164603 0.968482 0.301937 0.300501
3.108203 0.963754 0.316211 0.306447
3.185784 0.974888 0.300862 0.302155
3.147346 0.964663 0.307923 0.298776
3.126967 0.968278 0.303281 0.303904
3.182261 0.975334 0.302646 0.299291
3.132419 0.972808 0.301809 0.308021
3.134706 0.962710 0.313423 0.310264
3.201778 0.976047 0.290958 0.283875
3.149189 0.969357 0.313619 0.308801
3.151072 0.976189 0.314145 0.307253
3.111644 0.971881 0.301819 0.310528
3.134626 0.967718 0.313377 0.311649
3.130973 0.978625 0.296889 0.295553
3.211456 0.975304 0.296671 0.298697
3.156614 0.978712 0.295022 0.304861
3.121049 0.966471 0.302957 0.301342
3.084132 0.970720 0.310706 0.299242
3.106459 0.971073 0.298910 0.284501
3.067020 0.975444 0.299180 0.306965
3.116763 0.971555 0.308868 0.308816
3.069459 0.960304 0.309161 0.306490
3.138327 0.966462 0.303846 0.292044
3.221810 0.976180 0.305954 0.302126
3.183375 0.971606 0.303866 0.303563
3.206540 0.972662 0.294509 0.288022
3.212536 0.968834 0.298746 0.300760
3.240248 0.976422 0.297604 0.299408
3.099101 0.964422 0.313948 0.310824
3.165449 0.972713 0.306773 0.301975
3.176073 0.974619 0.304162 0.307989
3.200734 0.984453 0.293584 0.292201
3.114852 0.974475 0.306962 0.313813
3.084548 0.968217 0.316528 0.312203
3.096602 0.971531 0.311262 0.313745
3.105557 0.966397 0.312584 0.307358
3.111202 0.969479 0.306195 0.308909
3.173295 0.966863 0.309610 0.308324
3.085292 0.964504 0.305312 0.300077
3.160458 0.968790 0.316601 0.313108
3.099457 0.969042 0.307411 0.302583
3.127226 0.965176 0.313879 0.304584
3.154613 0.971700 0.314294 0.311384
3.201586 0.973943 0.299876 0.300731
3.200539 0.972010 0.302245 0.299982
3.129672 0.974004 0.296859 0.292228
3.158353 0.974334 0.295371 0.295278
3.155553 0.966993 0.310890 0.316812
3.165823 0.967145 0.318421 0.324535
3.168468 0.970013 0.313228 0.314918
3.085725 0.964508 0.311127 0.317338
3.110333 0.976719 0.300138 0.306431
3.144358 0.964318 0.303905 0.302961
3.145973 0.971950 0.299534 0.294528
3.173431 0.975797 0.301391 0.302675
3.167168 0.973216 0.309083 0.304413
3.178598 0.966820 0.307402 0.302625
3.195543 0.967179 0.320274 0.319369
3.167459 0.967010 0.309807 0.309600
3.184162 0.965552 0.311640 0.305486
3.064716 0.965419 0.311842 0.315255
3.088176 0.969521 0.300209 0.304573
3.157571 0.975460 0.293034 0.299800
3.141544 0.972382 0.303035 0.308089
3.109207 0.963997 0.312944 0.306328
3.097450 0.964887 0.307372 0.299948
3.055703 0.966443 0.308132 0.313382
3.122056 0.974151 0.299542 0.310641
3.068928 0.967450 0.302278 0.304633
3.182624 0.974598 0.302642 0.302704
3.173202 0.980011 0.292207 0.287400
3.299920 0.984745 0.295230 0.302254
3.254476 0.979953 0.294845 0.289861
3.256436 0.977470 0.294928 0.296265
3.171916 0.972755 0.303660 0.305040
3.183971 0.969458 0.296991 0.289006
3.157479 0.967747 0.313158 0.316604
3.125244 0.970696 0.308166 0.304904
3.116165 0.964143 0.318136 0.315578
3.091218 0.967489 0.313473 0.307415
3.173111 0.968739 0.304271 0.301787
3.169418 0.974412 0.306483 0.307243
3.205316 0.971817 0.308684 0.312525
3.219156 0.978089 0.306514 0.307976
3.181957 0.975541 0.292425 0.297855
3.184328 0.974381 0.302662 0.298603
3.228732 0.983858 0.303927 0.309167
3.166014 0.979522 0.297769 0.301204
3.165955 0.979707 0.295831 0.300857
3.176334 0.986517 0.279390 0.280408
3.125758 0.975463 0.300452 0.291036
3.172844 0.972373 0.304712 0.313200
3.171224 0.978078 0.301976 0.308334
3.188702 0.973531 0.302593 0.299813
3.154662 0.966624 0.308052 0.306775
3.031739 0.968186 0.314026 0.316819
2.990661 0.959617 0.311832 0.302224
3.076565 0.966851 0.313971 0.318088
3.107114 0.962048 0.323545 0.319883
3.121675 0.961018 0.319289 0.317592
3.159217 0.973277 0.303561 0.316045
3.114535 0.967100 0.299690 0.300274
3.130538 0.968073 0.296530 0.294738
3.059483 0.960224 0.309796 0.303334
3.162528 0.972326 0.297298 0.295469
3.115039 0.969563 0.310796 0.303263
3.147327 0.976410 0.291148 0.292554
3.149729 0.969340 0.306340 0.306799
3.129305 0.967691 0.319116 0.316029
3.139926 0.966909 0.296586 0.284169
3.056715 0.961846 0.314553 0.306405
3.212390 0.974725 0.296390 0.300508
3.263580 0.975040 0.296420 0.301577
3.074213 0.972630 0.303340 0.311217
3.122311 0.966642 0.306776 0.311425
3.208302 0.972121 0.302056 0.303820
3.116789 0.965537 0.314649 0.306575
3.134335 0.972805 0.311741 0.316695
3.116174 0.954744 0.322139 0.320017
3.148668 0.971214 0.309344 0.308697
3.209378 0.975424 0.301569 0.298663
3.152712 0.970981 0.295273 0.286350
3.069411 0.968335 0.321263 0.335305
3.179641 0.973938 0.309027 0.304540
3.177159 0.972993 0.303742 0.307113
3.162359 0.973288 0.305861 0.297550
3.140240 0.970620 0.310938 0.308551
3.113784 0.971980 0.303096 0.304972
3.177206 0.974639 0.299930 0.294190
3.225618 0.977736 0.303145 0.304309
3.146005 0.966980 0.310453 0.308967
3.144790 0.969764 0.316487 0.327025
3.108572 0.970966 0.307322 0.298419
3.101597 0.968466 0.308894 0.300437
3.126113 0.971851 0.303150 0.302438
3.106056 0.968857 0.306087 0.305260
3.099742 0.969443 0.304579 0.306812
3.165152 0.968955 0.313224 0.313492
3.130192 0.968601 0.299964 0.297982
3.199787 0.970368 0.312304 0.320399
3.227951 0.974641 0.301036 0.292535
3.265487 0.985247 0.305078 0.307340
3.177477 0.983530 0.297530 0.295559
3.160174 0.983364 0.292366 0.297013
3.165610 0.978923 0.297585 0.298127
3.027352 0.968818 0.304927 0.309176
3.193615 0.979345 0.288680 0.290528
3.148710 0.977110 0.299892 0.300400
3.152459 0.969385 0.305001 0.300686
3.120725 0.959210 0.321903 0.310640
3.084178 0.958439 0.331543 0.325527
3.118426 0.964518 0.327473 0.321766
3.068917 0.967706 0.316758 0.326536
3.143041 0.971873 0.298782 0.311933
3.152724 0.975972 0.296032 0.304419
3.156114 0.966302 0.308149 0.304585
3.179535 0.973749 0.308213 0.307321
3.141855 0.971185 0.299893 0.302566
3.141911 0.970866 0.308454 0.300228
3.184771 0.977541 0.298021 0.300752
3.125705 0.978550 0.295848 0.302005
3.163712 0.984603 0.291332 0.303891
3.125070 0.976569 0.296929 0.295219
3.089860 0.960059 0.333413 0.322599
3.085680 0.964474 0.318042 0.310271
3.168062 0.976810 0.306775 0.303241
3.165001 0.968958 0.298438 0.293624
3.200373 0.971595 0.302418 0.296776
3.189500 0.969584 0.304940 0.304989
3.111639 0.967800 0.309459 0.315684
3.067941 0.965680 0.308323 0.299223
3.083427 0.966453 0.311294 0.306488
3.070272 0.965718 0.318367 0.314647
3.102954 0.967354 0.316545 0.314052
3.116901 0.970874 0.317716 0.313309
3.090642 0.975056 0.302582 0.295187
3.186676 0.972731 0.312827 0.312292
3.148827 0.970433 0.310679 0.305073
3.158186 0.969460 0.311123 0.306709
3.128506 0.966673 0.312631 0.323254
3.145349 0.961869 0.311158 0.307411
3.152444 0.966423 0.305206 0.305121
3.218455 0.973145 0.308066 0.305114
3.174187 0.973309 0.308050 0.308054
3.120044 0.971352 0.307432 0.319895
3.064639 0.972313 0.298006 0.295840
3.077847 0.972997 0.303083 0.309284
3.147563 0.967552 0.314232 0.316347
3.132329 0.960027 0.325426 0.315805
3.067311 0.970271 0.303409 0.287945
3.206689 0.972646 0.303669 0.296940
3.119318 0.970239 0.299871 0.301902
3.085170 0.965138 0.304070 0.297681
3.084162 0.971078 0.299177 0.303862
3.059783 0.968128 0.302162 0.305169
3.183921 0.969052 0.298763 0.293476
3.075641 0.966172 0.307347 0.300749
3.160129 0.962417 0.322460 0.320168
3.192806 0.975539 0.305509 0.305597
3.204385 0.980821 0.291470 0.293669
3.124487 0.965335 0.308343 0.315157
3.148375 0.964416 0.307323 0.305695
3.114912 0.966557 0.316321 0.309825
3.167423 0.970470 0.310836 0.306760
3.263794 0.967481 0.311517 0.312531
3.121943 0.971365 0.301107 0.303890
3.134039 0.971614 0.313197 0.309084
3.213507 0.976401 0.296025 0.300972
3.217392 0.974422 0.300784 0.298049
3.192268 0.980624 0.291392 0.278336
3.164503 0.973836 0.306883 0.303201
3.127606 0.966796 0.316307 0.317935
3.161642 0.981380 0.288297 0.281398
3.161643 0.982619 0.285283 0.278969
3.210287 0.978574 0.294301 0.288632
3.206561 0.976011 0.296840 0.297962
3.129246 0.968375 0.306037 0.293234
3.171976 0.968220 0.300824 0.301566
3.203309 0.980440 0.290316 0.291256
3.200352 0.970711 0.304897 0.302352
3.083029 0.969386 0.309497 0.306256
3.142068 0.971724 0.308405 0.310299
3.189817 0.965514 0.313922 0.318080
3.197537 0.973733 0.304581 0.310838
3.184097 0.974301 0.296984 0.291383
3.188690 0.976021 0.292248 0.291281
3.174712 0.970228 0.310736 0.310130
3.197272 0.977880 0.296830 0.303939
3.118437 0.968691 0.309610 0.311006
3.160395 0.971594 0.309335 0.311462
3.069984 0.969307 0.311398 0.308570
3.135423 0.967426 0.307746 0.304750
3.187690 0.970831 0.295711 0.286911
3.096579 0.968900 0.314025 0.315045
3.178500 0.970737 0.308550 0.304749
3.207415 0.973871 0.294839 0.290639
3.198932 0.968547 0.307941 0.316057
3.118419 0.971207 0.300012 0.303549
3.012500 0.970616 0.314622 0.307084
3.160202 0.967605 0.306140 0.295294
3.123235 0.961758 0.305905 0.299397
3.057714 0.955255 0.318133 0.305371
3.139506 0.971420 0.312164 0.305229
3.096533 0.978040 0.289719 0.290551
3.084136 0.966749 0.315055 0.322936
3.131978 0.968908 0.309683 0.314733
3.095161 0.966119 0.320630 0.311823
3.052758 0.960554 0.323014 0.312096
3.158925 0.965147 0.318076 0.306478
3.178374 0.976329 0.301573 0.299540
3.121296 0.969228 0.315170 0.314539
3.158834 0.975265 0.302493 0.304333
3.236717 0.977840 0.306021 0.312530
3.113306 0.969518 0.303266 0.303486
3.109992 0.967890 0.308850 0.312492
3.177161 0.973291 0.305186 0.294995
3.182994 0.969391 0.302462 0.293880
3.134824 0.964411 0.311719 0.303263
3.196154 0.969958 0.301405 0.305622
3.121874 0.967046 0.305919 0.300505
3.065691 0.965477 0.321857 0.312890
3.098541 0.966717 0.307133 0.297366
3.180349 0.974368 0.303199 0.304724
3.133785 0.971516 0.301088 0.292389
3.112284 0.958726 0.327844 0.315004
3.148390 0.961873 0.319763 0.315418
3.165226 0.978502 0.297081 0.296106
3.195362 0.974577 0.295325 0.295228
3.154924 0.978160 0.297827 0.303545
3.102642 0.967817 0.306693 0.311658
3.087614 0.966210 0.298584 0.290102
3.214725 0.975654 0.301353 0.300837
3.187599 0.968741 0.307494 0.305077
3.161813 0.977782 0.302194 0.297119
3.170825 0.978163 0.286713 0.291820
3.140889 0.979406 0.288006 0.282063
3.138716 0.968706 0.310944 0.312729
3.172317 0.972910 0.292096 0.287831
3.036745 0.963061 0.322557 0.315065
3.153433 0.968865 0.307681 0.306373
3.161257 0.979336 0.293464 0.297379
3.156073 0.973445 0.295575 0.290296
3.174598 0.968349 0.306450 0.304572
3.129495 0.974725 0.299056 0.308905
3.204837 0.977763 0.294521 0.295748
3.206372 0.976217 0.302648 0.302368
3.180166 0.970318 0.303523 0.291771
3.136666 0.967087 0.316499 0.312651
3.262874 0.982001 0.313442 0.308283
3.237783 0.982247 0.313595 0.303079
3.176165 0.972345 0.307912 0.308678
3.056396 0.971299 0.304233 0.306404
3.069794 0.969871 0.303006 0.306680
3.129116 0.971957 0.296037 0.302969
3.017681 0.960798 0.320236 0.326912
3.086426 0.962785 0.310109 0.305836
3.068657 0.964268 0.307362 0.297872
3.100535 0.967230 0.293357 0.289130
3.201840 0.969967 0.305526 0.316440
3.126161 0.968822 0.309478 0.313224
3.105406 0.968423 0.306366 0.306680
3.125335 0.973091 0.306034 0.311284
3.094185 0.970889 0.303509 0.305259
3.250009 0.977272 0.304025 0.313636
3.195359 0.975775 0.297616 0.300721
3.149716 0.976928 0.298117 0.305956
3.110917 0.972113 0.305259 0.304171
3.152737 0.965261 0.314302 0.316754
3.128953 0.974089 0.297604 0.291424
3.154776 0.985901 0.290811 0.299902
3.138402 0.975355 0.297800 0.301798
3.075236 0.970922 0.306130 0.303124
3.108454 0.972370 0.300128 0.301864
3.199133 0.979176 0.292853 0.294088
3.205445 0.976029 0.304323 0.311164
3.169136 0.975709 0.307001 0.305616
3.068760 0.970743 0.308979 0.305904
3.095148 0.971958 0.300695 0.293288
3.153795 0.972353 0.296991 0.281143
3.166175 0.976106 0.287336 0.289372
3.170058 0.978305 0.293475 0.290639
3.192421 0.978378 0.287961 0.288030
3.175826 0.971611 0.298399 0.299819
3.105271 0.962858 0.312656 0.305477
3.132676 0.968649 0.305351 0.312587
3.170450 0.978373 0.296748 0.297151
3.093585 0.970804 0.312418 0.311712
3.181338 0.975507 0.294614 0.295480
3.236195 0.978307 0.296768 0.302545
3.110126 0.970820 0.306058 0.303324
3.084968 0.963625 0.311639 0.315991
3.102733 0.969796 0.289532 0.285865
3.033988 0.963294 0.308571 0.314588
3.067218 0.968805 0.297916 0.293203
3.141352 0.966303 0.297103 0.294079
3.124924 0.968966 0.302411 0.307858
3.182602 0.970831 0.305553 0.304469
3.114662 0.969693 0.301689 0.298648
3.158138 0.967961 0.307273 0.309417
3.145711 0.972456 0.313220 0.314877
3.109517 0.966080 0.313081 0.309931
3.073946 0.966618 0.306086 0.303440
3.036486 0.962181 0.315872 0.311577
3.057278 0.962258 0.304225 0.299617
3.096288 0.955887 0.309741 0.292561
3.102558 0.965972 0.295711 0.294866
3.237277 0.981482 0.293433 0.296255
3.165626 0.981095 0.298500 0.303001
3.164342 0.976093 0.300159 0.299558
3.116083 0.970746 0.321085 0.324097
3.166359 0.977860 0.297237 0.299981
3.156778 0.970126 0.308307 0.314319
3.175655 0.969100 0.309179 0.303348
3.126638 0.961385 0.320166 0.321053
3.084144 0.958634 0.320374 0.318986
3.130789 0.971533 0.296075 0.300605
3.134508 0.975393 0.298639 0.310101
3.188947 0.984758 0.287859 0.292957
3.179647 0.978101 0.292077 0.300801
3.020574 0.970846 0.309955 0.312424
3.050725 0.971004 0.318458 0.327073
3.158012 0.979235 0.299416 0.293235
3.079529 0.971251 0.311124 0.320818
3.055744 0.965669 0.315784 0.309632
3.097308 0.970512 0.309087 0.305620
3.085126 0.968444 0.316991 0.313978
3.138693 0.977908 0.311295 0.310392
3.128120 0.969262 0.317808 0.319239
3.118756 0.969467 0.317539 0.323368
3.170724 0.971116 0.304333 0.314121
3.155367 0.970106 0.308848 0.305588
3.153902 0.973042 0.304331 0.309657
3.114944 0.969365 0.305709 0.303700
3.165201 0.970351 0.304448 0.310689
3.135909 0.969638 0.313460 0.316614
3.163336 0.967131 0.303271 0.302631
3.158090 0.965298 0.310741 0.312334
3.167360 0.966132 0.306403 0.310344
3.215898 0.968748 0.312939 0.305001
3.153985 0.983305 0.287334 0.292178
3.218726 0.980329 0.301704 0.297784
3.108307 0.965503 0.310625 0.302740
3.156025 0.968875 0.305359 0.308239
3.116648 0.967398 0.310667 0.306691
3.151082 0.972864 0.302977 0.304679
3.167777 0.971262 0.308887 0.310606
3.201273 0.973518 0.295531 0.289435
3.176775 0.972287 0.303711 0.310677
3.177574 0.971693 0.302213 0.299082
3.189053 0.966626 0.304599 0.293776
3.176607 0.970526 0.311153 0.311469
3.126207 0.965387 0.318737 0.309965
3.146180 0.975003 0.297298 0.297593
3.105447 0.967716 0.310822 0.308796
3.199850 0.976641 0.294750 0.288441
3.152676 0.967316 0.318238 0.307381
3.125744 0.963744 0.321535 0.314445
3.150696 0.967882 0.305438 0.304063
3.158179 0.965914 0.302225 0.293683
3.124621 0.967039 0.318655 0.319851
3.045262 0.971013 0.311907 0.307123
3.115052 0.971710 0.305939 0.299198
3.125039 0.966061 0.306985 0.311500
3.099269 0.967863 0.306636 0.305781
3.104912 0.961816 0.314087 0.307020
3.138115 0.963929 0.317077 0.322587
3.075891 0.969835 0.305434 0.303830
3.210164 0.982948 0.282043 0.288204
3.076075 0.974002 0.300574 0.289752
3.138647 0.973224 0.301141 0.307185
3.112504 0.969824 0.298384 0.303740
3.075157 0.969402 0.301997 0.301493
3.098852 0.971228 0.305014 0.308193
3.170386 0.969464 0.309732 0.313568
3.181793 0.973292 0.303837 0.298275
3.119846 0.966197 0.301220 0.298066
3.119005 0.975705 0.296529 0.290135
3.217289 0.976832 0.295910 0.290723
3.156378 0.977458 0.300285 0.297067
3.192755 0.977747 0.289804 0.286908
3.200637 0.978074 0.287981 0.289777
3.163539 0.967568 0.315577 0.318252
3.180034 0.967016 0.309418 0.307604
3.068691 0.961515 0.310743 0.297451
3.098791 0.974892 0.298189 0.304301
3.172146 0.979472 0.302174 0.308050
3.224868 0.977912 0.304810 0.310023
3.189392 0.976500 0.296735 0.294833
3.209403 0.974499 0.298843 0.302452
3.188006 0.976785 0.305780 0.310475
3.114492 0.973672 0.296894 0.294815
3.128716 0.967352 0.302460 0.303886
3.064892 0.958569 0.325844 0.323641
3.070002 0.966799 0.310075 0.313659
3.217887 0.973150 0.297484 0.294057
3.158431 0.970935 0.304085 0.310885
3.091047 0.965637 0.311849 0.308919
3.091690 0.966360 0.303795 0.300977
3.208873 0.967365 0.313711 0.308058
3.257259 0.974648 0.314287 0.313772
3.178776 0.978065 0.303357 0.303536
3.111779 0.960547 0.317110 0.317242
3.154728 0.976197 0.294263 0.297716
3.187560 0.978533 0.295179 0.296570
3.160020 0.974203 0.298368 0.291336
3.234375 0.976673 0.298753 0.298073
3.221482 0.975674 0.299497 0.300773
3.235327 0.979009 0.299605 0.298364
3.088621 0.965621 0.305314 0.298338
3.148495 0.974147 0.306916 0.303011
3.166958 0.974342 0.302993 0.297335
3.155635 0.967377 0.317752 0.326685
3.180363 0.974807 0.301749 0.305149
3.123539 0.970005 0.304449 0.304133
3.217097 0.973550 0.306408 0.310441
3.099605 0.959556 0.319970 0.318009
3.057542 0.964032 0.311172 0.300978
3.022448 0.963245 0.312526 0.310072
3.243274 0.978933 0.312182 0.311452
3.170363 0.967548 0.306825 0.297942
3.157096 0.971496 0.301250 0.300483
3.168284 0.974645 0.294940 0.288397
3.198098 0.982573 0.282664 0.278108
3.159482 0.969490 0.302881 0.300617
3.168610 0.971861 0.299272 0.292989
3.241387 0.972009 0.296520 0.292453
3.170291 0.978057 0.298432 0.308434
3.198425 0.975537 0.299753 0.302929
3.170475 0.968211 0.304468 0.294874
3.140497 0.969537 0.307539 0.299095
3.145342 0.974093 0.307338 0.306232
3.130845 0.969846 0.306324 0.302866
3.152524 0.970977 0.307178 0.320165
3.206581 0.971391 0.300029 0.303717
3.173551 0.975448 0.298827 0.297310
3.111176 0.967916 0.312688 0.310670
3.144290 0.977672 0.295120 0.296685
3.146650 0.977538 0.292899 0.293912
3.101254 0.963934 0.316694 0.307880
3.130000 0.966456 0.310065 0.301238
3.086456 0.958550 0.323712 0.319659
3.200989 0.972941 0.300792 0.298031
3.158843 0.970550 0.295397 0.294513
3.111704 0.964959 0.307209 0.300768
3.124354 0.967611 0.306664 0.309658
3.113579 0.976332 0.300547 0.305438
3.105742 0.962844 0.306810 0.303800
3.072190 0.965247 0.316875 0.313715
3.096182 0.963040 0.308846 0.309070
3.144530 0.970473 0.299790 0.297379
3.193416 0.972046 0.296851 0.286536
3.147418 0.972460 0.300574 0.303852
3.177871 0.977899 0.297135 0.299880
3.107824 0.972651 0.301376 0.301569
3.170948 0.970982 0.314164 0.308879
3.121820 0.970616 0.304691 0.308368
3.216117 0.972450 0.309830 0.312516
3.187978 0.975138 0.314202 0.326164
3.119159 0.972509 0.294146 0.294585
3.241172 0.979467 0.293679 0.289978
3.110244 0.969267 0.297864 0.293966
3.106551 0.975882 0.302210 0.299064
3.090667 0.965124 0.309142 0.307063
3.134115 0.965895 0.309151 0.312408
3.170638 0.969998 0.312011 0.312343
3.142433 0.963016 0.322361 0.320494
3.151252 0.965516 0.314297 0.309823
3.186965 0.981300 0.288520 0.285495
3.109929 0.969936 0.303261 0.291205
3.121902 0.972926 0.301557 0.303206
3.116304 0.968766 0.306909 0.303636
3.132937 0.966490 0.313924 0.310048
3.167553 0.970054 0.308291 0.309182
3.181601 0.979775 0.292946 0.293323
3.156453 0.973545 0.294726 0.291719
3.149676 0.964852 0.311345 0.298623
3.149991 0.973067 0.295414 0.295589
3.106319 0.966650 0.311145 0.295693
3.132323 0.970622 0.304167 0.299581
3.127309 0.971115 0.311081 0.315818
3.102244 0.968184 0.315685 0.305948
3.002845 0.969033 0.305237 0.301214
3.142765 0.969989 0.309895 0.282504
3.204292 0.974444 0.302275 0.296056
3.083878 0.968112 0.307570 0.304675
3.064973 0.969329 0.307108 0.312826
3.070821 0.972059 0.302513 0.297465
3.068692 0.964407 0.307398 0.301468
3.163505 0.969928 0.307335 0.316361
3.199015 0.967047 0.306261 0.298784
3.112606 0.959395 0.318314 0.308447
3.051315 0.960306 0.315899 0.309483
3.099719 0.963952 0.315979 0.314853
3.200684 0.972321 0.310789 0.312660
3.171467 0.974108 0.293123 0.297456
3.141830 0.966006 0.305882 0.301363
3.172996 0.979480 0.299950 0.300318
3.109122 0.965917 0.316070 0.311965
3.129783 0.967357 0.318430 0.322276
3.086202 0.967132 0.307285 0.295005
3.102636 0.970577 0.314810 0.307510
3.010928 0.966440 0.316233 0.313120
3.037264 0.969123 0.311793 0.323109
3.142187 0.961717 0.320496 0.324247
3.071864 0.965281 0.318052 0.312977
3.222216 0.976262 0.315658 0.307045
3.190863 0.973788 0.309555 0.312798
3.129395 0.972830 0.303518 0.311081
3.108764 0.968261 0.322294 0.321617
3.156199 0.967323 0.305613 0.302800
3.114178 0.967666 0.305160 0.303266
3.150933 0.967999 0.305334 0.309409
3.141954 0.967959 0.313076 0.305778
3.242446 0.982203 0.315753 0.320300
3.209161 0.975239 0.301447 0.298471
3.149694 0.968092 0.311045 0.310659
3.111358 0.968394 0.310455 0.308390
3.127110 0.966276 0.320596 0.317685
3.095685 0.968188 0.315178 0.312856
3.070702 0.968474 0.310353 0.308855
3.149953 0.975766 0.293674 0.297590
3.164082 0.963866 0.301281 0.301944
3.096703 0.957924 0.302990 0.299980
3.116019 0.968754 0.300716 0.310528
3.149310 0.970255 0.307105 0.300391
3.213139 0.983373 0.293567 0.290303
3.192391 0.984299 0.290105 0.293637
3.230081 0.981972 0.288844 0.297550
3.195032 0.968828 0.304937 0.304894
3.067417 0.964375 0.307609 0.309124
3.127939 0.964591 0.314836 0.320450
3.131519 0.965087 0.312533 0.315143
3.158326 0.969602 0.307514 0.302996
3.175205 0.970889 0.297030 0.299169
3.174225 0.984334 0.287363 0.292683
3.142935 0.969526 0.315688 0.310679
3.189258 0.970487 0.299115 0.298573
3.105004 0.964876 0.312222 0.307817
3.153350 0.966202 0.314178 0.309419
3.136854 0.964848 0.319107 0.311780
3.208462 0.976090 0.297188 0.297934
3.238427 0.982162 0.295097 0.290488
3.125826 0.973027 0.298458 0.288264
3.181916 0.970624 0.306205 0.307443
3.056811 0.972759 0.299454 0.291418
3.193796 0.980235 0.295291 0.300555
3.131130 0.967940 0.309610 0.301908
3.186177 0.974271 0.294581 0.300288
3.143463 0.975582 0.299030 0.308172
3.131921 0.971126 0.306268 0.299616
3.094528 0.967747 0.302776 0.302151
3.096059 0.967148 0.300583 0.295587
3.095853 0.964450 0.312119 0.308759
3.167833 0.971813 0.300966 0.297276
3.126061 0.965417 0.307175 0.297142
3.208640 0.972181 0.298899 0.296530
3.125231 0.968319 0.300809 0.288965
3.164624 0.961859 0.319321 0.315612
3.178948 0.967152 0.314709 0.316100
3.093534 0.969076 0.312045 0.310951
3.214350 0.971662 0.299579 0.299213
3.243974 0.976867 0.304839 0.314174
3.196139 0.973730 0.293195 0.295085
3.191393 0.971572 0.305285 0.302901
3.165726 0.972704 0.296947 0.304736
3.158078 0.968437 0.313912 0.319513
3.241131 0.973129 0.306601 0.306978
3.186364 0.970867 0.296551 0.304861
3.116134 0.967511 0.290633 0.297647
3.199370 0.973955 0.300198 0.307181
3.092238 0.970876 0.301008 0.298056
3.160967 0.975771 0.294549 0.299318
3.158131 0.968747 0.306589 0.304198
3.157775 0.970141 0.317158 0.322625
3.163110 0.962941 0.311293 0.300997
3.134723 0.969677 0.304339 0.294620
3.193494 0.969357 0.302815 0.306627
3.203576 0.971500 0.298261 0.295457
3.151204 0.966773 0.314919 0.309893
3.133312 0.970225 0.304663 0.304020
3.128512 0.969781 0.305945 0.302558
3.099562 0.967136 0.307498 0.291791
3.063443 0.967823 0.314922 0.314587
3.122777 0.971354 0.295817 0.287376
3.170999 0.969333 0.304236 0.299022
3.113138 0.968411 0.298421 0.292207
3.194410 0.972287 0.307252 0.312297
3.193864 0.968524 0.303126 0.298888
3.199955 0.969026 0.313689 0.310617
3.161232 0.972306 0.303070 0.312938
3.153478 0.966520 0.309763 0.309800
3.204101 0.971420 0.304610 0.305598
3.157403 0.969107 0.306269 0.299450
3.122889 0.970071 0.310367 0.310790
3.093023 0.967189 0.322635 0.328369
3.064708 0.969967 0.309806 0.303086
3.104960 0.968466 0.311810 0.311787
3.110752 0.966207 0.316401 0.314665
3.114863 0.965000 0.312468 0.308093
3.099973 0.972740 0.293849 0.289318
3.153132 0.971166 0.303326 0.311612
3.093839 0.965081 0.318183 0.313932
3.200095 0.969846 0.302764 0.301659
3.181447 0.969567 0.307352 0.299036
3.210527 0.977224 0.290480 0.290807
3.101573 0.971435 0.305961 0.303486
3.062745 0.965206 0.314314 0.312935
3.149095 0.976154 0.309431 0.307651
3.142548 0.970504 0.310873 0.305472
3.142548 0.970504 0.311981 0.317914
3.156685 0.967929 0.315442 0.312791
3.205924 0.968954 0.305264 0.312264
3.118923 0.966309 0.304853 0.297576
3.209692 0.970966 0.311083 0.309700
3.093970 0.968452 0.313319 0.306661
3.132400 0.971100 0.316449 0.320006
3.103141 0.968304 0.317205 0.322389
3.097504 0.969455 0.309736 0.306714
3.071448 0.964434 0.322140 0.318942
3.176990 0.976516 0.301700 0.298087
3.128284 0.967046 0.304406 0.306180
3.138916 0.971132 0.311273 0.325120
3.169517 0.968992 0.313284 0.306770
3.188005 0.975161 0.305532 0.294880
3.141482 0.969795 0.302270 0.305260
3.053251 0.973496 0.310325 0.299044
3.062872 0.976978 0.311156 0.313010
3.160889 0.979460 0.295963 0.297474
3.148924 0.970604 0.296312 0.289645
3.133678 0.972341 0.300634 0.293526
3.149245 0.976128 0.299908 0.297594
3.168038 0.976623 0.305990 0.313321
3.152048 0.971504 0.301592 0.290235
3.136521 0.970928 0.308463 0.314237
3.089202 0.964937 0.321212 0.312406
3.094363 0.965788 0.321842 0.312276
3.154274 0.964164 0.304118 0.295620
3.150603 0.970837 0.296679 0.293636
3.136754 0.966245 0.305775 0.298357
3.125620 0.963894 0.313192 0.308544
3.176800 0.969230 0.303281 0.308716
3.202696 0.971680 0.302200 0.299762
3.187462 0.969574 0.296708 0.279857
3.125057 0.965096 0.314294 0.312394
3.162040 0.973153 0.311050 0.311079
3.172227 0.976864 0.311284 0.316445
3.234785 0.979233 0.296954 0.289916
3.100643 0.968217 0.302276 0.293030
3.131787 0.969445 0.306308 0.301235
3.211336 0.982967 0.296308 0.302886
3.167982 0.969436 0.303648 0.298209
3.110238 0.964779 0.310340 0.321555
3.110238 0.964779 0.304984 0.301741
3.094396 0.968173 0.303419 0.302859
3.084560 0.965602 0.315126 0.306587
3.211324 0.976012 0.307322 0.309899
3.190248 0.975838 0.298332 0.301004
3.219468 0.971690 0.293864 0.295909
3.167540 0.970100 0.305226 0.304151
3.128092 0.964775 0.315902 0.312677
3.133859 0.963886 0.304098 0.290028
3.140650 0.965687 0.312766 0.314485
3.209377 0.972629 0.308512 0.322792
3.164505 0.972244 0.297389 0.298375
3.118255 0.965475 0.303473 0.299054
3.098549 0.973016 0.296196 0.296988
3.164656 0.974747 0.298223 0.296177
3.070523 0.967123 0.299584 0.292146
3.067179 0.960719 0.320226 0.306076
3.068582 0.961997 0.321261 0.315425
3.195139 0.971021 0.309547 0.307026
3.182769 0.970660 0.304556 0.308093
3.177583 0.976569 0.302032 0.304126
3.146835 0.973488 0.296572 0.304337
3.070561 0.977422 0.296923 0.300303
3.128055 0.966638 0.301774 0.292435
3.076122 0.960139 0.316029 0.311911
3.116878 0.968238 0.305858 0.303286
3.133841 0.966455 0.303359 0.305398
3.076863 0.963858 0.312835 0.326387
3.036162 0.960756 0.312086 0.298282
3.199441 0.972377 0.295059 0.295159
3.080421 0.966122 0.313792 0.312502
3.118063 0.969370 0.303392 0.306534
3.118999 0.969124 0.305389 0.304417
3.153793 0.973736 0.304193 0.307387
3.052877 0.964756 0.322873 0.328650
3.136593 0.967874 0.315054 0.323280
3.154724 0.969824 0.309753 0.314819
3.107270 0.970968 0.303101 0.294252
3.140427 0.969958 0.305543 0.297605
3.131329 0.968813 0.308213 0.303082
3.131992 0.962180 0.322245 0.312644
3.149904 0.969188 0.314248 0.316859
3.192918 0.976125 0.302612 0.301788
3.113761 0.966292 0.305871 0.314551
3.159995 0.971295 0.310846 0.312492
3.086990 0.976251 0.310265 0.317885
3.115513 0.974918 0.300628 0.298122
3.116076 0.975376 0.299754 0.303800
3.145405 0.975627 0.302776 0.303320
3.153065 0.973979 0.303956 0.301620
3.146815 0.963778 0.321553 0.322626
3.156444 0.966110 0.316976 0.313639
3.173941 0.971551 0.311191 0.314364
3.161535 0.974072 0.306555 0.308001
3.200278 0.972078 0.307737 0.309357
3.153125 0.975274 0.295369 0.297361
3.121736 0.969301 0.300437 0.293364
3.168940 0.970469 0.301329 0.301226
3.176064 0.977736 0.301741 0.303884
3.125302 0.973337 0.302694 0.306930
3.147558 0.970718 0.312955 0.305905
3.127333 0.972177 0.306426 0.304491
3.155751 0.970168 0.310618 0.314299
3.266557 0.980298 0.309878 0.306670
3.253187 0.979597 0.307943 0.311791
3.143134 0.973390 0.299537 0.300894
3.104279 0.966860 0.308365 0.288740
3.055820 0.972502 0.317388 0.323253
3.124509 0.973140 0.299032 0.300759
3.165485 0.974818 0.299439 0.303670
3.141615 0.965735 0.313210 0.310178
3.126893 0.966291 0.316219 0.302598
3.156945 0.974451 0.297879 0.301068
3.217942 0.981486 0.294192 0.294360
3.223949 0.981238 0.293170 0.293389
3.136638 0.971908 0.305625 0.303780
3.174526 0.973717 0.311075 0.310126
3.205292 0.976043 0.290786 0.294604
3.202449 0.975787 0.298814 0.304673
3.146701 0.964999 0.314778 0.320009
3.155345 0.969280 0.304599 0.298382
3.068772 0.972550 0.293974 0.293851
3.077662 0.971894 0.299545 0.304068
3.110420 0.970822 0.297621 0.294130
3.170902 0.980122 0.294007 0.293461
3.159486 0.977886 0.305653 0.307040
3.146071 0.969161 0.303379 0.293206
3.140412 0.969576 0.304447 0.308477
3.186579 0.977191 0.298794 0.294417
3.115986 0.967780 0.308246 0.305542
3.134572 0.965200 0.312021 0.312314
3.131278 0.967653 0.304743 0.300851
3.148313 0.973890 0.297018 0.288623
3.126349 0.963860 0.302632 0.295088
3.081903 0.967151 0.298479 0.298925
3.118827 0.964153 0.313817 0.316515
3.111491 0.963147 0.312729 0.315291
3.158996 0.969201 0.303991 0.303652
3.211374 0.967241 0.305214 0.310312
3.118539 0.964042 0.314324 0.328993
3.161596 0.964579 0.306851 0.301152
3.172245 0.980923 0.286271 0.289309
3.183531 0.971904 0.313218 0.315682
3.086324 0.969577 0.305363 0.299436
3.163386 0.974918 0.310097 0.310228
3.185766 0.971292 0.307911 0.309422
3.136199 0.969891 0.309010 0.302729
3.219024 0.977259 0.309011 0.311409
3.191685 0.978282 0.296738 0.288550
3.202922 0.974833 0.302634 0.304253
3.106667 0.969292 0.304651 0.295979
3.120104 0.969597 0.302811 0.297500
3.112749 0.967546 0.305687 0.297763
3.148283 0.971926 0.304432 0.301388
3.120080 0.973864 0.295765 0.299059
3.134490 0.970497 0.306156 0.304944
3.138595 0.970321 0.295999 0.295528
3.089632 0.969932 0.308962 0.298366
3.180390 0.973780 0.300659 0.298222
3.065996 0.959667 0.323262 0.332381
3.101308 0.965436 0.316847 0.319446
3.175097 0.968099 0.290698 0.283118
3.080718 0.964745 0.313211 0.308302
3.158452 0.970645 0.306594 0.309232
3.188117 0.963075 0.305520 0.301944
3.192650 0.966618 0.309887 0.312036
3.128997 0.965970 0.298670 0.296629
3.079125 0.966519 0.308069 0.308317
3.174280 0.973086 0.305213 0.304308
3.135232 0.969615 0.300383 0.298502
3.156463 0.971090 0.308373 0.311212
3.097743 0.959725 0.332172 0.342002
3.049944 0.966384 0.324377 0.318973
3.170944 0.967463 0.316735 0.315636
3.138361 0.965631 0.304638 0.291522
3.086757 0.968871 0.311414 0.306058
3.133869 0.979163 0.307796 0.308707
3.109409 0.974401 0.296494 0.288235
3.124843 0.971055 0.310092 0.307448
3.121136 0.967313 0.307922 0.307494
3.117798 0.966536 0.316209 0.307715
3.144949 0.970693 0.315345 0.311142
3.184175 0.968179 0.314496 0.317775
3.190151 0.982657 0.294041 0.303360
3.243303 0.977030 0.286519 0.288215
3.193210 0.957153 0.325068 0.326832
3.160546 0.963709 0.318404 0.322151
3.158766 0.966538 0.313220 0.307795
3.161802 0.967048 0.311360 0.305943
3.110339 0.960251 0.316882 0.316990
3.088822 0.966144 0.314029 0.315983
3.094190 0.967245 0.319503 0.318778
3.214294 0.969268 0.308250 0.304163
3.094501 0.963632 0.310232 0.303392
3.204627 0.973842 0.306136 0.304944
3.186216 0.975733 0.292404 0.293155
3.183503 0.972666 0.302352 0.309933
3.176689 0.972439 0.302903 0.299007
3.171002 0.970378 0.303285 0.302837
3.126734 0.966988 0.316458 0.323840
3.083100 0.966903 0.314341 0.311533
3.141873 0.968763 0.309244 0.303954
3.106337 0.976844 0.299738 0.304178
3.088405 0.970787 0.302718 0.298222
3.155221 0.972400 0.319148 0.317768
3.151851 0.966090 0.319677 0.321602
3.128045 0.965941 0.311782 0.302559
3.178181 0.972716 0.310922 0.313987
3.224118 0.977359 0.311113 0.309112
3.285876 0.989043 0.306027 0.306401
3.181739 0.970349 0.313976 0.308835
3.149850 0.967421 0.310976 0.307186
3.141584 0.969646 0.312493 0.319392
3.100300 0.967337 0.308293 0.299661
3.065185 0.964868 0.320585 0.309890
3.071878 0.963492 0.316248 0.309269
3.146682 0.972527 0.300473 0.303713
3.205084 0.966499 0.315239 0.307939
3.202253 0.970362 0.297045 0.300354
3.137115 0.969386 0.298111 0.289690
3.151289 0.975994 0.298198 0.304230
3.146402 0.970521 0.312354 0.314591
3.106117 0.968197 0.308231 0.295235
3.124874 0.969797 0.311955 0.307461
3.137800 0.973282 0.302597 0.306873
3.115264 0.972141 0.299406 0.298176
3.123111 0.970389 0.304464 0.295239
3.213329 0.971168 0.310041 0.308875
3.151439 0.971634 0.308963 0.301033
3.179570 0.971372 0.308286 0.305878
3.153430 0.970735 0.308151 0.303683
3.065945 0.966389 0.315404 0.308275
3.121510 0.971560 0.312441 0.324877
3.083947 0.970449 0.308333 0.298869
3.111126 0.963233 0.318942 0.321827
3.139707 0.970254 0.301029 0.293974
3.126784 0.968651 0.291347 0.278948
3.068230 0.959124 0.320494 0.299022
3.108255 0.964927 0.313814 0.319114
3.129661 0.973276 0.301875 0.298318
3.156017 0.966438 0.299007 0.304905
3.116305 0.972429 0.298277 0.298551
3.135350 0.969937 0.314953 0.317769
3.157306 0.979972 0.293669 0.302435
3.192166 0.975883 0.296293 0.297405
3.107934 0.969928 0.308830 0.313093
3.074696 0.964253 0.319554 0.328939
3.155927 0.968492 0.311835 0.316424
3.181290 0.972862 0.296644 0.298522
3.168119 0.970804 0.304085 0.304921
3.051953 0.966340 0.314411 0.298532
3.116821 0.969147 0.309332 0.308483
3.136376 0.975803 0.303113 0.298068
3.103205 0.966551 0.325667 0.322268
3.216315 0.972036 0.308086 0.305569
3.167529 0.971248 0.302268 0.301879
3.113786 0.965199 0.323730 0.317811
3.172890 0.977931 0.298009 0.302040
3.119950 0.972721 0.296629 0.281656
3.177830 0.968559 0.318912 0.324723
3.162638 0.970423 0.303676 0.301868
3.162638 0.970423 0.304077 0.305558
3.199105 0.976720 0.292059 0.290565
3.167188 0.971352 0.305862 0.311616
3.131082 0.969358 0.304024 0.306027
3.086570 0.956942 0.315171 0.313043
3.087350 0.965852 0.306066 0.299556
3.175783 0.975361 0.309717 0.314504
3.198446 0.976818 0.301535 0.302927
3.213603 0.977077 0.304790 0.297455
3.175471 0.968159 0.310602 0.303138
3.103730 0.970907 0.303705 0.308234
3.078051 0.969271 0.314245 0.312411
3.168858 0.969240 0.300650 0.310871
3.123337 0.966888 0.302553 0.302164
3.070569 0.966081 0.310778 0.307060
3.130790 0.967879 0.311665 0.311295
3.091928 0.971224 0.306104 0.301769
3.086467 0.970858 0.303297 0.300695
3.119260 0.971868 0.299811 0.298309
3.102382 0.959073 0.321251 0.314527
3.174824 0.963624 0.325190 0.332231
3.160125 0.973711 0.296515 0.290730
3.163312 0.964452 0.322659 0.315186
3.204286 0.975997 0.300103 0.303983
3.057753 0.963989 0.309063 0.308322
3.205035 0.975860 0.303881 0.304939
3.215073 0.980584 0.298094 0.294340
3.080302 0.963458 0.312647 0.312575
3.078608 0.970644 0.311779 0.309917
3.141644 0.969905 0.312538 0.309826
3.181514 0.984823 0.288280 0.292206
3.200808 0.978298 0.297221 0.297250
3.162654 0.967520 0.312676 0.321697
3.136881 0.968997 0.305552 0.304285
3.157155 0.976519 0.297243 0.299891
3.181039 0.968357 0.298449 0.287808
3.121093 0.965628 0.314534 0.305626
3.173665 0.970410 0.308655 0.316646
3.081991 0.963356 0.315808 0.313968
3.206926 0.978014 0.290515 0.284417
3.174942 0.979052 0.298824 0.302275
3.164282 0.978035 0.300958 0.297209
3.189790 0.973908 0.309561 0.309392
3.185521 0.974026 0.311560 0.311169
3.146089 0.968844 0.310266 0.298260
3.070981 0.966988 0.301485 0.290692
3.117475 0.968328 0.306912 0.308514
3.129614 0.963753 0.320270 0.314973
3.106149 0.971476 0.309964 0.297917
3.114674 0.976306 0.301625 0.307327
3.174758 0.972545 0.299433 0.300925
3.198731 0.976582 0.294739 0.297506
3.170368 0.976229 0.293270 0.298635
3.163705 0.971779 0.304067 0.302533
3.149356 0.967660 0.313238 0.310187
3.126680 0.970441 0.322467 0.326139
3.089181 0.967042 0.317981 0.324059
3.079834 0.967991 0.310197 0.305637
3.231478 0.976823 0.305724 0.299361
3.183191 0.971163 0.296507 0.297643
3.132547 0.968819 0.304878 0.303833
3.080483 0.968225 0.306534 0.302855
3.173336 0.973556 0.306166 0.301336
3.143241 0.971947 0.304035 0.294267
3.120795 0.969740 0.309021 0.307442
3.188305 0.973939 0.307477 0.305130
3.163568 0.971311 0.304116 0.303104
3.198463 0.976616 0.304784 0.300413
3.221144 0.977535 0.312559 0.321744
3.170070 0.972522 0.297384 0.293220
3.159739 0.970408 0.300737 0.298403
3.112555 0.973911 0.301961 0.313620
3.144217 0.966274 0.306930 0.310880
3.141826 0.972739 0.301054 0.301085
3.183148 0.975004 0.292274 0.291552
3.155509 0.979554 0.288193 0.288462
3.084598 0.978165 0.304120 0.305778
3.143320 0.970800 0.318119 0.309657
3.127379 0.964953 0.317563 0.315648
3.218855 0.970347 0.302739 0.298708
3.169024 0.962237 0.313835 0.311676
3.140974 0.959101 0.323424 0.327275
3.231434 0.967081 0.318954 0.313973
3.204862 0.977977 0.291448 0.294490
3.167886 0.967374 0.309207 0.308987
3.113117 0.964928 0.312530 0.312980
3.137511 0.977473 0.297469 0.296475
3.144675 0.977198 0.300882 0.304703
3.058005 0.971395 0.305694 0.297032
3.097603 0.966596 0.307746 0.300417
3.084125 0.966377 0.312094 0.310124
3.081044 0.963293 0.312897 0.304532
3.087085 0.968919 0.310029 0.322354
3.193444 0.978603 0.301397 0.303262
3.118775 0.966635 0.303612 0.296867
3.191106 0.964110 0.312082 0.312214
3.122432 0.968653 0.308580 0.301251
3.173115 0.980374 0.288479 0.286546
3.138448 0.976526 0.298905 0.299679
3.092976 0.965085 0.318859 0.327668
3.172832 0.972776 0.299861 0.290412
3.179613 0.970169 0.296305 0.286326
3.179422 0.975135 0.300869 0.299882
3.087451 0.967774 0.307190 0.311258
3.141200 0.975406 0.304062 0.305967
3.117596 0.976266 0.295705 0.287378
3.096713 0.969304 0.309892 0.310230
3.125805 0.971322 0.312630 0.307870
3.138709 0.963906 0.329090 0.334921
3.124854 0.957534 0.327990 0.323680
3.126223 0.962964 0.328403 0.323289
3.077156 0.966716 0.322074 0.314392
3.145444 0.975344 0.304891 0.303542
3.171887 0.979369 0.294232 0.290977
3.153098 0.973172 0.302944 0.310218
3.156562 0.969441 0.297325 0.287568
3.200000 0.972832 0.296550 0.292058
3.240187 0.973653 0.299556 0.302353
3.145977 0.978039 0.290792 0.295270
