3.133724 0.966831 0.317463 0.311554
3.098864 0.971905 0.304010 0.303730
3.050889 0.965697 0.315326 0.305344
3.134631 0.973791 0.299669 0.289111
3.059265 0.965628 0.308631 0.300959
3.116114 0.969360 0.315927 0.312501
3.135396 0.972542 0.307148 0.300931
3.159111 0.972333 0.302514 0.297977
3.138616 0.970464 0.301765 0.300190
3.061828 0.966647 0.311458 0.314343
3.083674 0.969336 0.317471 0.319468
3.083834 0.959787 0.315057 0.294144
3.150752 0.977428 0.294437 0.304846
3.139347 0.972661 0.294988 0.297543
3.089906 0.962350 0.313501 0.310873
3.111775 0.963204 0.306122 0.303890
3.171138 0.977437 0.294742 0.301119
3.153592 0.965035 0.309220 0.311001
3.191036 0.978978 0.293245 0.286992
3.102433 0.965628 0.327033 0.328865
3.130379 0.964947 0.315551 0.312486
3.146255 0.970805 0.295788 0.295039
3.173223 0.973571 0.300661 0.296104
3.091694 0.980187 0.290903 0.290069
3.027126 0.964419 0.305416 0.309429
3.090106 0.973467 0.308973 0.308326
3.103503 0.958763 0.324527 0.320453
3.051568 0.960303 0.317986 0.304376
3.096887 0.975310 0.287506 0.283486
3.113476 0.966726 0.312418 0.315269
3.176185 0.972757 0.296029 0.293173
3.206596 0.973408 0.300233 0.298880
3.174722 0.968134 0.299473 0.303206
3.119380 0.960253 0.322880 0.324929
3.123211 0.964585 0.317828 0.317556
3.132745 0.963325 0.320281 0.322922
3.179932 0.968152 0.296458 0.286445
3.168399 0.972091 0.301265 0.303196
3.221593 0.970707 0.298095 0.298226
3.219788 0.975072 0.300361 0.296194
3.117096 0.968132 0.306718 0.300539
3.209064 0.972893 0.297439 0.304729
3.215678 0.978530 0.291896 0.291743
3.142419 0.971704 0.310871 0.308000
3.177661 0.969263 0.304054 0.295286
3.109048 0.975482 0.294188 0.296338
3.216182 0.975845 0.292053 0.288224
3.120947 0.966847 0.302374 0.297638
3.146373 0.973794 0.304410 0.299537
3.090124 0.971020 0.307663 0.297513
3.158893 0.971902 0.304124 0.302077
3.174382 0.972159 0.307285 0.303517
3.180440 0.968768 0.303657 0.300791
3.141404 0.973980 0.292115 0.295478
3.208123 0.975737 0.301539 0.304974
3.143919 0.971543 0.308254 0.304136
3.185552 0.967561 0.306117 0.304875
3.130614 0.960692 0.317284 0.307236
3.128944 0.967558 0.307635 0.302474
3.120701 0.971838 0.309222 0.299690
3.131113 0.971005 0.307710 0.303394
3.149019 0.969806 0.311502 0.310777
3.160408 0.978692 0.297049 0.300314
3.138833 0.973447 0.302626 0.301393
3.108973 0.970786 0.306928 0.300522
3.163357 0.970718 0.300124 0.300278
3.110231 0.969986 0.300132 0.295324
3.099420 0.968230 0.298120 0.304346
3.141817 0.964730 0.306886 0.301796
3.141322 0.962968 0.307648 0.301572
3.122312 0.960064 0.319439 0.314439
3.172818 0.967891 0.306934 0.300025
3.097870 0.971750 0.304519 0.307255
3.147032 0.969452 0.304563 0.300707
3.120584 0.971817 0.308477 0.314747
3.083921 0.961430 0.314794 0.313338
3.116287 0.967788 0.296725 0.302786
3.184259 0.968863 0.298929 0.306243
3.108117 0.975312 0.299023 0.303365
3.135963 0.972362 0.302825 0.306072
3.162710 0.970497 0.307798 0.308025
3.160340 0.976239 0.301255 0.302434
3.157777 0.976774 0.298373 0.299589
3.124029 0.963476 0.303001 0.288918
3.177324 0.968675 0.305739 0.302022
3.177411 0.969359 0.300871 0.290388
3.159163 0.972184 0.304301 0.303646
3.078289 0.970535 0.308007 0.314741
3.101919 0.969074 0.315432 0.326781
3.141326 0.972282 0.301085 0.302544
3.160026 0.973396 0.304601 0.299634
3.175774 0.974151 0.305374 0.302466
3.173500 0.970416 0.311304 0.315811
3.157556 0.969499 0.307513 0.305030
3.104984 0.969745 0.306546 0.299598
3.068927 0.971644 0.310155 0.314994
3.139152 0.983045 0.288459 0.286891
3.187559 0.972588 0.295222 0.296883
3.249793 0.976221 0.300079 0.312595
3.211117 0.977479 0.294633 0.300696
3.196658 0.968749 0.312052 0.308774
3.218367 0.976806 0.290210 0.290271
3.200077 0.971741 0.292131 0.289156
3.135557 0.975784 0.293763 0.301829
3.224531 0.984639 0.295041 0.296613
3.259059 0.981210 0.293251 0.293889
3.225839 0.975178 0.287854 0.283057
3.154508 0.970947 0.306168 0.310526
3.121428 0.975779 0.295998 0.306813
3.136933 0.972806 0.310821 0.309311
3.257141 0.979900 0.307843 0.310105
3.113526 0.966515 0.316815 0.307347
3.077659 0.959508 0.320700 0.293084
3.081845 0.963511 0.316161 0.318658
3.198211 0.975230 0.294918 0.292036
3.208649 0.974960 0.293080 0.290635
3.118428 0.975520 0.298371 0.300047
3.123128 0.963682 0.308008 0.307607
3.068572 0.964358 0.302600 0.298920
3.118389 0.968914 0.299339 0.310686
3.135508 0.972153 0.302833 0.304857
3.171850 0.970785 0.304327 0.307088
3.182438 0.970781 0.303464 0.304954
3.103559 0.971442 0.307328 0.314947
3.096524 0.968237 0.305646 0.290262
3.171287 0.966963 0.309445 0.296370
3.153816 0.965171 0.308197 0.292805
3.213804 0.974441 0.303279 0.300957
3.156133 0.973614 0.310395 0.312663
3.152118 0.963261 0.310012 0.308170
3.162223 0.960198 0.325483 0.313828
3.213355 0.973538 0.305779 0.305869
3.118925 0.962646 0.313177 0.304734
3.250353 0.976010 0.317696 0.318115
3.254059 0.971454 0.317591 0.317046
3.166158 0.969375 0.305261 0.310750
3.198587 0.966596 0.311969 0.305135
3.187368 0.977449 0.306693 0.306642
3.088665 0.960673 0.320226 0.315871
