3.179336 0.977681 0.299319 0.298037
3.190362 0.975017 0.301652 0.300753
3.175019 0.970822 0.309853 0.307085
3.198034 0.973388 0.298081 0.291722
3.220521 0.974076 0.301286 0.305496
3.145497 0.969569 0.307499 0.303266
3.126779 0.967698 0.303228 0.295133
3.134787 0.971112 0.303022 0.308654
3.109593 0.972423 0.306880 0.314476
3.179829 0.969489 0.309548 0.307367
3.158486 0.973273 0.312921 0.305963
3.156992 0.964342 0.308892 0.302824
3.103229 0.970228 0.311304 0.314058
3.133788 0.964812 0.322711 0.319249
3.124332 0.963739 0.312740 0.299661
3.218376 0.979509 0.301570 0.304458
3.183100 0.980798 0.292371 0.286355
3.146738 0.964858 0.301601 0.302503
3.122039 0.972427 0.290225 0.293420
3.116867 0.974602 0.292525 0.303470
3.182274 0.977071 0.285314 0.286004
3.094981 0.965784 0.306778 0.304621
3.079433 0.964296 0.308990 0.306508
3.121016 0.970558 0.317921 0.319703
3.122113 0.961956 0.325291 0.322783
3.158255 0.967331 0.313783 0.309742
3.113229 0.959215 0.326532 0.329030
3.065896 0.963649 0.316873 0.311968
3.079905 0.965742 0.312040 0.317129
3.156218 0.967880 0.307625 0.305498
3.123903 0.963850 0.313909 0.313235
3.039086 0.968769 0.305624 0.296821
3.145372 0.969485 0.309260 0.297668
3.117970 0.971970 0.308610 0.302485
3.084241 0.970390 0.305856 0.300786
3.034846 0.967273 0.311215 0.314130
3.189733 0.974622 0.299718 0.305118
3.126257 0.971891 0.306633 0.312765
3.115170 0.967318 0.314274 0.317244
3.200552 0.976396 0.289611 0.298460
3.217137 0.975960 0.294766 0.300291
3.218694 0.986618 0.279265 0.280747
3.189447 0.975207 0.300576 0.311066
3.185165 0.974785 0.298126 0.296479
3.122556 0.973707 0.302249 0.311552
3.070035 0.968428 0.314196 0.309330
3.144618 0.973950 0.303667 0.296733
3.164730 0.968085 0.312665 0.311100
3.078363 0.962501 0.319348 0.320686
3.060427 0.964570 0.313108 0.308585
3.176589 0.982964 0.292096 0.299337
3.146303 0.965930 0.316495 0.310722
3.162437 0.973325 0.300715 0.309324
3.057543 0.959695 0.332029 0.322550
3.095670 0.968145 0.314787 0.305626
3.106332 0.969356 0.316095 0.316983
3.189974 0.973131 0.300284 0.304375
3.173435 0.963620 0.311773 0.311663
3.160041 0.962155 0.305144 0.300483
3.102779 0.959592 0.315544 0.315913
3.093814 0.961336 0.324810 0.314648
3.117094 0.968944 0.312783 0.307963
3.144079 0.972818 0.299182 0.303359
3.050595 0.963236 0.316914 0.316445
3.014083 0.967724 0.316570 0.316226
3.127662 0.979507 0.298240 0.293214
3.115164 0.977816 0.306537 0.305757
3.114148 0.968488 0.317926 0.316626
3.150629 0.966778 0.308626 0.309133
3.138833 0.976915 0.305746 0.301454
3.238947 0.982280 0.309332 0.315134
3.179193 0.970738 0.309614 0.301022
3.137048 0.969915 0.305576 0.303710
3.198296 0.972358 0.300348 0.304799
3.070443 0.960588 0.311386 0.304807
3.101490 0.967150 0.309636 0.311496
3.093228 0.972205 0.301393 0.299020
3.149983 0.964106 0.312707 0.305802
3.076092 0.972564 0.298404 0.295555
3.119482 0.965698 0.298279 0.294385
3.073209 0.966947 0.295602 0.279418
3.095013 0.962363 0.322885 0.318106
3.147373 0.966048 0.312220 0.323930
3.220180 0.973827 0.307095 0.303450
3.128176 0.970201 0.301122 0.298937
3.133076 0.968293 0.306833 0.301549
3.209689 0.976837 0.299873 0.298103
3.171786 0.973303 0.302328 0.300426
3.138792 0.971579 0.301925 0.289009
3.041694 0.963187 0.312045 0.295218
3.083199 0.964555 0.308767 0.307359
3.114626 0.974826 0.302906 0.308133
3.136308 0.972660 0.304761 0.293520
3.078662 0.965764 0.317677 0.309935
3.167976 0.965599 0.307976 0.296487
3.156307 0.967382 0.300438 0.296921
3.107000 0.964969 0.316683 0.329627
3.148351 0.965975 0.308624 0.309359
3.112719 0.962824 0.316316 0.305666
3.119533 0.966620 0.309472 0.313088
3.021673 0.973193 0.302472 0.293676
3.100384 0.977313 0.294955 0.285144
3.133969 0.966123 0.309772 0.298770
3.156026 0.974622 0.303359 0.296021
3.153467 0.980982 0.297512 0.296879
3.115929 0.977663 0.301078 0.306998
3.106733 0.966157 0.301107 0.295898
3.155691 0.973191 0.298503 0.302284
3.170165 0.964056 0.303848 0.296923
3.103651 0.961640 0.316920 0.316870
3.155954 0.972300 0.298534 0.312402
3.170535 0.970503 0.297865 0.294275
3.165035 0.974264 0.293130 0.289541
3.122770 0.972062 0.298453 0.284364
3.098200 0.968104 0.308457 0.307294
3.136196 0.962649 0.316370 0.316175
3.101570 0.966259 0.312199 0.312384
3.070878 0.970778 0.306330 0.305086
3.086186 0.970372 0.298280 0.302329
3.108875 0.975414 0.299024 0.303784
3.155968 0.971152 0.303734 0.292353
3.209762 0.970452 0.304099 0.298319
3.144427 0.966972 0.316711 0.314744
3.149424 0.966852 0.319908 0.320432
3.166079 0.967264 0.321598 0.321572
3.151278 0.967873 0.317327 0.319816
3.143638 0.961628 0.303342 0.287799
3.088545 0.965548 0.312640 0.312855
3.100333 0.966427 0.310825 0.307751
3.172688 0.970909 0.306556 0.298854
3.182506 0.968921 0.305080 0.310361
3.139071 0.970902 0.310226 0.308975
3.108797 0.967291 0.306226 0.295673
3.150444 0.969934 0.305876 0.301911
3.130839 0.973320 0.295630 0.294587
3.179651 0.978339 0.298489 0.303167
3.138261 0.976717 0.296669 0.299201
3.176477 0.976934 0.297566 0.294154
