3.263794 0.967481 0.311517 0.312531
3.121943 0.971365 0.301107 0.303890
3.134039 0.971614 0.313197 0.309084
3.213507 0.976401 0.296025 0.300972
3.217392 0.974422 0.300784 0.298049
3.192268 0.980624 0.291392 0.278336
3.164503 0.973836 0.306883 0.303201
3.127606 0.966796 0.316307 0.317935
3.161642 0.981380 0.288297 0.281398
3.161643 0.982619 0.285283 0.278969
3.210287 0.978574 0.294301 0.288632
3.206561 0.976011 0.296840 0.297962
3.129246 0.968375 0.306037 0.293234
3.171976 0.968220 0.300824 0.301566
3.203309 0.980440 0.290316 0.291256
3.200352 0.970711 0.304897 0.302352
3.083029 0.969386 0.309497 0.306256
3.142068 0.971724 0.308405 0.310299
3.189817 0.965514 0.313922 0.318080
3.197537 0.973733 0.304581 0.310838
3.184097 0.974301 0.296984 0.291383
3.188690 0.976021 0.292248 0.291281
3.174712 0.970228 0.310736 0.310130
3.197272 0.977880 0.296830 0.303939
3.118437 0.968691 0.309610 0.311006
3.160395 0.971594 0.309335 0.311462
3.069984 0.969307 0.311398 0.308570
3.135423 0.967426 0.307746 0.304750
3.187690 0.970831 0.295711 0.286911
3.096579 0.968900 0.314025 0.315045
3.178500 0.970737 0.308550 0.304749
3.207415 0.973871 0.294839 0.290639
3.198932 0.968547 0.307941 0.316057
3.118419 0.971207 0.300012 0.303549
3.012500 0.970616 0.314622 0.307084
3.160202 0.967605 0.306140 0.295294
3.123235 0.961758 0.305905 0.299397
3.057714 0.955255 0.318133 0.305371
3.139506 0.971420 0.312164 0.305229
3.096533 0.978040 0.289719 0.290551
3.084136 0.966749 0.315055 0.322936
3.131978 0.968908 0.309683 0.314733
3.095161 0.966119 0.320630 0.311823
3.052758 0.960554 0.323014 0.312096
3.158925 0.965147 0.318076 0.306478
3.178374 0.976329 0.301573 0.299540
3.121296 0.969228 0.315170 0.314539
3.158834 0.975265 0.302493 0.304333
3.236717 0.977840 0.306021 0.312530
3.113306 0.969518 0.303266 0.303486
3.109992 0.967890 0.308850 0.312492
3.177161 0.973291 0.305186 0.294995
3.182994 0.969391 0.302462 0.293880
3.134824 0.964411 0.311719 0.303263
3.196154 0.969958 0.301405 0.305622
3.121874 0.967046 0.305919 0.300505
3.065691 0.965477 0.321857 0.312890
3.098541 0.966717 0.307133 0.297366
3.180349 0.974368 0.303199 0.304724
3.133785 0.971516 0.301088 0.292389
3.112284 0.958726 0.327844 0.315004
3.148390 0.961873 0.319763 0.315418
3.165226 0.978502 0.297081 0.296106
3.195362 0.974577 0.295325 0.295228
3.154924 0.978160 0.297827 0.303545
3.102642 0.967817 0.306693 0.311658
3.087614 0.966210 0.298584 0.290102
3.214725 0.975654 0.301353 0.300837
3.187599 0.968741 0.307494 0.305077
3.161813 0.977782 0.302194 0.297119
3.170825 0.978163 0.286713 0.291820
3.140889 0.979406 0.288006 0.282063
3.138716 0.968706 0.310944 0.312729
3.172317 0.972910 0.292096 0.287831
3.036745 0.963061 0.322557 0.315065
3.153433 0.968865 0.307681 0.306373
3.161257 0.979336 0.293464 0.297379
3.156073 0.973445 0.295575 0.290296
3.174598 0.968349 0.306450 0.304572
3.129495 0.974725 0.299056 0.308905
3.204837 0.977763 0.294521 0.295748
3.206372 0.976217 0.302648 0.302368
3.180166 0.970318 0.303523 0.291771
3.136666 0.967087 0.316499 0.312651
3.262874 0.982001 0.313442 0.308283
3.237783 0.982247 0.313595 0.303079
3.176165 0.972345 0.307912 0.308678
3.056396 0.971299 0.304233 0.306404
3.069794 0.969871 0.303006 0.306680
3.129116 0.971957 0.296037 0.302969
3.017681 0.960798 0.320236 0.326912
3.086426 0.962785 0.310109 0.305836
3.068657 0.964268 0.307362 0.297872
3.100535 0.967230 0.293357 0.289130
3.201840 0.969967 0.305526 0.316440
3.126161 0.968822 0.309478 0.313224
3.105406 0.968423 0.306366 0.306680
3.125335 0.973091 0.306034 0.311284
3.094185 0.970889 0.303509 0.305259
3.250009 0.977272 0.304025 0.313636
3.195359 0.975775 0.297616 0.300721
3.149716 0.976928 0.298117 0.305956
3.110917 0.972113 0.305259 0.304171
3.152737 0.965261 0.314302 0.316754
3.128953 0.974089 0.297604 0.291424
3.154776 0.985901 0.290811 0.299902
3.138402 0.975355 0.297800 0.301798
3.075236 0.970922 0.306130 0.303124
3.108454 0.972370 0.300128 0.301864
3.199133 0.979176 0.292853 0.294088
3.205445 0.976029 0.304323 0.311164
3.169136 0.975709 0.307001 0.305616
3.068760 0.970743 0.308979 0.305904
3.095148 0.971958 0.300695 0.293288
3.153795 0.972353 0.296991 0.281143
3.166175 0.976106 0.287336 0.289372
3.170058 0.978305 0.293475 0.290639
3.192421 0.978378 0.287961 0.288030
3.175826 0.971611 0.298399 0.299819
3.105271 0.962858 0.312656 0.305477
3.132676 0.968649 0.305351 0.312587
3.170450 0.978373 0.296748 0.297151
3.093585 0.970804 0.312418 0.311712
3.181338 0.975507 0.294614 0.295480
3.236195 0.978307 0.296768 0.302545
3.110126 0.970820 0.306058 0.303324
3.084968 0.963625 0.311639 0.315991
3.102733 0.969796 0.289532 0.285865
3.033988 0.963294 0.308571 0.314588
3.067218 0.968805 0.297916 0.293203
3.141352 0.966303 0.297103 0.294079
3.124924 0.968966 0.302411 0.307858
3.182602 0.970831 0.305553 0.304469
3.114662 0.969693 0.301689 0.298648
3.158138 0.967961 0.307273 0.309417
3.145711 0.972456 0.313220 0.314877
3.109517 0.966080 0.313081 0.309931
3.073946 0.966618 0.306086 0.303440
