3.045048 0.962868 0.319319 0.314770
3.019766 0.956145 0.334002 0.336053
3.093259 0.971535 0.311740 0.302688
3.224731 0.979592 0.312140 0.300851
3.097518 0.967589 0.314977 0.313558
3.217706 0.974848 0.305323 0.310688
3.159398 0.971811 0.303982 0.300894
3.191668 0.966514 0.306422 0.305340
3.115667 0.963069 0.320794 0.321327
3.039584 0.966748 0.309264 0.309536
3.150316 0.970102 0.304620 0.301213
3.160949 0.971217 0.312996 0.319781
3.193641 0.978593 0.286363 0.293212
3.167206 0.970771 0.302037 0.305654
3.130551 0.970503 0.290730 0.283397
3.160991 0.978751 0.294455 0.302441
3.163195 0.973627 0.307302 0.316012
3.255994 0.984380 0.304200 0.312382
3.212864 0.972594 0.298624 0.300883
3.146438 0.968711 0.316204 0.316511
3.157883 0.976724 0.297332 0.296017
3.229018 0.984177 0.294100 0.286224
3.068328 0.970282 0.311692 0.303021
3.119226 0.968635 0.323189 0.319018
3.143428 0.964456 0.317776 0.313599
3.162576 0.974018 0.316480 0.309956
3.174571 0.967435 0.310207 0.299739
3.213150 0.984428 0.294626 0.290543
3.185790 0.981740 0.301023 0.304754
3.174770 0.977029 0.291654 0.289427
3.139156 0.969677 0.310735 0.309753
3.165448 0.972949 0.293026 0.291248
3.100228 0.969274 0.309020 0.313777
3.114744 0.980034 0.291649 0.290983
3.138452 0.970448 0.307107 0.304765
3.185881 0.968758 0.310665 0.310043
3.199739 0.975865 0.299545 0.300880
3.104016 0.969862 0.298896 0.293308
3.173166 0.968997 0.299543 0.289369
3.180085 0.970333 0.311553 0.304644
3.098242 0.965234 0.317188 0.319533
3.098584 0.968650 0.312167 0.314819
3.142202 0.973654 0.312351 0.321110
3.150844 0.963614 0.314067 0.314265
3.165182 0.965989 0.314255 0.310671
3.150289 0.963425 0.311316 0.306071
3.142775 0.975423 0.299843 0.306002
3.115988 0.968321 0.316133 0.312861
3.126233 0.969226 0.312658 0.310608
3.117678 0.970262 0.311739 0.311337
3.093044 0.965320 0.310976 0.304047
3.083764 0.968873 0.310202 0.311338
3.141116 0.962116 0.322010 0.320528
3.122145 0.968744 0.310334 0.300067
3.174606 0.970479 0.309376 0.312994
3.149704 0.969093 0.307203 0.304660
3.202971 0.976050 0.300163 0.297329
3.166821 0.973329 0.309901 0.313510
3.100323 0.964678 0.315935 0.313237
3.038392 0.966163 0.317692 0.304254
3.138240 0.978993 0.291259 0.288660
3.179529 0.971041 0.301924 0.300787
3.169513 0.978749 0.295842 0.308895
3.114769 0.969755 0.304607 0.307600
3.181117 0.969893 0.310889 0.312962
3.198559 0.969719 0.306504 0.305825
3.166554 0.972473 0.304592 0.305071
3.190182 0.983992 0.283295 0.293551
3.159574 0.970067 0.305160 0.304557
3.132404 0.973761 0.301852 0.294770
3.128839 0.974391 0.300835 0.291683
3.048907 0.967812 0.310357 0.307472
3.043204 0.961188 0.315611 0.307070
3.192722 0.973230 0.299688 0.302005
3.184688 0.973959 0.299982 0.298899
3.209024 0.982254 0.291687 0.297082
3.230072 0.983058 0.288521 0.290708
3.091448 0.968578 0.308013 0.307866
3.111893 0.970965 0.312344 0.322390
3.053364 0.972727 0.303372 0.297808
3.073130 0.962911 0.305761 0.290771
3.142620 0.966444 0.312810 0.314602
3.105558 0.967617 0.309229 0.306283
3.112821 0.973763 0.292444 0.296726
3.154484 0.968279 0.307644 0.307294
3.145031 0.967595 0.316427 0.322310
3.150141 0.973808 0.296889 0.285976
3.160206 0.974322 0.292838 0.278340
3.135095 0.971803 0.303441 0.310946
3.073211 0.969208 0.310075 0.309912
3.135147 0.965829 0.315852 0.323813
3.149009 0.972559 0.320190 0.313577
3.175627 0.974119 0.314894 0.306225
3.121144 0.967881 0.318125 0.317581
3.262061 0.979054 0.314339 0.317023
3.205237 0.974993 0.298743 0.307157
3.174728 0.969066 0.309080 0.306522
3.123338 0.970653 0.309024 0.313803
3.199761 0.974823 0.308594 0.304633
3.164214 0.972047 0.303502 0.302318
3.187133 0.969252 0.316862 0.314726
3.176210 0.965064 0.301069 0.290703
3.120172 0.969560 0.296916 0.290906
3.097473 0.968991 0.296732 0.284420
3.090416 0.971871 0.301365 0.302130
3.021940 0.961265 0.324845 0.318896
3.021433 0.965464 0.320398 0.305330
3.193803 0.976700 0.292261 0.294717
3.117063 0.971967 0.298884 0.301581
3.140755 0.965561 0.306810 0.297564
3.142845 0.971089 0.306177 0.302267
3.096699 0.966729 0.322954 0.306223
3.121506 0.973966 0.312794 0.315441
3.043059 0.967733 0.310225 0.291781
3.189582 0.977320 0.301271 0.305644
3.204156 0.973403 0.307525 0.305317
3.184222 0.975198 0.296259 0.292917
3.121109 0.971864 0.295011 0.293424
3.107651 0.967272 0.307901 0.307905
3.115153 0.965793 0.321074 0.320060
3.176764 0.976966 0.307860 0.302222
3.118069 0.961299 0.319887 0.317726
3.166192 0.971727 0.309253 0.307793
3.065394 0.968443 0.312972 0.302233
3.076890 0.967734 0.306663 0.300753
3.140027 0.972522 0.294622 0.292042
3.151893 0.972292 0.303441 0.307967
3.210826 0.976588 0.302597 0.305792
3.130807 0.973050 0.300330 0.298458
3.115139 0.967689 0.306050 0.297158
3.183037 0.974029 0.300991 0.301762
3.085805 0.960292 0.315299 0.310674
3.116038 0.968037 0.313002 0.305692
3.204431 0.975816 0.306557 0.310780
3.168006 0.966993 0.308389 0.307283
3.096588 0.965942 0.312390 0.302115
3.167981 0.967507 0.315895 0.311023
3.103048 0.966696 0.320356 0.317215
