3.144675 0.969409 0.308382 0.304582
3.139778 0.970551 0.310004 0.296904
3.097383 0.964813 0.318612 0.304803
3.168781 0.976252 0.308124 0.307392
3.123280 0.973078 0.307569 0.300747
3.155107 0.973860 0.310640 0.311763
3.129916 0.973480 0.299680 0.301468
3.112790 0.964282 0.310754 0.307124
3.192592 0.974077 0.296086 0.297497
3.176514 0.974314 0.310684 0.307402
3.090880 0.967082 0.313127 0.309968
3.185133 0.967546 0.311933 0.299364
3.138499 0.960553 0.315339 0.312354
3.160545 0.961509 0.320297 0.317272
3.174806 0.973171 0.302825 0.300329
3.144719 0.968919 0.305674 0.308520
3.062234 0.957965 0.314828 0.311381
3.029826 0.953197 0.322054 0.317608
3.095659 0.963873 0.311424 0.313157
3.121017 0.966147 0.303911 0.303232
3.165637 0.969226 0.297889 0.300447
3.160789 0.975842 0.296561 0.300731
3.196990 0.971016 0.306190 0.308536
3.155335 0.969936 0.303990 0.308938
3.246791 0.975421 0.299549 0.294595
3.170615 0.977590 0.291676 0.293701
3.229031 0.981143 0.289548 0.290831
3.204438 0.975842 0.296516 0.298870
3.173496 0.976474 0.284968 0.277703
3.123029 0.972377 0.302692 0.311760
3.158108 0.975559 0.298181 0.302414
3.084518 0.968772 0.310085 0.302591
3.091508 0.966488 0.310245 0.304143
3.168869 0.975641 0.293756 0.296615
3.189064 0.981332 0.287546 0.287123
3.248765 0.986588 0.288152 0.282370
3.162429 0.975455 0.299055 0.296533
3.281861 0.977383 0.297772 0.292081
3.102582 0.964934 0.315704 0.307918
3.060725 0.970177 0.304198 0.304615
3.080890 0.970888 0.302661 0.295356
3.215249 0.975449 0.298258 0.299110
3.181171 0.969128 0.315041 0.316577
3.191405 0.966756 0.311516 0.298525
3.223093 0.970532 0.316643 0.309860
3.170461 0.971375 0.308601 0.302180
3.109456 0.964698 0.317948 0.320317
3.127541 0.974405 0.303248 0.302528
3.101740 0.969263 0.314359 0.307841
3.124568 0.976000 0.298399 0.301116
3.113223 0.968301 0.305044 0.305439
3.150631 0.976001 0.290455 0.287717
3.123448 0.974636 0.295855 0.299781
3.163584 0.970036 0.313627 0.315395
3.188080 0.969510 0.307515 0.303191
3.116145 0.966429 0.320549 0.318748
3.143986 0.972208 0.310483 0.305899
3.175038 0.977552 0.295299 0.299332
3.134958 0.971723 0.302814 0.300953
3.035967 0.959491 0.322371 0.309163
3.144116 0.974497 0.299226 0.301016
3.138207 0.975045 0.289865 0.290006
3.138087 0.970867 0.300911 0.308446
3.133327 0.970010 0.294186 0.282486
3.125949 0.964017 0.319122 0.324366
3.145100 0.969233 0.310574 0.300682
3.128923 0.968808 0.304284 0.306289
3.112609 0.966151 0.311813 0.317585
3.118610 0.962352 0.316426 0.314934
3.199961 0.977778 0.304406 0.307531
3.175727 0.976548 0.296072 0.301303
3.149136 0.963082 0.304315 0.303015
3.164603 0.968482 0.301937 0.300501
3.108203 0.963754 0.316211 0.306447
3.185784 0.974888 0.300862 0.302155
3.147346 0.964663 0.307923 0.298776
3.126967 0.968278 0.303281 0.303904
3.182261 0.975334 0.302646 0.299291
3.132419 0.972808 0.301809 0.308021
3.134706 0.962710 0.313423 0.310264
3.201778 0.976047 0.290958 0.283875
3.149189 0.969357 0.313619 0.308801
3.151072 0.976189 0.314145 0.307253
3.111644 0.971881 0.301819 0.310528
3.134626 0.967718 0.313377 0.311649
3.130973 0.978625 0.296889 0.295553
3.211456 0.975304 0.296671 0.298697
3.156614 0.978712 0.295022 0.304861
3.121049 0.966471 0.302957 0.301342
3.084132 0.970720 0.310706 0.299242
3.106459 0.971073 0.298910 0.284501
3.067020 0.975444 0.299180 0.306965
3.116763 0.971555 0.308868 0.308816
3.069459 0.960304 0.309161 0.306490
3.138327 0.966462 0.303846 0.292044
3.221810 0.976180 0.305954 0.302126
3.183375 0.971606 0.303866 0.303563
3.206540 0.972662 0.294509 0.288022
3.212536 0.968834 0.298746 0.300760
3.240248 0.976422 0.297604 0.299408
3.099101 0.964422 0.313948 0.310824
3.165449 0.972713 0.306773 0.301975
3.176073 0.974619 0.304162 0.307989
3.200734 0.984453 0.293584 0.292201
3.114852 0.974475 0.306962 0.313813
3.084548 0.968217 0.316528 0.312203
3.096602 0.971531 0.311262 0.313745
3.105557 0.966397 0.312584 0.307358
3.111202 0.969479 0.306195 0.308909
3.173295 0.966863 0.309610 0.308324
3.085292 0.964504 0.305312 0.300077
3.160458 0.968790 0.316601 0.313108
3.099457 0.969042 0.307411 0.302583
3.127226 0.965176 0.313879 0.304584
3.154613 0.971700 0.314294 0.311384
3.201586 0.973943 0.299876 0.300731
3.200539 0.972010 0.302245 0.299982
3.129672 0.974004 0.296859 0.292228
3.158353 0.974334 0.295371 0.295278
3.155553 0.966993 0.310890 0.316812
3.165823 0.967145 0.318421 0.324535
3.168468 0.970013 0.313228 0.314918
3.085725 0.964508 0.311127 0.317338
3.110333 0.976719 0.300138 0.306431
3.144358 0.964318 0.303905 0.302961
3.145973 0.971950 0.299534 0.294528
3.173431 0.975797 0.301391 0.302675
3.167168 0.973216 0.309083 0.304413
3.178598 0.966820 0.307402 0.302625
3.195543 0.967179 0.320274 0.319369
3.167459 0.967010 0.309807 0.309600
3.184162 0.965552 0.311640 0.305486
3.064716 0.965419 0.311842 0.315255
3.088176 0.969521 0.300209 0.304573
3.157571 0.975460 0.293034 0.299800
3.141544 0.972382 0.303035 0.308089
3.109207 0.963997 0.312944 0.306328
3.097450 0.964887 0.307372 0.299948
