3.071149 0.975272 0.300190 0.296948
3.134315 0.974403 0.293718 0.290262
3.118319 0.968051 0.307241 0.305574
3.098792 0.963649 0.313632 0.303435
3.230746 0.974205 0.319680 0.320238
3.116437 0.973378 0.304452 0.304407
3.115723 0.971018 0.312477 0.313985
3.156755 0.967824 0.314439 0.315994
3.215941 0.970713 0.305118 0.312396
3.161697 0.968323 0.309524 0.303207
3.160134 0.970617 0.317826 0.320091
3.162521 0.967429 0.310470 0.307226
3.149358 0.965236 0.304400 0.304170
3.110880 0.970590 0.308380 0.310795
3.138347 0.974728 0.300567 0.297968
3.104202 0.970268 0.309737 0.302194
3.192652 0.974236 0.297541 0.291957
3.161955 0.969572 0.310617 0.308825
3.154858 0.973851 0.286686 0.273911
3.137810 0.975000 0.289290 0.293437
3.246644 0.975280 0.291621 0.296876
3.207899 0.972682 0.298273 0.292545
3.211763 0.970994 0.304325 0.301728
3.146048 0.965484 0.315915 0.314734
3.215077 0.975720 0.303203 0.307408
3.137330 0.967476 0.303686 0.304174
3.107856 0.965364 0.312038 0.317165
3.093563 0.971263 0.302663 0.302822
3.129501 0.973484 0.287203 0.284160
3.180219 0.972181 0.295596 0.301541
3.147338 0.971467 0.301587 0.308256
3.153957 0.973245 0.296494 0.308825
3.158148 0.961986 0.311907 0.299985
3.192081 0.974962 0.299538 0.295766
3.118846 0.965075 0.312473 0.304100
3.179925 0.968273 0.315699 0.319128
3.124813 0.970421 0.305280 0.308420
3.140281 0.977169 0.293014 0.294310
3.154971 0.978883 0.299571 0.307865
3.085822 0.973596 0.300624 0.304970
3.083800 0.972652 0.294555 0.290394
3.083800 0.972652 0.298194 0.303375
3.200833 0.972361 0.296112 0.284334
3.202336 0.973339 0.297212 0.296017
3.124362 0.975245 0.295365 0.279104
3.169071 0.978343 0.296100 0.292232
3.167896 0.974730 0.296957 0.291212
3.144988 0.963735 0.315385 0.314998
3.162571 0.961232 0.316029 0.318272
3.112250 0.970500 0.307546 0.306399
3.093304 0.965095 0.318583 0.316331
3.175630 0.974288 0.295814 0.287424
3.116888 0.967843 0.305271 0.300514
3.146198 0.965484 0.311416 0.311421
3.179370 0.972876 0.298497 0.297213
3.175402 0.973621 0.292769 0.282243
3.142767 0.974859 0.304473 0.303774
3.134641 0.973251 0.296844 0.289016
3.264013 0.983224 0.307306 0.306866
3.139341 0.967635 0.306220 0.302501
3.159132 0.971837 0.303033 0.309500
3.105329 0.968802 0.318414 0.319003
3.185226 0.974050 0.300724 0.298984
3.198039 0.974377 0.304074 0.304439
3.219065 0.973017 0.301429 0.304064
3.169673 0.972608 0.309618 0.325719
3.113142 0.965640 0.321210 0.328920
3.111150 0.963434 0.320213 0.320710
3.075205 0.960026 0.314972 0.301224
3.163950 0.965140 0.308514 0.302100
3.146260 0.964876 0.310080 0.298172
3.157012 0.971989 0.293485 0.294759
3.166313 0.971661 0.305049 0.309917
3.167182 0.976296 0.295791 0.300190
3.182069 0.974853 0.300942 0.300677
3.121350 0.968449 0.303971 0.306357
3.081698 0.969137 0.305785 0.301695
3.151343 0.972965 0.295750 0.295113
3.148247 0.959573 0.318732 0.312752
3.151364 0.956483 0.330082 0.319970
3.149573 0.965824 0.315591 0.309925
3.203529 0.973832 0.303443 0.313036
3.121263 0.970190 0.313786 0.314993
3.207979 0.974067 0.299455 0.301533
3.037260 0.962276 0.310769 0.311018
3.132539 0.971509 0.302209 0.291876
3.004873 0.961389 0.328581 0.316742
3.050330 0.958812 0.321763 0.313649
3.161844 0.968167 0.310538 0.302708
3.148910 0.966530 0.315553 0.311776
3.145950 0.965679 0.309192 0.298681
3.157090 0.969415 0.307096 0.311617
3.148901 0.969503 0.305386 0.311598
3.053351 0.962130 0.315960 0.317239
3.097362 0.968668 0.302551 0.286094
3.098352 0.964885 0.316182 0.307836
3.118021 0.968270 0.305867 0.305949
3.101755 0.973484 0.295986 0.298568
3.170461 0.970262 0.307220 0.312550
3.155148 0.964822 0.309045 0.301048
3.125640 0.966007 0.308742 0.305916
3.154995 0.965579 0.310554 0.305831
3.218565 0.972362 0.306062 0.306390
3.147154 0.968645 0.303356 0.296714
3.089391 0.964003 0.314847 0.313187
3.196602 0.973102 0.301575 0.302965
3.210298 0.984283 0.289077 0.287716
3.146692 0.973270 0.305274 0.299585
3.139086 0.970364 0.307124 0.298860
3.089564 0.976164 0.307794 0.314335
3.194207 0.971714 0.309915 0.317427
3.159406 0.970300 0.310547 0.307725
3.188009 0.979038 0.288479 0.292982
3.198732 0.981471 0.291045 0.298803
3.178596 0.968055 0.316446 0.319779
3.199588 0.982267 0.297485 0.298300
3.179820 0.974660 0.297738 0.299294
3.175966 0.971769 0.298932 0.298095
3.105891 0.965334 0.318439 0.317182
3.124537 0.965564 0.314707 0.308561
3.210408 0.978523 0.294886 0.289704
3.228939 0.976656 0.298569 0.293585
3.146896 0.971024 0.307579 0.310317
3.176773 0.974269 0.310337 0.321679
3.184565 0.976827 0.289056 0.277269
3.158709 0.976121 0.295919 0.297353
3.128840 0.967676 0.303545 0.301400
3.095658 0.971193 0.295831 0.297877
3.111672 0.968251 0.297325 0.291534
3.102172 0.969426 0.299212 0.290910
3.238093 0.981421 0.307017 0.310474
3.209633 0.979821 0.285680 0.291041
3.173469 0.976324 0.301770 0.301132
3.240264 0.978027 0.305278 0.311439
3.183162 0.977152 0.288024 0.287634
3.090006 0.970023 0.299767 0.288500
3.100114 0.967452 0.313123 0.312056
3.168138 0.976033 0.298227 0.289645
3.072628 0.966625 0.317771 0.323889
