3.067136 0.964796 0.311366 0.305589
3.144878 0.972532 0.306513 0.312597
3.116074 0.968319 0.309620 0.314217
3.142213 0.975122 0.296440 0.299375
3.088945 0.969370 0.301590 0.303155
3.055363 0.951727 0.338173 0.331807
3.085236 0.951931 0.329235 0.311646
3.101389 0.965759 0.310737 0.299773
3.083158 0.965228 0.307868 0.311808
3.122795 0.970654 0.295405 0.289685
3.096402 0.974050 0.301744 0.291702
3.180661 0.973003 0.303060 0.303877
3.133871 0.973088 0.304710 0.289733
3.243169 0.974773 0.309795 0.308371
3.163491 0.972157 0.307750 0.315319
3.158447 0.970619 0.303181 0.306049
3.132590 0.970009 0.306655 0.304227
3.160745 0.969999 0.304586 0.300851
3.125054 0.965521 0.305048 0.298623
3.125814 0.975135 0.296976 0.310236
3.107178 0.960631 0.316554 0.313903
3.170274 0.972388 0.304497 0.312429
3.084704 0.972282 0.305888 0.311239
3.091585 0.970123 0.306507 0.310073
3.128475 0.973080 0.299025 0.301288
3.126602 0.968727 0.314183 0.310201
3.087627 0.969761 0.296054 0.297856
3.170874 0.972428 0.292940 0.285553
3.151487 0.973919 0.314539 0.315791
3.172749 0.967975 0.313652 0.315171
3.112890 0.966954 0.315349 0.320937
3.194910 0.974062 0.297791 0.301996
3.157190 0.972467 0.308184 0.314539
3.162183 0.975924 0.300451 0.303933
3.129784 0.973336 0.296672 0.291994
3.181128 0.978022 0.299532 0.308802
3.136202 0.970361 0.306554 0.306377
3.148070 0.970029 0.301870 0.296855
3.113050 0.967435 0.311614 0.307495
3.159665 0.974325 0.299513 0.293981
3.088091 0.965338 0.321568 0.316154
3.138011 0.968567 0.304824 0.298689
3.164286 0.972290 0.291043 0.288536
3.178062 0.972311 0.298329 0.298481
3.171899 0.972466 0.306823 0.311785
3.059355 0.963643 0.316417 0.315193
3.105590 0.971372 0.315010 0.315667
3.133271 0.967915 0.315103 0.308169
3.097169 0.965213 0.306754 0.309991
3.214236 0.971197 0.309550 0.305877
3.129532 0.969316 0.305741 0.313477
3.158115 0.971148 0.308121 0.312247
3.147304 0.970948 0.300694 0.306434
3.089042 0.966810 0.301293 0.294812
3.007466 0.963472 0.317557 0.302389
3.011833 0.963436 0.318182 0.313567
3.187329 0.979955 0.287395 0.294269
3.149523 0.975635 0.295015 0.304828
3.132664 0.964835 0.313462 0.313582
3.210266 0.974202 0.301321 0.306796
3.129076 0.967702 0.300142 0.295190
3.199902 0.976727 0.292077 0.295863
3.131100 0.968657 0.306498 0.311772
3.178638 0.967913 0.300488 0.300238
3.105384 0.977358 0.297546 0.297324
3.196305 0.981004 0.284951 0.290115
3.224111 0.982746 0.282647 0.284233
3.114463 0.970965 0.297455 0.287350
3.151177 0.968873 0.311064 0.316028
3.131618 0.963866 0.317445 0.318499
3.184742 0.969887 0.305958 0.305542
3.091031 0.958495 0.314815 0.300490
3.032013 0.963768 0.307475 0.298959
3.168303 0.975101 0.289097 0.295712
3.164250 0.975072 0.296187 0.291138
3.204716 0.975646 0.301239 0.299094
3.134914 0.972484 0.295392 0.290701
3.191229 0.976424 0.294314 0.293012
3.167510 0.974595 0.302124 0.301534
3.108268 0.965157 0.315789 0.311235
3.149707 0.976248 0.300501 0.288743
3.144088 0.969145 0.313707 0.312714
3.082770 0.967773 0.317661 0.324676
3.091193 0.972017 0.304886 0.303285
3.151180 0.974208 0.291252 0.292599
3.152992 0.969518 0.304562 0.310181
3.144682 0.966015 0.317280 0.311439
3.156665 0.965929 0.314013 0.310878
3.192001 0.968942 0.306229 0.298585
3.181141 0.965669 0.318999 0.317077
3.132139 0.963799 0.322538 0.316500
3.172116 0.962376 0.322757 0.329636
3.149348 0.965185 0.315446 0.309109
3.107459 0.964858 0.302710 0.292505
3.117742 0.965195 0.299367 0.278120
3.177242 0.974597 0.298618 0.301068
3.203399 0.972410 0.299025 0.300723
3.188728 0.972030 0.305336 0.304616
3.164972 0.973832 0.298025 0.297317
3.160229 0.974772 0.303096 0.309064
3.144721 0.966431 0.308123 0.306641
3.097614 0.972295 0.309891 0.304425
3.119858 0.970431 0.294757 0.292184
3.093029 0.964807 0.308695 0.317374
3.198671 0.974135 0.293694 0.281392
3.136044 0.971671 0.303298 0.302165
3.171118 0.972316 0.302260 0.299687
3.193729 0.975139 0.284091 0.283556
3.141129 0.977676 0.284780 0.289831
3.163443 0.978748 0.292613 0.293421
3.156412 0.974040 0.290249 0.279211
3.073048 0.970165 0.307564 0.311139
3.164024 0.972055 0.300908 0.303759
3.156442 0.970219 0.310294 0.311754
3.153800 0.964784 0.313282 0.309909
3.190734 0.971631 0.307746 0.304664
3.085150 0.972939 0.301123 0.291822
3.109872 0.970448 0.312178 0.307359
3.147352 0.968766 0.313075 0.312616
3.118205 0.972641 0.310761 0.307669
3.091804 0.966517 0.306968 0.299053
3.145083 0.967319 0.309241 0.307337
3.133016 0.966569 0.316300 0.316481
3.086674 0.962127 0.324151 0.326083
3.151003 0.961717 0.317421 0.317539
3.170491 0.969403 0.314867 0.312571
3.165740 0.970628 0.314629 0.309660
3.139082 0.972648 0.301148 0.305604
3.161328 0.978011 0.285436 0.294046
3.169517 0.979442 0.292629 0.298536
3.085370 0.979305 0.292343 0.293913
3.174735 0.972323 0.313173 0.317513
3.198985 0.974054 0.303718 0.313668
3.123826 0.962037 0.311656 0.304226
3.145902 0.965368 0.323960 0.334193
3.152965 0.972137 0.305801 0.305267
3.160026 0.971415 0.311003 0.306413
3.202984 0.978668 0.293796 0.294598
