3.205491 0.976478 0.305269 0.306300
3.207046 0.971825 0.310773 0.314958
3.207833 0.974196 0.300266 0.307428
3.166443 0.971341 0.300818 0.293613
3.265409 0.987976 0.300561 0.300382
3.264143 0.979220 0.305977 0.311121
3.272540 0.983225 0.300879 0.299321
3.180137 0.977925 0.298815 0.302186
3.170224 0.974242 0.312751 0.300841
3.217464 0.976831 0.296404 0.298658
3.216559 0.976514 0.304819 0.305976
3.152519 0.966160 0.315381 0.315538
3.167699 0.970773 0.302677 0.305091
3.120839 0.967943 0.307623 0.311588
3.154048 0.964015 0.305738 0.297548
3.102834 0.968418 0.297853 0.290047
3.107234 0.963467 0.310731 0.294219
3.244903 0.975449 0.319651 0.326040
3.136472 0.967557 0.326209 0.324343
3.172073 0.963814 0.319270 0.305277
3.144748 0.967327 0.318036 0.310376
3.118509 0.965838 0.318376 0.311703
3.210521 0.973501 0.300743 0.299123
3.066162 0.966634 0.309315 0.298270
3.203052 0.981021 0.297650 0.307267
3.155874 0.972379 0.297331 0.297007
3.041882 0.961112 0.317360 0.311484
3.035548 0.963090 0.325306 0.309244
3.141326 0.972002 0.310503 0.311073
3.129223 0.970108 0.300691 0.301079
3.059622 0.969078 0.301834 0.301380
3.140564 0.970251 0.301966 0.292729
3.171934 0.970102 0.298603 0.292963
3.150657 0.968162 0.305903 0.312948
3.161477 0.974179 0.299304 0.304067
3.132580 0.969013 0.311014 0.310095
3.128316 0.977364 0.297979 0.296178
3.134238 0.980479 0.293372 0.294851
3.190229 0.974196 0.311771 0.315777
3.065949 0.967178 0.309655 0.309574
3.055190 0.966725 0.309442 0.306180
3.081699 0.966246 0.304608 0.301647
3.091914 0.964747 0.312285 0.310043
3.178361 0.973477 0.301360 0.294772
3.126306 0.966927 0.318500 0.319077
3.152639 0.975123 0.299696 0.300475
3.096438 0.978735 0.297640 0.300728
3.091793 0.969464 0.314459 0.303848
3.178175 0.971051 0.303906 0.309799
3.151107 0.966969 0.302727 0.302550
3.159607 0.964517 0.309406 0.306911
3.178655 0.964726 0.310407 0.309591
3.204807 0.974543 0.302665 0.300320
3.199996 0.976529 0.301589 0.308119
3.081406 0.960238 0.315144 0.305184
3.091915 0.968883 0.309873 0.299105
3.151629 0.965333 0.320605 0.318356
3.125447 0.969770 0.305319 0.312709
3.144275 0.967387 0.309750 0.314452
3.134849 0.965756 0.312908 0.315988
3.065827 0.966922 0.317733 0.320794
3.079226 0.969656 0.310048 0.307514
3.077891 0.967146 0.322920 0.313215
2.983648 0.962777 0.328644 0.318318
3.099732 0.962179 0.322748 0.325579
3.157263 0.972725 0.294048 0.292401
3.124875 0.969864 0.305902 0.311615
3.161181 0.974451 0.302261 0.305763
3.190961 0.975385 0.294053 0.293219
3.173012 0.976359 0.287159 0.288432
3.207242 0.978339 0.290590 0.297516
3.147879 0.970635 0.302651 0.301225
3.159175 0.976066 0.293861 0.297473
3.189862 0.977990 0.293504 0.291232
3.180787 0.971752 0.306380 0.311894
3.229992 0.982224 0.302395 0.308740
3.127965 0.965433 0.308485 0.304118
3.159649 0.971446 0.307203 0.300634
3.178865 0.975136 0.298326 0.301481
3.139540 0.965013 0.315218 0.307714
3.163015 0.974535 0.310430 0.307794
3.135308 0.966526 0.321776 0.315266
3.133827 0.974526 0.297081 0.299062
3.135709 0.967161 0.307550 0.302802
3.108300 0.972234 0.297204 0.292565
3.186768 0.973302 0.298551 0.291074
3.126211 0.968456 0.303320 0.280168
3.085977 0.961962 0.316626 0.303149
3.151582 0.966641 0.315019 0.310096
3.181918 0.968898 0.297126 0.289450
3.143232 0.971543 0.311974 0.319146
3.244232 0.982988 0.308412 0.312224
3.095354 0.974229 0.305186 0.311651
3.096922 0.973500 0.302938 0.303394
3.164165 0.973110 0.296780 0.294099
3.126393 0.967452 0.306939 0.304245
3.071454 0.967330 0.310800 0.311285
3.166664 0.971730 0.298853 0.287811
3.164617 0.983924 0.293016 0.300999
3.207507 0.975224 0.303662 0.302137
3.121947 0.970028 0.309969 0.318455
3.132127 0.971976 0.311843 0.306293
3.197360 0.977973 0.294090 0.300989
3.098526 0.975683 0.304009 0.302211
3.124879 0.965938 0.322180 0.318031
3.162794 0.976692 0.314451 0.311216
3.162536 0.968792 0.315753 0.323163
3.172366 0.976395 0.293388 0.284501
3.141897 0.967408 0.305309 0.310201
3.189622 0.968088 0.305538 0.306566
3.177103 0.969085 0.307385 0.303817
3.125017 0.973796 0.302581 0.301357
3.122931 0.971121 0.298859 0.292531
3.098166 0.963738 0.311595 0.307288
3.151778 0.968345 0.310637 0.306664
3.217003 0.976289 0.297097 0.289040
3.178849 0.965578 0.323858 0.331050
3.129409 0.965008 0.313150 0.319581
3.119723 0.964534 0.316848 0.311243
3.112198 0.962578 0.323446 0.317470
3.070074 0.961172 0.325746 0.319716
3.153458 0.968874 0.312445 0.310598
3.049643 0.966713 0.317305 0.310551
3.168293 0.976613 0.290498 0.288341
3.177544 0.975012 0.295839 0.299414
3.176194 0.969399 0.303234 0.294019
3.146709 0.976082 0.308078 0.312194
3.198422 0.973399 0.303959 0.294883
3.066617 0.962095 0.314970 0.302923
3.140693 0.970450 0.298639 0.289500
3.112065 0.967021 0.312872 0.310837
3.115089 0.966881 0.311431 0.304781
3.128645 0.974181 0.292267 0.282877
3.158994 0.965554 0.314359 0.309989
3.245089 0.977262 0.315072 0.314085
3.183228 0.971540 0.297103 0.287603
3.181515 0.975104 0.299744 0.300564
3.182880 0.972942 0.309225 0.308491
3.157645 0.973377 0.299213 0.300318
