3.055703 0.966443 0.308132 0.313382
3.122056 0.974151 0.299542 0.310641
3.068928 0.967450 0.302278 0.304633
3.182624 0.974598 0.302642 0.302704
3.173202 0.980011 0.292207 0.287400
3.299920 0.984745 0.295230 0.302254
3.254476 0.979953 0.294845 0.289861
3.256436 0.977470 0.294928 0.296265
3.171916 0.972755 0.303660 0.305040
3.183971 0.969458 0.296991 0.289006
3.157479 0.967747 0.313158 0.316604
3.125244 0.970696 0.308166 0.304904
3.116165 0.964143 0.318136 0.315578
3.091218 0.967489 0.313473 0.307415
3.173111 0.968739 0.304271 0.301787
3.169418 0.974412 0.306483 0.307243
3.205316 0.971817 0.308684 0.312525
3.219156 0.978089 0.306514 0.307976
3.181957 0.975541 0.292425 0.297855
3.184328 0.974381 0.302662 0.298603
3.228732 0.983858 0.303927 0.309167
3.166014 0.979522 0.297769 0.301204
3.165955 0.979707 0.295831 0.300857
3.176334 0.986517 0.279390 0.280408
3.125758 0.975463 0.300452 0.291036
3.172844 0.972373 0.304712 0.313200
3.171224 0.978078 0.301976 0.308334
3.188702 0.973531 0.302593 0.299813
3.154662 0.966624 0.308052 0.306775
3.031739 0.968186 0.314026 0.316819
2.990661 0.959617 0.311832 0.302224
3.076565 0.966851 0.313971 0.318088
3.107114 0.962048 0.323545 0.319883
3.121675 0.961018 0.319289 0.317592
3.159217 0.973277 0.303561 0.316045
3.114535 0.967100 0.299690 0.300274
3.130538 0.968073 0.296530 0.294738
3.059483 0.960224 0.309796 0.303334
3.162528 0.972326 0.297298 0.295469
3.115039 0.969563 0.310796 0.303263
3.147327 0.976410 0.291148 0.292554
3.149729 0.969340 0.306340 0.306799
3.129305 0.967691 0.319116 0.316029
3.139926 0.966909 0.296586 0.284169
3.056715 0.961846 0.314553 0.306405
3.212390 0.974725 0.296390 0.300508
3.263580 0.975040 0.296420 0.301577
3.074213 0.972630 0.303340 0.311217
3.122311 0.966642 0.306776 0.311425
3.208302 0.972121 0.302056 0.303820
3.116789 0.965537 0.314649 0.306575
3.134335 0.972805 0.311741 0.316695
3.116174 0.954744 0.322139 0.320017
3.148668 0.971214 0.309344 0.308697
3.209378 0.975424 0.301569 0.298663
3.152712 0.970981 0.295273 0.286350
3.069411 0.968335 0.321263 0.335305
3.179641 0.973938 0.309027 0.304540
3.177159 0.972993 0.303742 0.307113
3.162359 0.973288 0.305861 0.297550
3.140240 0.970620 0.310938 0.308551
3.113784 0.971980 0.303096 0.304972
3.177206 0.974639 0.299930 0.294190
3.225618 0.977736 0.303145 0.304309
3.146005 0.966980 0.310453 0.308967
3.144790 0.969764 0.316487 0.327025
3.108572 0.970966 0.307322 0.298419
3.101597 0.968466 0.308894 0.300437
3.126113 0.971851 0.303150 0.302438
3.106056 0.968857 0.306087 0.305260
3.099742 0.969443 0.304579 0.306812
3.165152 0.968955 0.313224 0.313492
3.130192 0.968601 0.299964 0.297982
3.199787 0.970368 0.312304 0.320399
3.227951 0.974641 0.301036 0.292535
3.265487 0.985247 0.305078 0.307340
3.177477 0.983530 0.297530 0.295559
3.160174 0.983364 0.292366 0.297013
3.165610 0.978923 0.297585 0.298127
3.027352 0.968818 0.304927 0.309176
3.193615 0.979345 0.288680 0.290528
3.148710 0.977110 0.299892 0.300400
3.152459 0.969385 0.305001 0.300686
3.120725 0.959210 0.321903 0.310640
3.084178 0.958439 0.331543 0.325527
3.118426 0.964518 0.327473 0.321766
3.068917 0.967706 0.316758 0.326536
3.143041 0.971873 0.298782 0.311933
3.152724 0.975972 0.296032 0.304419
3.156114 0.966302 0.308149 0.304585
3.179535 0.973749 0.308213 0.307321
3.141855 0.971185 0.299893 0.302566
3.141911 0.970866 0.308454 0.300228
3.184771 0.977541 0.298021 0.300752
3.125705 0.978550 0.295848 0.302005
3.163712 0.984603 0.291332 0.303891
3.125070 0.976569 0.296929 0.295219
3.089860 0.960059 0.333413 0.322599
3.085680 0.964474 0.318042 0.310271
3.168062 0.976810 0.306775 0.303241
3.165001 0.968958 0.298438 0.293624
3.200373 0.971595 0.302418 0.296776
3.189500 0.969584 0.304940 0.304989
3.111639 0.967800 0.309459 0.315684
3.067941 0.965680 0.308323 0.299223
3.083427 0.966453 0.311294 0.306488
3.070272 0.965718 0.318367 0.314647
3.102954 0.967354 0.316545 0.314052
3.116901 0.970874 0.317716 0.313309
3.090642 0.975056 0.302582 0.295187
3.186676 0.972731 0.312827 0.312292
3.148827 0.970433 0.310679 0.305073
3.158186 0.969460 0.311123 0.306709
3.128506 0.966673 0.312631 0.323254
3.145349 0.961869 0.311158 0.307411
3.152444 0.966423 0.305206 0.305121
3.218455 0.973145 0.308066 0.305114
3.174187 0.973309 0.308050 0.308054
3.120044 0.971352 0.307432 0.319895
3.064639 0.972313 0.298006 0.295840
3.077847 0.972997 0.303083 0.309284
3.147563 0.967552 0.314232 0.316347
3.132329 0.960027 0.325426 0.315805
3.067311 0.970271 0.303409 0.287945
3.206689 0.972646 0.303669 0.296940
3.119318 0.970239 0.299871 0.301902
3.085170 0.965138 0.304070 0.297681
3.084162 0.971078 0.299177 0.303862
3.059783 0.968128 0.302162 0.305169
3.183921 0.969052 0.298763 0.293476
3.075641 0.966172 0.307347 0.300749
3.160129 0.962417 0.322460 0.320168
3.192806 0.975539 0.305509 0.305597
3.204385 0.980821 0.291470 0.293669
3.124487 0.965335 0.308343 0.315157
3.148375 0.964416 0.307323 0.305695
3.114912 0.966557 0.316321 0.309825
3.167423 0.970470 0.310836 0.306760
