3.106258 0.972885 0.310760 0.312517
3.175921 0.973748 0.302094 0.296663
3.239005 0.978655 0.299553 0.282961
3.261760 0.973199 0.310966 0.321200
3.171211 0.962453 0.312321 0.309693
3.125312 0.972717 0.310410 0.320119
3.101096 0.970216 0.304429 0.300658
3.065795 0.959691 0.327415 0.316854
3.076370 0.968834 0.308318 0.304836
3.123221 0.971839 0.299604 0.304197
3.116917 0.969897 0.305904 0.307051
3.092196 0.972454 0.309080 0.305857
3.124255 0.971240 0.306165 0.307213
3.176811 0.972106 0.308676 0.305319
3.219998 0.973356 0.309998 0.309806
3.168962 0.972537 0.300430 0.304516
3.165858 0.983742 0.283431 0.283908
3.164510 0.978435 0.294478 0.299075
3.242418 0.981105 0.296330 0.294314
3.215249 0.970220 0.306691 0.303723
3.210842 0.974225 0.301576 0.303196
3.172610 0.976167 0.306422 0.307549
3.225005 0.980959 0.308132 0.309738
3.102442 0.974533 0.302364 0.296610
3.221722 0.982428 0.297039 0.281155
3.212958 0.980718 0.300076 0.303798
3.250807 0.976884 0.300440 0.300477
3.239180 0.979564 0.303007 0.310122
3.145696 0.979081 0.301516 0.300163
3.138576 0.972506 0.304306 0.302941
3.107351 0.969299 0.311667 0.312406
3.165274 0.969955 0.313484 0.302523
3.093913 0.963514 0.326395 0.320317
3.149838 0.970963 0.311027 0.313669
3.213617 0.974577 0.290155 0.296781
3.195757 0.969075 0.297779 0.294980
3.175410 0.980432 0.291487 0.298439
3.175018 0.977762 0.297117 0.297236
3.128743 0.979707 0.299198 0.293763
3.182151 0.977414 0.299694 0.308876
3.216482 0.971729 0.301378 0.304324
3.159388 0.972269 0.308251 0.315046
3.211900 0.967023 0.314393 0.317329
3.184683 0.963241 0.319800 0.317667
3.226389 0.975715 0.316880 0.313208
3.069311 0.963314 0.321511 0.322169
3.099997 0.965972 0.306130 0.306060
3.146273 0.969818 0.303394 0.300483
3.161222 0.971304 0.310488 0.309036
3.166430 0.966477 0.314443 0.307920
3.176017 0.972142 0.308335 0.304223
3.146533 0.969389 0.316641 0.322788
3.145432 0.970803 0.313324 0.313868
3.153288 0.964971 0.309122 0.300408
3.200007 0.975064 0.293732 0.295110
3.105701 0.966235 0.305185 0.290160
3.122194 0.974510 0.296365 0.303027
3.232623 0.981268 0.293339 0.295183
3.200338 0.980321 0.282429 0.285062
3.144953 0.977570 0.290753 0.284879
3.057495 0.968656 0.315556 0.308913
3.133006 0.963045 0.313310 0.311135
3.028618 0.961102 0.323952 0.309134
3.052430 0.967919 0.316484 0.307962
3.081039 0.967281 0.313550 0.305360
3.063755 0.957090 0.320109 0.302230
3.079943 0.961087 0.325084 0.320991
3.171558 0.970728 0.313715 0.313350
3.119314 0.963661 0.317986 0.300808
3.141185 0.968235 0.321544 0.319081
3.223371 0.972572 0.312784 0.310600
3.112529 0.972135 0.305442 0.308749
3.243207 0.975092 0.309179 0.306439
3.067958 0.963867 0.321761 0.311926
3.158584 0.979017 0.284495 0.290377
3.154392 0.972911 0.299540 0.299673
3.129231 0.974196 0.310601 0.311806
3.187554 0.972318 0.308345 0.312955
3.131654 0.967329 0.318254 0.315445
3.159524 0.969812 0.315952 0.314329
3.170107 0.969935 0.310762 0.303791
3.215909 0.971836 0.305963 0.310635
3.148461 0.972372 0.299225 0.301022
3.093228 0.969661 0.301353 0.314579
3.099102 0.971107 0.303132 0.297316
3.104318 0.968492 0.306667 0.308050
3.016736 0.964485 0.311783 0.318012
3.125060 0.965818 0.308053 0.307709
3.079799 0.965213 0.301652 0.292145
3.050764 0.966647 0.306358 0.302906
3.176294 0.974696 0.308539 0.306934
3.048872 0.963166 0.306590 0.293819
3.113320 0.965562 0.298300 0.296592
3.148351 0.973127 0.293031 0.288735
3.154639 0.979765 0.297284 0.307025
3.191355 0.974611 0.312049 0.308931
3.228083 0.976168 0.314268 0.310467
3.151062 0.970929 0.311113 0.303214
3.139223 0.970748 0.311141 0.313308
3.120797 0.967692 0.305425 0.310760
3.174889 0.975087 0.287085 0.289733
3.146596 0.972511 0.303548 0.305110
3.125913 0.965404 0.306269 0.294415
3.062176 0.956488 0.322122 0.313959
3.113560 0.971008 0.303544 0.294322
3.149766 0.969838 0.317458 0.321604
3.116610 0.971888 0.320223 0.324504
3.110271 0.971753 0.306662 0.306378
3.145353 0.969379 0.310029 0.317179
3.132529 0.964807 0.303571 0.296905
3.130107 0.965537 0.307147 0.305995
3.172566 0.969285 0.299755 0.295336
3.125159 0.965753 0.300061 0.288559
3.055715 0.961463 0.312535 0.307782
3.119844 0.964979 0.317357 0.311108
3.119513 0.963441 0.310005 0.303764
3.107289 0.964222 0.315460 0.316408
3.094335 0.963425 0.312398 0.316464
3.070011 0.970806 0.300711 0.291092
3.119384 0.981525 0.286207 0.294643
3.112488 0.967825 0.309831 0.302570
3.121627 0.967488 0.311505 0.305067
3.164163 0.974305 0.301278 0.301006
3.154087 0.966951 0.308222 0.308072
3.038595 0.963488 0.322508 0.323794
3.040258 0.964590 0.307333 0.299798
3.127418 0.969182 0.309820 0.315398
3.115731 0.968698 0.311047 0.314316
3.095959 0.967233 0.315774 0.305140
3.157310 0.970202 0.309021 0.308012
3.122313 0.971410 0.298728 0.294432
3.119756 0.971077 0.296991 0.308705
3.154027 0.967868 0.303594 0.311774
3.069790 0.969384 0.306067 0.305551
3.209229 0.979194 0.293831 0.295964
3.175997 0.979072 0.306268 0.307079
3.188633 0.979883 0.290655 0.291329
3.185597 0.976284 0.293248 0.301874
