3.134281 0.973661 0.297019 0.302276
3.174808 0.976573 0.292900 0.297334
3.246842 0.974360 0.295627 0.298352
3.162057 0.964842 0.319269 0.322744
3.143949 0.972842 0.304885 0.308377
3.252185 0.979922 0.307590 0.309708
3.128205 0.972195 0.311137 0.310292
3.130837 0.966505 0.310339 0.304863
3.228123 0.974498 0.305476 0.298850
3.074772 0.961527 0.314848 0.310946
3.135140 0.961871 0.320330 0.312450
3.155884 0.974596 0.301043 0.299657
3.208312 0.967947 0.302216 0.297181
3.198696 0.973644 0.303147 0.303557
3.150007 0.969302 0.308627 0.302316
3.123200 0.964398 0.313275 0.304629
3.122427 0.963965 0.313387 0.312655
3.094551 0.970500 0.309585 0.308168
3.122798 0.971382 0.309199 0.307156
3.116963 0.974717 0.298695 0.293861
3.063821 0.970877 0.308776 0.306513
3.124790 0.975797 0.302352 0.296704
3.113408 0.971277 0.315395 0.309546
3.100322 0.972208 0.297765 0.295788
3.175156 0.974006 0.303895 0.306351
3.161443 0.969647 0.306391 0.308091
3.134081 0.969429 0.305908 0.305950
3.136768 0.965842 0.315984 0.313510
3.181825 0.968416 0.297087 0.293840
3.230867 0.972768 0.301760 0.302645
3.202723 0.977406 0.302656 0.302944
3.086669 0.967951 0.304936 0.297863
3.058758 0.971744 0.300137 0.298407
3.064225 0.967498 0.310791 0.305284
3.165997 0.970066 0.316700 0.315390
3.157252 0.978663 0.305765 0.314038
3.162267 0.976790 0.302966 0.297963
3.107043 0.971876 0.309225 0.306730
3.097972 0.968553 0.303906 0.303734
3.079916 0.972652 0.303410 0.314943
3.160920 0.971533 0.313641 0.318784
3.096869 0.970205 0.304880 0.304311
3.139636 0.968432 0.304742 0.309475
3.146979 0.970257 0.306502 0.304661
3.127154 0.961998 0.317616 0.312038
3.149624 0.975738 0.287064 0.284723
3.060033 0.965194 0.320167 0.320310
3.086889 0.961906 0.315390 0.309415
3.151593 0.968920 0.308644 0.311035
3.157314 0.969212 0.301906 0.314024
3.104181 0.964035 0.315711 0.316086
3.141615 0.964212 0.312643 0.319088
3.166416 0.969710 0.304201 0.304994
3.182272 0.973459 0.306764 0.293305
3.203412 0.975433 0.300328 0.300766
3.180969 0.972832 0.312387 0.300329
3.138144 0.970279 0.317199 0.320548
3.132394 0.965914 0.313154 0.306015
3.105894 0.965661 0.318736 0.316337
3.100168 0.966217 0.310043 0.312607
3.167432 0.959394 0.328351 0.330515
3.101520 0.950877 0.328600 0.328994
3.160239 0.969094 0.306407 0.291989
3.098993 0.969835 0.294538 0.286512
3.098533 0.969890 0.301104 0.301487
3.141603 0.973275 0.299677 0.301332
3.176600 0.967529 0.295973 0.282509
3.217945 0.974524 0.299000 0.303164
3.153534 0.971070 0.302472 0.310094
3.177006 0.974430 0.299793 0.297129
3.135100 0.967943 0.302517 0.295456
3.109362 0.970742 0.298189 0.292019
3.147328 0.971582 0.305300 0.307084
3.222082 0.981498 0.304724 0.298597
3.224241 0.972948 0.300618 0.298018
3.078346 0.967726 0.305059 0.305978
3.100866 0.968400 0.306604 0.311572
3.069543 0.970595 0.294643 0.298690
3.020825 0.966289 0.296435 0.287020
3.050540 0.961080 0.313080 0.313962
3.032130 0.962580 0.317074 0.317446
3.065507 0.965175 0.314918 0.305778
3.070503 0.966057 0.306269 0.292855
3.117874 0.968402 0.310852 0.308744
3.110575 0.967006 0.310006 0.301407
3.089907 0.972536 0.305180 0.296714
3.074021 0.961783 0.323881 0.323837
3.167948 0.968421 0.311307 0.309137
3.134425 0.965488 0.314992 0.304432
3.076366 0.963972 0.318877 0.310054
3.022353 0.965101 0.312161 0.304512
3.111788 0.966921 0.316780 0.310920
3.104242 0.964765 0.313463 0.308477
3.137180 0.964973 0.317487 0.305340
3.070147 0.962416 0.318175 0.307706
3.218587 0.977642 0.297527 0.299427
3.117228 0.971839 0.303950 0.301987
3.156110 0.969891 0.308348 0.312668
3.157542 0.968278 0.302079 0.298010
3.104320 0.968199 0.304179 0.303127
3.114555 0.966963 0.310477 0.309869
3.177451 0.972677 0.298620 0.298695
3.207340 0.971819 0.297123 0.295371
3.215207 0.979916 0.288852 0.285787
3.296911 0.980487 0.291011 0.289173
3.169257 0.968780 0.303206 0.304868
3.170638 0.969997 0.311621 0.319860
3.175634 0.976003 0.300291 0.301771
3.208359 0.978347 0.287244 0.287404
3.201865 0.971855 0.300606 0.307714
3.159844 0.975696 0.295958 0.296564
3.024383 0.961627 0.317375 0.311679
3.095175 0.962479 0.329187 0.318687
3.270691 0.981293 0.328282 0.318559
3.195925 0.976081 0.304513 0.306952
3.147585 0.969853 0.295693 0.290994
3.108275 0.974775 0.307949 0.303302
3.190745 0.970053 0.317233 0.308038
3.147701 0.964742 0.321966 0.323977
3.213043 0.975170 0.293346 0.290060
3.195271 0.970180 0.306422 0.308467
3.164558 0.968862 0.305996 0.294825
3.104240 0.967667 0.312631 0.314778
3.119657 0.980359 0.296329 0.295209
3.115097 0.983129 0.289784 0.291709
3.055948 0.979849 0.292538 0.287788
3.135183 0.975656 0.299403 0.301811
3.151661 0.969959 0.309073 0.308080
3.165509 0.968576 0.313705 0.310728
3.192756 0.972525 0.303126 0.299014
3.201368 0.977352 0.295913 0.302211
3.205779 0.978980 0.284907 0.281438
3.095793 0.967113 0.305186 0.296381
3.144521 0.970225 0.307675 0.313474
3.127844 0.961699 0.315011 0.317057
3.169338 0.967651 0.302607 0.310223
3.132121 0.972237 0.291960 0.295623
3.029465 0.969313 0.305090 0.312314
