3.122214 0.970271 0.318227 0.319546
3.182444 0.971514 0.304682 0.299229
3.132215 0.966257 0.321483 0.319300
3.161194 0.974932 0.300002 0.291376
3.139217 0.973331 0.297433 0.292163
3.169949 0.975499 0.293724 0.300577
3.150076 0.969597 0.298942 0.298016
3.168544 0.971062 0.296890 0.300301
3.179701 0.972074 0.299463 0.297614
3.134983 0.968498 0.301937 0.298780
3.138985 0.969840 0.301012 0.298391
3.075657 0.958370 0.311236 0.304299
3.182160 0.973483 0.299545 0.299861
3.164294 0.977194 0.295588 0.299491
3.088883 0.972183 0.299529 0.292628
3.151263 0.973292 0.299815 0.295723
3.172309 0.970977 0.311346 0.310912
3.119855 0.966799 0.303932 0.300338
3.104108 0.967755 0.310658 0.295721
3.129853 0.970047 0.299687 0.305712
3.072967 0.962087 0.316669 0.317053
3.112229 0.966348 0.318676 0.319739
3.217142 0.975948 0.301013 0.298509
3.198498 0.976521 0.298689 0.305900
3.147433 0.963211 0.310922 0.305611
3.085727 0.965298 0.310585 0.305669
3.171778 0.978444 0.291200 0.296197
3.141641 0.965366 0.311260 0.299786
3.151597 0.973415 0.306971 0.309711
3.167310 0.975237 0.291983 0.281606
3.152743 0.970615 0.306234 0.310047
3.111727 0.964375 0.314962 0.325355
3.074626 0.958557 0.311972 0.303781
3.152234 0.970594 0.307299 0.314980
3.120838 0.967946 0.301674 0.288226
3.143050 0.975180 0.299075 0.288686
3.093913 0.965128 0.310022 0.307903
3.142944 0.976036 0.296132 0.299417
3.165075 0.969099 0.308596 0.307838
3.183507 0.970620 0.298301 0.298461
3.146494 0.968487 0.301611 0.296612
3.120018 0.968941 0.296527 0.292258
3.014365 0.957851 0.318979 0.307701
3.049987 0.960086 0.319585 0.315415
3.077438 0.961578 0.316414 0.302406
3.229910 0.974869 0.318000 0.307486
3.169144 0.974258 0.300466 0.302022
3.127462 0.970485 0.304417 0.306965
3.160413 0.973746 0.311118 0.318372
3.202722 0.972194 0.309738 0.314807
3.206947 0.972604 0.306058 0.308633
3.193047 0.978444 0.296557 0.296931
3.180281 0.980622 0.287636 0.287444
3.155852 0.974492 0.296773 0.289768
3.158268 0.971957 0.304238 0.300053
3.112690 0.970276 0.307967 0.299917
3.155292 0.973915 0.306104 0.306702
3.153146 0.971317 0.298741 0.304512
3.172266 0.975692 0.284179 0.278394
3.123582 0.979267 0.287112 0.294480
3.077351 0.971609 0.299577 0.298143
3.168961 0.967556 0.300298 0.305617
3.137926 0.968593 0.308034 0.315497
3.116069 0.964817 0.318261 0.320555
3.031590 0.963944 0.320923 0.317635
3.107870 0.968298 0.315413 0.311124
3.172220 0.969744 0.308752 0.304562
3.165941 0.973766 0.297414 0.292337
3.179874 0.974158 0.300539 0.303113
3.110637 0.965836 0.314389 0.313971
3.123137 0.966910 0.309905 0.315683
3.146835 0.968281 0.301529 0.295776
3.120329 0.968868 0.305603 0.311196
3.181730 0.969857 0.306566 0.305475
3.121166 0.971646 0.299933 0.305617
3.225885 0.977321 0.299564 0.296728
3.144922 0.978283 0.297420 0.304984
3.173457 0.970716 0.304885 0.302804
3.168881 0.969136 0.309427 0.311424
3.162540 0.974958 0.299948 0.293851
3.177302 0.973750 0.299349 0.293792
3.087695 0.962977 0.316857 0.299045
3.182329 0.973960 0.306678 0.312230
3.174923 0.969029 0.304177 0.301280
3.093000 0.967530 0.316732 0.318064
3.131053 0.965950 0.308280 0.304664
3.177798 0.969756 0.304192 0.303186
3.098968 0.964769 0.301871 0.296014
3.062674 0.966055 0.310858 0.308387
3.161725 0.966402 0.307170 0.304200
3.043904 0.966840 0.316120 0.316560
3.076613 0.972384 0.305560 0.313310
3.089446 0.969084 0.305749 0.309312
3.081235 0.963435 0.311098 0.304270
3.178965 0.967964 0.306407 0.303050
3.090717 0.969811 0.304180 0.294116
3.174769 0.975931 0.295795 0.293975
3.224378 0.977182 0.296138 0.295610
3.128166 0.970243 0.309419 0.306621
3.110427 0.966066 0.324793 0.333244
3.099988 0.965336 0.299258 0.290622
3.109989 0.960316 0.317551 0.318661
3.098133 0.963652 0.312114 0.310418
3.198725 0.974340 0.306083 0.295583
3.146395 0.972111 0.300586 0.294158
3.164366 0.974854 0.294899 0.285322
3.180706 0.970163 0.300680 0.294335
3.167305 0.969322 0.298712 0.296158
3.143492 0.975305 0.299676 0.309493
3.153323 0.968118 0.306524 0.299814
3.144856 0.969488 0.296297 0.294907
3.200214 0.976892 0.283792 0.282903
3.138201 0.971001 0.292540 0.275274
3.247139 0.981205 0.302683 0.306298
3.152430 0.979045 0.285535 0.286142
3.173936 0.976345 0.303360 0.305401
3.145217 0.970173 0.302755 0.309043
3.076152 0.965887 0.315909 0.303685
3.053387 0.964626 0.313521 0.308242
3.097574 0.965290 0.318798 0.316206
3.186892 0.973413 0.307755 0.305746
3.197869 0.971763 0.309481 0.312802
3.183021 0.973049 0.305660 0.305257
3.160721 0.973052 0.308190 0.306325
3.149522 0.974214 0.296905 0.298724
3.120978 0.970035 0.300425 0.292768
3.133787 0.971188 0.303612 0.297311
3.089538 0.966062 0.306056 0.298421
3.161080 0.965898 0.316214 0.321173
3.118301 0.962795 0.309215 0.302584
3.135886 0.965429 0.315967 0.316370
3.132786 0.969092 0.303095 0.299239
3.174898 0.964522 0.314383 0.300150
3.139028 0.973861 0.296607 0.286590
3.148162 0.976384 0.294591 0.297254
3.144606 0.969759 0.308151 0.303874
3.147975 0.968291 0.316477 0.317267
3.083807 0.962564 0.314199 0.309725
