3.151204 0.966773 0.314919 0.309893
3.133312 0.970225 0.304663 0.304020
3.128512 0.969781 0.305945 0.302558
3.099562 0.967136 0.307498 0.291791
3.063443 0.967823 0.314922 0.314587
3.122777 0.971354 0.295817 0.287376
3.170999 0.969333 0.304236 0.299022
3.113138 0.968411 0.298421 0.292207
3.194410 0.972287 0.307252 0.312297
3.193864 0.968524 0.303126 0.298888
3.199955 0.969026 0.313689 0.310617
3.161232 0.972306 0.303070 0.312938
3.153478 0.966520 0.309763 0.309800
3.204101 0.971420 0.304610 0.305598
3.157403 0.969107 0.306269 0.299450
3.122889 0.970071 0.310367 0.310790
3.093023 0.967189 0.322635 0.328369
3.064708 0.969967 0.309806 0.303086
3.104960 0.968466 0.311810 0.311787
3.110752 0.966207 0.316401 0.314665
3.114863 0.965000 0.312468 0.308093
3.099973 0.972740 0.293849 0.289318
3.153132 0.971166 0.303326 0.311612
3.093839 0.965081 0.318183 0.313932
3.200095 0.969846 0.302764 0.301659
3.181447 0.969567 0.307352 0.299036
3.210527 0.977224 0.290480 0.290807
3.101573 0.971435 0.305961 0.303486
3.062745 0.965206 0.314314 0.312935
3.149095 0.976154 0.309431 0.307651
3.142548 0.970504 0.310873 0.305472
3.142548 0.970504 0.311981 0.317914
3.156685 0.967929 0.315442 0.312791
3.205924 0.968954 0.305264 0.312264
3.118923 0.966309 0.304853 0.297576
3.209692 0.970966 0.311083 0.309700
3.093970 0.968452 0.313319 0.306661
3.132400 0.971100 0.316449 0.320006
3.103141 0.968304 0.317205 0.322389
3.097504 0.969455 0.309736 0.306714
3.071448 0.964434 0.322140 0.318942
3.176990 0.976516 0.301700 0.298087
3.128284 0.967046 0.304406 0.306180
3.138916 0.971132 0.311273 0.325120
3.169517 0.968992 0.313284 0.306770
3.188005 0.975161 0.305532 0.294880
3.141482 0.969795 0.302270 0.305260
3.053251 0.973496 0.310325 0.299044
3.062872 0.976978 0.311156 0.313010
3.160889 0.979460 0.295963 0.297474
3.148924 0.970604 0.296312 0.289645
3.133678 0.972341 0.300634 0.293526
3.149245 0.976128 0.299908 0.297594
3.168038 0.976623 0.305990 0.313321
3.152048 0.971504 0.301592 0.290235
3.136521 0.970928 0.308463 0.314237
3.089202 0.964937 0.321212 0.312406
3.094363 0.965788 0.321842 0.312276
3.154274 0.964164 0.304118 0.295620
3.150603 0.970837 0.296679 0.293636
3.136754 0.966245 0.305775 0.298357
3.125620 0.963894 0.313192 0.308544
3.176800 0.969230 0.303281 0.308716
3.202696 0.971680 0.302200 0.299762
3.187462 0.969574 0.296708 0.279857
3.125057 0.965096 0.314294 0.312394
3.162040 0.973153 0.311050 0.311079
3.172227 0.976864 0.311284 0.316445
3.234785 0.979233 0.296954 0.289916
3.100643 0.968217 0.302276 0.293030
3.131787 0.969445 0.306308 0.301235
3.211336 0.982967 0.296308 0.302886
3.167982 0.969436 0.303648 0.298209
3.110238 0.964779 0.310340 0.321555
3.110238 0.964779 0.304984 0.301741
3.094396 0.968173 0.303419 0.302859
3.084560 0.965602 0.315126 0.306587
3.211324 0.976012 0.307322 0.309899
3.190248 0.975838 0.298332 0.301004
3.219468 0.971690 0.293864 0.295909
3.167540 0.970100 0.305226 0.304151
3.128092 0.964775 0.315902 0.312677
3.133859 0.963886 0.304098 0.290028
3.140650 0.965687 0.312766 0.314485
3.209377 0.972629 0.308512 0.322792
3.164505 0.972244 0.297389 0.298375
3.118255 0.965475 0.303473 0.299054
3.098549 0.973016 0.296196 0.296988
3.164656 0.974747 0.298223 0.296177
3.070523 0.967123 0.299584 0.292146
3.067179 0.960719 0.320226 0.306076
3.068582 0.961997 0.321261 0.315425
3.195139 0.971021 0.309547 0.307026
3.182769 0.970660 0.304556 0.308093
3.177583 0.976569 0.302032 0.304126
3.146835 0.973488 0.296572 0.304337
3.070561 0.977422 0.296923 0.300303
3.128055 0.966638 0.301774 0.292435
3.076122 0.960139 0.316029 0.311911
3.116878 0.968238 0.305858 0.303286
3.133841 0.966455 0.303359 0.305398
3.076863 0.963858 0.312835 0.326387
3.036162 0.960756 0.312086 0.298282
3.199441 0.972377 0.295059 0.295159
3.080421 0.966122 0.313792 0.312502
3.118063 0.969370 0.303392 0.306534
3.118999 0.969124 0.305389 0.304417
3.153793 0.973736 0.304193 0.307387
3.052877 0.964756 0.322873 0.328650
3.136593 0.967874 0.315054 0.323280
3.154724 0.969824 0.309753 0.314819
3.107270 0.970968 0.303101 0.294252
3.140427 0.969958 0.305543 0.297605
3.131329 0.968813 0.308213 0.303082
3.131992 0.962180 0.322245 0.312644
3.149904 0.969188 0.314248 0.316859
3.192918 0.976125 0.302612 0.301788
3.113761 0.966292 0.305871 0.314551
3.159995 0.971295 0.310846 0.312492
3.086990 0.976251 0.310265 0.317885
3.115513 0.974918 0.300628 0.298122
3.116076 0.975376 0.299754 0.303800
3.145405 0.975627 0.302776 0.303320
3.153065 0.973979 0.303956 0.301620
3.146815 0.963778 0.321553 0.322626
3.156444 0.966110 0.316976 0.313639
3.173941 0.971551 0.311191 0.314364
3.161535 0.974072 0.306555 0.308001
3.200278 0.972078 0.307737 0.309357
3.153125 0.975274 0.295369 0.297361
3.121736 0.969301 0.300437 0.293364
3.168940 0.970469 0.301329 0.301226
3.176064 0.977736 0.301741 0.303884
3.125302 0.973337 0.302694 0.306930
3.147558 0.970718 0.312955 0.305905
3.127333 0.972177 0.306426 0.304491
3.155751 0.970168 0.310618 0.314299
3.266557 0.980298 0.309878 0.306670
