3.140681 0.973288 0.306305 0.311361
3.210880 0.980727 0.288035 0.290242
3.058325 0.963935 0.320555 0.319092
3.096818 0.970090 0.308515 0.303252
3.180149 0.975074 0.306017 0.309125
3.152666 0.971852 0.312088 0.309923
3.141411 0.970239 0.309635 0.301253
3.098624 0.966399 0.316214 0.312005
3.184555 0.967952 0.303515 0.292300
3.202339 0.973564 0.307349 0.307713
3.123673 0.963609 0.313290 0.284972
3.126589 0.963451 0.318501 0.317937
3.128870 0.970575 0.315749 0.320607
3.098752 0.975708 0.301686 0.305943
3.099267 0.964214 0.314024 0.319688
3.107639 0.961320 0.313454 0.305806
3.144577 0.971022 0.292340 0.291850
3.178297 0.975020 0.296299 0.293612
3.178566 0.978271 0.289276 0.288875
3.109791 0.971176 0.298957 0.291382
3.178536 0.978023 0.289328 0.294148
3.186585 0.977841 0.290932 0.286996
3.182434 0.977086 0.300280 0.306027
3.142702 0.975628 0.292122 0.292425
3.257286 0.977770 0.293225 0.292944
3.148042 0.971591 0.307776 0.307173
3.143506 0.969627 0.308904 0.303430
3.099383 0.958890 0.321983 0.319403
3.126794 0.969795 0.296791 0.296925
3.142690 0.972378 0.307145 0.310590
3.130361 0.970125 0.305020 0.306730
3.174031 0.977436 0.288029 0.290977
3.182600 0.974104 0.299403 0.298519
3.180694 0.969261 0.312205 0.306199
3.154713 0.974844 0.297572 0.293438
3.126908 0.969322 0.302184 0.306374
3.155265 0.976496 0.292609 0.291482
3.063677 0.966624 0.314548 0.307503
3.204837 0.975248 0.310834 0.319550
3.196935 0.979654 0.289522 0.286445
3.154457 0.973632 0.302325 0.297423
3.180293 0.967922 0.307431 0.303927
3.221523 0.971222 0.309708 0.308827
3.167259 0.968271 0.309846 0.312370
3.179561 0.975637 0.295020 0.291679
3.157178 0.964733 0.317790 0.318380
3.150286 0.963596 0.320722 0.325507
3.129780 0.968499 0.300602 0.297395
3.119805 0.969840 0.299816 0.298746
3.164634 0.976275 0.295619 0.299303
3.176226 0.984537 0.281744 0.285800
3.189444 0.983514 0.287684 0.292452
3.188526 0.969846 0.302890 0.303035
3.136601 0.968530 0.304534 0.292619
3.226617 0.976506 0.312507 0.317901
3.120914 0.970438 0.297473 0.286884
3.184353 0.972450 0.303630 0.306242
3.152968 0.968791 0.304240 0.300820
3.108452 0.966145 0.309853 0.308725
3.153912 0.968843 0.303553 0.307677
3.163765 0.973596 0.297771 0.296360
3.130566 0.968072 0.310892 0.311147
3.204131 0.974917 0.297445 0.301727
3.120423 0.970406 0.303349 0.295201
3.083218 0.962264 0.326241 0.338000
3.043260 0.962663 0.314912 0.322309
3.123678 0.965764 0.312020 0.304237
3.122434 0.971455 0.308713 0.307800
3.059297 0.963922 0.316419 0.322322
3.071803 0.962465 0.313512 0.305562
3.113122 0.974543 0.297417 0.291300
3.156443 0.972399 0.300553 0.295829
3.133784 0.967050 0.311361 0.318501
3.167098 0.968452 0.309565 0.309602
3.175760 0.978055 0.302629 0.303925
3.129868 0.969178 0.302981 0.307266
3.210338 0.978018 0.292811 0.297910
3.167859 0.970919 0.310846 0.311660
3.136501 0.966894 0.308992 0.306691
3.112091 0.972595 0.299229 0.302503
3.170528 0.971306 0.295746 0.302472
3.168422 0.973519 0.301395 0.311427
3.143020 0.964080 0.315526 0.310424
3.214328 0.980192 0.295126 0.297865
3.202532 0.972187 0.305206 0.299484
3.156415 0.972022 0.306179 0.307019
3.169848 0.972630 0.305582 0.302041
3.181926 0.974233 0.306387 0.311642
3.128312 0.969927 0.301160 0.306736
3.086410 0.966582 0.311226 0.304101
3.050570 0.964203 0.315769 0.309547
3.020908 0.966068 0.320636 0.325289
3.060869 0.962851 0.318697 0.301598
3.098488 0.968802 0.311109 0.308068
3.141425 0.965235 0.308615 0.308423
3.126897 0.966821 0.318296 0.314007
3.095443 0.966194 0.313466 0.311267
3.111213 0.966511 0.317010 0.295790
3.106835 0.970360 0.315136 0.317220
3.134125 0.969305 0.303841 0.297802
3.183624 0.973584 0.305122 0.309857
3.052637 0.962856 0.318948 0.316740
3.069586 0.966182 0.312379 0.303486
3.079412 0.967821 0.307474 0.300014
3.113972 0.962746 0.325254 0.323451
3.166699 0.970335 0.306482 0.304989
3.130169 0.967831 0.302748 0.292182
3.180011 0.973800 0.294062 0.296511
3.206575 0.973082 0.307937 0.307059
3.112869 0.971172 0.301067 0.293900
3.159159 0.975926 0.295496 0.292314
3.139006 0.962857 0.312518 0.309837
3.218222 0.974549 0.307711 0.310190
3.144961 0.974937 0.301983 0.303964
3.161405 0.972225 0.311000 0.312357
3.144543 0.963481 0.311585 0.306003
3.056811 0.965490 0.309517 0.310182
3.129744 0.973558 0.303959 0.302930
3.154777 0.975505 0.300703 0.304043
3.122767 0.975291 0.295942 0.290385
3.083152 0.963743 0.308984 0.304149
3.113385 0.968241 0.312939 0.317951
3.141029 0.967992 0.309737 0.315377
3.176317 0.969443 0.306178 0.300375
3.197758 0.970655 0.296108 0.294227
3.063950 0.971760 0.306756 0.306042
3.018237 0.966723 0.311096 0.309466
3.058306 0.959827 0.323349 0.319967
3.145113 0.977089 0.296506 0.299049
3.155799 0.976764 0.295007 0.297375
3.179130 0.969065 0.306297 0.312126
3.168653 0.975644 0.302779 0.299501
3.183960 0.977118 0.297414 0.303091
3.114663 0.975591 0.294497 0.297233
3.146571 0.967993 0.312295 0.317619
3.125431 0.964390 0.324049 0.320444
3.210255 0.982529 0.289547 0.292372
3.145130 0.974758 0.301944 0.301001
