3.118981 0.970062 0.308218 0.305007
3.101554 0.967144 0.311229 0.299361
3.155567 0.967859 0.309329 0.303685
3.160552 0.974263 0.290993 0.292647
3.007592 0.956504 0.326090 0.324294
3.109223 0.967238 0.304797 0.295523
3.125339 0.973171 0.303736 0.310072
3.115255 0.970105 0.308216 0.304873
3.114595 0.961183 0.321643 0.325802
3.196905 0.972675 0.301387 0.305151
3.164781 0.974207 0.299261 0.301569
3.162872 0.969569 0.303521 0.300226
3.131435 0.968232 0.304061 0.293687
3.180294 0.972135 0.297320 0.287714
3.198541 0.979571 0.289661 0.293502
3.221044 0.975485 0.291036 0.295229
3.111144 0.965326 0.320774 0.321461
3.142432 0.966343 0.308959 0.314971
3.069130 0.966870 0.316981 0.305483
3.086811 0.969321 0.311560 0.314646
3.169184 0.978307 0.292784 0.292382
3.159659 0.967893 0.308456 0.311848
3.213091 0.969181 0.300551 0.296505
3.113615 0.971880 0.296634 0.295766
3.116036 0.969507 0.302253 0.297311
3.046878 0.963344 0.317764 0.318112
3.098876 0.968217 0.311511 0.319115
3.052066 0.966254 0.306077 0.298703
3.117827 0.966906 0.310906 0.315605
3.089210 0.969689 0.304955 0.301909
3.181623 0.975571 0.303033 0.289553
3.179934 0.971641 0.302674 0.304969
3.182583 0.964922 0.311916 0.317139
3.127703 0.965842 0.308324 0.312095
3.116523 0.960998 0.324603 0.326825
3.164640 0.968301 0.307432 0.307542
3.073738 0.960975 0.323682 0.316674
3.166994 0.973850 0.294005 0.284195
3.128301 0.971499 0.312199 0.312511
3.176862 0.973476 0.302608 0.302223
3.162431 0.965187 0.326135 0.320766
3.103689 0.970255 0.304212 0.301884
3.113134 0.969353 0.308813 0.313817
3.194589 0.977425 0.293562 0.298245
3.145717 0.968405 0.309780 0.313809
3.100356 0.959526 0.316566 0.316115
3.076961 0.966204 0.306088 0.297502
3.104326 0.968946 0.313168 0.304536
3.059745 0.972616 0.300161 0.295278
3.037127 0.970270 0.310139 0.300154
3.145179 0.965575 0.307768 0.303297
3.206662 0.975810 0.299666 0.299450
3.169175 0.974843 0.292778 0.289956
3.161658 0.968123 0.311348 0.310600
3.133324 0.960469 0.319700 0.320821
3.163511 0.967032 0.314054 0.320454
3.123038 0.970664 0.301900 0.303001
3.183126 0.968835 0.305511 0.303415
3.166195 0.964692 0.311656 0.304946
3.155958 0.970974 0.302696 0.304472
3.161055 0.975196 0.295456 0.286478
3.083054 0.967362 0.308181 0.297857
3.201618 0.980704 0.287440 0.289820
3.156506 0.978864 0.292964 0.298709
3.176211 0.977723 0.286407 0.277822
3.245034 0.979478 0.298351 0.308590
3.183888 0.970028 0.306996 0.303500
3.165256 0.975606 0.300386 0.302407
3.166948 0.978510 0.296102 0.302705
3.169589 0.972403 0.298693 0.296263
3.126960 0.966499 0.309061 0.314536
3.202697 0.966703 0.301146 0.295672
3.102701 0.964385 0.315281 0.310231
3.101552 0.972316 0.297609 0.294367
3.169255 0.975869 0.289589 0.283517
3.208680 0.972258 0.301377 0.307648
3.176625 0.971872 0.297234 0.295965
3.103610 0.969888 0.317633 0.317427
3.087392 0.960908 0.317832 0.305783
3.052774 0.960545 0.321090 0.312790
3.213074 0.978650 0.293534 0.286923
3.217824 0.976433 0.306158 0.302068
3.099806 0.967321 0.316332 0.309437
3.154985 0.975306 0.300110 0.303191
3.127632 0.969148 0.307638 0.308689
3.163526 0.963351 0.314052 0.316251
3.174706 0.967996 0.305833 0.310151
3.118500 0.966551 0.310456 0.300686
3.204665 0.970435 0.306204 0.310682
3.167130 0.969673 0.299441 0.284751
3.150437 0.972386 0.299639 0.292107
3.150532 0.976484 0.294001 0.295952
3.147671 0.966373 0.317520 0.315864
3.113970 0.967454 0.310505 0.303959
3.212731 0.975835 0.290013 0.290024
3.249827 0.978610 0.292970 0.296180
3.167255 0.976132 0.297039 0.297526
3.149211 0.970750 0.312332 0.314467
3.193342 0.971866 0.304835 0.308951
3.135644 0.967219 0.299584 0.292729
3.079160 0.971201 0.294051 0.288836
3.083155 0.963152 0.312624 0.304518
3.145282 0.967786 0.312098 0.305045
3.142254 0.966267 0.311104 0.311123
3.141199 0.964915 0.304351 0.295099
3.033273 0.964107 0.318459 0.316852
3.091314 0.963755 0.316181 0.297794
3.091783 0.969839 0.311105 0.312531
3.124388 0.966698 0.309380 0.309348
3.148123 0.974847 0.297702 0.298984
3.109903 0.972627 0.303296 0.290904
3.150136 0.967421 0.319550 0.316092
3.129008 0.969479 0.302435 0.302881
3.144871 0.970478 0.299441 0.298304
3.202633 0.971493 0.306666 0.305450
3.175808 0.974179 0.294790 0.298394
3.190536 0.970261 0.305917 0.306678
3.132065 0.963041 0.318206 0.312937
3.165361 0.960638 0.314327 0.308217
3.112866 0.963425 0.316376 0.313529
3.048174 0.962615 0.308558 0.308377
3.049175 0.974121 0.294374 0.295371
3.053043 0.973472 0.291964 0.284812
3.135770 0.971273 0.310142 0.305319
3.225213 0.982532 0.310841 0.301611
3.167632 0.975535 0.298608 0.302611
3.162533 0.969306 0.303324 0.299692
3.205819 0.975211 0.300001 0.295754
3.125155 0.967900 0.319132 0.332346
3.082104 0.967979 0.307903 0.303624
3.137134 0.975655 0.302448 0.308237
3.169804 0.969573 0.308797 0.309088
3.180991 0.973761 0.304233 0.300920
3.175225 0.973488 0.301312 0.294710
3.207964 0.976173 0.306672 0.304586
3.099562 0.973390 0.302360 0.300851
3.153108 0.970497 0.309686 0.303914
3.278918 0.971847 0.312961 0.308652
