3.192629 0.977452 0.295213 0.299562
3.126213 0.971641 0.305451 0.303670
3.161287 0.972614 0.305622 0.300581
3.102328 0.971660 0.313314 0.315219
3.117278 0.966215 0.311209 0.313717
3.058618 0.961214 0.327079 0.327382
3.099364 0.960404 0.318943 0.306611
3.140458 0.963196 0.310317 0.312014
3.080481 0.963863 0.312797 0.300121
3.151395 0.969902 0.307842 0.308762
3.156097 0.967468 0.307297 0.294392
3.136412 0.960353 0.324279 0.319587
3.180134 0.968363 0.315554 0.308574
3.195055 0.970762 0.314394 0.315953
3.127924 0.966014 0.303149 0.294316
3.187193 0.968429 0.301955 0.304577
3.112896 0.963625 0.314585 0.310131
3.159501 0.966917 0.305552 0.300335
3.112378 0.965888 0.307861 0.307449
3.100760 0.967127 0.319599 0.328871
3.137035 0.968817 0.304988 0.303114
3.152549 0.963814 0.305431 0.306574
3.158137 0.970786 0.306749 0.310256
3.207011 0.977551 0.298141 0.303377
3.067342 0.964699 0.304213 0.296059
3.091568 0.970090 0.302793 0.292944
3.105132 0.970457 0.308863 0.307591
3.084144 0.964009 0.327012 0.332515
3.144510 0.972561 0.309206 0.301809
3.156635 0.971989 0.300584 0.294344
3.152633 0.969725 0.305938 0.315939
3.192680 0.980019 0.290024 0.293597
3.156613 0.970742 0.301777 0.297553
3.104125 0.967405 0.310017 0.310479
3.145893 0.973053 0.301143 0.293595
3.115247 0.966818 0.311174 0.310801
3.168407 0.975555 0.301510 0.312455
3.181711 0.975301 0.296469 0.300543
3.152078 0.976013 0.291729 0.294889
3.130721 0.975826 0.286663 0.300958
3.163913 0.972631 0.306606 0.309240
3.214056 0.971646 0.299583 0.302276
3.210487 0.972882 0.296083 0.292095
3.083577 0.961331 0.313936 0.308924
3.083894 0.966131 0.314627 0.315739
3.192617 0.977367 0.300413 0.301071
3.191164 0.969371 0.308214 0.308157
3.110552 0.965016 0.311101 0.319608
3.144467 0.975232 0.297917 0.302946
3.132786 0.976717 0.307550 0.312219
3.130690 0.971001 0.313890 0.324885
3.140244 0.970880 0.308060 0.320192
3.169406 0.970346 0.309975 0.308172
3.177004 0.969468 0.307890 0.304984
3.164799 0.972927 0.315566 0.318760
3.100906 0.970572 0.304917 0.295951
3.037555 0.964614 0.316324 0.302841
3.060211 0.967944 0.309082 0.310375
3.162942 0.972555 0.306383 0.313318
3.188296 0.971809 0.312576 0.317399
3.083711 0.967427 0.316291 0.318981
3.097478 0.963959 0.314428 0.305193
3.118282 0.975784 0.298482 0.294555
3.102880 0.970319 0.307821 0.308359
3.048981 0.959506 0.319904 0.317354
3.124188 0.962138 0.317924 0.312443
3.090565 0.964274 0.328871 0.330664
3.201185 0.972136 0.304040 0.303367
3.219792 0.972317 0.300665 0.292761
3.164962 0.969288 0.313319 0.309758
3.065433 0.969136 0.306311 0.312178
3.185080 0.976206 0.297705 0.298792
3.133019 0.971888 0.308668 0.305446
3.054296 0.967962 0.305833 0.311513
3.175168 0.971896 0.306109 0.295722
3.222339 0.971305 0.307391 0.313907
3.216001 0.971820 0.304659 0.297261
3.147960 0.973115 0.296697 0.297827
3.267839 0.981210 0.300724 0.304797
3.271637 0.979069 0.293064 0.290782
3.229845 0.976066 0.298804 0.306010
3.161235 0.968897 0.316388 0.321978
3.149207 0.968136 0.306019 0.305252
3.113469 0.971038 0.300782 0.295619
3.066338 0.964364 0.317631 0.305191
3.162350 0.966311 0.295940 0.298065
3.163748 0.962292 0.316678 0.309832
3.142878 0.966946 0.314477 0.313653
3.106589 0.970647 0.302652 0.298367
3.206225 0.973827 0.304064 0.302086
3.219974 0.978426 0.311296 0.315520
3.192886 0.981885 0.282440 0.285447
3.204581 0.976654 0.309668 0.311183
3.078377 0.973037 0.308528 0.315928
3.089298 0.978986 0.294332 0.299525
3.091541 0.974124 0.305321 0.304694
3.134520 0.972918 0.309221 0.308896
3.103179 0.975626 0.303412 0.308840
3.118659 0.969114 0.311461 0.305669
3.087541 0.968819 0.309444 0.312025
3.132212 0.971468 0.294382 0.285936
3.118921 0.966989 0.301521 0.295122
3.136249 0.976796 0.286536 0.281187
3.136697 0.968007 0.310525 0.308361
3.060232 0.973368 0.303877 0.291469
3.119304 0.977744 0.297866 0.296289
3.061890 0.979466 0.293620 0.301814
3.101487 0.964737 0.316140 0.310330
3.102386 0.965681 0.300283 0.281989
3.165403 0.972152 0.295780 0.294786
3.233899 0.971347 0.302952 0.308717
3.108004 0.961460 0.312557 0.308782
3.192724 0.969599 0.294759 0.298622
3.146196 0.960128 0.315442 0.308983
3.108035 0.968487 0.310707 0.320427
3.129868 0.968205 0.311223 0.309003
3.182003 0.967605 0.309845 0.316211
3.192046 0.980390 0.303567 0.303996
3.227836 0.980397 0.299779 0.293676
3.117207 0.971896 0.314349 0.311771
3.211906 0.974411 0.305318 0.302994
3.181967 0.969848 0.306731 0.308830
3.184195 0.978112 0.288444 0.286715
3.126704 0.970778 0.300215 0.302977
3.123133 0.967377 0.307666 0.302029
3.039622 0.965842 0.316484 0.313808
3.165936 0.975155 0.293411 0.286629
3.148231 0.971416 0.307223 0.312547
3.168168 0.970133 0.311236 0.313934
3.217323 0.979351 0.295005 0.298405
3.239796 0.971844 0.295097 0.299352
3.129244 0.970230 0.302123 0.301789
3.177973 0.972328 0.294139 0.294163
3.110591 0.966194 0.310099 0.316226
3.129319 0.961876 0.310941 0.303321
3.115967 0.966030 0.323818 0.322777
3.137134 0.965850 0.320861 0.319870
3.158960 0.968260 0.315816 0.317341
