3.192611 0.980783 0.287282 0.292024
3.262781 0.981634 0.286353 0.292924
3.203327 0.982240 0.277842 0.279551
3.220063 0.976503 0.282499 0.292540
3.177382 0.976450 0.305502 0.302479
3.176181 0.976228 0.305259 0.302340
3.159162 0.970447 0.319695 0.318041
3.207711 0.983537 0.291797 0.291913
3.123731 0.977921 0.289947 0.293694
3.164801 0.979349 0.290818 0.293601
3.169648 0.981130 0.294762 0.294419
3.142122 0.977224 0.295773 0.299517
3.193694 0.973899 0.299693 0.293698
3.068698 0.967848 0.308564 0.311730
3.133062 0.966089 0.310408 0.301689
3.114085 0.964875 0.307478 0.297552
3.181817 0.969260 0.307477 0.304679
3.083289 0.960725 0.319520 0.306444
3.074170 0.969426 0.305932 0.297104
3.111953 0.972612 0.307861 0.303890
3.139021 0.975966 0.302361 0.296784
3.180903 0.976903 0.306637 0.309304
3.175839 0.975639 0.299736 0.303762
3.165113 0.979681 0.285967 0.289069
3.164802 0.975194 0.300974 0.307136
3.247585 0.976232 0.298678 0.302071
3.164955 0.979402 0.299549 0.305583
3.118986 0.973721 0.296856 0.298377
3.108239 0.972445 0.299123 0.292754
3.083585 0.972434 0.309556 0.317038
3.143941 0.976110 0.297527 0.286953
3.192849 0.969639 0.300738 0.304979
3.157229 0.968057 0.307411 0.314293
3.135369 0.973325 0.300782 0.301336
3.119431 0.968632 0.311243 0.313875
3.151421 0.965677 0.316877 0.316045
3.174142 0.967503 0.306944 0.308902
3.195382 0.976352 0.293360 0.296438
3.113654 0.968381 0.305991 0.309630
3.113300 0.969046 0.303443 0.307929
3.143416 0.968413 0.316554 0.309951
3.216968 0.971595 0.300011 0.295431
3.105637 0.972895 0.301281 0.298188
3.150940 0.973564 0.297089 0.297467
3.220270 0.975406 0.296946 0.303644
3.228842 0.975445 0.295421 0.299726
3.172073 0.973991 0.299931 0.301011
3.164370 0.970748 0.294362 0.295391
3.172245 0.969432 0.299578 0.291438
3.158588 0.970556 0.301279 0.303568
3.109661 0.972608 0.306434 0.317511
3.190628 0.971977 0.303456 0.309771
3.094257 0.964177 0.320382 0.319368
3.113665 0.962197 0.300068 0.290893
3.095587 0.963534 0.306044 0.310898
3.083080 0.963786 0.307181 0.304203
3.198406 0.963240 0.315977 0.313446
3.089421 0.970918 0.299840 0.303281
3.084617 0.967254 0.306229 0.297227
3.156586 0.974445 0.296580 0.303329
3.103467 0.961355 0.309671 0.307026
3.141466 0.967832 0.309426 0.316946
3.121999 0.973869 0.294070 0.296783
3.246492 0.977669 0.292016 0.295066
3.197954 0.977478 0.295495 0.303314
3.147484 0.966546 0.320311 0.315851
3.065455 0.965796 0.314074 0.312202
3.117000 0.966291 0.315310 0.313326
3.145670 0.968828 0.308059 0.304763
3.184814 0.974899 0.290224 0.287051
3.145660 0.975364 0.290911 0.292383
3.141415 0.972885 0.287863 0.290386
3.079980 0.969728 0.298480 0.299147
3.134213 0.963533 0.300133 0.283075
3.210897 0.971973 0.302601 0.295968
3.207680 0.968534 0.304937 0.305014
3.149093 0.963733 0.311750 0.321465
3.086214 0.962733 0.309686 0.306805
3.123852 0.967359 0.301078 0.294654
3.117454 0.973951 0.295074 0.285540
3.113308 0.967661 0.311904 0.306886
3.200831 0.972371 0.306431 0.303464
3.185515 0.974140 0.302136 0.300147
3.155458 0.966599 0.304291 0.305326
3.123218 0.976273 0.298316 0.302448
3.087272 0.971069 0.299149 0.300193
3.097553 0.974479 0.293567 0.290907
3.117825 0.970513 0.306350 0.304729
3.070627 0.967434 0.302144 0.295797
3.163013 0.975886 0.291250 0.295714
3.147707 0.977217 0.297031 0.300202
3.185537 0.976307 0.295501 0.287398
3.096633 0.967205 0.309280 0.309270
3.142441 0.969736 0.310675 0.313888
3.179491 0.974187 0.295470 0.300067
3.120068 0.971475 0.298042 0.289968
3.140213 0.970715 0.302847 0.306128
3.154362 0.976278 0.293543 0.298583
3.130041 0.969499 0.308349 0.304353
3.222002 0.975942 0.308123 0.310820
3.188697 0.975014 0.298749 0.302211
3.125490 0.977300 0.301756 0.307429
3.149163 0.977091 0.299122 0.306422
3.076535 0.973807 0.303650 0.303208
3.162367 0.971823 0.312650 0.323120
3.132832 0.971995 0.312481 0.311408
3.193340 0.971499 0.305785 0.305175
3.171552 0.980555 0.290697 0.288518
3.177480 0.974762 0.314272 0.317008
3.093108 0.969151 0.309240 0.299292
3.173456 0.969718 0.297208 0.292066
3.201033 0.973093 0.298080 0.302053
3.223325 0.973299 0.298193 0.301873
3.142418 0.969572 0.301628 0.308172
3.167189 0.968929 0.297758 0.304384
3.126123 0.967525 0.309809 0.306073
3.163853 0.971874 0.310251 0.306215
3.131028 0.964341 0.312163 0.302503
3.122566 0.966273 0.315506 0.319078
3.176459 0.976027 0.294279 0.293101
3.209340 0.973410 0.303064 0.300907
3.134684 0.969521 0.311048 0.309196
3.115905 0.965015 0.304670 0.297478
3.136306 0.964813 0.305240 0.302736
3.121147 0.962474 0.322742 0.322463
3.123750 0.966123 0.317460 0.317826
3.122910 0.969105 0.319952 0.315674
3.156115 0.971494 0.309059 0.302540
3.127818 0.963430 0.318116 0.306839
3.102687 0.973764 0.321984 0.319223
3.098555 0.958668 0.331103 0.324770
3.145946 0.959292 0.331063 0.314360
3.206828 0.976679 0.293115 0.293679
3.251733 0.974694 0.298550 0.305081
3.138740 0.971252 0.304347 0.300138
3.123539 0.970381 0.291361 0.280118
3.209444 0.978069 0.292746 0.295144
3.169049 0.975214 0.297089 0.302575
