3.146409 0.966258 0.305282 0.308863
3.147631 0.971830 0.301382 0.305152
3.075992 0.969109 0.299320 0.301140
3.054062 0.968435 0.305068 0.308548
3.090488 0.969863 0.297808 0.298746
3.167485 0.973804 0.301739 0.302528
3.154691 0.975782 0.293533 0.295042
3.163463 0.975424 0.298887 0.298823
3.194130 0.973563 0.312804 0.321545
3.189875 0.974597 0.310530 0.318126
3.140988 0.979536 0.292504 0.303236
3.207128 0.978840 0.288590 0.289096
3.097847 0.971070 0.303903 0.310549
3.194684 0.971149 0.302822 0.299195
3.126245 0.970779 0.310546 0.314989
3.205023 0.976524 0.308643 0.306167
3.203857 0.966816 0.314458 0.317504
3.214109 0.968220 0.302384 0.302236
3.173670 0.974427 0.306882 0.316485
3.156242 0.968004 0.313527 0.305473
3.162278 0.965936 0.319245 0.313326
3.188476 0.974179 0.313149 0.314871
3.158158 0.971643 0.312620 0.311350
3.113633 0.973085 0.303076 0.306813
3.008441 0.963595 0.316575 0.308334
3.182285 0.978238 0.298087 0.303577
3.150757 0.973779 0.295653 0.300826
3.176581 0.971843 0.305218 0.307115
3.164607 0.971168 0.311478 0.310180
3.216788 0.977787 0.294637 0.298592
3.125957 0.968159 0.313269 0.322136
3.157220 0.974762 0.301706 0.303264
3.171509 0.968553 0.310910 0.308779
3.151053 0.971762 0.307604 0.306207
3.148319 0.969374 0.308450 0.311186
3.194528 0.966363 0.301925 0.297163
3.113855 0.974598 0.307523 0.303584
3.079595 0.967689 0.318294 0.311380
3.048832 0.967554 0.312390 0.300059
3.099242 0.973523 0.302175 0.291668
3.226737 0.973937 0.304274 0.308331
3.164110 0.967458 0.305537 0.297621
3.221699 0.976410 0.304886 0.297716
3.167046 0.968278 0.308900 0.308249
3.115997 0.959808 0.319742 0.316503
3.067468 0.971052 0.311006 0.309213
3.180901 0.976515 0.296228 0.298956
3.183671 0.983508 0.300043 0.302009
3.148567 0.976491 0.300905 0.299791
3.157865 0.969113 0.315184 0.309230
3.146934 0.977537 0.299418 0.306191
3.149571 0.981200 0.289960 0.289680
3.201119 0.975623 0.297720 0.301703
3.100672 0.972638 0.306264 0.306594
3.055633 0.959910 0.318064 0.306323
3.153421 0.970491 0.309100 0.315207
3.160979 0.968722 0.315370 0.320567
3.178492 0.973916 0.311992 0.312325
3.164475 0.969533 0.314644 0.308152
3.117393 0.976105 0.306798 0.312717
3.042631 0.957944 0.321021 0.321520
3.082610 0.968936 0.304463 0.305190
3.067005 0.965414 0.311203 0.311451
3.173377 0.964440 0.313268 0.300630
3.194922 0.972960 0.298665 0.298168
3.113104 0.963412 0.313764 0.302880
3.074487 0.968872 0.317813 0.314558
3.128178 0.979237 0.302522 0.303768
3.207724 0.971010 0.311011 0.316555
3.147548 0.972849 0.306903 0.309316
3.189377 0.970730 0.311183 0.312577
3.172080 0.972579 0.308537 0.304652
3.175459 0.973528 0.305672 0.303283
3.184530 0.975430 0.302204 0.296843
3.151322 0.971534 0.296060 0.300742
3.145338 0.976100 0.303960 0.311494
3.133906 0.976887 0.295549 0.301892
3.134549 0.970336 0.311359 0.315839
3.110967 0.968477 0.296837 0.288029
3.139523 0.965102 0.308905 0.318044
3.097057 0.968115 0.308843 0.307084
3.078221 0.970498 0.303102 0.308380
3.173241 0.971948 0.295636 0.297427
3.120071 0.962419 0.320750 0.315415
3.210228 0.967427 0.316256 0.323323
3.155542 0.964013 0.316237 0.309836
3.104970 0.963019 0.317861 0.316318
3.158119 0.970951 0.306050 0.309281
3.237691 0.974137 0.305490 0.307475
3.200341 0.973268 0.301938 0.303918
3.144200 0.966878 0.315468 0.309655
3.109714 0.963560 0.318438 0.316179
3.117327 0.969115 0.309599 0.318974
3.041062 0.969462 0.310371 0.318131
3.111441 0.967522 0.311766 0.312228
3.127434 0.972325 0.310030 0.307004
3.146141 0.972990 0.296520 0.292786
3.090245 0.971714 0.313930 0.311413
3.161116 0.978625 0.295883 0.295096
3.171917 0.975241 0.300974 0.299550
3.137706 0.969722 0.304073 0.300761
3.145317 0.973324 0.308486 0.301972
3.252113 0.980777 0.313533 0.315922
3.119233 0.970984 0.301805 0.295519
3.127211 0.979391 0.291496 0.290390
3.110455 0.972187 0.302230 0.302654
3.168954 0.976390 0.299743 0.293255
3.176558 0.983521 0.291130 0.286011
3.122366 0.974662 0.300026 0.290565
3.168052 0.975819 0.308318 0.308362
3.111866 0.977855 0.291967 0.298683
3.150969 0.974690 0.300343 0.306268
3.149122 0.970257 0.304776 0.313369
3.107833 0.967571 0.315050 0.312942
3.165507 0.971084 0.307877 0.305344
3.127211 0.973039 0.299795 0.303596
3.143719 0.969494 0.294002 0.291728
3.085006 0.961854 0.299157 0.286065
3.120972 0.964112 0.311242 0.318760
3.135707 0.968548 0.298301 0.297661
3.126431 0.971630 0.303688 0.309632
3.102922 0.976529 0.291495 0.289916
3.186318 0.970743 0.304864 0.303736
3.146513 0.965930 0.310462 0.310913
3.160896 0.970263 0.302227 0.290225
3.143632 0.970844 0.301459 0.307918
3.135231 0.966945 0.315115 0.311260
3.161595 0.975794 0.294238 0.290431
3.121588 0.970538 0.306540 0.311751
3.163511 0.975468 0.304841 0.303475
3.100403 0.966525 0.307984 0.291450
3.030692 0.959626 0.321352 0.311591
3.165174 0.976799 0.291258 0.287153
3.192803 0.972949 0.306886 0.307017
3.167774 0.969865 0.303386 0.302397
3.106952 0.963950 0.312238 0.312174
3.175064 0.966933 0.304677 0.309297
3.150363 0.968455 0.305544 0.307171
