3.086456 0.958550 0.323712 0.319659
3.200989 0.972941 0.300792 0.298031
3.158843 0.970550 0.295397 0.294513
3.111704 0.964959 0.307209 0.300768
3.124354 0.967611 0.306664 0.309658
3.113579 0.976332 0.300547 0.305438
3.105742 0.962844 0.306810 0.303800
3.072190 0.965247 0.316875 0.313715
3.096182 0.963040 0.308846 0.309070
3.144530 0.970473 0.299790 0.297379
3.193416 0.972046 0.296851 0.286536
3.147418 0.972460 0.300574 0.303852
3.177871 0.977899 0.297135 0.299880
3.107824 0.972651 0.301376 0.301569
3.170948 0.970982 0.314164 0.308879
3.121820 0.970616 0.304691 0.308368
3.216117 0.972450 0.309830 0.312516
3.187978 0.975138 0.314202 0.326164
3.119159 0.972509 0.294146 0.294585
3.241172 0.979467 0.293679 0.289978
3.110244 0.969267 0.297864 0.293966
3.106551 0.975882 0.302210 0.299064
3.090667 0.965124 0.309142 0.307063
3.134115 0.965895 0.309151 0.312408
3.170638 0.969998 0.312011 0.312343
3.142433 0.963016 0.322361 0.320494
3.151252 0.965516 0.314297 0.309823
3.186965 0.981300 0.288520 0.285495
3.109929 0.969936 0.303261 0.291205
3.121902 0.972926 0.301557 0.303206
3.116304 0.968766 0.306909 0.303636
3.132937 0.966490 0.313924 0.310048
3.167553 0.970054 0.308291 0.309182
3.181601 0.979775 0.292946 0.293323
3.156453 0.973545 0.294726 0.291719
3.149676 0.964852 0.311345 0.298623
3.149991 0.973067 0.295414 0.295589
3.106319 0.966650 0.311145 0.295693
3.132323 0.970622 0.304167 0.299581
3.127309 0.971115 0.311081 0.315818
3.102244 0.968184 0.315685 0.305948
3.002845 0.969033 0.305237 0.301214
3.142765 0.969989 0.309895 0.282504
3.204292 0.974444 0.302275 0.296056
3.083878 0.968112 0.307570 0.304675
3.064973 0.969329 0.307108 0.312826
3.070821 0.972059 0.302513 0.297465
3.068692 0.964407 0.307398 0.301468
3.163505 0.969928 0.307335 0.316361
3.199015 0.967047 0.306261 0.298784
3.112606 0.959395 0.318314 0.308447
3.051315 0.960306 0.315899 0.309483
3.099719 0.963952 0.315979 0.314853
3.200684 0.972321 0.310789 0.312660
3.171467 0.974108 0.293123 0.297456
3.141830 0.966006 0.305882 0.301363
3.172996 0.979480 0.299950 0.300318
3.109122 0.965917 0.316070 0.311965
3.129783 0.967357 0.318430 0.322276
3.086202 0.967132 0.307285 0.295005
3.102636 0.970577 0.314810 0.307510
3.010928 0.966440 0.316233 0.313120
3.037264 0.969123 0.311793 0.323109
3.142187 0.961717 0.320496 0.324247
3.071864 0.965281 0.318052 0.312977
3.222216 0.976262 0.315658 0.307045
3.190863 0.973788 0.309555 0.312798
3.129395 0.972830 0.303518 0.311081
3.108764 0.968261 0.322294 0.321617
3.156199 0.967323 0.305613 0.302800
3.114178 0.967666 0.305160 0.303266
3.150933 0.967999 0.305334 0.309409
3.141954 0.967959 0.313076 0.305778
3.242446 0.982203 0.315753 0.320300
3.209161 0.975239 0.301447 0.298471
3.149694 0.968092 0.311045 0.310659
3.111358 0.968394 0.310455 0.308390
3.127110 0.966276 0.320596 0.317685
3.095685 0.968188 0.315178 0.312856
3.070702 0.968474 0.310353 0.308855
3.149953 0.975766 0.293674 0.297590
3.164082 0.963866 0.301281 0.301944
3.096703 0.957924 0.302990 0.299980
3.116019 0.968754 0.300716 0.310528
3.149310 0.970255 0.307105 0.300391
3.213139 0.983373 0.293567 0.290303
3.192391 0.984299 0.290105 0.293637
3.230081 0.981972 0.288844 0.297550
3.195032 0.968828 0.304937 0.304894
3.067417 0.964375 0.307609 0.309124
3.127939 0.964591 0.314836 0.320450
3.131519 0.965087 0.312533 0.315143
3.158326 0.969602 0.307514 0.302996
3.175205 0.970889 0.297030 0.299169
3.174225 0.984334 0.287363 0.292683
3.142935 0.969526 0.315688 0.310679
3.189258 0.970487 0.299115 0.298573
3.105004 0.964876 0.312222 0.307817
3.153350 0.966202 0.314178 0.309419
3.136854 0.964848 0.319107 0.311780
3.208462 0.976090 0.297188 0.297934
3.238427 0.982162 0.295097 0.290488
3.125826 0.973027 0.298458 0.288264
3.181916 0.970624 0.306205 0.307443
3.056811 0.972759 0.299454 0.291418
3.193796 0.980235 0.295291 0.300555
3.131130 0.967940 0.309610 0.301908
3.186177 0.974271 0.294581 0.300288
3.143463 0.975582 0.299030 0.308172
3.131921 0.971126 0.306268 0.299616
3.094528 0.967747 0.302776 0.302151
3.096059 0.967148 0.300583 0.295587
3.095853 0.964450 0.312119 0.308759
3.167833 0.971813 0.300966 0.297276
3.126061 0.965417 0.307175 0.297142
3.208640 0.972181 0.298899 0.296530
3.125231 0.968319 0.300809 0.288965
3.164624 0.961859 0.319321 0.315612
3.178948 0.967152 0.314709 0.316100
3.093534 0.969076 0.312045 0.310951
3.214350 0.971662 0.299579 0.299213
3.243974 0.976867 0.304839 0.314174
3.196139 0.973730 0.293195 0.295085
3.191393 0.971572 0.305285 0.302901
3.165726 0.972704 0.296947 0.304736
3.158078 0.968437 0.313912 0.319513
3.241131 0.973129 0.306601 0.306978
3.186364 0.970867 0.296551 0.304861
3.116134 0.967511 0.290633 0.297647
3.199370 0.973955 0.300198 0.307181
3.092238 0.970876 0.301008 0.298056
3.160967 0.975771 0.294549 0.299318
3.158131 0.968747 0.306589 0.304198
3.157775 0.970141 0.317158 0.322625
3.163110 0.962941 0.311293 0.300997
3.134723 0.969677 0.304339 0.294620
3.193494 0.969357 0.302815 0.306627
3.203576 0.971500 0.298261 0.295457
