3.168123 0.970333 0.315324 0.310716
3.134691 0.965694 0.316344 0.316642
3.156638 0.971182 0.312735 0.308252
3.169347 0.970737 0.303297 0.299287
3.167628 0.980561 0.290653 0.300614
3.175644 0.975298 0.312903 0.311174
3.238912 0.977496 0.306689 0.300347
3.270098 0.978711 0.303588 0.295771
3.262555 0.981419 0.310040 0.308724
3.204661 0.970798 0.299446 0.296775
3.211116 0.978839 0.291695 0.292317
3.245548 0.984343 0.296633 0.301131
3.132526 0.976692 0.303778 0.305285
3.151466 0.977358 0.296059 0.285937
3.151876 0.969951 0.306169 0.303632
3.181579 0.976412 0.301451 0.293387
3.201690 0.971306 0.311270 0.307177
3.126766 0.970984 0.312808 0.313697
3.144789 0.972593 0.313157 0.317827
3.145908 0.968334 0.308049 0.309891
3.118906 0.967624 0.306373 0.310515
3.075387 0.964352 0.310683 0.303451
3.115072 0.973647 0.294083 0.291019
3.090758 0.967129 0.314035 0.311248
3.179608 0.965265 0.320358 0.321634
3.209802 0.970538 0.309616 0.307347
3.189444 0.971344 0.306614 0.313742
3.160398 0.971545 0.303487 0.300259
3.074564 0.962451 0.309003 0.302949
3.177757 0.972566 0.306538 0.305989
3.154447 0.973684 0.294181 0.284919
3.098196 0.969615 0.301287 0.282328
3.041155 0.965081 0.321858 0.322006
3.138007 0.965924 0.317792 0.312402
3.161723 0.969776 0.316437 0.326017
3.053275 0.966833 0.315839 0.309822
3.052502 0.968634 0.312317 0.311099
3.053506 0.961298 0.327604 0.309094
3.078088 0.963927 0.300581 0.284819
3.124593 0.974005 0.298498 0.299654
3.170645 0.973249 0.300388 0.296894
3.187179 0.977373 0.306791 0.303525
3.173210 0.971884 0.302483 0.298629
3.139563 0.958295 0.320912 0.319691
3.109433 0.967677 0.307633 0.307702
3.120801 0.972084 0.310542 0.310304
3.093498 0.968796 0.310793 0.319950
3.151059 0.966025 0.303090 0.294770
3.171108 0.962958 0.313194 0.312326
3.134957 0.967132 0.305567 0.304810
3.123716 0.968090 0.303194 0.310739
3.111743 0.966363 0.305930 0.307813
3.116030 0.965870 0.311775 0.311910
3.102943 0.969576 0.314812 0.307917
3.189103 0.977672 0.309946 0.313511
3.104972 0.979379 0.307117 0.296853
3.214014 0.977984 0.307772 0.304261
3.172226 0.977464 0.295171 0.296355
3.143763 0.973792 0.302598 0.308544
3.209021 0.970406 0.306625 0.314536
3.146115 0.968029 0.309221 0.299497
3.149453 0.972957 0.305467 0.305711
3.159058 0.967532 0.306632 0.297955
3.156476 0.974411 0.306950 0.310094
3.184796 0.975791 0.298528 0.298571
3.162843 0.973220 0.306526 0.306587
3.166938 0.966833 0.309158 0.307180
3.144887 0.970039 0.304407 0.307771
3.130077 0.966733 0.302095 0.297246
3.153791 0.967503 0.295648 0.281995
3.155425 0.961875 0.310249 0.309074
3.140626 0.962190 0.321135 0.324260
3.115554 0.965603 0.319123 0.310759
3.121764 0.962456 0.310176 0.303253
3.124278 0.963346 0.316759 0.307306
3.126728 0.976825 0.308539 0.306947
3.143387 0.966815 0.304433 0.306665
3.134717 0.969181 0.316853 0.315191
3.151634 0.977624 0.297340 0.305080
3.143302 0.972421 0.308724 0.306779
3.146400 0.969789 0.303803 0.306222
3.174060 0.970703 0.306522 0.311267
3.139411 0.971599 0.291405 0.288612
3.118730 0.965888 0.306830 0.304286
3.148144 0.971396 0.302528 0.298240
3.107770 0.970125 0.308695 0.312364
3.144869 0.973982 0.295729 0.303269
3.121041 0.970806 0.292126 0.295013
3.137482 0.972506 0.302853 0.302989
3.205365 0.969462 0.310440 0.307041
3.179449 0.975848 0.296416 0.303413
3.138216 0.973582 0.303358 0.304422
3.132165 0.972193 0.292226 0.289411
3.128252 0.975845 0.299145 0.304677
3.173048 0.968819 0.305879 0.302973
3.129740 0.971096 0.309673 0.311431
3.143453 0.969773 0.311637 0.319659
3.127462 0.971916 0.298939 0.303429
3.146585 0.968901 0.307446 0.303462
3.245229 0.976942 0.309144 0.312584
3.188355 0.971739 0.306308 0.302394
3.222008 0.969307 0.305214 0.305623
3.128899 0.972234 0.302544 0.306472
3.226385 0.983776 0.295369 0.290351
3.145894 0.979518 0.310195 0.320178
3.127430 0.975350 0.305338 0.310991
3.122504 0.974976 0.294642 0.294913
3.084916 0.967718 0.307912 0.305389
3.142000 0.974855 0.301839 0.302328
3.162296 0.979895 0.292361 0.295889
3.173509 0.974243 0.294420 0.292638
3.157212 0.968692 0.310365 0.304122
3.265566 0.974379 0.305343 0.293306
3.032311 0.959693 0.325114 0.316926
3.078670 0.964863 0.313437 0.312458
3.136511 0.974938 0.301344 0.296343
3.160681 0.983107 0.293041 0.301110
3.102067 0.967531 0.309194 0.299776
3.161989 0.973633 0.301228 0.289533
3.166418 0.974167 0.293492 0.289998
3.159801 0.970308 0.299358 0.298806
3.227455 0.977602 0.305257 0.307902
3.106472 0.969978 0.307980 0.317120
3.097889 0.970777 0.305081 0.304448
3.152661 0.965525 0.307944 0.305758
3.214537 0.973503 0.295852 0.299948
3.174105 0.967450 0.317180 0.312644
3.079901 0.966212 0.307023 0.300886
3.098322 0.963944 0.307719 0.292018
3.199987 0.977046 0.289845 0.292265
3.075682 0.970116 0.304775 0.312582
3.096474 0.973193 0.299377 0.295488
3.125514 0.968003 0.299367 0.302755
3.118701 0.968278 0.305578 0.305688
3.122128 0.967742 0.311321 0.318742
3.147488 0.976350 0.291412 0.290978
3.145250 0.976101 0.306701 0.309759
3.164632 0.973475 0.297881 0.297730
3.144816 0.974909 0.304138 0.297632
