3.144031 0.966234 0.316140 0.313259
3.119735 0.972178 0.311940 0.305732
3.130339 0.975401 0.305151 0.309875
3.198812 0.967519 0.309094 0.303452
3.147772 0.968167 0.305177 0.304529
3.206379 0.975017 0.302487 0.306368
3.130962 0.968991 0.306978 0.302969
3.139817 0.968609 0.309574 0.309245
3.107666 0.973276 0.299969 0.292823
3.188063 0.968792 0.309063 0.313113
3.212723 0.978205 0.289764 0.297999
3.201011 0.978577 0.291244 0.297373
3.179875 0.979527 0.289837 0.293748
3.151995 0.972697 0.298007 0.291261
3.172796 0.976542 0.292536 0.298978
3.158484 0.976811 0.296827 0.297135
3.083744 0.964199 0.314549 0.303631
3.164734 0.971388 0.306689 0.295722
3.179712 0.971101 0.312753 0.313463
3.191108 0.974244 0.298707 0.300094
3.140903 0.966503 0.311027 0.308594
3.221066 0.974038 0.308969 0.307567
3.212198 0.975448 0.304874 0.304831
3.136801 0.966535 0.313811 0.301607
3.105378 0.968570 0.305936 0.307417
3.183429 0.974238 0.305043 0.300008
3.103709 0.975696 0.303960 0.294130
3.104058 0.969287 0.317711 0.318940
3.150287 0.962258 0.318956 0.317525
3.155115 0.972186 0.299923 0.299919
3.165282 0.964802 0.310911 0.306353
3.260485 0.980235 0.310324 0.310853
3.119929 0.972077 0.307359 0.310678
3.149239 0.969796 0.311874 0.317671
3.148095 0.970364 0.303561 0.291254
3.137319 0.967589 0.309759 0.307131
3.165283 0.969257 0.309562 0.310552
3.119957 0.965807 0.309375 0.304795
3.146808 0.967872 0.314205 0.309290
3.079184 0.964232 0.318066 0.312511
3.151031 0.966243 0.301844 0.300741
3.078360 0.966865 0.307795 0.312626
3.117030 0.963650 0.303638 0.299636
3.175703 0.973709 0.287371 0.271810
3.175852 0.972311 0.304562 0.304937
3.135768 0.965176 0.328288 0.331112
3.101653 0.967831 0.317887 0.320567
3.148693 0.971991 0.302350 0.298916
3.158464 0.972834 0.309259 0.305304
3.202910 0.970191 0.312067 0.304404
3.212691 0.974453 0.305851 0.309106
3.196937 0.973927 0.301799 0.288524
3.110223 0.971952 0.303051 0.290532
3.144238 0.973384 0.309611 0.314903
3.146908 0.964973 0.314648 0.301803
3.170035 0.963041 0.319926 0.324047
3.168138 0.969025 0.300689 0.296448
3.164501 0.972051 0.306321 0.315548
3.273156 0.977209 0.301393 0.300269
3.160124 0.974181 0.298795 0.299331
3.158288 0.974402 0.303625 0.293999
3.101148 0.962124 0.315697 0.299041
3.111122 0.964748 0.314984 0.304930
3.110413 0.964733 0.318571 0.313151
3.188775 0.975207 0.303216 0.297596
3.099218 0.971260 0.305586 0.315097
3.089393 0.975889 0.294446 0.308058
3.138528 0.981140 0.291875 0.291551
3.161636 0.978820 0.295751 0.293310
3.199524 0.975293 0.309892 0.304083
3.163167 0.971217 0.306421 0.311731
3.117498 0.976545 0.300865 0.309033
3.109124 0.969538 0.303177 0.293753
3.162853 0.970074 0.301257 0.293033
3.179314 0.973710 0.302926 0.302607
3.071847 0.963843 0.305296 0.301841
3.153876 0.962735 0.317007 0.319023
3.183114 0.964618 0.321606 0.312542
3.149635 0.971076 0.310423 0.309048
3.164099 0.972588 0.309591 0.311816
3.151107 0.975204 0.296033 0.307214
3.180659 0.967712 0.307797 0.312689
3.159341 0.970686 0.302374 0.305178
3.129599 0.974578 0.294932 0.290796
3.171146 0.981996 0.289299 0.295551
3.068081 0.967178 0.313933 0.319971
3.094234 0.966289 0.311468 0.308192
3.131301 0.965376 0.307089 0.301474
3.155422 0.966939 0.311368 0.317540
3.239295 0.970251 0.308061 0.312060
3.121426 0.971011 0.300147 0.284441
3.122051 0.968671 0.296584 0.289838
3.149281 0.966400 0.316549 0.317255
3.119919 0.970669 0.303846 0.301156
3.203315 0.978307 0.294718 0.300982
3.146252 0.975520 0.306565 0.302065
3.200522 0.973064 0.300790 0.300683
3.128381 0.965507 0.307022 0.302244
3.149341 0.975990 0.300195 0.310820
3.163616 0.971434 0.304105 0.297085
3.227795 0.979080 0.309418 0.307599
3.124948 0.966962 0.309975 0.316001
3.025086 0.965762 0.316680 0.309706
3.032022 0.970286 0.308732 0.298589
3.106298 0.962468 0.320516 0.318427
3.061703 0.963056 0.319340 0.312714
3.113129 0.973749 0.304152 0.305307
3.158942 0.971966 0.310225 0.316144
3.153304 0.976471 0.295072 0.304694
3.164665 0.974684 0.310689 0.313456
3.142191 0.976799 0.307079 0.311162
3.128199 0.966324 0.316511 0.312790
3.134040 0.964225 0.313106 0.308243
3.097940 0.965588 0.322691 0.329584
3.054227 0.960449 0.317819 0.306220
3.164933 0.963521 0.323295 0.315514
3.120880 0.962376 0.309164 0.301306
3.130128 0.967790 0.304723 0.299718
3.136484 0.968568 0.312813 0.300883
3.067611 0.961476 0.324127 0.319323
3.110442 0.969458 0.316009 0.310517
3.107571 0.969121 0.305524 0.299440
3.156533 0.975936 0.299920 0.302900
3.164074 0.975239 0.300036 0.298118
3.132408 0.973713 0.307829 0.305149
3.158000 0.972568 0.297323 0.295083
3.152629 0.971904 0.300450 0.289967
3.111538 0.965301 0.310355 0.306009
3.134507 0.971103 0.293660 0.284836
3.050446 0.967726 0.309186 0.306831
3.140371 0.969005 0.315228 0.317508
3.157611 0.972994 0.297673 0.301729
3.129023 0.961761 0.322426 0.328360
3.151126 0.967771 0.309507 0.308942
3.125410 0.969828 0.304379 0.300463
3.124250 0.961289 0.310379 0.310321
3.103404 0.960903 0.321526 0.312359
3.060725 0.959017 0.335200 0.333512
