3.155722 0.973881 0.299354 0.301081
3.214990 0.978074 0.299995 0.300644
3.107085 0.968482 0.314318 0.311885
3.113846 0.971236 0.310295 0.308576
3.033568 0.962143 0.320953 0.303024
3.061655 0.967154 0.314680 0.309713
3.204976 0.978397 0.297213 0.295895
3.207161 0.976055 0.297165 0.298415
3.153682 0.971816 0.304729 0.306494
3.137994 0.973473 0.300075 0.298090
3.073573 0.966693 0.316937 0.313086
3.152766 0.974435 0.297446 0.299871
3.157140 0.975208 0.299336 0.294094
3.181847 0.980754 0.294172 0.284419
3.060361 0.962943 0.315220 0.308939
3.187517 0.974223 0.306372 0.317005
3.111866 0.963713 0.315300 0.316695
3.156016 0.967835 0.308254 0.305325
3.201216 0.978870 0.299583 0.299156
3.170677 0.979092 0.301645 0.308836
3.186021 0.971430 0.305082 0.309472
3.211258 0.974591 0.300075 0.300642
3.158764 0.973596 0.312629 0.312984
3.098024 0.969042 0.312836 0.310063
3.126484 0.970987 0.312475 0.314496
3.160656 0.970606 0.303830 0.304752
3.084500 0.960769 0.318841 0.310214
3.115485 0.965259 0.306081 0.308183
3.075637 0.969878 0.307597 0.312227
3.140636 0.967141 0.311143 0.314604
3.143987 0.968171 0.298800 0.287791
3.099226 0.968592 0.304388 0.298376
3.110078 0.964294 0.303550 0.282147
3.186941 0.972087 0.301708 0.300935
3.122840 0.969526 0.301843 0.293455
3.142215 0.966720 0.311324 0.308883
3.194634 0.973921 0.304975 0.307833
3.112911 0.974013 0.300681 0.299363
3.166471 0.972208 0.308791 0.305743
3.172158 0.967747 0.315813 0.311823
3.124177 0.960256 0.318180 0.311319
3.075846 0.959993 0.318404 0.305706
3.099417 0.968019 0.307284 0.302947
3.127057 0.968756 0.305099 0.285891
3.134251 0.973703 0.304699 0.303131
3.034762 0.971446 0.308163 0.313475
3.012652 0.970198 0.311076 0.310113
3.001416 0.967843 0.312003 0.306018
3.106101 0.974537 0.307941 0.310062
3.110118 0.972435 0.308180 0.292369
3.092612 0.969385 0.322188 0.315093
3.068481 0.963772 0.320356 0.320252
3.154755 0.963148 0.301093 0.290467
3.193189 0.969708 0.306533 0.298716
3.171108 0.972202 0.295060 0.293872
3.041118 0.959924 0.313900 0.293032
3.030569 0.966003 0.306526 0.291492
3.172956 0.973706 0.303589 0.297846
3.194392 0.972397 0.308727 0.311035
3.085153 0.963311 0.309290 0.306334
3.171135 0.974347 0.306264 0.307324
3.207917 0.971165 0.306950 0.312473
3.081190 0.966494 0.308026 0.306618
3.092910 0.967903 0.303331 0.309505
3.134239 0.970557 0.311901 0.312380
3.145179 0.969127 0.316233 0.324436
3.132728 0.968064 0.314085 0.313961
3.085374 0.965700 0.306772 0.298559
3.141587 0.968235 0.304972 0.297098
3.171317 0.975036 0.298103 0.293346
3.145163 0.973970 0.309032 0.311366
3.120288 0.965480 0.315054 0.303435
3.064378 0.963561 0.315745 0.305875
3.051719 0.971715 0.301125 0.295852
3.193356 0.982531 0.280429 0.282047
3.224120 0.983838 0.284873 0.297074
3.225985 0.980194 0.279781 0.279590
3.194808 0.978036 0.293135 0.299268
3.143807 0.975059 0.288973 0.297847
3.138606 0.978366 0.285678 0.287195
3.141367 0.976487 0.290178 0.295624
3.090237 0.977819 0.295100 0.297839
3.185500 0.981637 0.286811 0.291377
3.269343 0.987055 0.283523 0.283812
3.181281 0.972976 0.302869 0.308002
3.157982 0.970012 0.310475 0.313153
3.082075 0.964594 0.326224 0.327855
3.213423 0.976810 0.307720 0.303554
3.132583 0.973292 0.300672 0.310707
3.089457 0.965448 0.314385 0.315103
3.161529 0.969501 0.310829 0.309337
3.222479 0.976384 0.306096 0.299976
3.232133 0.973534 0.309063 0.306486
3.228676 0.973115 0.307506 0.306554
3.192770 0.970466 0.310720 0.305789
3.125515 0.969635 0.307718 0.307499
2.998171 0.968685 0.303996 0.299358
3.025569 0.968867 0.304917 0.315951
3.149769 0.972395 0.299108 0.306699
3.110732 0.967684 0.299225 0.290609
3.148623 0.970063 0.310221 0.305517
3.132258 0.968817 0.314593 0.309113
3.173469 0.973542 0.305932 0.311669
3.209966 0.973160 0.296502 0.292937
3.130224 0.968500 0.316759 0.318024
3.119225 0.973668 0.307686 0.304719
3.118661 0.968332 0.318143 0.317447
3.131062 0.976181 0.292113 0.291546
3.188966 0.971625 0.301837 0.301949
3.145542 0.971709 0.303008 0.293392
3.115504 0.968681 0.317711 0.314938
3.179670 0.976729 0.304421 0.310115
3.133453 0.975747 0.293532 0.290038
3.126054 0.970913 0.301103 0.302066
3.217910 0.976288 0.290866 0.293013
3.145419 0.973636 0.291233 0.293754
3.138543 0.974360 0.301483 0.297404
3.149055 0.969128 0.313309 0.313081
3.192308 0.970491 0.309068 0.304583
3.071602 0.966954 0.304576 0.304205
3.202442 0.969001 0.306499 0.299656
3.099719 0.957225 0.318515 0.319172
3.075144 0.958173 0.322489 0.313641
3.071972 0.966445 0.311426 0.307878
3.181413 0.974723 0.304542 0.308635
3.212630 0.966818 0.302537 0.308701
3.232579 0.973013 0.305954 0.310003
3.152001 0.979842 0.298362 0.298167
3.175018 0.970304 0.301301 0.299879
3.153830 0.968094 0.310086 0.307418
3.193484 0.969574 0.304584 0.305596
3.148838 0.969799 0.311384 0.314480
3.139186 0.974940 0.306192 0.304212
3.077711 0.971690 0.300237 0.291502
3.164318 0.975367 0.308215 0.312839
3.097578 0.965301 0.315284 0.313968
3.167127 0.976108 0.302129 0.301384
3.196561 0.967238 0.308176 0.304227
3.173111 0.963338 0.321884 0.317980
