3.097627 0.965885 0.311597 0.314413
3.071781 0.974123 0.304443 0.303977
3.067619 0.971527 0.299655 0.294049
3.221194 0.982459 0.311625 0.324989
3.196097 0.980085 0.285550 0.287557
3.194151 0.979280 0.287162 0.291175
3.125163 0.974056 0.296117 0.298990
3.121739 0.969896 0.303284 0.298231
3.163961 0.965640 0.304742 0.307436
3.182919 0.969713 0.304394 0.303042
3.216749 0.970731 0.305414 0.298234
3.167705 0.975375 0.294717 0.284090
3.153296 0.977517 0.303526 0.308983
3.152134 0.969181 0.314750 0.310187
3.102529 0.963245 0.317672 0.313409
3.110991 0.964250 0.311220 0.301469
3.196858 0.970942 0.307703 0.306682
3.110727 0.965220 0.303715 0.297965
3.180953 0.966924 0.317554 0.323334
3.137181 0.966764 0.318949 0.310018
3.183296 0.975691 0.289303 0.283426
3.139399 0.976945 0.287464 0.282319
3.178101 0.977239 0.292659 0.301684
3.115147 0.971983 0.300902 0.295457
3.105154 0.968163 0.310067 0.307312
3.239385 0.977876 0.309613 0.305660
3.224744 0.979777 0.312155 0.306840
3.299621 0.978522 0.301786 0.290422
3.213398 0.976403 0.306561 0.309880
3.205384 0.981390 0.294743 0.296236
3.059187 0.960065 0.315383 0.306671
3.085451 0.969437 0.306539 0.290116
3.086184 0.966787 0.308634 0.299072
3.229058 0.974785 0.307620 0.294928
3.157390 0.974058 0.301133 0.301912
3.178935 0.976357 0.294022 0.291098
3.178348 0.974055 0.300743 0.297173
3.145694 0.974656 0.296211 0.299046
3.186136 0.977527 0.287910 0.286138
3.197977 0.973210 0.291248 0.290507
3.134619 0.973571 0.297560 0.304687
3.152267 0.975013 0.299065 0.310459
3.102142 0.973929 0.299083 0.299334
3.140232 0.972693 0.308776 0.303885
3.125167 0.968231 0.311914 0.301620
3.140669 0.967392 0.317067 0.319704
3.089399 0.963530 0.317555 0.311132
3.181436 0.975129 0.305364 0.298242
3.180941 0.970913 0.303533 0.295918
3.181393 0.972159 0.288853 0.294051
3.178744 0.974747 0.299189 0.296659
3.177308 0.979597 0.295561 0.289000
3.191852 0.978132 0.302014 0.302441
3.170214 0.971561 0.305901 0.306439
3.172285 0.972082 0.299128 0.294583
3.146332 0.970938 0.302173 0.301622
3.170241 0.968461 0.295076 0.294955
3.197861 0.973794 0.301887 0.298467
3.167269 0.986510 0.282114 0.281502
3.170478 0.980799 0.293406 0.291055
3.061459 0.967250 0.321239 0.316650
3.187553 0.977035 0.307593 0.311859
3.176656 0.971540 0.308847 0.307701
3.183124 0.975490 0.295945 0.288564
3.169032 0.972901 0.305733 0.309877
3.211907 0.978389 0.296047 0.293093
3.122139 0.976840 0.302444 0.304025
3.161455 0.981556 0.297461 0.298842
3.165267 0.975247 0.299862 0.298492
3.192472 0.974480 0.297688 0.303463
3.109158 0.967511 0.307391 0.299411
3.168922 0.969064 0.312762 0.310555
3.126013 0.971507 0.306768 0.303534
3.140295 0.972490 0.299777 0.300661
3.126942 0.973408 0.300849 0.307851
3.152376 0.968277 0.305276 0.308378
3.151637 0.964884 0.308170 0.313046
3.137266 0.961842 0.323774 0.321064
3.171079 0.970040 0.318953 0.323210
3.125452 0.965573 0.321366 0.309589
3.169582 0.973218 0.302556 0.298984
3.088356 0.964353 0.315410 0.311129
3.175531 0.966461 0.310660 0.308129
3.121831 0.964883 0.309932 0.296335
3.173611 0.973131 0.306119 0.307523
3.235905 0.978682 0.298529 0.289334
3.179601 0.971013 0.303703 0.299578
3.088408 0.963623 0.313122 0.317217
3.108284 0.973228 0.313591 0.314478
3.120049 0.973736 0.309191 0.316386
3.103574 0.973964 0.309569 0.323478
3.113642 0.966461 0.309215 0.306033
3.130768 0.961932 0.315777 0.314471
3.129054 0.970853 0.300178 0.288228
3.168282 0.973105 0.301140 0.304255
3.118973 0.966925 0.300625 0.296887
3.168604 0.969931 0.304079 0.301248
3.123320 0.969317 0.304341 0.297101
3.117260 0.972702 0.298560 0.297452
3.129705 0.971582 0.302702 0.305574
3.102892 0.971065 0.307941 0.309315
3.188659 0.972026 0.306074 0.307570
3.137943 0.975462 0.299028 0.298392
3.180294 0.979001 0.287718 0.285373
3.196986 0.973009 0.304002 0.300763
3.147419 0.971759 0.308907 0.310917
3.155076 0.970072 0.300180 0.300835
3.210368 0.968295 0.315611 0.316289
3.047293 0.969122 0.313259 0.308127
3.085370 0.966785 0.307108 0.314151
3.050347 0.968324 0.312006 0.302898
3.022592 0.967735 0.311793 0.296047
3.019898 0.967089 0.306660 0.305517
2.975055 0.962041 0.314217 0.307459
3.182837 0.972526 0.304383 0.302407
3.065349 0.970952 0.306473 0.309731
3.190725 0.980402 0.290436 0.292228
3.232419 0.976446 0.287717 0.282470
3.149523 0.972184 0.312780 0.313550
3.148639 0.967707 0.315899 0.308125
3.079562 0.965952 0.308019 0.307813
3.101603 0.962113 0.316987 0.315326
3.098795 0.968081 0.304860 0.300587
3.081759 0.965522 0.296877 0.299525
3.226391 0.976657 0.297456 0.297356
3.154778 0.968258 0.306226 0.308245
3.091746 0.974083 0.297078 0.281054
3.107976 0.972387 0.310981 0.309704
3.159073 0.975065 0.305876 0.302635
3.118042 0.970759 0.305701 0.311311
3.140941 0.971217 0.306980 0.304492
3.142790 0.970204 0.304206 0.313123
3.157115 0.971112 0.300686 0.302893
3.127863 0.972213 0.308946 0.307477
3.177354 0.982289 0.293103 0.297959
3.183532 0.980537 0.291067 0.298091
3.131106 0.970982 0.309105 0.318318
3.188508 0.974252 0.307409 0.314959
