3.115528 0.976510 0.290129 0.294672
3.172976 0.964792 0.306228 0.303339
3.183740 0.974403 0.310103 0.313944
3.168309 0.972465 0.304316 0.305579
3.176327 0.967443 0.305554 0.304000
3.173419 0.972782 0.308732 0.306674
3.182519 0.975458 0.298022 0.296700
3.199412 0.977994 0.294293 0.291199
3.110416 0.965961 0.317554 0.312534
3.156225 0.971054 0.318906 0.316428
3.105461 0.966077 0.315219 0.306231
3.116619 0.974843 0.302527 0.300463
3.098403 0.977251 0.293548 0.298510
3.117849 0.972892 0.293695 0.283963
3.034159 0.966690 0.305516 0.307953
3.074789 0.971316 0.307632 0.304045
3.041893 0.964303 0.314701 0.308542
3.121815 0.972400 0.305844 0.307496
3.161501 0.974192 0.311060 0.311329
3.161963 0.967520 0.313969 0.303779
3.141239 0.964664 0.319750 0.322774
3.128018 0.980056 0.287410 0.295558
3.229678 0.978392 0.283626 0.280507
3.194404 0.965822 0.316256 0.309183
3.153458 0.964308 0.312341 0.323132
3.170033 0.962419 0.315047 0.304076
3.109462 0.963005 0.331129 0.337554
3.148315 0.964718 0.319666 0.315038
3.175265 0.971844 0.303503 0.299101
3.148484 0.963882 0.313437 0.316430
3.153976 0.965342 0.309238 0.313728
3.060544 0.966678 0.310995 0.316643
3.049784 0.961647 0.319758 0.331655
3.173583 0.970342 0.293013 0.291270
3.163896 0.975025 0.302276 0.306512
3.207064 0.975863 0.299264 0.299346
3.137630 0.971504 0.307357 0.297087
3.177098 0.972923 0.296924 0.291186
3.119698 0.962527 0.306913 0.297992
3.129943 0.969473 0.297120 0.296810
3.172446 0.975414 0.295457 0.296626
3.116415 0.973558 0.300422 0.298813
3.111144 0.967200 0.309338 0.302987
3.171074 0.973046 0.313602 0.316717
3.153664 0.971958 0.305911 0.320015
3.153775 0.962295 0.309353 0.297220
3.187977 0.970876 0.304657 0.302135
3.120177 0.974415 0.297045 0.292329
3.061755 0.966405 0.316346 0.322521
3.085733 0.966366 0.316177 0.307556
3.090381 0.963376 0.309123 0.311809
3.052334 0.966090 0.322302 0.313215
3.165906 0.967246 0.311729 0.316273
3.140025 0.975551 0.303440 0.299301
3.126318 0.969470 0.308788 0.303950
3.196856 0.973110 0.292661 0.283873
3.060965 0.966220 0.308680 0.311100
3.152741 0.967284 0.310233 0.316817
3.143845 0.968762 0.315316 0.317079
3.126052 0.970352 0.305787 0.304734
3.141763 0.976661 0.303024 0.298944
3.156104 0.977688 0.304633 0.305890
3.097991 0.968805 0.316610 0.312649
3.057586 0.966419 0.319578 0.309944
3.071532 0.961813 0.308452 0.297443
3.153409 0.963879 0.311084 0.310518
3.171251 0.978368 0.287551 0.282396
3.187904 0.977689 0.302228 0.308965
3.213883 0.977840 0.298360 0.295590
3.173940 0.975565 0.306699 0.298504
3.064793 0.970747 0.316999 0.309909
3.150723 0.971224 0.309570 0.304758
3.138859 0.962431 0.321413 0.321312
3.164762 0.964774 0.317915 0.311366
3.186207 0.967328 0.309613 0.305131
3.144334 0.970037 0.303082 0.297312
3.109262 0.965284 0.307878 0.299944
3.129206 0.974152 0.304801 0.298052
3.076777 0.973135 0.299767 0.283891
3.179840 0.974618 0.302885 0.296374
3.137126 0.968271 0.305824 0.299110
3.159347 0.963234 0.319428 0.318795
3.140792 0.968927 0.306544 0.294683
3.178693 0.970145 0.308346 0.309575
3.014647 0.971351 0.305139 0.304218
3.179282 0.969059 0.302841 0.305316
3.193314 0.969864 0.293539 0.282665
3.117705 0.966235 0.311663 0.312671
3.085689 0.968894 0.302786 0.288583
3.147757 0.963970 0.311916 0.311989
3.141267 0.971752 0.300523 0.301577
3.154115 0.966324 0.308035 0.306995
3.242495 0.975981 0.308523 0.303731
3.207138 0.973623 0.311892 0.314893
3.119846 0.969911 0.310305 0.317103
3.065652 0.970155 0.311033 0.319131
3.085792 0.967982 0.311615 0.305536
3.146032 0.970706 0.309546 0.308927
3.055827 0.960003 0.324949 0.326790
3.146447 0.969245 0.309001 0.309488
3.080331 0.975928 0.286120 0.288612
2.977893 0.964434 0.312517 0.313331
3.026994 0.963831 0.314641 0.308723
3.069272 0.963802 0.315232 0.304514
3.146611 0.974835 0.300125 0.297919
3.129012 0.965896 0.316006 0.314584
3.093097 0.976330 0.301034 0.306775
3.195297 0.968245 0.312612 0.312804
3.141801 0.973265 0.307971 0.313253
3.222401 0.979430 0.306801 0.308111
3.168252 0.969608 0.309965 0.313098
3.185509 0.976092 0.302162 0.302387
3.197833 0.975460 0.292923 0.286772
3.210969 0.973764 0.296911 0.292150
3.160041 0.976693 0.299078 0.309598
3.100925 0.966689 0.314265 0.306083
3.153279 0.971673 0.304924 0.315484
3.156998 0.970396 0.309510 0.310228
3.091819 0.966035 0.306689 0.307774
3.150777 0.977595 0.292840 0.300109
3.100376 0.968260 0.313556 0.317842
3.190048 0.971304 0.304413 0.297377
3.142816 0.972552 0.302206 0.304943
3.115213 0.964839 0.315499 0.298777
3.144967 0.974259 0.292742 0.296871
3.167915 0.972055 0.308683 0.304762
3.115170 0.967134 0.306678 0.303615
3.207480 0.978640 0.305539 0.308547
3.190696 0.971822 0.296758 0.292345
3.194294 0.976294 0.298173 0.296207
3.159821 0.973005 0.302178 0.293257
3.134897 0.969893 0.319086 0.328398
3.125682 0.961192 0.322483 0.322536
3.111958 0.966324 0.305410 0.303535
3.150370 0.965691 0.300465 0.301623
3.181780 0.972926 0.310026 0.307558
3.147658 0.967696 0.323219 0.317907
3.123649 0.966082 0.316564 0.323004
