3.146033 0.969457 0.302684 0.298538
3.150549 0.970430 0.307753 0.308354
3.134274 0.969124 0.304222 0.308495
3.148996 0.964610 0.304831 0.306493
3.129457 0.973990 0.304905 0.298751
3.181044 0.975495 0.301953 0.295355
3.132692 0.971324 0.297892 0.289216
3.142159 0.968760 0.311098 0.315014
3.113159 0.971811 0.301710 0.301448
3.164583 0.982808 0.277052 0.285314
3.218775 0.979313 0.292690 0.294160
3.191524 0.976013 0.301382 0.303953
3.181670 0.969215 0.312031 0.314619
3.132518 0.969069 0.304530 0.301990
3.121492 0.971487 0.305973 0.304566
3.100793 0.964458 0.320434 0.326753
3.149606 0.974324 0.296119 0.296354
3.058261 0.963043 0.314881 0.324486
3.144317 0.971874 0.297029 0.291913
3.183400 0.969792 0.306040 0.307899
3.197989 0.972463 0.297770 0.294202
3.138363 0.969535 0.309338 0.312679
3.116393 0.970164 0.315944 0.322429
3.140958 0.973046 0.305161 0.314797
3.134258 0.971425 0.304344 0.301316
3.171232 0.972894 0.296978 0.302044
3.149961 0.963599 0.308503 0.301359
3.159931 0.972799 0.299954 0.302508
3.133149 0.962893 0.312770 0.306876
3.093892 0.970145 0.296412 0.302472
3.096226 0.978413 0.293534 0.294770
3.143211 0.978001 0.303134 0.305685
3.145694 0.969910 0.320657 0.312677
3.140185 0.964518 0.319630 0.319237
3.133869 0.975813 0.304442 0.309444
3.032594 0.958622 0.304519 0.299715
3.044456 0.962031 0.308829 0.306327
3.035443 0.958145 0.316957 0.315835
3.103794 0.976627 0.293615 0.282316
3.110568 0.971418 0.308700 0.297389
3.141035 0.978725 0.304993 0.311143
3.084250 0.975012 0.305892 0.300180
3.176742 0.974673 0.293503 0.294711
3.093311 0.966874 0.311900 0.307919
3.112714 0.968862 0.300877 0.287752
3.113385 0.966149 0.312469 0.298005
3.186570 0.970623 0.312395 0.315252
3.172745 0.967847 0.309083 0.305582
3.049411 0.960443 0.322731 0.318668
3.101294 0.963559 0.307931 0.293870
3.098384 0.963684 0.311307 0.306231
3.103400 0.968225 0.312190 0.298602
3.161788 0.971907 0.306239 0.311932
3.117656 0.970357 0.301642 0.299869
3.169904 0.972570 0.309919 0.308463
3.061922 0.964603 0.319034 0.321065
3.067194 0.966317 0.320825 0.313798
3.226935 0.982425 0.318073 0.309691
3.214085 0.976712 0.298290 0.304898
3.145603 0.966278 0.310742 0.309043
3.132395 0.964730 0.314528 0.309182
3.080929 0.969799 0.311864 0.318025
3.097159 0.969367 0.301566 0.295926
3.073425 0.961621 0.317934 0.318526
3.129976 0.966264 0.308417 0.297345
3.167050 0.969645 0.308507 0.315037
3.137560 0.972888 0.296807 0.292156
3.167895 0.974606 0.308392 0.300531
3.196543 0.973073 0.294458 0.293719
3.212131 0.964682 0.313098 0.305064
3.135845 0.961556 0.326644 0.332826
3.155710 0.974435 0.304598 0.302537
3.188143 0.972707 0.311312 0.316547
3.138592 0.972308 0.309479 0.301919
3.167808 0.965660 0.307325 0.308690
3.130713 0.968855 0.302507 0.299369
3.152573 0.973289 0.294080 0.290329
3.152634 0.970688 0.306703 0.306824
3.045181 0.958743 0.323551 0.317377
3.119681 0.964266 0.314424 0.315611
3.146242 0.971136 0.313981 0.320646
3.160666 0.970160 0.302676 0.300484
3.093486 0.967998 0.306266 0.302669
3.106009 0.973054 0.306634 0.306114
3.166034 0.962916 0.312805 0.312092
3.184999 0.970702 0.311269 0.301540
3.223582 0.976680 0.312341 0.311499
3.104413 0.963557 0.308810 0.305198
3.187788 0.975662 0.299131 0.301414
3.114678 0.967188 0.312684 0.301967
3.118272 0.964551 0.321598 0.324053
3.177170 0.971837 0.307149 0.298654
3.133835 0.970603 0.313913 0.313265
3.165918 0.975671 0.303158 0.310364
3.126649 0.970015 0.315659 0.314195
3.158459 0.970003 0.315938 0.314316
3.133978 0.970262 0.300548 0.292913
3.216801 0.978571 0.296174 0.292992
3.156928 0.970027 0.305891 0.310057
3.135276 0.964893 0.312690 0.306493
3.143277 0.974193 0.309518 0.305940
3.178916 0.972732 0.304671 0.300260
3.158735 0.973345 0.298707 0.294447
3.095652 0.967809 0.301047 0.291702
3.125634 0.972438 0.304592 0.303620
3.177009 0.975221 0.292199 0.298109
3.216205 0.972708 0.302780 0.303215
3.076107 0.962967 0.319718 0.304260
3.097184 0.972440 0.300572 0.295230
3.132843 0.969147 0.303391 0.312085
3.115180 0.966500 0.310771 0.309243
3.124097 0.973071 0.307462 0.308523
3.177226 0.976737 0.294549 0.295319
3.188541 0.977978 0.303078 0.303765
3.168614 0.972172 0.300681 0.295370
3.153948 0.971887 0.308377 0.296894
3.148014 0.972623 0.305862 0.306006
3.124424 0.971480 0.305438 0.305388
3.134774 0.964433 0.319238 0.321038
3.149489 0.974144 0.305942 0.310022
3.192504 0.973081 0.303564 0.305873
3.147528 0.975028 0.298395 0.291783
3.174888 0.970991 0.310918 0.317263
3.203527 0.974594 0.310113 0.306595
3.153711 0.969926 0.302401 0.294312
3.126120 0.967741 0.312703 0.321301
3.122638 0.968265 0.299991 0.303803
3.101955 0.965881 0.304166 0.297778
3.150607 0.975952 0.308267 0.309870
3.062197 0.965558 0.319254 0.318149
3.093763 0.970646 0.306806 0.295257
3.152622 0.969353 0.304615 0.312219
3.193800 0.979434 0.291575 0.288434
3.144302 0.972289 0.292964 0.290311
3.177662 0.973936 0.295912 0.284000
3.063860 0.967249 0.316363 0.313939
3.118883 0.972592 0.301204 0.306689
3.189422 0.972815 0.309525 0.314937
3.188657 0.972603 0.309518 0.312749
