3.122217 0.967074 0.305604 0.305520
3.097694 0.969012 0.304227 0.295125
3.119553 0.967823 0.313628 0.313474
3.107532 0.967734 0.315000 0.317300
3.088593 0.970847 0.311483 0.312266
3.177357 0.971146 0.295984 0.288958
3.195494 0.974487 0.286054 0.275780
3.148362 0.976710 0.305041 0.307699
3.173344 0.976998 0.298166 0.302763
3.182421 0.973391 0.295120 0.288210
3.142491 0.970891 0.310507 0.308188
3.125466 0.970420 0.303311 0.291284
3.152900 0.972476 0.304648 0.307074
3.112228 0.971661 0.309328 0.312479
3.158912 0.969850 0.304339 0.299684
3.157822 0.969773 0.304029 0.306156
3.236152 0.985450 0.301522 0.316223
3.251744 0.984529 0.299199 0.296985
3.156002 0.976203 0.300370 0.305698
3.226783 0.977310 0.292518 0.287052
3.137717 0.970120 0.304426 0.296501
3.136050 0.970060 0.310869 0.310192
3.059604 0.966989 0.313255 0.309010
3.142421 0.972463 0.304143 0.312539
3.213815 0.980901 0.298393 0.303262
3.151282 0.979249 0.302130 0.301800
3.112604 0.960794 0.323747 0.318605
3.115679 0.965991 0.309515 0.299173
3.217402 0.977903 0.293248 0.292238
3.167614 0.978074 0.300986 0.295295
3.059352 0.966941 0.312739 0.311086
3.090131 0.961040 0.327944 0.318005
3.182184 0.971417 0.306976 0.298969
3.111342 0.967475 0.327349 0.333976
3.178744 0.971801 0.312590 0.308707
3.067702 0.969225 0.311244 0.311274
3.034099 0.959922 0.319619 0.316599
3.169077 0.968979 0.311850 0.302793
3.184901 0.970162 0.309935 0.308926
3.172544 0.970813 0.310366 0.315206
3.051892 0.965162 0.316466 0.305360
3.048210 0.964944 0.307962 0.301606
3.054265 0.966920 0.315369 0.318849
3.065659 0.964114 0.311379 0.304897
3.160001 0.965873 0.310431 0.307053
3.037913 0.963085 0.312118 0.312002
3.131137 0.968896 0.304068 0.299364
3.172293 0.976752 0.292922 0.297963
3.071278 0.959069 0.324567 0.317972
3.114434 0.969375 0.303691 0.299452
3.246882 0.977308 0.306880 0.306416
3.142319 0.974517 0.310323 0.307029
3.042172 0.962229 0.321839 0.312799
3.081868 0.962862 0.321003 0.310702
3.180118 0.971196 0.303799 0.303575
3.125072 0.971748 0.297219 0.288537
3.150301 0.970915 0.306596 0.306708
3.127045 0.973433 0.301054 0.302163
3.118329 0.969624 0.308132 0.304842
3.122691 0.973777 0.307653 0.304513
3.116337 0.967465 0.310674 0.305725
3.112378 0.972624 0.306991 0.302721
3.104801 0.964941 0.317239 0.323953
3.145103 0.962686 0.309570 0.303835
3.233271 0.972145 0.310270 0.302541
3.101296 0.964110 0.316773 0.321414
3.172602 0.969081 0.308039 0.306701
3.160918 0.970828 0.310187 0.309783
3.154924 0.967490 0.304817 0.298664
3.126801 0.966925 0.309273 0.311805
3.091636 0.962608 0.312649 0.310653
3.185309 0.975506 0.302948 0.309994
3.159451 0.968456 0.311508 0.313656
3.203104 0.978327 0.300590 0.302033
3.112871 0.969406 0.311759 0.315160
3.147911 0.975824 0.316591 0.310433
3.116398 0.965987 0.300980 0.304774
3.070480 0.975364 0.300575 0.300348
3.212778 0.975066 0.295615 0.301790
3.130074 0.969642 0.305608 0.308343
3.180091 0.967503 0.311934 0.314721
3.149537 0.965489 0.308673 0.295358
3.139560 0.967356 0.315748 0.316638
3.193410 0.967609 0.307410 0.309493
3.164998 0.966043 0.314800 0.317043
3.101812 0.957822 0.331579 0.335693
3.174557 0.968737 0.306669 0.310695
3.128224 0.969427 0.297495 0.293400
3.134054 0.971653 0.304339 0.302196
3.169888 0.972945 0.296086 0.298381
3.062628 0.966967 0.307108 0.314537
3.110021 0.971151 0.304656 0.301458
3.118945 0.971668 0.303879 0.300136
3.153820 0.966998 0.312927 0.316354
3.151951 0.970146 0.297420 0.286438
3.131250 0.961636 0.320509 0.315298
3.086532 0.959390 0.317466 0.307118
3.168331 0.965871 0.317471 0.314180
3.184147 0.968514 0.311736 0.310893
3.166673 0.971311 0.305607 0.304277
3.189324 0.970239 0.303542 0.308532
3.192583 0.980625 0.291669 0.291231
3.210383 0.977608 0.300415 0.302430
3.135895 0.979191 0.294327 0.295922
3.139717 0.971573 0.305965 0.301086
3.153531 0.972316 0.306272 0.304425
3.143734 0.968579 0.315639 0.322799
3.114836 0.965040 0.321822 0.320298
3.122276 0.973494 0.308417 0.308159
3.062822 0.971906 0.300509 0.301308
3.131438 0.970502 0.301024 0.298923
3.115520 0.973062 0.302004 0.301992
3.187706 0.972225 0.319130 0.324461
3.159168 0.971310 0.313064 0.315952
3.090930 0.970072 0.304153 0.296582
3.074979 0.961528 0.315444 0.313456
3.151159 0.971055 0.296453 0.292004
3.173150 0.971283 0.294206 0.290164
3.097361 0.964713 0.316755 0.313001
3.193882 0.976900 0.293255 0.294604
3.101991 0.966381 0.302730 0.291603
3.103099 0.973579 0.303518 0.322227
3.121952 0.970412 0.306138 0.309400
3.136790 0.968824 0.304802 0.309244
3.104612 0.964469 0.309651 0.307586
3.108520 0.966528 0.305315 0.309713
3.005927 0.961954 0.318135 0.314418
3.098272 0.965031 0.301677 0.298361
3.224938 0.978058 0.305911 0.307390
3.094562 0.964750 0.318854 0.316867
3.153038 0.967403 0.313452 0.307483
3.155594 0.972494 0.289941 0.286760
3.268660 0.981393 0.290633 0.284302
3.241298 0.971921 0.293242 0.298244
3.148423 0.968768 0.305554 0.303665
3.171186 0.971911 0.305695 0.305592
3.184656 0.968352 0.301772 0.304013
3.066554 0.962319 0.312306 0.306575
