3.149008 0.964024 0.313838 0.308803
3.166253 0.976919 0.300099 0.293042
3.079912 0.966664 0.314665 0.311040
3.156183 0.968736 0.304621 0.311180
3.192915 0.982186 0.289716 0.295945
3.213921 0.977823 0.283914 0.285242
3.224523 0.970021 0.289307 0.295653
3.135802 0.962220 0.325114 0.318599
3.088856 0.960482 0.322903 0.312578
3.137713 0.966803 0.306204 0.299113
3.136050 0.966976 0.311342 0.307596
3.218342 0.976577 0.294725 0.290633
3.194728 0.966866 0.306448 0.306742
3.150199 0.966286 0.299458 0.294883
3.183589 0.980727 0.284997 0.285081
3.141773 0.972386 0.304328 0.301203
3.151869 0.967778 0.315362 0.311192
3.225302 0.973884 0.309253 0.293999
3.138619 0.968100 0.309972 0.305966
3.148464 0.973940 0.294088 0.290287
3.193729 0.975572 0.298714 0.291287
3.223019 0.973164 0.306687 0.317163
3.177697 0.972132 0.307157 0.301968
3.120452 0.966384 0.312528 0.312273
3.196806 0.979389 0.294424 0.300771
3.154302 0.973573 0.317000 0.322592
3.154410 0.975380 0.304086 0.313974
3.181287 0.976588 0.310998 0.316570
3.244299 0.976313 0.300924 0.294988
3.191539 0.973400 0.308649 0.311919
3.113923 0.967165 0.316541 0.312018
3.212472 0.974246 0.297056 0.300189
3.127137 0.969549 0.300815 0.298393
3.168915 0.974341 0.301899 0.305345
3.224984 0.978194 0.297315 0.289184
3.150912 0.971971 0.315884 0.304042
3.154188 0.965838 0.318701 0.312992
3.163489 0.969894 0.306086 0.304503
3.157853 0.972032 0.305114 0.309621
3.189243 0.981299 0.288270 0.290920
3.136813 0.973365 0.303234 0.301494
3.115998 0.959882 0.322478 0.321478
3.138034 0.971944 0.315138 0.321098
3.216308 0.980149 0.295345 0.302932
3.206053 0.969328 0.307363 0.299807
3.101284 0.970387 0.302682 0.309188
3.113849 0.968130 0.312349 0.319386
3.154641 0.966093 0.304429 0.297493
3.145432 0.969509 0.308812 0.293276
3.194071 0.971998 0.301270 0.297430
3.121826 0.967741 0.305970 0.301035
3.177070 0.974910 0.298255 0.300295
3.131812 0.971062 0.298485 0.292581
3.188680 0.973768 0.294262 0.302866
3.190447 0.972348 0.296868 0.301510
3.149299 0.962059 0.323522 0.341223
3.086634 0.968808 0.304059 0.299287
3.015093 0.960402 0.327054 0.315958
3.082355 0.963883 0.311473 0.308512
3.119728 0.965261 0.314568 0.301481
3.110972 0.969809 0.303648 0.308023
3.099166 0.962230 0.326409 0.322746
3.112505 0.968716 0.312377 0.303962
3.111573 0.961864 0.319517 0.318323
3.143842 0.974820 0.295999 0.298761
3.128806 0.971593 0.306471 0.304518
3.075921 0.967457 0.309978 0.308854
3.143831 0.966233 0.305276 0.289729
3.140340 0.972123 0.297806 0.293387
3.113652 0.964542 0.317000 0.316550
3.138835 0.976673 0.302504 0.310507
3.131696 0.968983 0.311562 0.324218
3.192800 0.976344 0.292166 0.303743
3.086466 0.975801 0.299010 0.302505
3.119429 0.975692 0.296261 0.297474
3.141305 0.966264 0.316559 0.317466
3.207104 0.970850 0.306031 0.306568
3.123962 0.969770 0.314527 0.323875
3.170704 0.972214 0.302109 0.296863
3.214801 0.971554 0.303782 0.305958
3.140304 0.961751 0.319018 0.318454
3.121670 0.961410 0.312340 0.316610
3.167749 0.969343 0.316148 0.321269
3.156360 0.968620 0.310069 0.312277
3.151925 0.975553 0.308755 0.305092
3.227056 0.973921 0.306054 0.297955
3.141970 0.966530 0.308568 0.295557
3.144478 0.967477 0.309544 0.299639
3.050378 0.970893 0.312821 0.321190
3.096866 0.975157 0.299612 0.304593
3.126247 0.975046 0.302760 0.308382
3.136978 0.964802 0.315537 0.316512
3.151014 0.966653 0.308365 0.308960
3.128239 0.960991 0.308304 0.300031
3.197694 0.970113 0.318150 0.318818
3.141225 0.966230 0.304570 0.300517
3.098411 0.966914 0.307662 0.307568
3.154219 0.973155 0.301154 0.298040
3.157278 0.970077 0.310556 0.306319
3.143872 0.969267 0.300382 0.302875
3.190651 0.983255 0.287460 0.289773
3.175326 0.977338 0.288793 0.288421
3.185653 0.982483 0.294410 0.292084
3.165358 0.983848 0.295856 0.302332
3.172757 0.981406 0.288838 0.294204
3.136740 0.976672 0.305125 0.308908
3.149942 0.972733 0.305898 0.307362
3.170204 0.978001 0.289143 0.290201
3.113328 0.969912 0.313525 0.310582
3.147730 0.972787 0.308422 0.316219
3.267305 0.985333 0.303613 0.304647
3.156676 0.970101 0.309260 0.300895
3.127234 0.979583 0.295150 0.295440
3.169300 0.980861 0.287958 0.284031
3.175544 0.970209 0.306897 0.303334
3.170506 0.974927 0.308086 0.304205
3.202317 0.972603 0.308845 0.312841
3.159271 0.974963 0.293459 0.296011
3.211135 0.977252 0.291499 0.290411
3.192104 0.975591 0.296922 0.295843
3.250296 0.984934 0.296197 0.299341
3.212447 0.976563 0.295335 0.291347
3.216751 0.965283 0.316414 0.312515
3.078280 0.959633 0.320366 0.316537
3.155599 0.966508 0.323540 0.321101
3.109423 0.973395 0.299574 0.298105
3.100099 0.971078 0.308848 0.312202
3.136716 0.966617 0.318912 0.309909
3.109839 0.961389 0.313176 0.300694
3.137654 0.965639 0.307929 0.306667
3.101657 0.963979 0.304425 0.293728
3.133398 0.971214 0.301257 0.297413
3.102421 0.970586 0.304749 0.303770
3.128219 0.977581 0.287140 0.286398
3.198065 0.974056 0.288241 0.292861
3.216586 0.973808 0.298606 0.298620
3.129538 0.970487 0.304013 0.309188
3.155474 0.972904 0.309431 0.320150
