3.036486 0.962181 0.315872 0.311577
3.057278 0.962258 0.304225 0.299617
3.096288 0.955887 0.309741 0.292561
3.102558 0.965972 0.295711 0.294866
3.237277 0.981482 0.293433 0.296255
3.165626 0.981095 0.298500 0.303001
3.164342 0.976093 0.300159 0.299558
3.116083 0.970746 0.321085 0.324097
3.166359 0.977860 0.297237 0.299981
3.156778 0.970126 0.308307 0.314319
3.175655 0.969100 0.309179 0.303348
3.126638 0.961385 0.320166 0.321053
3.084144 0.958634 0.320374 0.318986
3.130789 0.971533 0.296075 0.300605
3.134508 0.975393 0.298639 0.310101
3.188947 0.984758 0.287859 0.292957
3.179647 0.978101 0.292077 0.300801
3.020574 0.970846 0.309955 0.312424
3.050725 0.971004 0.318458 0.327073
3.158012 0.979235 0.299416 0.293235
3.079529 0.971251 0.311124 0.320818
3.055744 0.965669 0.315784 0.309632
3.097308 0.970512 0.309087 0.305620
3.085126 0.968444 0.316991 0.313978
3.138693 0.977908 0.311295 0.310392
3.128120 0.969262 0.317808 0.319239
3.118756 0.969467 0.317539 0.323368
3.170724 0.971116 0.304333 0.314121
3.155367 0.970106 0.308848 0.305588
3.153902 0.973042 0.304331 0.309657
3.114944 0.969365 0.305709 0.303700
3.165201 0.970351 0.304448 0.310689
3.135909 0.969638 0.313460 0.316614
3.163336 0.967131 0.303271 0.302631
3.158090 0.965298 0.310741 0.312334
3.167360 0.966132 0.306403 0.310344
3.215898 0.968748 0.312939 0.305001
3.153985 0.983305 0.287334 0.292178
3.218726 0.980329 0.301704 0.297784
3.108307 0.965503 0.310625 0.302740
3.156025 0.968875 0.305359 0.308239
3.116648 0.967398 0.310667 0.306691
3.151082 0.972864 0.302977 0.304679
3.167777 0.971262 0.308887 0.310606
3.201273 0.973518 0.295531 0.289435
3.176775 0.972287 0.303711 0.310677
3.177574 0.971693 0.302213 0.299082
3.189053 0.966626 0.304599 0.293776
3.176607 0.970526 0.311153 0.311469
3.126207 0.965387 0.318737 0.309965
3.146180 0.975003 0.297298 0.297593
3.105447 0.967716 0.310822 0.308796
3.199850 0.976641 0.294750 0.288441
3.152676 0.967316 0.318238 0.307381
3.125744 0.963744 0.321535 0.314445
3.150696 0.967882 0.305438 0.304063
3.158179 0.965914 0.302225 0.293683
3.124621 0.967039 0.318655 0.319851
3.045262 0.971013 0.311907 0.307123
3.115052 0.971710 0.305939 0.299198
3.125039 0.966061 0.306985 0.311500
3.099269 0.967863 0.306636 0.305781
3.104912 0.961816 0.314087 0.307020
3.138115 0.963929 0.317077 0.322587
3.075891 0.969835 0.305434 0.303830
3.210164 0.982948 0.282043 0.288204
3.076075 0.974002 0.300574 0.289752
3.138647 0.973224 0.301141 0.307185
3.112504 0.969824 0.298384 0.303740
3.075157 0.969402 0.301997 0.301493
3.098852 0.971228 0.305014 0.308193
3.170386 0.969464 0.309732 0.313568
3.181793 0.973292 0.303837 0.298275
3.119846 0.966197 0.301220 0.298066
3.119005 0.975705 0.296529 0.290135
3.217289 0.976832 0.295910 0.290723
3.156378 0.977458 0.300285 0.297067
3.192755 0.977747 0.289804 0.286908
3.200637 0.978074 0.287981 0.289777
3.163539 0.967568 0.315577 0.318252
3.180034 0.967016 0.309418 0.307604
3.068691 0.961515 0.310743 0.297451
3.098791 0.974892 0.298189 0.304301
3.172146 0.979472 0.302174 0.308050
3.224868 0.977912 0.304810 0.310023
3.189392 0.976500 0.296735 0.294833
3.209403 0.974499 0.298843 0.302452
3.188006 0.976785 0.305780 0.310475
3.114492 0.973672 0.296894 0.294815
3.128716 0.967352 0.302460 0.303886
3.064892 0.958569 0.325844 0.323641
3.070002 0.966799 0.310075 0.313659
3.217887 0.973150 0.297484 0.294057
3.158431 0.970935 0.304085 0.310885
3.091047 0.965637 0.311849 0.308919
3.091690 0.966360 0.303795 0.300977
3.208873 0.967365 0.313711 0.308058
3.257259 0.974648 0.314287 0.313772
3.178776 0.978065 0.303357 0.303536
3.111779 0.960547 0.317110 0.317242
3.154728 0.976197 0.294263 0.297716
3.187560 0.978533 0.295179 0.296570
3.160020 0.974203 0.298368 0.291336
3.234375 0.976673 0.298753 0.298073
3.221482 0.975674 0.299497 0.300773
3.235327 0.979009 0.299605 0.298364
3.088621 0.965621 0.305314 0.298338
3.148495 0.974147 0.306916 0.303011
3.166958 0.974342 0.302993 0.297335
3.155635 0.967377 0.317752 0.326685
3.180363 0.974807 0.301749 0.305149
3.123539 0.970005 0.304449 0.304133
3.217097 0.973550 0.306408 0.310441
3.099605 0.959556 0.319970 0.318009
3.057542 0.964032 0.311172 0.300978
3.022448 0.963245 0.312526 0.310072
3.243274 0.978933 0.312182 0.311452
3.170363 0.967548 0.306825 0.297942
3.157096 0.971496 0.301250 0.300483
3.168284 0.974645 0.294940 0.288397
3.198098 0.982573 0.282664 0.278108
3.159482 0.969490 0.302881 0.300617
3.168610 0.971861 0.299272 0.292989
3.241387 0.972009 0.296520 0.292453
3.170291 0.978057 0.298432 0.308434
3.198425 0.975537 0.299753 0.302929
3.170475 0.968211 0.304468 0.294874
3.140497 0.969537 0.307539 0.299095
3.145342 0.974093 0.307338 0.306232
3.130845 0.969846 0.306324 0.302866
3.152524 0.970977 0.307178 0.320165
3.206581 0.971391 0.300029 0.303717
3.173551 0.975448 0.298827 0.297310
3.111176 0.967916 0.312688 0.310670
3.144290 0.977672 0.295120 0.296685
3.146650 0.977538 0.292899 0.293912
3.101254 0.963934 0.316694 0.307880
3.130000 0.966456 0.310065 0.301238
