-0.920807 -0.473818 0.295740 0.289046
-0.937322 -0.368816 0.301270 0.311208
-1.005991 -0.207379 0.300017 0.300602
-0.959745 -0.324128 0.305364 0.305120
-1.011586 -0.084785 0.298442 0.293521
-0.968807 -0.329456 0.296917 0.305270
-0.998445 -0.254706 0.301576 0.303900
-0.984635 -0.356115 0.298589 0.286557
-0.923274 -0.570328 0.296510 0.291976
-0.947983 -0.253723 0.298725 0.288560
-0.947775 -0.398080 0.299006 0.306487
-1.009814 -0.294107 0.307606 0.319998
-0.961142 -0.224497 0.314814 0.306716
-0.882398 -0.735059 0.314908 0.320663
-0.901968 -0.745549 0.309237 0.321730
-1.025871 -0.441830 0.296958 0.309342
-1.099279 0.089293 0.307803 0.315249
-1.008457 -0.328729 0.295322 0.285896
-1.085145 0.045245 0.298002 0.314245
-1.062547 -0.107248 0.298842 0.304555
-1.099695 0.050993 0.299087 0.310116
-1.114180 0.223199 0.311962 0.319903
-1.066043 -0.093628 0.292449 0.290837
-1.057558 0.001356 0.302466 0.299025
-1.008370 -0.207289 0.290408 0.293434
-1.033806 0.036044 0.305173 0.326932
-0.979826 -0.417041 0.298550 0.294917
-0.991041 -0.372282 0.289293 0.287926
-1.016063 -0.322594 0.282719 0.287059
-0.994149 -0.201800 0.296605 0.307278
-0.921840 -0.669492 0.301221 0.316743
-1.012385 -0.342180 0.307846 0.316871
-1.020144 -0.323901 0.303444 0.307142
-1.073913 0.076373 0.308162 0.315885
-0.904242 -0.715318 0.305260 0.303439
-0.927878 -0.682834 0.292686 0.285566
-1.066884 -0.166757 0.292763 0.301847
-1.180213 0.215280 0.293420 0.318238
-1.075870 -0.221805 0.287701 0.290801
-0.907990 -0.706484 0.291430 0.299881
-0.880606 -0.999859 0.292800 0.303396
-1.081929 0.026309 0.292975 0.292919
-0.932249 -0.503424 0.296269 0.299350
-1.022757 -0.363575 0.293627 0.298214
-0.876309 -0.859372 0.299783 0.308787
-0.748473 -1.341323 0.295717 0.310511
-0.811031 -1.000424 0.289043 0.290344
-0.841363 -1.071482 0.299210 0.322085
-0.983857 -0.299874 0.305538 0.309601
-1.071998 -0.234333 0.303284 0.321951
-1.111829 0.182975 0.290701 0.305116
-1.094040 -0.054675 0.293734 0.307401
-0.948182 -0.565291 0.303195 0.309642
-1.012597 -0.179658 0.287421 0.276123
-1.187388 0.560832 0.289344 0.293707
-0.948065 -0.699727 0.300272 0.315512
-0.953411 -0.648548 0.310164 0.315248
-1.040453 -0.243969 0.306282 0.309857
-0.967481 -0.154982 0.305019 0.297814
-0.796496 -0.906690 0.300915 0.306542
-0.977540 -0.379494 0.299246 0.284376
-0.888351 -0.667516 0.309800 0.315007
-0.926949 -0.645092 0.302736 0.318548
-0.960550 -0.564116 0.305763 0.312491
-0.973832 -0.295808 0.287111 0.289759
-0.932095 -0.556559 0.300236 0.302012
-0.887830 -1.101511 0.309551 0.327622
-0.969116 -0.409825 0.295250 0.308974
-0.997775 -0.275657 0.293624 0.309160
-1.040140 0.006963 0.295837 0.294395
-0.982467 -0.323564 0.296209 0.307841
-0.932442 -0.544630 0.301824 0.311426
-0.863169 -0.795205 0.299324 0.310371
-0.897647 -0.573554 0.299218 0.297830
-0.882246 -0.456798 0.307511 0.293957
-0.967657 -0.354154 0.307599 0.311981
-0.992147 -0.217243 0.293559 0.295530
-0.936069 -0.261524 0.302590 0.305696
-0.947060 -0.414600 0.304506 0.313884
-0.895881 -0.685565 0.302861 0.273616
-0.974006 -0.377492 0.312029 0.306194
-1.029305 -0.148911 0.293107 0.283818
-1.069322 0.014897 0.292428 0.282084
-1.033009 -0.181704 0.297831 0.303167
-1.090526 0.161184 0.303668 0.309998
-0.996738 -0.352285 0.293371 0.312787
-1.090000 -0.070820 0.306251 0.308210
-0.971855 -0.525135 0.298107 0.290026
-0.993579 -0.311206 0.311155 0.311002
-0.994704 -0.367148 0.295822 0.292411
-0.870266 -0.686855 0.300802 0.297420
-0.987868 -0.290894 0.298212 0.308480
-1.110613 0.164666 0.298999 0.296932
-0.973565 -0.422105 0.300452 0.314404
-1.098665 0.182528 0.306244 0.299279
-1.093553 -0.031215 0.295000 0.298565
-0.922098 -0.551109 0.300591 0.281732
-0.957377 -0.163849 0.311688 0.315403
-0.938052 -0.589773 0.314298 0.308135
-0.915043 -0.625945 0.314008 0.319737
-1.075007 0.073123 0.313965 0.322554
-1.009496 -0.242272 0.296262 0.301186
-1.057124 0.080974 0.295336 0.306644
-0.980682 -0.118711 0.297251 0.285279
-0.991375 -0.366361 0.296537 0.285198
-1.015995 -0.275451 0.302745 0.314230
-0.963117 -0.411321 0.309006 0.302579
-0.916560 -0.653681 0.306848 0.311059
-1.070493 -0.031230 0.303246 0.300865
-1.109554 0.073740 0.304391 0.313689
-0.910852 -0.625034 0.317390 0.320004
-0.835398 -0.785343 0.303159 0.294458
-1.027286 -0.032358 0.299352 0.292052
-0.982588 -0.319625 0.302367 0.308553
-1.096135 0.013953 0.301961 0.310591
-1.108879 0.126657 0.304625 0.304459
-0.940240 -0.669666 0.299017 0.309700
-0.976097 -0.557023 0.303198 0.321364
-1.031220 -0.363392 0.291127 0.291434
-0.990528 -0.153831 0.291186 0.283580
-1.110464 0.053807 0.288098 0.297412
-1.080304 -0.054909 0.294369 0.323044
-0.947109 -0.360919 0.292630 0.288773
-0.964571 -0.247244 0.302388 0.307310
-0.944141 -0.244003 0.302177 0.294356
-0.979968 -0.140212 0.297699 0.285672
-0.969310 -0.273667 0.299583 0.305078
-0.895431 -0.518419 0.306591 0.312567
-0.962464 -0.284462 0.308648 0.309117
-0.887724 -0.579776 0.307954 0.314244
-0.876748 -0.638102 0.306023 0.320911
-0.855559 -0.997283 0.304827 0.297974
-1.049507 -0.321276 0.297591 0.308363
-1.143590 0.196089 0.297698 0.314168
-1.031711 -0.032092 0.301008 0.294254
-0.944724 -0.182494 0.308611 0.301208
-1.033505 0.105442 0.312777 0.311068
-1.017392 -0.290172 0.301870 0.311148
-0.990791 -0.364052 0.300634 0.299452
