-0.946166 -0.314079 0.311941 0.316422
-0.948055 -0.338258 0.308293 0.311356
-0.964833 -0.229979 0.304801 0.295362
-0.881051 -0.926063 0.314090 0.326077
-0.939198 -0.737493 0.311446 0.321592
-0.992612 -0.355745 0.304332 0.312083
-0.796247 -1.103392 0.306960 0.317538
-0.806176 -0.981465 0.303210 0.301534
-0.895808 -0.399673 0.302932 0.294772
-0.891377 -0.418523 0.296231 0.300325
-0.924607 -0.568724 0.298778 0.315254
-0.800586 -0.987294 0.292511 0.281977
-0.865383 -0.816482 0.296612 0.302259
-1.042617 -0.054854 0.293035 0.290394
-0.985639 -0.352361 0.308892 0.318379
-0.858957 -0.864826 0.312171 0.324764
-0.862219 -0.620558 0.307356 0.311493
-0.972661 -0.614582 0.309389 0.319194
-0.932844 -0.665093 0.305785 0.307698
-0.896541 -0.761537 0.309837 0.304728
-0.858961 -0.898828 0.304454 0.301272
-1.002374 -0.301566 0.300083 0.308106
-0.956200 -0.444229 0.297779 0.293266
-0.941446 -0.653664 0.301220 0.302792
-0.897890 -0.750875 0.300758 0.296474
-0.890294 -1.012496 0.296982 0.289327
-0.922565 -0.888768 0.305318 0.299524
-0.961492 -0.747556 0.304538 0.315953
-1.026736 -0.412799 0.301772 0.300745
-0.960884 -0.419293 0.305504 0.298347
-0.936714 -0.376393 0.307923 0.314978
-0.999107 -0.019244 0.302774 0.296597
-0.999107 -0.019244 0.305800 0.304614
-0.968933 -0.183800 0.311261 0.312406
-0.966331 -0.268548 0.307320 0.295339
-1.114547 0.161087 0.299717 0.305636
-0.986054 -0.466805 0.292741 0.289228
-0.991753 -0.373443 0.309935 0.327680
-0.935377 -0.383891 0.312770 0.322155
-1.137294 0.331782 0.306659 0.305887
-0.982620 -0.259055 0.296219 0.296393
-0.956021 -0.466373 0.296714 0.302606
-0.920709 -0.643269 0.301835 0.296449
-0.858775 -0.815672 0.301229 0.302804
-0.969246 -0.267693 0.305012 0.311118
-1.081289 -0.040231 0.291389 0.297219
-0.949320 -0.232415 0.306675 0.315129
-0.946583 -0.414381 0.301117 0.292400
-1.022661 -0.043532 0.306752 0.306464
-1.108232 0.092002 0.303416 0.314552
-1.156259 0.405551 0.296497 0.288994
-1.101613 0.241072 0.304307 0.309512
-0.958274 -0.398061 0.304293 0.300532
-0.936187 -0.628632 0.304997 0.310757
-1.058355 -0.018263 0.302348 0.319505
-0.976948 -0.527794 0.296144 0.308950
-0.926386 -0.795022 0.298528 0.302451
-0.896647 -0.786839 0.295080 0.297411
-0.938766 -0.537659 0.316617 0.319345
-0.969203 -0.369302 0.309782 0.306571
-1.019965 -0.483693 0.293008 0.297655
-1.114180 0.207190 0.294813 0.305474
-0.968050 -0.440732 0.306680 0.325336
-0.968908 -0.667791 0.302400 0.319462
-1.012480 -0.410222 0.301639 0.321201
-0.927854 -0.596872 0.301631 0.298261
-0.961999 -0.468020 0.312490 0.313175
-1.011617 -0.295072 0.304481 0.313732
-1.197822 0.401185 0.298677 0.305910
-1.145628 0.328683 0.302022 0.304913
-0.930725 -0.411269 0.300301 0.305977
-1.036405 0.045375 0.311683 0.310877
-1.081913 0.111839 0.302291 0.308068
-0.966088 -0.456687 0.316849 0.329292
-0.952460 -0.438823 0.308477 0.299277
-0.926730 -0.506161 0.304102 0.300948
-0.950933 -0.402095 0.306258 0.305435
-1.024185 -0.130218 0.294945 0.300231
-0.931321 -0.169355 0.299556 0.302490
-1.032054 0.177020 0.297301 0.305692
-1.087422 0.283464 0.300276 0.301056
-1.047620 0.193542 0.296064 0.297660
-0.950332 -0.656379 0.283529 0.292742
-0.896049 -0.645487 0.298950 0.306519
-0.897781 -0.663560 0.297548 0.271273
-0.968036 -0.504093 0.303043 0.304629
-0.949135 -0.840493 0.297005 0.300419
-0.954835 -0.741515 0.298084 0.298953
-0.948946 -0.794543 0.302956 0.315571
-1.004872 -0.509729 0.300965 0.317753
-1.009050 -0.421169 0.300292 0.317570
-0.931134 -0.550320 0.310793 0.322731
-0.996111 -0.399579 0.312015 0.317839
-1.055504 -0.125519 0.305047 0.314244
-0.977324 -0.389647 0.314773 0.316619
-1.070975 0.236251 0.319086 0.314906
-0.992360 -0.180281 0.305945 0.303675
-0.914802 -0.457742 0.305260 0.298944
-1.002681 -0.235109 0.310660 0.315598
-1.046361 -0.071736 0.295791 0.292400
-1.132271 0.344638 0.307233 0.294619
-1.127110 0.247047 0.298525 0.296661
-1.014853 -0.169944 0.297907 0.303033
-0.907041 -0.609043 0.310443 0.302887
-0.927383 -0.531521 0.298256 0.296850
-1.079255 0.126082 0.308026 0.307366
-0.982157 -0.223522 0.301010 0.296291
-1.096523 0.036168 0.297886 0.301894
-0.934908 -0.556209 0.302840 0.317271
-0.887539 -0.719521 0.294235 0.286111
-0.916199 -0.648792 0.310021 0.316956
-0.870855 -0.838573 0.306994 0.310367
-1.029647 -0.014478 0.296958 0.292828
-1.028617 -0.096837 0.296753 0.294139
-0.961504 -0.334237 0.297007 0.299304
-0.987149 -0.318243 0.295800 0.298414
-0.959114 -0.706213 0.297252 0.302257
-0.940303 -0.567957 0.297353 0.293257
-1.095902 0.157636 0.298894 0.307426
-1.114305 0.123773 0.301526 0.311530
-0.990016 -0.347268 0.310778 0.321309
-0.946839 -0.585914 0.298343 0.290224
-0.991984 0.057440 0.307874 0.305296
-0.853188 -0.843215 0.305736 0.297414
-0.815886 -1.088156 0.312186 0.308040
-0.785058 -1.329363 0.307202 0.298039
-0.835147 -1.153526 0.317120 0.315720
-0.895321 -1.071814 0.313958 0.317500
-0.957733 -0.434690 0.308507 0.304356
-0.999402 -0.175729 0.306562 0.303490
-1.042740 -0.375228 0.301148 0.299963
-1.161835 0.195857 0.310445 0.317165
-1.148041 0.141548 0.306361 0.313425
-1.102081 -0.052420 0.302865 0.303021
-0.996724 -0.362004 0.295683 0.307067
-1.056671 0.136575 0.296244 0.279481
-0.979981 -0.448002 0.291551 0.277954
-0.863691 -0.784786 0.301060 0.311210
-0.978682 -0.454798 0.306076 0.311091
