-0.939411 -0.437271 0.300240 0.301092
-1.015346 -0.096036 0.306950 0.314454
-0.903959 -0.487223 0.301385 0.297257
-0.901507 -0.774280 0.310894 0.308152
-0.909040 -0.637784 0.305143 0.303960
-0.912469 -0.727805 0.307919 0.312413
-0.965344 -0.512524 0.304276 0.307180
-1.145161 0.224393 0.297070 0.318526
-0.998411 -0.245184 0.290304 0.294499
-0.844765 -0.906432 0.291142 0.298779
-0.951167 -0.362016 0.309599 0.308064
-1.002228 -0.247000 0.303408 0.312010
-0.826321 -0.836605 0.301295 0.293440
-1.067579 0.060729 0.296824 0.301205
-1.006492 -0.015461 0.300953 0.304428
-1.003715 -0.419374 0.316469 0.322551
-1.153648 0.212274 0.299423 0.300436
-1.130710 0.083240 0.306377 0.322411
-1.061004 -0.053410 0.299936 0.302204
-0.965554 -0.300245 0.303312 0.303284
-0.986355 -0.494154 0.300926 0.302142
-0.900210 -0.625822 0.308001 0.303368
-0.976918 -0.220269 0.305116 0.303360
-0.978383 -0.453516 0.304946 0.309723
-1.008030 -0.320329 0.302203 0.300292
-0.959490 -0.553754 0.302961 0.304600
-1.048660 -0.060745 0.303439 0.300167
-1.008233 -0.043312 0.292613 0.279099
-0.861795 -0.667604 0.309309 0.302090
-1.093243 0.052281 0.304168 0.313702
-1.068856 0.046651 0.309839 0.311657
-1.155953 0.137423 0.292704 0.305167
-1.012369 -0.177582 0.295830 0.305559
-0.972488 -0.641026 0.302155 0.294394
-0.920388 -0.791644 0.304273 0.309673
-0.827056 -1.154974 0.302766 0.314028
-0.853706 -1.046389 0.302641 0.281659
-0.784787 -1.342051 0.305108 0.312243
-1.005207 -0.353281 0.295564 0.313145
-1.022669 -0.181288 0.289623 0.282448
-1.111160 0.199240 0.292644 0.292774
-1.040167 -0.136641 0.307181 0.318241
-0.912446 -0.599663 0.308734 0.324303
-1.018210 -0.236227 0.295953 0.296720
-0.867597 -0.570523 0.307832 0.303780
-0.856573 -0.660803 0.314431 0.308883
-1.060981 -0.215104 0.297815 0.309325
-0.879432 -1.051359 0.300045 0.315907
-0.925534 -1.054197 0.302559 0.315286
-0.926507 -0.922935 0.295390 0.309889
-0.976408 -0.601261 0.306496 0.314987
-1.049035 0.089140 0.296167 0.286389
-0.926339 -0.465067 0.312206 0.303230
-0.950890 -0.502310 0.296534 0.305224
-1.076575 -0.069751 0.289698 0.300430
-1.158978 0.242374 0.291149 0.292355
-0.989889 -0.356681 0.303625 0.311681
-1.112480 0.155682 0.299553 0.306514
-1.063206 -0.041545 0.295557 0.305182
-1.104063 0.285073 0.301722 0.309897
-0.960783 -0.385238 0.300312 0.299236
-0.958844 -0.319328 0.305175 0.297460
-1.099262 0.247396 0.308997 0.316107
-1.076772 0.093386 0.300099 0.308291
-1.053549 -0.096924 0.295361 0.300662
-0.844074 -0.522394 0.313807 0.308289
-0.724214 -1.243738 0.311224 0.307604
-0.933028 -0.734097 0.310538 0.313076
-0.954827 -0.466444 0.307190 0.316092
-0.907960 -0.738345 0.302929 0.298492
-0.888221 -0.649636 0.315730 0.314261
-1.034167 -0.103407 0.306830 0.294198
-1.113023 0.129511 0.310123 0.316631
-1.039531 -0.141725 0.299436 0.307751
-1.018196 -0.238413 0.294358 0.295170
-0.993361 -0.226962 0.308279 0.303440
-1.082927 0.070218 0.292500 0.309191
-1.135346 0.237060 0.287734 0.304280
-0.961820 -0.771479 0.284189 0.292199
-0.899849 -0.767444 0.291832 0.301830
-0.937948 -0.639011 0.316083 0.337526
-1.035083 -0.216450 0.303138 0.310596
-1.065756 -0.052043 0.297318 0.297603
-1.060462 -0.138012 0.305372 0.317455
-1.033022 -0.279749 0.289673 0.303551
-1.085715 0.008889 0.308678 0.309990
-1.056082 -0.004209 0.312218 0.319692
-1.134802 -0.019275 0.301760 0.314562
-1.086902 -0.181507 0.294446 0.301179
-1.028300 -0.161110 0.306702 0.316270
-0.988567 -0.394786 0.305872 0.335248
-0.941389 -0.588939 0.298810 0.297971
-1.043255 -0.078865 0.298590 0.310801
-0.855125 -0.802614 0.291115 0.294335
-0.944074 -0.342915 0.303377 0.290180
-1.074668 0.142872 0.297791 0.302485
-1.098395 0.095937 0.296404 0.311011
-1.082501 0.165258 0.295127 0.299596
-1.113476 0.259128 0.296061 0.298184
-1.017839 -0.246970 0.312703 0.319552
-1.120017 0.116269 0.298286 0.295058
-0.998453 -0.330938 0.303027 0.304980
-0.910233 -0.572692 0.305581 0.305701
-1.050303 -0.122565 0.299393 0.302158
-1.127451 0.016145 0.294574 0.308428
-1.120997 0.210420 0.296601 0.297311
-0.922430 -0.656516 0.294699 0.311983
-0.952800 -0.600866 0.298241 0.305967
-1.102456 -0.030978 0.293119 0.294482
-1.053503 -0.214091 0.289790 0.290887
-0.990994 -0.296378 0.303282 0.310077
-1.005038 -0.232377 0.300145 0.303523
-0.907996 -0.774346 0.298615 0.294750
-0.976928 -0.444753 0.284586 0.290570
-1.030739 -0.194838 0.297473 0.293440
-1.020786 -0.374717 0.300085 0.304688
-0.982044 -0.430516 0.301560 0.297987
-0.986410 -0.433836 0.298533 0.303009
-0.978648 -0.312464 0.309085 0.312553
-1.045934 -0.193465 0.309050 0.317839
-0.943226 -0.557364 0.307562 0.300026
-1.039836 -0.381602 0.309220 0.325004
-1.067258 -0.165964 0.308009 0.314483
-1.089525 0.018768 0.302514 0.295044
-1.079504 -0.008040 0.292943 0.301968
-1.116226 0.372244 0.306792 0.286694
-1.002685 0.077516 0.313141 0.306624
-0.983620 -0.092210 0.317825 0.339184
-0.856839 -0.671501 0.307773 0.298944
-0.975282 -0.229047 0.313719 0.319375
-1.029224 -0.002540 0.301844 0.297317
-0.976929 -0.168095 0.302337 0.297111
-0.908326 -0.506913 0.308254 0.308127
-0.971192 -0.432043 0.302635 0.294026
-1.005274 -0.189451 0.301984 0.294925
-1.055992 0.140437 0.307919 0.309593
-1.051807 0.058236 0.297105 0.287254
-0.846033 -0.984970 0.302866 0.307744
-1.009010 -0.489376 0.298434 0.307351
