-0.966051 -0.357759 0.298086 0.304089
-1.033649 0.018179 0.299993 0.291499
-0.961916 -0.337054 0.299129 0.309360
-1.066118 0.022995 0.296477 0.305244
-1.121055 0.090622 0.294306 0.297482
-1.143779 0.220018 0.286018 0.273124
-1.111327 0.121758 0.302867 0.317155
-0.997605 -0.238164 0.307863 0.319270
-1.003379 -0.254784 0.300795 0.290861
-1.106747 0.087756 0.301013 0.295004
-1.065644 -0.105829 0.298403 0.296083
-1.056958 0.013050 0.291264 0.284002
-1.102013 0.159819 0.287303 0.285932
-1.032700 -0.050368 0.286951 0.301314
-1.064106 0.092551 0.294538 0.296458
-0.937557 -0.473560 0.305841 0.307423
-1.019766 -0.161074 0.304638 0.291607
-1.083114 0.234769 0.298004 0.299992
-1.068157 0.077680 0.300056 0.304500
-0.937959 -0.578484 0.310756 0.305903
-0.896162 -0.975602 0.309686 0.318055
-0.963913 -0.682211 0.293612 0.305147
-0.951739 -0.442171 0.298886 0.315962
-1.041298 0.022747 0.294553 0.284305
-0.996027 -0.167249 0.304111 0.308055
-1.088603 0.017336 0.299872 0.297778
-0.932598 -0.424374 0.304414 0.302886
-0.991011 -0.346286 0.293036 0.300897
-0.880916 -1.007861 0.285969 0.285733
-0.807017 -1.131040 0.286744 0.289355
-0.835766 -1.078370 0.287838 0.287693
-0.828652 -0.927667 0.284637 0.279724
-0.963923 -0.511355 0.314239 0.322700
-1.029784 -0.304344 0.308468 0.310363
-0.981515 -0.297437 0.300501 0.300333
-1.021101 -0.079648 0.311928 0.323402
-0.950678 -0.554456 0.300619 0.290168
-0.998302 -0.308199 0.315214 0.340479
-1.062435 -0.113687 0.303705 0.326211
-0.957389 -0.458279 0.298895 0.288994
-0.984746 -0.265633 0.296443 0.290969
-0.963037 -0.390948 0.310442 0.306837
-0.875707 -0.988582 0.302989 0.296817
-0.989434 -0.427760 0.294122 0.295960
-1.008397 -0.215117 0.311323 0.314918
-1.027549 -0.470915 0.299962 0.308239
-1.028227 -0.279674 0.300707 0.306508
-0.972958 -0.454705 0.297083 0.292070
-0.876620 -0.777059 0.298253 0.320643
-0.915192 -0.569812 0.304103 0.297936
-1.050520 0.035203 0.309767 0.302980
-1.106380 -0.009443 0.300016 0.317736
-1.056048 -0.040659 0.299512 0.288916
-1.068532 -0.034171 0.309766 0.319506
-0.955932 -0.606939 0.307020 0.323611
-1.047748 -0.098858 0.298186 0.302658
-1.033074 -0.076524 0.298523 0.292890
-0.927725 -0.510082 0.291638 0.295701
-0.921382 -0.429128 0.303019 0.303440
-0.944799 -0.396949 0.309771 0.305004
-1.025894 -0.119756 0.296734 0.304852
-1.009163 0.018016 0.300888 0.295672
-0.934430 -0.336389 0.313310 0.326956
-0.943924 -0.437707 0.301001 0.300179
-0.949442 -0.665975 0.292102 0.300307
-0.845274 -0.696824 0.309145 0.306877
-0.884025 -0.510017 0.311346 0.311574
-0.972065 -0.265760 0.293281 0.288824
-0.961238 -0.319361 0.302307 0.311860
-1.030883 0.028476 0.300620 0.305933
-1.040075 -0.238353 0.300731 0.331720
-1.068389 -0.106823 0.301372 0.309903
-1.026528 -0.418657 0.306137 0.315571
-0.963488 -0.588568 0.297774 0.301977
-0.867784 -0.890787 0.298167 0.309209
-0.989940 -0.211881 0.306528 0.305043
-0.945946 -0.563996 0.300301 0.314790
-1.021468 -0.221268 0.291442 0.284503
-1.043795 -0.251151 0.290686 0.289783
-1.043497 -0.099912 0.293506 0.294230
-1.085006 0.001726 0.297296 0.304895
-1.118437 0.186540 0.301919 0.310010
-0.961544 -0.077479 0.303398 0.295560
-1.061334 0.038281 0.300677 0.303667
-1.000201 -0.355517 0.303509 0.316381
-1.101831 0.039672 0.295979 0.314673
-0.981323 -0.215817 0.307869 0.308778
-1.041391 -0.147374 0.302630 0.299723
-1.072507 -0.035292 0.295027 0.300692
-1.057192 0.033385 0.302110 0.317612
-0.881247 -0.471591 0.305458 0.302674
-0.845659 -1.109774 0.318492 0.339067
-1.029799 -0.251624 0.290337 0.303266
-1.130534 0.345377 0.298286 0.306955
-1.037245 -0.159642 0.288218 0.296794
-1.214443 0.388162 0.298089 0.307540
-1.059751 -0.227442 0.307143 0.315283
-0.961619 -0.418612 0.308881 0.317865
-0.941628 -0.570409 0.301871 0.314774
-0.932036 -0.672325 0.301699 0.306884
-0.928491 -0.539308 0.307047 0.296281
-1.005639 -0.468689 0.297363 0.298656
-0.905814 -0.876118 0.299253 0.304292
-0.912693 -0.697287 0.294540 0.304419
-0.836040 -0.963451 0.295841 0.319981
-0.955386 -0.556488 0.289443 0.283235
-0.935563 -0.497480 0.300551 0.289876
-0.901551 -0.423671 0.298273 0.287653
-0.988445 -0.073954 0.311085 0.316403
-0.967827 -0.274260 0.315466 0.329374
-0.936001 -0.605277 0.305548 0.305481
-0.909535 -0.699007 0.309802 0.327228
-1.056157 -0.132554 0.294839 0.296810
-1.061766 -0.020340 0.293326 0.297461
-1.067489 -0.272776 0.295080 0.294834
-0.970888 -0.348318 0.302068 0.306367
-0.797807 -0.905818 0.292981 0.280019
-0.931511 -0.639822 0.296499 0.298017
-0.987426 -0.326422 0.291062 0.294734
-1.041252 -0.263313 0.294467 0.314769
-1.000459 -0.295409 0.294567 0.306494
-0.974038 -0.595372 0.295659 0.289349
-0.892177 -0.968606 0.299083 0.300022
-0.919908 -0.338252 0.304289 0.312240
-0.775699 -0.917843 0.308633 0.316742
-0.820668 -0.856718 0.294301 0.283330
-1.035817 -0.017338 0.308702 0.293125
-0.986949 -0.274826 0.309620 0.302882
-1.024576 -0.236151 0.291197 0.302644
-0.995292 -0.327226 0.299736 0.312420
-1.136614 0.307237 0.304211 0.298137
-1.043638 -0.305964 0.305995 0.313424
-1.027840 -0.431499 0.309012 0.336458
-1.023315 -0.126070 0.291782 0.288774
-1.113276 0.058287 0.294431 0.300414
-0.977832 -0.512329 0.304554 0.316787
-1.003307 -0.435812 0.301982 0.302006
-0.920212 -0.748469 0.309580 0.316636
-1.016966 -0.112494 0.294161 0.272941
