-1.041154 -0.223469 0.303568 0.315904
-1.002907 -0.142351 0.293725 0.303289
-1.003549 -0.138408 0.291826 0.302075
-1.031716 0.018546 0.285386 0.292232
-1.029974 0.000917 0.294741 0.314323
-1.003802 -0.109329 0.291304 0.297989
-0.982425 -0.179079 0.298583 0.319940
-1.011243 -0.272010 0.292744 0.308384
-1.011243 -0.272010 0.294073 0.309993
-1.019404 -0.218758 0.292382 0.293458
-1.075818 -0.065589 0.294568 0.302177
-1.109485 0.046187 0.296835 0.303556
-1.072942 -0.181696 0.289349 0.305900
-1.039444 -0.243499 0.302304 0.322403
-1.037707 -0.252125 0.296137 0.319972
-1.037707 -0.252125 0.286818 0.299550
-0.951607 -0.662066 0.299696 0.308054
-0.984197 -0.487413 0.307602 0.314295
-1.028726 -0.186189 0.302853 0.321517
-1.041631 -0.060406 0.300098 0.315939
-0.989757 -0.182337 0.303866 0.299995
-1.067238 0.172695 0.305274 0.326674
-1.099000 0.316981 0.291675 0.296870
-1.059121 0.011962 0.288773 0.292051
-1.059121 0.011962 0.296108 0.320315
-1.036590 -0.095563 0.300224 0.317827
-1.077575 0.035871 0.297068 0.317176
-1.052709 -0.085257 0.294896 0.316562
-1.069756 -0.004733 0.296409 0.303075
-1.137400 0.335465 0.304738 0.318990
-1.014448 -0.119106 0.307600 0.321860
-1.000178 -0.156842 0.293691 0.284136
-0.995496 -0.234121 0.302422 0.304223
-1.009396 -0.189564 0.306926 0.319107
-1.118162 0.059048 0.288134 0.292537
-1.070355 -0.107322 0.285230 0.296705
-1.148550 0.338996 0.294180 0.317678
-1.147028 0.116270 0.294679 0.310133
-1.090303 0.040168 0.302253 0.301584
-0.975729 -0.448471 0.307555 0.319060
-0.937182 -0.570791 0.315688 0.343365
-0.856382 -0.840250 0.302737 0.305319
-0.857587 -0.831883 0.316501 0.330452
-0.863475 -0.802015 0.306474 0.301534
-0.874953 -0.766052 0.312212 0.329233
-0.913609 -0.568073 0.308513 0.324333
-0.913609 -0.568073 0.299917 0.292135
-0.922975 -0.535822 0.306015 0.310544
-0.922975 -0.535822 0.307142 0.319290
-1.019512 -0.273933 0.299167 0.322301
-1.019512 -0.273933 0.297553 0.311775
-1.015788 -0.323946 0.299051 0.301001
-1.053361 -0.142656 0.295881 0.305354
-1.132146 0.129734 0.295009 0.318271
-1.084421 -0.029581 0.294861 0.296289
-1.059270 -0.053633 0.302324 0.321975
-1.007045 -0.314641 0.300200 0.302600
-0.983389 -0.410438 0.296466 0.306629
-0.907701 -0.634830 0.306545 0.314133
-0.959963 -0.505191 0.295046 0.297921
-1.029145 -0.251800 0.298528 0.318308
-1.012877 -0.340519 0.299199 0.309914
-0.956715 -0.537673 0.301830 0.307763
-0.955722 -0.664394 0.298926 0.314758
-0.942199 -0.732290 0.301343 0.309369
-0.895724 -0.957915 0.309111 0.307116
-0.895724 -0.957915 0.311652 0.315178
-0.942583 -0.744725 0.300520 0.313782
-1.028467 -0.533551 0.299305 0.321592
-1.074978 -0.076545 0.290087 0.297729
-1.066109 -0.135122 0.288187 0.297274
-1.073064 -0.106119 0.288774 0.301543
-1.036468 -0.190282 0.290821 0.296242
-0.997104 -0.200720 0.289656 0.296052
-1.044213 -0.147492 0.292306 0.311354
-1.044213 -0.147492 0.289437 0.307730
-1.062392 0.024991 0.291351 0.307148
-1.019859 -0.199341 0.295880 0.312495
-0.972308 -0.348720 0.293248 0.291581
-1.055044 -0.087704 0.297957 0.310826
-1.002010 -0.196491 0.301506 0.302498
-1.002536 -0.221386 0.305909 0.313244
-0.986624 -0.250603 0.306233 0.312196
-0.971175 -0.238959 0.318316 0.335197
-0.858958 -0.805999 0.306581 0.304236
-0.910907 -0.838817 0.310189 0.313576
-0.858170 -1.061133 0.308700 0.312961
-0.796587 -1.195258 0.317778 0.310340
-0.803136 -1.159523 0.311211 0.319147
-0.958036 -0.414992 0.291850 0.297540
-0.941136 -0.442990 0.308489 0.317675
-0.940448 -0.435750 0.308767 0.316584
-0.914809 -0.521779 0.304072 0.309389
-0.948225 -0.358308 0.299966 0.303999
-0.907450 -0.473803 0.302608 0.307422
-0.876501 -0.602575 0.307402 0.308765
-0.858549 -0.668828 0.313319 0.315223
-0.925490 -0.443261 0.300007 0.304054
-0.962429 -0.311152 0.300190 0.313736
-0.995018 -0.392739 0.297393 0.311017
-0.929734 -0.662843 0.292280 0.284725
-1.009461 -0.347124 0.298076 0.305770
-1.004859 -0.371566 0.299111 0.314732
-0.974459 -0.461010 0.297792 0.311010
-0.956468 -0.563829 0.293917 0.296627
-0.992242 -0.307623 0.299991 0.310889
-1.044109 -0.130522 0.303690 0.314014
-1.020082 -0.236437 0.297870 0.313850
-1.020082 -0.236437 0.300609 0.330070
-0.946478 -0.552843 0.298738 0.312231
-0.936145 -0.608652 0.294364 0.296454
-0.938126 -0.581783 0.292252 0.295535
-0.990968 -0.368398 0.284239 0.291420
-0.990968 -0.368398 0.289488 0.304875
-0.997586 -0.371793 0.292232 0.310886
-0.994445 -0.368615 0.288933 0.298530
-0.974046 -0.581891 0.303523 0.322621
-0.948916 -0.578314 0.303505 0.307626
-0.942680 -0.567494 0.303346 0.310719
-0.991537 -0.413987 0.301604 0.306178
-0.991537 -0.413987 0.302482 0.320133
-1.014201 -0.461846 0.297540 0.313189
-0.969114 -0.669174 0.297757 0.316037
-0.969114 -0.669174 0.294712 0.293583
-1.018895 -0.522914 0.301380 0.337138
-0.894902 -0.825269 0.302566 0.306676
-0.966827 -0.295289 0.299661 0.301523
-0.945296 -0.321066 0.292811 0.288615
-0.897656 -0.457717 0.305914 0.307303
-0.897604 -0.504615 0.302293 0.283135
-0.895749 -0.509115 0.304226 0.298230
-0.994820 -0.425162 0.305115 0.323098
-0.997858 -0.435379 0.299679 0.311356
-1.043757 -0.180413 0.297343 0.308339
-1.065345 0.006497 0.309892 0.295156
-1.081238 0.016508 0.297307 0.312571
-1.081238 0.016508 0.296137 0.310454
-1.076555 -0.021093 0.296434 0.306082
-1.046049 -0.040691 0.289866 0.277094
-1.032747 -0.144779 0.292472 0.300823
-1.012231 -0.182859 0.289217 0.301312
-1.012231 -0.182859 0.291142 0.308630
-0.997880 -0.179345 0.296117 0.304633
-1.071597 0.141839 0.294466 0.313926
-1.000926 -0.122268 0.304367 0.312566
-1.002575 -0.185290 0.297536 0.302256
-1.027344 -0.099938 0.301211 0.316438
-0.992227 -0.198231 0.301550 0.312054
-0.931398 -0.507666 0.302376 0.303230
-0.959607 -0.377137 0.310063 0.324995
-1.090671 0.058308 0.298134 0.296357
-1.103820 0.176783 0.294411 0.311520
-1.039387 -0.083132 0.296235 0.312265
-1.039387 -0.083132 0.298953 0.309658
-1.050646 -0.048091 0.291573 0.303273
-1.062859 0.012512 0.293731 0.320109
-1.045471 -0.069628 0.291371 0.310641
-1.042840 -0.120276 0.285484 0.287353
-1.128202 0.152202 0.287314 0.306793
-1.160966 0.293757 0.286732 0.304571
-1.097714 -0.049931 0.286146 0.297168
-0.919288 -0.673822 0.293133 0.281528
-0.895261 -0.811821 0.301549 0.311276
-0.904565 -0.798679 0.301515 0.302669
-0.846908 -1.033992 0.317694 0.325284
-0.856993 -0.888373 0.308142 0.307107
-0.866254 -0.651995 0.308485 0.312592
-0.939622 -0.393331 0.301721 0.306991
-0.953800 -0.361395 0.301138 0.308720
-0.967313 -0.236446 0.300576 0.315850
-1.147382 0.344312 0.301050 0.317139
-1.153400 0.219332 0.291366 0.304562
-1.163506 0.395566 0.295313 0.316572
-1.131580 0.205090 0.292545 0.302473
-1.131580 0.205090 0.289194 0.305384
-1.052069 0.230374 0.301091 0.322322
-1.070587 0.305020 0.302230 0.308186
-1.070587 0.305020 0.297739 0.307471
-1.070587 0.305020 0.290887 0.299570
-1.090492 0.207485 0.295405 0.312602
-0.990132 -0.129719 0.289714 0.297029
-0.990132 -0.129719 0.291609 0.302202
-0.886324 -0.617988 0.313390 0.300398
-0.856428 -0.694469 0.305914 0.299835
-0.804237 -0.887462 0.309641 0.312676
-0.804237 -0.887462 0.307626 0.304414
-0.795583 -0.893831 0.311842 0.310313
-0.836218 -0.817976 0.306404 0.303888
-0.865238 -0.798648 0.307651 0.315698
-0.880210 -0.764684 0.304337 0.301853
-0.961095 -0.312005 0.294279 0.307024
-1.031473 -0.147526 0.292471 0.308170
-1.039308 -0.119616 0.292591 0.306828
-1.042776 0.059241 0.310240 0.326279
-1.042776 0.059241 0.296208 0.297011
-1.035688 0.037556 0.301299 0.317035
-0.995362 -0.314661 0.299318 0.316081
-0.970900 -0.392648 0.297896 0.308688
-0.999188 -0.238727 0.304180 0.311443
-0.999188 -0.238727 0.300892 0.319901
-1.009860 -0.165292 0.298705 0.301433
-1.008770 -0.171182 0.302224 0.316268
-1.010660 -0.166356 0.303670 0.318127
-1.017076 -0.182457 0.308952 0.323225
-1.030372 -0.164649 0.294742 0.310666
-1.072404 0.007236 0.294662 0.304444
-1.096136 0.046358 0.297144 0.323615
-1.121847 0.220611 0.297624 0.316385
-1.005191 -0.343522 0.288249 0.300007
-1.071075 -0.128901 0.282206 0.295703
-1.061415 -0.143605 0.281960 0.281692
-1.027552 -0.307693 0.291595 0.309135
-1.027552 -0.307693 0.284869 0.297117
-1.126037 -0.014218 0.281113 0.293812
-1.105265 -0.115641 0.288242 0.308946
-0.966387 -0.429839 0.304243 0.314670
-0.960432 -0.455343 0.301066 0.315699
-0.967105 -0.453519 0.294663 0.296940
-0.955792 -0.528508 0.293798 0.293941
-0.955792 -0.528508 0.296689 0.299617
-0.955792 -0.528508 0.300265 0.311643
-0.955792 -0.528508 0.292537 0.291173
-0.944256 -0.606064 0.305439 0.329401
-0.953783 -0.497686 0.300090 0.306172
-0.903799 -0.688851 0.308544 0.305803
-0.910549 -0.532729 0.302739 0.295616
-0.910492 -0.532298 0.303807 0.307907
-1.009395 -0.433640 0.296727 0.314238
-0.970702 -0.411397 0.293814 0.294228
-0.957535 -0.330801 0.302415 0.307990
-0.957535 -0.330801 0.306372 0.315007
-0.961954 -0.378554 0.300012 0.300200
-0.960436 -0.388572 0.301171 0.304281
-0.985401 -0.390979 0.305898 0.320334
-1.014565 -0.247178 0.306835 0.300211
-1.028837 -0.146436 0.305164 0.314627
-1.040393 -0.091135 0.301626 0.309585
-1.025416 -0.115385 0.305770 0.320890
-0.963250 -0.355240 0.298129 0.300983
-0.995554 -0.253441 0.296296 0.309619
-0.951059 -0.406349 0.291423 0.290176
-0.951059 -0.406349 0.299249 0.317766
-0.952359 -0.396005 0.299266 0.303680
-0.994120 -0.241706 0.292890 0.284949
-1.024609 -0.141819 0.300601 0.305498
-1.025235 -0.136818 0.294328 0.287450
-1.025793 -0.131246 0.299756 0.309553
-1.036877 -0.067690 0.297341 0.312670
-1.087389 0.114711 0.298055 0.293125
-1.087389 0.114711 0.296997 0.308100
-1.054642 -0.077407 0.295561 0.293457
-0.989437 -0.304028 0.295957 0.296072
-0.984219 -0.331779 0.294500 0.306995
-0.964611 -0.444212 0.290185 0.295776
-0.980936 -0.393500 0.294654 0.309756
-0.949346 -0.353935 0.296633 0.310379
-0.891398 -0.668294 0.299432 0.304107
-0.897895 -0.662718 0.292782 0.291277
-1.061832 0.055271 0.297435 0.313712
-1.057776 0.043781 0.292531 0.291643
-1.063778 0.072445 0.294084 0.304000
-1.100794 0.181342 0.291622 0.292107
-1.069933 0.046752 0.293968 0.299530
-1.096523 0.058375 0.296201 0.320236
-1.067268 -0.072776 0.298195 0.313175
-1.042937 -0.186881 0.309799 0.330361
-1.066944 -0.004596 0.307474 0.312210
-0.996575 -0.240175 0.307523 0.324254
-0.999321 -0.300245 0.303548 0.318577
-0.999321 -0.300245 0.294248 0.297409
-1.001722 -0.273975 0.300039 0.316591
-1.001722 -0.273975 0.299298 0.311726
-0.952893 -0.425800 0.301103 0.314828
-1.025753 -0.165594 0.281728 0.274587
-1.031862 -0.135663 0.288013 0.303908
-0.904803 -0.736610 0.301562 0.305713
-0.911224 -0.715405 0.304182 0.300485
-0.911224 -0.715405 0.304639 0.311025
-0.819810 -1.254603 0.310283 0.321736
-0.868608 -1.078212 0.298113 0.302710
-0.883383 -1.015333 0.296667 0.301311
-0.870684 -1.036015 0.292459 0.295152
-0.815197 -1.122129 0.298468 0.300271
-0.815197 -1.122129 0.295520 0.278609
-0.777584 -1.339127 0.301654 0.302703
-0.818513 -1.236733 0.303693 0.306755
-0.775337 -1.238038 0.316669 0.316893
-0.773294 -1.207737 0.319403 0.315185
-0.890368 -0.839960 0.310838 0.320218
-0.888650 -0.851203 0.307644 0.326414
-0.925335 -0.727715 0.307775 0.317905
-0.970279 -0.399811 0.299194 0.304546
-0.957320 -0.460633 0.304967 0.315781
-0.935109 -0.565985 0.299879 0.302270
-0.837674 -1.074004 0.304956 0.310209
-0.838146 -1.068673 0.307854 0.328046
-0.838146 -1.068673 0.302436 0.303488
-0.901261 -0.826771 0.305218 0.318693
-0.955466 -0.680807 0.301264 0.312804
-0.985521 -0.562106 0.292048 0.304358
-0.985521 -0.562106 0.301349 0.329313
-1.044306 -0.310087 0.292452 0.312076
-1.076475 0.112127 0.289707 0.293053
-1.040728 -0.051229 0.289654 0.295370
-1.036260 -0.016171 0.293386 0.300823
-1.092455 0.005670 0.290274 0.309928
-1.092455 0.005670 0.287625 0.294345
-1.133296 0.170867 0.293809 0.300352
-1.056207 0.012552 0.297169 0.304756
-0.994057 -0.325467 0.302658 0.300479
-1.002718 -0.290316 0.310701 0.319518
-0.941595 -0.502256 0.296181 0.289941
-0.968305 -0.373992 0.301213 0.324268
-0.969816 -0.417968 0.300090 0.296723
-0.985659 -0.344774 0.304901 0.322156
-0.972058 -0.371074 0.295131 0.293120
-0.973918 -0.344547 0.301080 0.303979
-0.981104 -0.329840 0.307307 0.332672
-1.082777 0.088986 0.293243 0.304608
-1.037202 -0.002712 0.296046 0.316813
-1.037202 -0.002712 0.292749 0.299005
-1.037202 -0.002712 0.290568 0.294829
-1.030309 0.022175 0.296886 0.308596
-1.030309 0.022175 0.295230 0.304204
-1.031842 0.017123 0.290889 0.280914
-1.045098 0.049587 0.310466 0.319026
-1.027046 -0.062308 0.290322 0.296545
-0.977131 -0.429133 0.297945 0.317138
-0.977131 -0.429133 0.299419 0.307657
-1.004683 -0.193083 0.305069 0.319654
-0.995883 -0.196701 0.302992 0.306643
-1.020808 -0.188384 0.306618 0.314250
-1.043136 -0.268370 0.291493 0.282161
-1.001449 -0.359071 0.294756 0.299746
-0.911962 -0.719371 0.300010 0.312264
-1.011018 -0.477497 0.298840 0.309178
-0.971847 -0.611643 0.304145 0.287105
-0.937093 -0.700425 0.307720 0.313010
-0.936305 -0.608971 0.297880 0.286803
-0.921612 -0.597278 0.302532 0.315217
-0.941850 -0.476696 0.305100 0.326254
-0.963613 -0.402711 0.297949 0.301213
-0.924325 -0.716057 0.300565 0.309212
-0.950806 -0.640645 0.296771 0.299141
-0.871454 -0.857911 0.306433 0.315132
-0.871454 -0.857911 0.302130 0.304138
-0.858962 -0.916989 0.306398 0.310622
-0.885385 -0.887598 0.313259 0.316148
-0.887607 -0.875524 0.312418 0.316288
-0.990343 -0.480623 0.296433 0.295868
-1.043354 -0.291405 0.303054 0.325576
-0.921886 -0.616196 0.306043 0.304107
-1.047454 -0.100754 0.299940 0.317195
-1.149735 0.272510 0.297036 0.310320
-1.108399 -0.089173 0.297023 0.299959
-1.108399 -0.089173 0.301083 0.328573
-1.165102 0.167330 0.296007 0.306097
-1.140645 0.001183 0.292551 0.316413
-1.140645 0.001183 0.291392 0.314095
-1.140645 0.001183 0.285557 0.287130
-1.101436 0.035881 0.292228 0.316810
-0.984714 -0.479968 0.288009 0.300163
-1.049290 -0.262427 0.292879 0.317388
-1.043449 -0.291586 0.292201 0.317761
-1.043449 -0.291586 0.285433 0.290815
-1.081556 -0.102347 0.299413 0.325583
-1.083075 -0.095955 0.295086 0.321700
-1.069256 -0.183052 0.297665 0.308681
-1.084154 -0.114768 0.299482 0.307328
-1.065522 -0.189316 0.294974 0.311919
-1.065522 -0.189316 0.295472 0.311006
-1.085027 -0.111300 0.295733 0.318703
-1.073880 -0.171481 0.294155 0.313219
-1.054053 -0.191604 0.288064 0.296675
-1.015417 -0.219466 0.299264 0.325455
-0.985078 -0.267361 0.293900 0.306426
-1.009092 -0.143530 0.289539 0.303159
-0.994728 -0.167089 0.294163 0.315739
-0.994728 -0.167089 0.291159 0.305821
-0.948430 -0.196763 0.294799 0.303521
-0.988657 -0.088502 0.299486 0.317399
-0.988657 -0.088502 0.292400 0.302390
-0.898506 -0.382247 0.302885 0.310311
-0.972271 -0.081832 0.297792 0.286294
-1.046211 0.041533 0.313011 0.327492
-1.057359 -0.078067 0.293464 0.321688
-0.947811 -0.453082 0.299129 0.295428
-0.990067 -0.346001 0.305243 0.325742
-0.983578 -0.385172 0.291008 0.289963
-0.983709 -0.389382 0.288603 0.290053
-1.001148 -0.424643 0.295352 0.314357
-1.031817 -0.326940 0.303864 0.320646
-1.031817 -0.326940 0.295202 0.310238
-1.036942 -0.328725 0.295192 0.312023
-1.076407 -0.190693 0.293199 0.311180
-1.107448 -0.158652 0.287649 0.304348
-1.075469 -0.190391 0.298159 0.328104
-1.112618 -0.068789 0.290524 0.301541
-1.132076 0.088718 0.297894 0.326865
-1.017712 -0.224812 0.307031 0.318942
-1.015961 -0.264515 0.301119 0.301848
-1.040204 -0.219625 0.300327 0.306157
-1.060576 -0.152761 0.301202 0.309371
-1.046342 -0.177244 0.303740 0.311032
-1.005070 -0.109212 0.309285 0.318833
-0.892169 -0.525849 0.305206 0.294382
-0.904001 -0.511507 0.305675 0.308104
-0.931997 -0.488843 0.302424 0.311523
-0.890669 -0.679250 0.302726 0.293896
-0.895835 -0.723517 0.309605 0.312758
-0.931074 -0.600944 0.305125 0.295854
-0.952869 -0.485985 0.307750 0.321452
-0.968644 -0.365619 0.312218 0.321922
-0.913119 -0.450408 0.303794 0.300987
-0.850475 -0.864894 0.308721 0.301218
-0.862664 -0.769774 0.312850 0.317430
-0.888918 -0.631029 0.312102 0.309876
-1.092278 0.055848 0.294221 0.303943
-0.925411 -0.333252 0.311832 0.313285
-0.926384 -0.323858 0.305293 0.309111
-0.926384 -0.323858 0.308101 0.310533
-0.940186 -0.362212 0.300918 0.304380
-0.910797 -0.624161 0.307179 0.311196
-0.949976 -0.384252 0.304527 0.304317
-1.040450 -0.248890 0.296354 0.294122
-1.035999 -0.279009 0.300890 0.308513
-1.019357 -0.318519 0.294247 0.305047
-1.021583 -0.333046 0.302613 0.299384
-0.862821 -0.806551 0.308774 0.305514
-0.862821 -0.806551 0.309604 0.294432
-0.848198 -1.079566 0.310706 0.316929
-0.897372 -0.911823 0.298773 0.279736
-0.892264 -0.929591 0.309942 0.312549
-0.937693 -0.721619 0.299966 0.298842
-0.962917 -0.543780 0.300755 0.315938
-0.986964 -0.442068 0.299824 0.315376
-1.006002 -0.369115 0.298322 0.312057
-0.908806 -0.615264 0.309978 0.310730
-0.918004 -0.572574 0.300048 0.299623
-1.102264 0.072061 0.297459 0.314109
-0.999763 -0.384109 0.289862 0.287407
-1.000969 -0.341379 0.295567 0.309621
-0.908251 -0.764194 0.298944 0.299518
-0.973430 -0.523339 0.293543 0.306738
-0.973365 -0.528098 0.284832 0.293072
-0.953188 -0.514252 0.288186 0.297233
-0.907914 -0.667432 0.292469 0.296622
-0.949722 -0.603833 0.299333 0.304730
-0.996586 -0.385681 0.298304 0.313213
-0.980259 -0.436617 0.293503 0.293321
-0.961194 -0.530582 0.292406 0.303268
-1.007339 -0.329902 0.292752 0.312783
-1.057965 -0.225073 0.293291 0.318427
-1.057790 -0.063856 0.301281 0.315053
-1.127610 0.427997 0.294858 0.317251
-1.134947 0.377556 0.285740 0.309273
-1.093372 0.193428 0.289299 0.312280
-1.112050 0.258677 0.291903 0.312338
-0.950820 -0.474947 0.290027 0.303357
-0.974552 -0.269885 0.291827 0.306503
-0.956018 -0.342237 0.294014 0.302136
-0.931783 -0.420187 0.290970 0.298422
-0.949839 -0.424438 0.305529 0.299220
-0.914100 -0.436852 0.298943 0.296656
-0.943733 -0.408676 0.287698 0.290033
-0.942076 -0.413838 0.291969 0.313619
-1.010358 -0.145070 0.287594 0.297686
-0.962287 -0.226960 0.295231 0.308116
-0.962287 -0.226960 0.299096 0.322530
-0.948591 -0.276765 0.298723 0.311236
-0.980145 -0.164606 0.295251 0.310597
-0.990211 -0.158005 0.295530 0.294819
-0.964441 -0.331510 0.298369 0.304204
-0.964441 -0.331510 0.300343 0.305318
-1.031723 -0.171738 0.289569 0.292627
-1.022611 -0.235606 0.293375 0.298557
-1.016602 -0.302992 0.289803 0.294130
-1.026958 -0.329053 0.290718 0.294202
-1.044039 -0.098368 0.287253 0.294563
-1.013781 -0.192922 0.292922 0.322415
-1.036729 -0.089243 0.298799 0.318303
-1.033148 -0.148933 0.288843 0.299662
-1.024469 -0.303550 0.304221 0.325049
-1.025418 -0.303304 0.293464 0.307433
-1.026415 -0.311854 0.291236 0.308413
-1.102178 -0.022849 0.287958 0.285152
-1.063674 -0.198386 0.299422 0.297993
-1.063674 -0.198386 0.300504 0.316124
-1.069147 -0.179506 0.295697 0.310341
-1.076654 -0.175317 0.295546 0.309924
-1.084975 -0.113172 0.297788 0.317441
-1.030039 -0.243444 0.296740 0.302375
-1.074686 0.009489 0.298975 0.319549
-1.065637 -0.005980 0.295994 0.313174
-1.038151 -0.246173 0.300671 0.311063
-1.044506 -0.178188 0.306159 0.328704
-1.054802 -0.253646 0.305332 0.338838
-1.042241 -0.339469 0.304538 0.328537
-1.075549 -0.291962 0.292382 0.299735
-1.120348 -0.191109 0.288047 0.291435
-0.941113 -0.834017 0.297864 0.300753
-0.941113 -0.834017 0.303153 0.314945
-0.964445 -0.797340 0.299596 0.311128
-0.914339 -0.965663 0.301272 0.309880
-0.897965 -0.889767 0.302335 0.291043
-0.939812 -0.537861 0.306938 0.298076
-0.948229 -0.524279 0.300475 0.300680
-0.951701 -0.340880 0.297145 0.301924
-0.899213 -0.556901 0.306978 0.310292
-0.906243 -0.404182 0.300336 0.304485
-0.903492 -0.399032 0.310987 0.310898
-0.814263 -0.917632 0.298946 0.296682
-0.861408 -0.768204 0.296562 0.302004
-0.923561 -0.459018 0.289157 0.294764
-0.944407 -0.316998 0.301722 0.302844
-0.925338 -0.239981 0.302392 0.301820
-0.920047 -0.388528 0.300114 0.308129
-0.881637 -0.716102 0.295395 0.301235
-0.901386 -0.580553 0.294064 0.302125
-0.901386 -0.580553 0.287565 0.281120
-0.883546 -0.683022 0.300089 0.302986
-0.878801 -0.733337 0.298886 0.306649
-0.944681 -0.236860 0.303207 0.319666
-0.975241 -0.092812 0.299291 0.304909
-0.975241 -0.092812 0.295925 0.298778
-0.910852 -0.369548 0.299548 0.296032
-0.907486 -0.385770 0.300162 0.299761
-0.832735 -0.729601 0.305237 0.309500
-0.827613 -0.695851 0.316576 0.330087
-0.844859 -0.667491 0.304093 0.289220
-0.839054 -0.710569 0.312725 0.318791
-0.936960 -0.406261 0.304993 0.319536
-1.010508 -0.220618 0.299036 0.312395
-0.994375 -0.324800 0.305660 0.315156
-0.985795 -0.198998 0.293242 0.285530
-1.019937 -0.046864 0.299403 0.303966
-1.018013 -0.147229 0.301125 0.308577
-1.064901 0.046931 0.305517 0.321863
-0.981409 -0.372692 0.298934 0.302714
-0.991006 -0.343689 0.291735 0.290522
-1.026131 -0.249061 0.306618 0.320905
-0.997535 -0.322675 0.298417 0.298678
-0.992951 -0.417698 0.302999 0.320944
-0.964461 -0.469842 0.296664 0.295807
-0.986978 -0.365335 0.296434 0.304221
-0.977547 -0.273099 0.295216 0.303922
-1.022549 -0.048488 0.297881 0.301541
-1.072998 0.106181 0.303889 0.323909
-1.056738 -0.141647 0.292772 0.305100
-1.058437 -0.140944 0.296709 0.317403
-1.014255 -0.347714 0.300747 0.311255
-0.900537 -0.837015 0.299038 0.300267
-0.925394 -0.606487 0.304264 0.303637
-0.967372 -0.376313 0.305795 0.313834
-0.959941 -0.393666 0.304089 0.305537
-0.927909 -0.467917 0.305329 0.301655
-0.928280 -0.470287 0.316007 0.326974
-0.949793 -0.365100 0.310406 0.321653
-0.895534 -0.572582 0.306658 0.309477
-0.887171 -0.471501 0.313661 0.317679
-1.015998 0.010387 0.307675 0.323389
-1.025534 -0.221751 0.303985 0.313784
-1.031287 -0.268779 0.299796 0.314763
-1.022624 -0.279251 0.300240 0.308278
-1.024585 -0.267843 0.294066 0.297151
-0.927363 -0.557570 0.298292 0.297872
-0.918840 -0.816428 0.308131 0.305542
-0.913986 -0.832300 0.312269 0.322844
-0.893214 -0.917968 0.307772 0.314587
-0.834859 -1.260556 0.312139 0.318625
-0.866409 -1.114537 0.312465 0.330619
-0.926202 -0.850550 0.303001 0.311702
-0.928830 -0.845229 0.297074 0.313389
-0.916374 -0.881376 0.298191 0.301384
-0.844711 -1.122816 0.309578 0.309473
-0.928595 -0.766635 0.298624 0.293324
-0.903280 -0.743932 0.303429 0.301934
-0.915288 -0.634760 0.300415 0.313808
-0.935401 -0.398938 0.305964 0.311565
-0.958608 -0.281502 0.305897 0.306448
-0.983701 -0.212662 0.310504 0.331083
-1.031355 -0.074885 0.306209 0.337173
-0.973223 -0.357101 0.292909 0.299732
-0.959686 -0.376216 0.292929 0.297460
-1.064626 0.004154 0.294887 0.308177
-1.071570 0.032776 0.292937 0.309414
