-1.021894 -0.053549 0.304901 0.294278
-0.934455 -0.475012 0.302580 0.297003
-1.043227 0.121507 0.302830 0.300323
-1.102407 0.086452 0.294130 0.291183
-1.059198 0.028816 0.300867 0.298558
-1.118847 0.093753 0.302758 0.302192
-1.131526 0.376453 0.305123 0.310732
-1.128212 0.103739 0.304534 0.299609
-1.075053 -0.242103 0.287733 0.279797
-0.893093 -0.905676 0.292363 0.302306
-1.029726 -0.303057 0.297811 0.299371
-0.959967 -0.517401 0.309533 0.329984
-0.963531 -0.491721 0.298421 0.302720
-0.995033 -0.413540 0.292518 0.286897
-1.079500 -0.115012 0.283914 0.264929
-1.098202 -0.026595 0.296869 0.306835
-0.958003 -0.582963 0.302653 0.311462
-1.072338 -0.034881 0.298353 0.288537
-0.996087 -0.544502 0.305443 0.301436
-1.044410 -0.396110 0.296882 0.313470
-0.869538 -0.812506 0.295191 0.310963
-0.809374 -1.169577 0.291356 0.286883
-0.790244 -1.034201 0.296260 0.289635
-0.955414 -0.324286 0.312093 0.315959
-0.994091 -0.416686 0.291946 0.299061
-0.955441 -0.322835 0.296539 0.289330
-0.988535 -0.191493 0.304118 0.308289
-1.058598 0.127769 0.305715 0.312860
-0.979488 -0.259372 0.304492 0.310181
-0.953083 -0.377499 0.301400 0.279872
-0.966327 -0.402097 0.303692 0.318771
-1.039213 -0.103240 0.300878 0.299783
-1.055438 -0.004424 0.302344 0.304054
-1.043536 -0.032354 0.293902 0.286553
-0.990765 -0.331675 0.296493 0.300931
-1.008041 -0.308854 0.306662 0.315829
-0.951038 -0.423451 0.306361 0.316812
-0.907662 -0.587885 0.303944 0.301968
-0.847889 -0.892763 0.302029 0.297856
-0.927294 -0.774603 0.304862 0.305204
-1.063812 -0.139865 0.293444 0.296171
-1.011902 -0.258270 0.298894 0.306041
-0.986251 -0.167442 0.300832 0.297423
-0.966107 -0.354816 0.303741 0.308713
-1.050562 -0.052930 0.306093 0.313699
-1.011104 -0.208106 0.293738 0.289518
-1.060550 -0.191307 0.285399 0.295809
-0.999579 -0.327312 0.292953 0.302422
-1.017667 -0.125703 0.308284 0.319299
-0.982251 -0.216992 0.294440 0.274917
-0.921318 -0.459398 0.303803 0.294774
-1.044566 -0.012093 0.306617 0.308389
-0.927558 -0.312278 0.307173 0.301953
-0.788785 -1.054720 0.303176 0.284608
-0.925119 -0.465683 0.299627 0.290920
-0.960866 -0.335887 0.303596 0.308952
-0.943706 -0.348880 0.314363 0.320378
-0.981833 -0.297197 0.301296 0.300846
-1.030271 -0.337268 0.306265 0.318506
-0.999349 -0.331454 0.297643 0.293601
-0.979929 -0.664645 0.298201 0.308128
-0.958383 -0.447665 0.306899 0.315916
-0.828658 -0.968100 0.308392 0.321108
-0.993083 -0.656573 0.290992 0.285051
-0.881412 -1.046141 0.292728 0.314602
-0.861715 -1.188372 0.291028 0.298077
-0.912683 -0.935544 0.293472 0.306918
-0.866229 -1.132211 0.287922 0.294070
-1.010096 -0.518710 0.303471 0.311014
-1.022695 -0.508640 0.302139 0.304551
-1.027872 -0.111154 0.296164 0.300396
-0.952369 -0.227804 0.308801 0.309269
-0.966718 -0.157915 0.302493 0.306639
-1.058497 -0.060835 0.302464 0.310217
-1.034446 -0.057638 0.308721 0.316323
-1.048601 0.016473 0.304869 0.305503
-1.077411 0.167493 0.293953 0.291036
-0.950404 -0.665743 0.303168 0.311168
-0.887776 -0.869632 0.298093 0.302137
-0.967471 -0.374233 0.299551 0.288399
-1.038872 -0.153130 0.305169 0.311671
-0.981998 -0.240502 0.303652 0.305619
-1.029301 -0.079131 0.299543 0.301670
-1.017185 -0.329236 0.299062 0.307746
-0.943599 -0.649443 0.299949 0.293251
-1.016549 -0.357790 0.300096 0.300797
-1.031099 -0.245383 0.299765 0.299558
-1.020141 -0.176471 0.284960 0.281787
-1.014732 -0.016775 0.304653 0.315080
-1.016176 -0.174754 0.297018 0.302420
-0.935873 -0.513386 0.311596 0.312069
-0.973012 -0.180860 0.311676 0.312116
-0.954245 -0.241847 0.311749 0.300760
-0.785130 -1.074614 0.315868 0.307851
-0.994859 -0.286944 0.297493 0.302088
-1.042792 -0.099655 0.300592 0.318880
-0.952120 -0.372419 0.301817 0.298751
-0.836881 -0.750145 0.308771 0.316377
-0.853934 -0.780471 0.303521 0.302803
-0.888797 -0.688613 0.300737 0.308659
-0.894430 -0.531024 0.298617 0.301272
-1.051568 0.048465 0.299230 0.304526
-0.919501 -0.580445 0.309846 0.305156
-0.956259 -0.573070 0.309250 0.321855
-0.838507 -1.003292 0.304528 0.300645
-0.854741 -0.956422 0.303568 0.294855
-0.943848 -0.391203 0.306147 0.308925
-0.937474 -0.444618 0.306671 0.320114
-0.892119 -0.676501 0.313767 0.326348
-0.881485 -0.809927 0.311383 0.308508
-0.869789 -0.846877 0.322428 0.316031
-1.076504 0.095339 0.307429 0.304875
-1.041657 -0.042231 0.308108 0.307589
-0.906724 -0.577412 0.314527 0.308775
-1.009766 -0.392432 0.310216 0.313387
-0.979265 -0.431346 0.292461 0.289645
-1.015646 -0.267795 0.298595 0.303301
-0.868518 -1.015882 0.296895 0.303511
-0.945978 -0.395281 0.314852 0.316236
-0.937077 -0.617562 0.310419 0.322113
-1.010396 -0.040360 0.304066 0.305303
-0.991672 -0.135281 0.301665 0.302045
-0.947828 -0.404322 0.295785 0.282761
-0.921640 -0.894126 0.302540 0.302186
-0.841939 -0.948888 0.299700 0.289708
-0.974894 -0.301908 0.300257 0.301558
-0.811303 -0.830361 0.303104 0.315920
-0.805373 -0.758544 0.307217 0.313858
-0.890356 -0.658996 0.311951 0.329262
-1.041213 -0.131162 0.287673 0.292785
-0.861002 -0.972734 0.293867 0.295613
-0.889699 -0.687015 0.298530 0.287174
-0.894716 -0.719764 0.305061 0.312327
-0.895249 -0.769727 0.302539 0.300055
-1.044313 -0.037225 0.297000 0.311744
-0.951173 -0.594386 0.295843 0.301695
-0.914219 -0.850155 0.295210 0.304634
-0.922583 -0.434118 0.297213 0.292803
