-0.996976 -0.319158 0.309733 0.325381
-1.078060 -0.093057 0.300852 0.296618
-1.041857 -0.051933 0.305640 0.319294
-0.981162 -0.289882 0.296473 0.287571
-0.910403 -0.590740 0.302487 0.310203
-1.043790 -0.072762 0.300521 0.307504
-1.026996 -0.073820 0.305007 0.304258
-1.007134 -0.165268 0.298232 0.286873
-1.068175 -0.028858 0.305394 0.320703
-1.031784 -0.022118 0.300902 0.298642
-0.946507 -0.245149 0.305312 0.299893
-0.979774 -0.393514 0.308197 0.317661
-0.990568 -0.254599 0.301278 0.304624
-1.011928 -0.450282 0.299197 0.301984
-1.106590 0.226552 0.299681 0.294972
-1.071139 0.123009 0.313250 0.331056
-0.995576 -0.114865 0.302001 0.298251
-1.032266 -0.016363 0.295730 0.293879
-0.851719 -0.921027 0.301252 0.309835
-0.855179 -0.802640 0.299321 0.303367
-1.052526 -0.196520 0.299997 0.312024
-0.897091 -0.770912 0.299890 0.301404
-1.016766 -0.089196 0.307347 0.314789
-1.024422 -0.016625 0.306508 0.295125
-1.011204 -0.269731 0.299339 0.303057
-0.999152 -0.305801 0.294667 0.291064
-0.822891 -0.735081 0.301418 0.299618
-0.892558 -0.466571 0.315163 0.307893
-0.929041 -0.651146 0.308342 0.320351
-1.018574 -0.383930 0.292188 0.291079
-0.876065 -0.824852 0.297966 0.313570
-0.826647 -1.100527 0.298107 0.317188
-1.096642 0.248817 0.302508 0.298119
-1.000773 -0.110724 0.307621 0.316204
-1.006525 0.093478 0.305260 0.311078
-1.011858 -0.207500 0.288507 0.285675
-1.135418 0.333317 0.296546 0.302990
-1.153738 0.246808 0.289479 0.290136
-1.143693 0.241453 0.299593 0.308907
-0.968997 -0.382463 0.294215 0.289022
-0.873885 -0.745736 0.297495 0.300338
-1.027536 -0.083437 0.297719 0.299393
-0.891207 -0.782016 0.300010 0.303075
-1.030313 -0.254166 0.301164 0.290452
-0.855950 -0.808950 0.302198 0.300555
-0.982070 -0.177314 0.302204 0.283295
-0.995810 -0.193844 0.308724 0.314817
-1.019647 -0.298452 0.306566 0.295576
-1.024828 -0.337668 0.303243 0.307315
-1.017751 -0.263784 0.293744 0.290334
-0.993889 -0.298945 0.285856 0.281410
-1.030711 -0.120672 0.296859 0.309505
-0.898573 -0.956878 0.288898 0.285136
-0.921347 -0.751006 0.291833 0.292173
-1.009104 -0.365451 0.303413 0.302922
-1.074320 -0.072958 0.299258 0.309070
-1.094628 0.245952 0.307935 0.320521
-1.219738 0.488568 0.301080 0.316513
-1.176161 0.322776 0.304620 0.304621
-0.993484 -0.272230 0.307538 0.301647
-0.943850 -0.390429 0.304048 0.310274
-1.005713 -0.263804 0.305130 0.307584
-0.974911 -0.498598 0.304455 0.303010
-0.982868 -0.307505 0.305076 0.303301
-1.081185 0.061010 0.301195 0.302935
-1.078900 -0.174848 0.300714 0.327097
-1.093069 -0.093349 0.291859 0.280866
-0.966909 -0.427962 0.306997 0.326975
-1.025506 -0.152623 0.292552 0.279799
-1.022512 -0.081417 0.305299 0.310657
-0.986365 -0.258716 0.301616 0.285052
-1.034551 -0.027617 0.305585 0.314289
-0.928321 -0.510695 0.304626 0.299956
-0.746878 -1.565301 0.304327 0.317651
-0.878268 -1.048704 0.296354 0.289730
-1.111023 -0.016652 0.299914 0.306118
-1.008649 -0.094136 0.314784 0.328373
-1.019768 -0.039128 0.310503 0.306058
-0.982487 -0.440329 0.303774 0.320296
-1.008009 -0.354766 0.297346 0.307527
-1.000988 -0.043835 0.295789 0.291926
-1.003894 -0.111581 0.295653 0.296771
-0.964176 -0.475893 0.294975 0.281220
-1.025418 -0.093315 0.298270 0.300345
-1.086758 0.158573 0.301989 0.309625
-1.017726 -0.311564 0.296978 0.300072
-1.030887 -0.049772 0.300248 0.292068
-1.082709 0.257478 0.307982 0.308676
-0.968089 -0.266266 0.301849 0.312263
-1.133199 0.065423 0.306676 0.311906
-0.952029 -0.474000 0.294774 0.296309
-1.067402 -0.157557 0.289146 0.284412
-1.135202 0.236791 0.306941 0.306607
-1.049608 -0.185218 0.310847 0.318297
-1.091270 0.089589 0.298859 0.308807
-0.974655 -0.239047 0.300365 0.296465
-0.972743 -0.085477 0.309519 0.307910
-1.028705 0.035433 0.307154 0.297718
-0.980905 -0.206622 0.301320 0.295224
-1.032554 -0.150112 0.306403 0.310546
-1.047430 -0.220200 0.303464 0.302707
-0.881277 -0.820342 0.308233 0.311135
-1.006678 -0.078044 0.300470 0.300162
-0.980725 -0.221875 0.302940 0.302278
-1.060814 0.099728 0.305609 0.299614
-1.098451 0.116509 0.300602 0.304810
-1.062105 -0.063954 0.299649 0.301222
-0.990569 -0.447850 0.294448 0.301714
-0.968459 -0.427044 0.305006 0.304443
-0.965440 -0.487273 0.305321 0.323963
-0.915489 -0.419168 0.309802 0.294980
-0.831741 -0.790898 0.310643 0.296082
-0.997245 -0.089948 0.308197 0.298401
-1.040477 -0.404277 0.306430 0.324938
-1.129822 0.221615 0.299992 0.311709
-0.983780 -0.315385 0.312794 0.314394
-1.033959 -0.021802 0.301363 0.300897
-0.944866 -0.576428 0.301673 0.303820
-0.917270 -0.729217 0.302376 0.308158
-0.853334 -0.971180 0.308895 0.316603
-1.148405 0.424618 0.305522 0.311935
-1.002144 -0.294524 0.301404 0.295428
-1.129642 0.231428 0.310251 0.323783
-1.037801 -0.020590 0.301957 0.297452
-1.148890 0.294422 0.290427 0.281635
-0.958546 -0.544581 0.308169 0.319767
-1.045462 -0.223729 0.298075 0.311159
-1.036931 0.024267 0.307092 0.314657
-1.120628 0.298804 0.300066 0.309582
-0.992366 -0.003715 0.295759 0.293774
-1.131282 0.230773 0.295602 0.310354
-0.954829 -0.357946 0.300637 0.296350
-0.815707 -1.203995 0.303450 0.318385
-0.840612 -1.005424 0.299160 0.304198
-0.964083 -0.422317 0.297829 0.288430
-0.873373 -0.806281 0.308764 0.327167
-0.943908 -0.567941 0.298898 0.309507
-1.013791 -0.192591 0.293077 0.302614
-0.867519 -0.706332 0.296049 0.303715
