-1.108244 -0.015805 0.294341 0.301969
-0.891928 -0.680926 0.306695 0.297561
-1.128570 0.058097 0.301800 0.316451
-0.929397 -0.525205 0.307042 0.302436
-0.962739 -0.492858 0.297473 0.306652
-0.996002 -0.214700 0.300299 0.294608
-0.979730 -0.187460 0.304271 0.297959
-0.823921 -1.064102 0.310397 0.310964
-0.802719 -1.223725 0.304928 0.292393
-0.870595 -0.885722 0.302973 0.299254
-0.910329 -0.683141 0.308625 0.320110
-0.931197 -0.588218 0.307732 0.312264
-1.006598 -0.285921 0.308229 0.315363
-1.038717 -0.054187 0.293376 0.300944
-1.060433 -0.025152 0.290533 0.295283
-1.058958 -0.216638 0.298347 0.312186
-1.101649 -0.081486 0.305256 0.301230
-0.974431 -0.392099 0.317715 0.319510
-0.918138 -0.407149 0.308947 0.302052
-1.120292 0.117437 0.299934 0.304096
-1.088109 0.026271 0.300345 0.307327
-1.115311 0.107375 0.285499 0.282393
-0.936856 -0.555319 0.310150 0.320047
-1.010794 -0.210833 0.292357 0.289896
-1.081344 0.011014 0.298234 0.311711
-1.119240 0.241130 0.291325 0.282525
-1.089946 0.056792 0.302158 0.313754
-0.884381 -0.588882 0.313973 0.316248
-0.793252 -1.068374 0.309022 0.296572
-0.948499 -0.551232 0.313723 0.315362
-1.003621 -0.260682 0.301959 0.290998
-0.930245 -0.501145 0.305995 0.303512
-1.148798 0.231690 0.303538 0.299548
-0.998434 -0.501076 0.308828 0.300803
-1.065676 -0.159707 0.298769 0.301191
-1.021257 -0.195596 0.301626 0.292268
-1.050883 0.057923 0.323115 0.324088
-0.900368 -0.579356 0.304305 0.309571
-0.857917 -0.605838 0.305010 0.294631
-0.862798 -0.833196 0.310362 0.314604
-0.965985 -0.443500 0.294080 0.305705
-0.811615 -1.123929 0.285843 0.269549
-0.892490 -0.789991 0.290646 0.298079
-0.926319 -0.519003 0.303538 0.306332
-1.061252 -0.173455 0.298493 0.283414
-0.977501 -0.418500 0.293961 0.283168
-1.053598 0.071453 0.295341 0.282616
-0.907837 -0.777588 0.297355 0.309364
-0.977866 -0.327020 0.298317 0.291443
-0.860619 -0.796432 0.301677 0.300748
-0.884928 -0.741653 0.303753 0.311663
-1.004836 -0.292134 0.298839 0.304097
-0.935626 -0.384577 0.318102 0.331973
-0.947543 -0.481716 0.308636 0.308538
-0.978384 -0.414752 0.310696 0.317050
-0.943618 -0.520070 0.312612 0.309721
-0.990931 -0.221047 0.302666 0.307066
-0.909171 -0.443841 0.305212 0.309615
-0.964031 -0.363003 0.311009 0.313517
-0.962611 -0.356539 0.304814 0.308786
-1.011790 -0.167198 0.314191 0.319930
-0.978130 -0.082051 0.310063 0.300603
-0.986503 -0.230831 0.303451 0.309276
-1.040821 -0.251824 0.294432 0.306346
-1.035761 -0.190181 0.296253 0.295638
-0.821798 -0.971847 0.297479 0.306010
-0.996885 -0.414439 0.295620 0.293461
-1.066820 0.017083 0.301255 0.314281
-0.966774 -0.374138 0.300169 0.305778
-1.036928 -0.191556 0.298761 0.296197
-1.126658 0.171296 0.297235 0.304214
-0.993906 -0.270214 0.299849 0.294996
-0.992737 -0.089151 0.313565 0.309282
-1.101007 0.130085 0.300315 0.316370
-1.085047 0.032410 0.291637 0.282891
-1.046729 -0.127216 0.311026 0.330353
-0.987523 -0.341353 0.298959 0.299242
-0.878901 -0.732422 0.298494 0.298244
-1.043339 -0.023497 0.308574 0.323580
-0.885379 -0.871066 0.306660 0.309677
-0.821655 -1.125796 0.302478 0.298237
-0.785100 -1.092088 0.302146 0.296169
-0.728154 -1.099148 0.306587 0.309115
-0.989479 -0.427571 0.311221 0.321619
-1.054019 0.005773 0.299774 0.306359
-1.064011 0.018141 0.299717 0.309190
-1.073714 0.187835 0.299066 0.306017
-1.086289 0.146480 0.301903 0.303708
-0.985478 -0.323829 0.317010 0.343742
-0.981930 -0.294659 0.301224 0.308621
-0.833352 -0.895251 0.300553 0.305882
-0.908084 -0.628622 0.288382 0.270492
-0.894791 -0.595591 0.306164 0.316276
-0.865851 -0.833497 0.302375 0.308885
-0.846976 -0.856975 0.302736 0.303073
-1.052515 -0.070792 0.284223 0.279218
-0.953169 -0.569394 0.284918 0.280367
-0.906185 -0.629843 0.296500 0.298856
-0.834591 -1.006941 0.293970 0.295403
-1.075224 -0.218377 0.297274 0.302451
-0.963505 -0.345414 0.300767 0.312899
-0.856980 -0.655308 0.303307 0.307689
-0.915041 -0.470897 0.313704 0.315740
-0.837474 -1.000745 0.312145 0.307825
-0.972530 -0.274681 0.307123 0.318567
-1.022396 -0.117764 0.304152 0.309200
-1.049044 -0.033456 0.296396 0.292305
-0.973043 -0.347799 0.300469 0.295448
-1.053448 -0.131426 0.298793 0.296127
-1.025631 -0.256496 0.300009 0.304349
-0.927688 -0.599660 0.295675 0.302295
-0.990389 -0.224055 0.301059 0.299594
-0.960171 -0.311581 0.300480 0.303444
-1.004379 -0.295536 0.306637 0.317369
-0.973956 -0.158079 0.297333 0.297284
-1.084219 0.018896 0.302535 0.316485
-1.083838 -0.020793 0.302692 0.305402
-1.100899 0.002086 0.304451 0.315695
-0.908005 -0.567535 0.316739 0.312462
-1.043207 -0.145615 0.305501 0.314803
-0.818271 -0.906813 0.310702 0.320836
-1.084096 -0.121299 0.301536 0.301778
-1.122270 0.232501 0.307220 0.309866
-1.041741 -0.116150 0.310892 0.294491
-1.043763 0.013942 0.302728 0.305181
-1.151118 0.389278 0.300756 0.305120
-1.131824 0.253940 0.295338 0.316637
-0.979740 -0.408818 0.303183 0.296020
-0.954487 -0.512873 0.308237 0.315297
-0.931833 -0.407088 0.302300 0.305365
-0.905390 -0.605085 0.303437 0.316955
-1.000286 -0.426719 0.298644 0.304783
-0.944161 -0.451047 0.299469 0.310627
-0.985214 -0.279034 0.299367 0.305286
-0.976440 -0.377999 0.302499 0.289427
-0.967676 -0.415183 0.301417 0.295912
-1.096345 0.022708 0.300204 0.294231
-1.049329 0.051053 0.294482 0.284991
-1.047809 -0.226111 0.286555 0.295087
