-1.051096 0.088282 0.293451 0.291509
-0.936080 -0.588203 0.297807 0.300087
-0.888076 -0.537628 0.308115 0.306484
-0.917886 -0.821359 0.311305 0.313348
-1.077719 0.029143 0.300482 0.309576
-1.050372 -0.003244 0.290712 0.272805
-0.921841 -0.283577 0.310875 0.292716
-0.860298 -0.455372 0.310800 0.300844
-0.832974 -0.577976 0.313704 0.301652
-0.882703 -0.994878 0.317002 0.308791
-1.009743 -0.712662 0.321109 0.325400
-1.045168 -0.184740 0.303685 0.305778
-0.922215 -0.534719 0.307255 0.302434
-0.867628 -0.830427 0.309578 0.309931
-0.887929 -0.914235 0.308769 0.313182
-0.876625 -0.758935 0.312814 0.312921
-0.855530 -0.749873 0.307891 0.302236
-0.952744 -0.386401 0.304432 0.299639
-0.787426 -1.255989 0.304684 0.305541
-0.824782 -1.271191 0.304998 0.299509
-0.978247 -0.394797 0.299772 0.297606
-0.954586 -0.630536 0.300504 0.324077
-0.929880 -0.553957 0.304547 0.312729
-0.962418 -0.367644 0.306899 0.306178
-0.990247 -0.258322 0.301557 0.298982
-0.967674 -0.521765 0.310900 0.325496
-0.900042 -0.572429 0.303334 0.286271
-0.853057 -0.841854 0.300666 0.274649
-0.785227 -0.950769 0.311178 0.309068
-0.855102 -0.526101 0.307725 0.312425
-1.002281 0.165275 0.313311 0.320933
-1.032998 0.044338 0.303309 0.309093
-1.047141 0.062540 0.299211 0.315629
-1.158313 0.223260 0.288934 0.299006
-1.122705 0.139658 0.305143 0.308225
-1.011520 -0.325132 0.297460 0.303356
-1.025758 -0.043188 0.307344 0.314647
-1.031565 -0.102624 0.305774 0.312133
-0.997544 -0.210931 0.303568 0.304135
-1.005104 -0.532992 0.289485 0.296712
-0.933595 -0.349322 0.299927 0.306796
-0.973866 -0.328293 0.290846 0.293489
-1.049745 -0.140948 0.284061 0.281502
-1.037170 -0.014595 0.298164 0.302835
-1.092644 -0.099120 0.288476 0.301055
-0.938515 -0.335450 0.294744 0.295952
-0.935429 -0.501046 0.300818 0.297063
-1.010189 -0.316445 0.294347 0.297883
-1.040301 -0.111033 0.286181 0.288837
-1.066442 -0.078784 0.286835 0.295946
-1.102503 0.093298 0.295666 0.297764
-0.971869 -0.367735 0.300745 0.303837
-1.129949 0.088803 0.295553 0.300995
-1.197006 0.156357 0.293247 0.304969
-1.152407 0.128241 0.295400 0.298988
-1.106740 0.094372 0.299531 0.315395
-0.960083 -0.360632 0.298986 0.288152
-0.952225 -0.252034 0.307888 0.300541
-0.924535 -0.452923 0.310600 0.316923
-0.948147 -0.432011 0.296091 0.293886
-0.885798 -0.573984 0.310478 0.302752
-0.968858 -0.353596 0.303817 0.290771
-1.074115 0.030428 0.306943 0.308372
-0.999542 -0.129727 0.304750 0.300422
-1.015891 -0.160141 0.304999 0.321727
-0.903686 -0.638771 0.312350 0.314467
-1.004644 -0.258343 0.292304 0.281743
-0.977743 -0.629559 0.301353 0.313462
-0.987615 -0.580917 0.295096 0.306573
-0.934304 -0.792403 0.293224 0.306148
-0.929944 -0.864938 0.288242 0.281019
-1.027998 -0.248094 0.295081 0.295193
-0.974486 -0.365971 0.303525 0.296806
-1.060233 -0.069184 0.307684 0.320783
-1.003858 -0.193417 0.317442 0.321474
-1.111070 0.154505 0.299204 0.308354
-1.055456 -0.092609 0.291673 0.286115
-0.990738 -0.246932 0.294147 0.292203
-0.895603 -0.630144 0.307895 0.313169
-1.003923 -0.300314 0.306453 0.319142
-0.997902 -0.298278 0.296861 0.287380
-1.111861 0.179588 0.303441 0.306147
-0.987210 -0.232708 0.298830 0.308409
-1.017010 -0.204916 0.289942 0.279915
-0.866261 -0.885773 0.287475 0.281223
-0.977067 -0.324639 0.300644 0.301775
-0.980323 -0.274229 0.301747 0.299061
-1.028645 0.069789 0.304626 0.307259
-1.088223 0.029387 0.307197 0.315046
-1.122061 0.121654 0.299028 0.300197
-1.112627 0.259649 0.304164 0.311827
-1.037944 -0.244207 0.291998 0.298370
-0.969720 -0.217189 0.308741 0.311926
-0.987120 -0.220113 0.303838 0.305035
-0.958922 -0.358932 0.297503 0.290282
-1.023067 -0.251223 0.297271 0.289380
-1.118580 0.058376 0.300660 0.312605
-1.041119 -0.197809 0.295280 0.305645
-1.155692 0.158912 0.292123 0.288648
-1.142763 0.232541 0.295293 0.309612
-1.064572 0.020195 0.310581 0.316396
-1.087568 0.018632 0.299481 0.302440
-1.064099 -0.146179 0.302558 0.308189
-1.029698 -0.319728 0.299899 0.307802
-0.972543 -0.462544 0.296392 0.281120
-1.037872 0.182108 0.310125 0.309624
-1.018060 0.014430 0.303711 0.296197
-0.913977 -0.454914 0.300965 0.282558
-0.959671 -0.214598 0.303283 0.291843
-0.874684 -0.649832 0.303425 0.293708
-0.939219 -0.466521 0.302190 0.288681
-1.106920 0.049216 0.297807 0.313548
-1.096002 0.006523 0.291189 0.294070
-0.962986 -0.492757 0.315237 0.324495
-1.057679 0.018045 0.299980 0.291445
-1.005226 -0.176087 0.301220 0.304875
-0.974838 -0.258097 0.302776 0.305576
-0.970713 -0.442811 0.301504 0.315994
-1.046980 -0.356489 0.304742 0.327772
-0.979958 -0.376863 0.294227 0.286797
-0.963146 -0.590408 0.292019 0.296207
-0.883671 -0.702923 0.295148 0.304237
-0.894210 -0.542455 0.317362 0.315832
-1.054562 0.265715 0.302364 0.301561
-1.052220 0.084846 0.298478 0.293499
-0.995425 -0.099648 0.298731 0.310824
-0.963165 -0.319523 0.299875 0.294686
-0.991803 -0.573329 0.306697 0.347310
-0.975357 -0.187000 0.300489 0.309263
-0.974533 -0.234220 0.303550 0.300639
-1.037104 -0.312767 0.308850 0.316418
-0.997478 -0.596372 0.298280 0.298617
-0.915280 -0.756068 0.304901 0.311596
-0.961913 -0.288828 0.306250 0.303617
-0.946848 -0.353558 0.316896 0.305293
-0.972807 -0.268377 0.297033 0.290197
-0.842378 -0.605198 0.309851 0.307079
-0.970812 -0.424789 0.298646 0.301275
-1.033676 -0.141340 0.296269 0.300510
