-1.063797 -0.183293 0.296725 0.305594
-1.031055 -0.095407 0.313253 0.324254
-0.991365 -0.418518 0.299537 0.305262
-0.917721 -0.616040 0.306457 0.311465
-0.828804 -0.998687 0.302412 0.303750
-0.963665 -0.703492 0.304814 0.291935
-0.825011 -1.291126 0.300450 0.301191
-0.778573 -1.378969 0.303262 0.286609
-0.897752 -0.525305 0.299652 0.304352
-0.881927 -0.683612 0.301774 0.308054
-0.992150 -0.452976 0.301615 0.309408
-1.007518 -0.344711 0.292798 0.290435
-1.166371 0.332885 0.299706 0.303688
-1.144434 0.334298 0.299425 0.322887
-0.951726 -0.369739 0.304206 0.296660
-1.054433 -0.054477 0.303352 0.322948
-0.945656 -0.393123 0.304835 0.308499
-1.021197 -0.134071 0.303800 0.313591
-1.004123 -0.175313 0.303083 0.309765
-1.114639 0.313083 0.304411 0.308569
-1.014255 -0.139883 0.293771 0.295290
-1.047112 -0.238070 0.313013 0.320566
-1.089174 0.001494 0.303351 0.311488
-1.020692 -0.120759 0.297418 0.283976
-0.967300 -0.160600 0.304999 0.304887
-1.056176 0.141004 0.300710 0.305663
-1.146004 0.370803 0.288519 0.282532
-0.969326 -0.254913 0.301088 0.302391
-0.977175 -0.281806 0.297794 0.305476
-0.964068 -0.149397 0.309755 0.322498
-0.964910 -0.414338 0.308809 0.326508
-0.960378 -0.508467 0.311023 0.317655
-1.002643 0.038300 0.313892 0.316863
-0.948889 -0.316368 0.307738 0.307517
-0.986686 -0.506606 0.307146 0.316630
-0.936445 -0.801617 0.309781 0.322137
-0.935942 -0.863226 0.303691 0.306893
-0.954294 -0.332170 0.303896 0.300188
-0.906917 -0.618833 0.299844 0.307439
-0.918778 -0.528811 0.301940 0.299793
-0.918553 -0.491896 0.303549 0.299270
-0.936124 -0.437178 0.306168 0.301919
-1.015399 -0.060835 0.308472 0.308905
-0.908929 -0.523263 0.307187 0.307720
-0.789749 -0.956663 0.306129 0.312747
-0.964711 -0.362908 0.296058 0.290641
-0.945285 -0.515064 0.296026 0.290582
-0.787587 -1.049037 0.299864 0.298307
-0.940531 -0.531585 0.304162 0.310402
-1.110807 0.123976 0.288210 0.281595
-0.938469 -0.393080 0.308883 0.315245
-1.040164 -0.032381 0.310727 0.322330
-1.034289 -0.047264 0.298956 0.285004
-0.960731 -0.509084 0.294781 0.292140
-0.977968 -0.196004 0.295631 0.302856
-1.089807 0.269985 0.299304 0.296669
-1.080745 0.120576 0.299557 0.288823
-1.144460 0.256952 0.293502 0.297702
-0.984318 -0.283010 0.298672 0.306700
-1.034788 -0.028442 0.299334 0.295542
-1.014585 -0.161594 0.301385 0.304397
-0.933809 -0.538854 0.301252 0.297379
-0.911227 -0.612969 0.315424 0.329105
-0.915516 -0.657002 0.305092 0.301901
-0.929831 -0.532896 0.300837 0.306668
-1.012996 -0.144555 0.301709 0.306735
-0.901447 -0.355677 0.307778 0.301217
-0.796356 -1.051691 0.304004 0.289477
-0.987662 -0.421380 0.302183 0.302677
-0.979799 -0.625866 0.285403 0.288827
-0.957145 -0.548664 0.293638 0.317202
-1.001384 -0.186245 0.293996 0.291236
-0.971982 -0.199230 0.295855 0.284921
-0.887556 -0.614329 0.305695 0.319944
-1.010640 -0.228032 0.292023 0.298127
-0.975308 -0.208698 0.300295 0.301658
-1.061391 0.010565 0.294356 0.307556
-1.110566 0.182761 0.304353 0.297058
-0.942986 -0.440534 0.298389 0.290165
-0.965257 -0.414924 0.306510 0.302627
-0.944024 -0.516780 0.304828 0.309176
-1.033278 -0.081228 0.305731 0.313982
-0.767437 -1.252136 0.306196 0.299176
-0.831564 -0.905153 0.296058 0.280411
-0.935090 -0.435171 0.289310 0.277670
-0.922520 -0.550317 0.309787 0.307423
-0.913607 -0.498275 0.304367 0.297335
-0.983652 -0.217837 0.312513 0.298138
-1.063340 -0.075732 0.300062 0.293547
-1.014584 -0.019584 0.309550 0.309740
-1.073553 -0.107626 0.302248 0.316464
-0.977038 -0.561811 0.294817 0.302695
-1.046905 -0.270952 0.299523 0.311122
-0.933903 -0.513960 0.304024 0.309661
-1.072820 -0.072618 0.301716 0.292801
-0.996711 -0.277903 0.309681 0.314353
-0.971707 -0.303838 0.296332 0.279278
-1.059311 -0.009560 0.292836 0.282102
-0.897485 -0.456166 0.306166 0.296143
-0.877634 -0.555104 0.303167 0.299189
-0.978892 -0.216018 0.304256 0.304071
-0.962552 -0.392141 0.301187 0.285620
-0.931291 -0.524885 0.312701 0.319494
-1.033028 -0.257949 0.295430 0.315261
-1.072278 -0.171730 0.295748 0.297686
-0.957934 -0.199973 0.296734 0.300662
-1.110375 0.370820 0.301100 0.295583
-0.929612 -0.368564 0.313634 0.309137
-0.860429 -0.769769 0.311235 0.315037
-0.848374 -0.903356 0.308680 0.302586
-0.936168 -0.445738 0.299004 0.292043
-0.911200 -0.478417 0.298333 0.296081
-0.978968 -0.346704 0.288150 0.282254
-0.953737 -0.428708 0.296587 0.305389
-0.908453 -0.605574 0.308810 0.310482
-0.919180 -0.665566 0.309018 0.315101
-0.933012 -0.559593 0.301562 0.288025
-0.922694 -0.734818 0.309020 0.317773
-1.095774 0.150252 0.298156 0.289231
-1.030043 -0.295718 0.290366 0.296970
-0.967150 -0.357514 0.298090 0.288130
-0.980204 -0.369600 0.296495 0.297934
-0.981107 -0.265446 0.300847 0.308418
-0.953242 -0.314266 0.305225 0.299295
-0.960391 -0.420192 0.301063 0.311064
-0.968266 -0.523055 0.301544 0.301415
-0.955459 -0.460167 0.297225 0.290970
-0.912576 -0.632651 0.300451 0.305540
-0.947316 -0.260282 0.300727 0.293952
-1.008983 -0.245349 0.303686 0.302923
-1.058074 -0.140082 0.297915 0.301624
-1.141978 0.279511 0.291447 0.294428
-1.184642 0.461083 0.294212 0.291531
-1.122433 0.203480 0.289908 0.293174
-0.988456 -0.308856 0.297164 0.285952
-1.018214 -0.070933 0.306893 0.321283
-0.945800 -0.457706 0.300389 0.316749
-0.907227 -0.665794 0.304762 0.302230
-0.910831 -0.423253 0.318824 0.328266
