-1.060383 -0.025562 0.293109 0.300496
-1.077743 0.130467 0.301693 0.324736
-1.068784 0.122848 0.296710 0.314383
-1.008723 -0.094841 0.304462 0.318709
-1.025896 -0.024223 0.296257 0.299153
-0.975953 -0.141714 0.307724 0.310560
-1.008333 -0.084172 0.300141 0.299511
-0.970628 -0.254937 0.298144 0.296235
-0.904553 -0.520635 0.302902 0.296896
-0.978365 -0.400384 0.311401 0.325141
-0.980623 -0.340930 0.299640 0.296232
-1.015529 -0.245758 0.302585 0.301786
-0.989429 -0.324765 0.312821 0.325074
-1.023889 -0.220938 0.305180 0.315452
-1.029227 -0.189984 0.307867 0.324100
-1.024803 -0.288102 0.300906 0.317710
-1.004024 -0.401540 0.306017 0.321364
-1.009400 -0.340484 0.296496 0.307000
-1.053113 -0.154017 0.287034 0.298266
-1.003023 -0.316404 0.286665 0.302141
-1.047400 -0.320116 0.287824 0.309955
-0.943521 -0.900471 0.291967 0.302828
-0.938215 -0.931851 0.292048 0.310291
-0.964269 -0.790865 0.296123 0.300858
-0.973023 -0.645226 0.298131 0.320331
-0.915743 -0.754086 0.306610 0.343112
-0.900573 -0.716770 0.299355 0.294688
-0.996329 -0.204471 0.292418 0.307766
-0.996329 -0.204471 0.288759 0.296221
-0.999454 -0.222972 0.296846 0.314931
-0.813786 -1.053233 0.309468 0.313151
-0.857975 -1.011361 0.307191 0.313684
-0.869869 -0.947069 0.297233 0.311152
-0.929288 -0.782354 0.283952 0.286667
-0.935723 -0.773082 0.301829 0.319160
-0.943329 -0.731531 0.290856 0.310520
-0.955207 -0.693235 0.284943 0.279493
-0.955207 -0.693235 0.286256 0.294139
-0.962687 -0.667424 0.284428 0.289230
-1.083488 -0.238579 0.284004 0.307843
-1.109350 -0.116636 0.283875 0.310188
-1.103737 -0.126817 0.280189 0.293046
-1.048476 -0.283811 0.286540 0.308809
-1.006164 -0.609486 0.290491 0.312332
-1.006164 -0.609486 0.289886 0.308663
-0.986643 -0.616677 0.290383 0.299713
-1.023272 -0.232574 0.284247 0.288969
-1.041557 -0.163262 0.284600 0.283483
-1.044369 -0.100969 0.289869 0.295708
-0.933172 -0.610410 0.294494 0.292481
-0.918308 -0.612121 0.302140 0.306050
-0.956338 -0.371988 0.304586 0.314056
-0.906330 -0.488265 0.308988 0.312058
-0.906261 -0.488500 0.302683 0.298764
-0.939089 -0.369279 0.302732 0.316990
-0.954839 -0.303970 0.296349 0.303512
-0.962110 -0.308333 0.294510 0.290514
-0.962110 -0.308333 0.298481 0.310858
-0.993230 -0.204426 0.292500 0.292867
-1.013457 -0.139627 0.294588 0.310651
-1.048440 -0.116006 0.298721 0.320385
-0.950665 -0.442454 0.293577 0.301554
-1.021772 -0.213467 0.296873 0.317359
-1.021772 -0.213467 0.293980 0.303722
-0.911207 -0.520653 0.300301 0.295918
-0.905658 -0.446478 0.302693 0.308455
-0.936702 -0.350546 0.299765 0.313513
-0.978866 -0.170270 0.310036 0.309212
-0.978866 -0.170270 0.303105 0.316745
-0.978866 -0.170270 0.300799 0.306172
-1.017381 -0.113202 0.310536 0.320314
-1.017381 -0.113202 0.314725 0.340893
-1.017381 -0.113202 0.303680 0.314500
-0.999612 -0.179103 0.312371 0.333155
-1.057310 0.080697 0.302319 0.315461
-1.050455 -0.114562 0.300988 0.312063
-1.062983 -0.060259 0.297965 0.303375
-1.062983 -0.060259 0.297675 0.311856
-1.062983 -0.060259 0.297012 0.309931
-1.070133 -0.026314 0.298812 0.307394
-1.069130 -0.009291 0.299427 0.315983
-1.098132 0.056790 0.302147 0.315179
-1.100718 0.072638 0.302813 0.319490
-1.065293 -0.114392 0.299185 0.307344
-1.030589 -0.233905 0.301079 0.320973
-1.030589 -0.233905 0.316482 0.329739
-0.979972 -0.311146 0.307019 0.320169
-0.979972 -0.311146 0.295227 0.287042
-0.963593 -0.357828 0.298796 0.300484
-0.947598 -0.368477 0.306015 0.300786
-0.969471 -0.351911 0.298410 0.299106
-0.961513 -0.442638 0.302607 0.303261
-1.080535 -0.116218 0.294933 0.310805
-1.013937 -0.374141 0.297830 0.323087
-0.997054 -0.497515 0.297512 0.311610
-0.940643 -0.311261 0.286616 0.298147
-0.949343 -0.276921 0.299543 0.320680
-1.007745 -0.083173 0.293329 0.303293
-1.034696 0.016235 0.286973 0.278353
-1.031748 0.002845 0.299065 0.314879
-1.030206 -0.000320 0.291715 0.302742
-1.037192 0.045727 0.292358 0.297193
-1.105739 0.341904 0.299062 0.306897
-1.171943 0.586143 0.298328 0.322045
-1.123204 0.249357 0.291119 0.307381
-1.138165 0.352193 0.307064 0.320992
-0.972447 -0.302073 0.291682 0.295882
-0.967452 -0.240838 0.289842 0.294659
-0.960441 -0.269003 0.291660 0.296046
-0.941615 -0.453294 0.293312 0.307984
-0.953250 -0.639323 0.283123 0.288071
-1.076105 -0.165195 0.290640 0.294926
-1.076105 -0.165195 0.296443 0.312914
-1.100470 0.085664 0.301614 0.322647
-1.035555 -0.104249 0.298406 0.293864
-1.096548 0.265479 0.302920 0.323260
-1.016121 -0.118013 0.309947 0.327092
-1.034664 -0.142050 0.297498 0.297814
-0.998855 -0.054197 0.296493 0.299005
-0.992439 -0.079665 0.296494 0.298802
-0.946311 -0.244630 0.294283 0.287528
-0.962119 -0.171661 0.301736 0.312957
-0.954707 -0.312600 0.306804 0.321565
-1.040356 -0.124909 0.290767 0.282456
-1.034874 -0.126774 0.302918 0.312888
-0.968665 -0.350015 0.298525 0.296402
-1.007906 -0.210602 0.305936 0.317360
-1.028251 -0.015818 0.304950 0.310974
-1.024055 -0.029916 0.299962 0.309623
-1.010240 -0.113040 0.298978 0.307009
-0.965553 -0.214276 0.303523 0.308997
-0.934574 -0.423572 0.301478 0.302136
-0.915752 -0.488481 0.313448 0.321380
-0.915752 -0.488481 0.310965 0.316985
-0.899112 -0.683032 0.309968 0.317416
-0.897748 -0.671992 0.309481 0.323731
-0.907257 -0.581269 0.300564 0.295807
-0.907810 -0.618508 0.309162 0.317825
-0.907810 -0.618508 0.309598 0.305706
-0.820826 -1.064434 0.311228 0.317402
-0.825504 -1.095266 0.309836 0.318176
-0.791269 -1.173887 0.312263 0.299108
-0.791269 -1.173887 0.314745 0.302861
-0.789586 -1.169923 0.319624 0.318101
-0.798505 -1.214710 0.315287 0.318552
-0.761506 -1.331628 0.313356 0.295413
-0.782159 -1.144363 0.321777 0.319171
-0.821538 -1.047416 0.320329 0.312482
-0.821538 -1.047416 0.320590 0.325719
-0.821538 -1.047416 0.316549 0.313162
-0.853430 -0.866630 0.320546 0.332345
-0.861893 -0.717164 0.311844 0.308573
-0.861784 -0.660718 0.310942 0.306578
-0.870249 -0.585317 0.307438 0.305340
-0.910731 -0.424432 0.305957 0.292943
-0.860528 -0.770670 0.319028 0.327055
-0.883084 -0.722760 0.313995 0.322695
-0.978540 -0.389222 0.301001 0.310713
-0.996760 -0.462552 0.297953 0.308827
-0.940730 -0.674955 0.294946 0.293894
-0.934488 -0.778723 0.301649 0.312344
-0.932780 -0.763158 0.303612 0.313026
-0.939327 -0.718039 0.303001 0.307289
-0.967290 -0.628008 0.295096 0.301644
-0.967324 -0.642520 0.304772 0.317616
-0.937184 -0.649605 0.293868 0.292359
-0.961600 -0.549783 0.291997 0.289233
-0.918086 -0.816897 0.305394 0.326794
-0.848592 -1.060318 0.310334 0.287856
-0.839622 -1.109836 0.315675 0.328242
-0.854202 -0.964480 0.310294 0.319616
-1.090372 0.020804 0.296131 0.297504
-1.097947 0.115964 0.294449 0.313805
-1.097947 0.115964 0.290838 0.308449
-1.137118 0.251576 0.293027 0.297015
-1.131978 0.220576 0.288873 0.306057
-1.131978 0.220576 0.291530 0.305846
-1.076003 -0.064248 0.294231 0.310640
-1.099814 0.019687 0.288139 0.293583
-1.001888 -0.309934 0.301490 0.306506
-0.808094 -1.161659 0.311996 0.293491
-0.833859 -1.149371 0.308717 0.307042
-0.808698 -1.244694 0.306428 0.287953
-0.808767 -1.240665 0.317351 0.326265
-0.868966 -1.026349 0.303481 0.308705
-0.871652 -0.827371 0.300237 0.314462
-0.922370 -0.590310 0.302848 0.309632
-0.938706 -0.522261 0.302723 0.324516
-1.006859 -0.313536 0.304096 0.334489
-1.017104 -0.308693 0.290506 0.311748
-1.065812 -0.106694 0.283986 0.285148
-1.040252 -0.226524 0.288598 0.302175
-1.043116 -0.202916 0.286575 0.296115
-1.040942 -0.224287 0.300900 0.314713
-0.986545 -0.424076 0.300659 0.320356
-1.065404 -0.241317 0.286357 0.290466
-1.096324 -0.098271 0.286563 0.313631
-1.123187 -0.109645 0.286939 0.310107
-1.054409 -0.303360 0.289251 0.310611
-0.981201 -0.563429 0.300537 0.316123
-0.993220 -0.565109 0.296519 0.298411
-0.856891 -1.032895 0.301277 0.314970
-0.862089 -0.922421 0.301070 0.296145
-0.811433 -1.105237 0.304010 0.294058
-0.815247 -1.092153 0.302976 0.307809
-1.035892 -0.240074 0.292363 0.284099
-1.073699 -0.040013 0.294055 0.304193
-1.038664 -0.269774 0.299708 0.302953
-1.038664 -0.269774 0.301568 0.321510
-1.055968 -0.052993 0.300161 0.285860
-1.105037 0.181500 0.311076 0.306437
-1.090031 0.163454 0.303693 0.322895
-1.122450 0.355616 0.306030 0.301787
-1.064084 0.033383 0.307034 0.319451
-1.108036 0.084840 0.311435 0.335568
-0.926570 -0.535929 0.311001 0.302425
-0.888576 -0.671736 0.309189 0.308224
-0.998863 -0.222484 0.297029 0.295786
-1.086110 0.150346 0.296792 0.305595
-1.108237 0.183136 0.297965 0.306972
-1.053468 -0.127407 0.299022 0.316678
-1.020368 -0.425432 0.291551 0.298119
-1.052167 -0.202112 0.304298 0.319824
-1.052568 -0.200322 0.302986 0.324684
-1.012845 -0.289490 0.302565 0.317828
-0.929245 -0.617677 0.298739 0.296787
-0.907129 -0.701886 0.305370 0.301198
-1.017787 -0.323510 0.299711 0.316859
-0.992464 -0.416882 0.305496 0.315228
-0.796171 -1.438917 0.321205 0.332486
-0.802218 -1.392832 0.319329 0.319433
-0.875459 -1.003210 0.317829 0.318542
-0.967871 -0.814511 0.300036 0.299022
-0.967871 -0.814511 0.304066 0.321546
-0.961583 -0.803411 0.309234 0.335539
-1.031356 -0.447465 0.299561 0.314574
-1.023608 -0.396463 0.290081 0.295625
-1.017694 -0.433523 0.291344 0.299908
-1.038166 -0.166406 0.297413 0.307296
-0.948799 -0.695283 0.302826 0.307943
-0.959962 -0.641138 0.307165 0.318004
-0.933350 -0.694655 0.300360 0.299401
-1.005594 -0.322862 0.308750 0.322506
-1.007758 -0.318031 0.308012 0.321655
-1.039792 -0.101457 0.302384 0.325743
-1.034985 -0.208097 0.297017 0.322295
-0.991982 -0.410137 0.289491 0.298412
-1.004066 -0.201963 0.292328 0.311447
-0.978540 -0.341380 0.293381 0.298071
-0.966359 -0.312505 0.295646 0.288301
-0.991091 -0.186609 0.293941 0.298344
-0.947612 -0.427050 0.292106 0.282611
-0.919016 -0.412588 0.307583 0.317349
-0.941781 -0.249089 0.308498 0.313376
-0.957578 -0.242907 0.302157 0.299919
-0.949338 -0.272492 0.311622 0.327232
-0.912775 -0.589293 0.300120 0.313172
-1.010245 -0.364834 0.289575 0.302368
-0.993971 -0.370374 0.297419 0.311412
-0.993971 -0.370374 0.297925 0.313539
-0.965005 -0.281961 0.300180 0.309882
-0.996970 -0.170572 0.302204 0.314870
-1.052992 -0.018040 0.309468 0.330422
-1.025934 -0.057758 0.306411 0.315606
-1.006004 -0.167280 0.299494 0.309755
-1.006004 -0.167280 0.301362 0.315179
-0.998139 -0.199795 0.305554 0.325229
-0.981128 -0.344298 0.295731 0.303246
-0.945174 -0.568167 0.301625 0.304971
-0.945174 -0.568167 0.298000 0.308388
-0.936437 -0.631501 0.303291 0.309891
-0.906254 -0.805759 0.304289 0.312015
-0.934928 -0.700551 0.301477 0.327179
-0.916478 -0.770714 0.305505 0.317711
-0.923103 -0.701413 0.310610 0.318747
-1.129371 0.129844 0.303134 0.311311
-1.129371 0.129844 0.305603 0.329920
-1.104213 0.000404 0.297627 0.300638
-1.163160 0.307861 0.294605 0.301635
-1.189958 0.483530 0.302626 0.327251
-1.183544 0.427889 0.296780 0.313576
-1.142926 0.064256 0.294724 0.304935
-1.167217 0.083372 0.299859 0.337048
-1.146157 0.118463 0.293681 0.319607
-1.072562 0.002914 0.298657 0.299192
-1.022490 -0.209661 0.309389 0.319676
-0.974624 -0.400865 0.310962 0.318174
-0.954072 -0.447595 0.299409 0.310437
-0.936251 -0.460912 0.304736 0.315357
-0.938096 -0.427331 0.296854 0.296437
-0.941633 -0.415963 0.298571 0.303784
-1.033039 -0.154035 0.284177 0.282032
-1.033039 -0.154035 0.289546 0.304072
-1.053264 -0.061915 0.289310 0.306270
-1.047561 -0.134400 0.292795 0.317275
-1.115925 0.113683 0.287464 0.289617
-1.046205 0.020184 0.293583 0.304105
-1.073577 0.131844 0.298132 0.307279
-1.110430 0.222149 0.287995 0.294027
-1.090300 0.214642 0.289962 0.302849
-1.090300 0.214642 0.291930 0.306238
-1.090300 0.214642 0.289616 0.299011
-1.056542 -0.036799 0.289720 0.307069
-1.096157 0.120474 0.294701 0.311849
-1.104275 0.136166 0.291663 0.303009
-1.055705 0.094812 0.299891 0.317444
-1.019061 -0.155803 0.301430 0.306247
-1.014490 -0.238857 0.294713 0.307780
-1.000637 -0.268395 0.302968 0.316349
-1.052997 -0.127506 0.303760 0.309208
-0.959536 -0.390124 0.295130 0.304194
-0.959536 -0.390124 0.301290 0.317860
-0.936851 -0.452350 0.303724 0.319670
-0.992397 -0.319318 0.293750 0.298719
-0.984576 -0.384904 0.297140 0.312441
-0.983087 -0.394072 0.303625 0.316485
-1.095411 0.015052 0.295193 0.304909
-1.094783 -0.035453 0.293992 0.308113
-1.094783 -0.035453 0.298622 0.327646
-1.054426 -0.189680 0.295029 0.304104
-0.965536 -0.708931 0.293748 0.310035
-0.957187 -0.469689 0.306387 0.320842
-0.957187 -0.469689 0.302625 0.313717
-1.001360 -0.322261 0.296959 0.311182
-0.960291 -0.253571 0.303742 0.311474
-0.968194 -0.232328 0.303849 0.300101
-0.965893 -0.224204 0.307221 0.319935
-0.916624 -0.413862 0.296955 0.296889
-0.908369 -0.533068 0.296296 0.303141
-0.892093 -0.761343 0.303277 0.315809
-0.886529 -0.675439 0.304522 0.326715
-0.907061 -0.588947 0.296065 0.292120
-0.906482 -0.675889 0.302009 0.304520
-0.934757 -0.530084 0.297299 0.305762
-0.923920 -0.552265 0.297829 0.303926
-1.022809 -0.198979 0.298305 0.309234
-0.970247 -0.620539 0.302191 0.318270
-0.992372 -0.470540 0.313651 0.333594
-0.994355 -0.474251 0.315028 0.332197
-1.031750 -0.415409 0.300745 0.314558
-1.053952 -0.378244 0.289482 0.294942
-1.039945 -0.314545 0.293234 0.302532
-1.092241 -0.007631 0.295180 0.296591
-1.092241 -0.007631 0.297310 0.264907
-1.092241 -0.007631 0.298088 0.306960
-1.076098 0.088371 0.298926 0.311918
-1.077496 0.064449 0.298965 0.316720
-1.062354 -0.037607 0.298381 0.313803
-1.137088 0.163636 0.295134 0.294751
-1.157810 0.400813 0.295589 0.316298
-1.159073 0.349797 0.291663 0.302497
-1.037008 -0.032672 0.297413 0.326547
-1.050662 0.023299 0.293011 0.298079
-1.050662 0.023299 0.290387 0.308021
-1.019707 -0.211947 0.294515 0.305988
-0.957449 -0.658235 0.300572 0.312530
-0.884880 -0.895446 0.308429 0.322085
-0.917279 -0.611601 0.312719 0.318786
-0.893038 -0.785908 0.303885 0.301765
-0.930696 -0.574824 0.305357 0.311319
-0.966713 -0.483326 0.304390 0.317326
-0.952190 -0.520990 0.309605 0.305980
-0.969840 -0.646088 0.302329 0.313175
-0.946145 -0.675038 0.301242 0.307595
-0.896314 -0.906937 0.298359 0.298339
-0.899344 -0.582365 0.294491 0.295042
-0.953894 -0.391713 0.304795 0.318618
-0.965307 -0.353259 0.299728 0.312831
-0.985652 -0.285973 0.293911 0.309278
-1.035364 -0.080642 0.297745 0.316735
-1.089372 -0.076578 0.297689 0.318429
-1.089372 -0.076578 0.288679 0.278035
-1.089372 -0.076578 0.300648 0.323339
-1.089372 -0.076578 0.297040 0.301566
-1.089372 -0.076578 0.294264 0.317926
-1.089372 -0.076578 0.290960 0.297400
-1.089372 -0.076578 0.293769 0.318577
-1.089372 -0.076578 0.294462 0.315183
-1.071963 -0.042617 0.297251 0.306259
-1.126705 0.236406 0.298378 0.300912
-1.073251 0.003718 0.304593 0.315035
-1.014975 -0.254518 0.303302 0.314889
-1.021453 -0.287972 0.304197 0.307368
-1.028552 -0.335480 0.307626 0.322232
-1.055262 -0.245507 0.305152 0.319035
-1.017884 -0.316956 0.307194 0.330796
-1.164103 0.286405 0.296081 0.315057
-1.150293 0.255696 0.293808 0.312500
-1.201303 0.489960 0.294357 0.304975
-1.203469 0.476940 0.296344 0.312073
-1.158572 0.264811 0.302050 0.312534
-1.151024 0.251233 0.304842 0.330947
-1.141102 0.301779 0.307576 0.323326
-1.141102 0.301779 0.308566 0.317680
-1.137707 0.202166 0.304624 0.326575
-1.097007 0.168868 0.310497 0.330961
-0.998360 -0.290812 0.313132 0.323981
-0.974623 -0.353185 0.310435 0.320062
-0.995685 -0.221245 0.310389 0.330022
-0.986578 -0.264636 0.304722 0.315710
-0.986578 -0.264636 0.309124 0.323124
-0.986578 -0.264636 0.298186 0.297144
-0.964853 -0.354912 0.306645 0.323351
-0.935283 -0.423610 0.304380 0.301095
-0.944947 -0.384613 0.298182 0.300402
-0.950421 -0.351953 0.299087 0.305097
-0.939288 -0.506156 0.302780 0.305392
-0.939288 -0.506156 0.301862 0.303966
-0.939288 -0.506156 0.304114 0.314052
-1.024788 -0.195948 0.295658 0.304576
-1.024788 -0.195948 0.297491 0.308419
-0.987726 -0.245813 0.306391 0.317249
-0.977050 -0.270134 0.306209 0.322619
-0.991716 -0.286310 0.300799 0.316391
-0.992723 -0.163393 0.302371 0.293241
-1.028147 -0.054803 0.303584 0.316925
-1.035621 -0.019041 0.305453 0.323447
-1.028540 0.062145 0.301400 0.304524
-1.028615 0.063968 0.300106 0.303669
-0.972507 -0.086129 0.318755 0.333646
-1.027504 0.127690 0.309049 0.304371
-0.985156 -0.132725 0.306561 0.306249
-1.071545 0.064049 0.304556 0.311677
-1.062410 -0.020932 0.309687 0.316021
-1.081323 0.132590 0.310916 0.326372
-0.978472 -0.429749 0.309188 0.311784
-0.923509 -0.660884 0.313487 0.331368
-0.846943 -0.779599 0.316670 0.320079
-0.884265 -0.638477 0.306511 0.304143
-0.884265 -0.638477 0.313306 0.316856
-0.882958 -0.608235 0.312533 0.319701
-0.895374 -0.668467 0.292725 0.288330
-0.894309 -0.740379 0.302119 0.307441
-0.952609 -0.574700 0.300040 0.306428
-0.920207 -0.614656 0.306057 0.313783
-0.904668 -0.689016 0.305492 0.306520
-0.904668 -0.689016 0.311818 0.326061
-0.913306 -0.656532 0.307829 0.314222
-0.888920 -0.757095 0.305643 0.313661
-0.834922 -1.108536 0.311415 0.307251
-0.815858 -1.133628 0.312253 0.309131
-0.815858 -1.133628 0.319146 0.328624
-0.815858 -1.133628 0.318535 0.291381
-0.815858 -1.133628 0.317679 0.318256
-0.841511 -1.041606 0.308703 0.296788
-0.812309 -1.207597 0.313960 0.312549
-0.812309 -1.207597 0.309109 0.292488
-0.862739 -1.056362 0.304386 0.311134
-0.914090 -0.749370 0.306586 0.313686
-0.935154 -0.689942 0.308848 0.327846
-0.968087 -0.535874 0.308750 0.322257
-0.992311 -0.404861 0.304995 0.317892
-1.047472 -0.051691 0.310988 0.327107
-1.086830 0.029715 0.306720 0.310758
-0.996413 -0.242944 0.314552 0.317317
-1.122520 0.232409 0.297278 0.299716
-1.058137 0.018652 0.290629 0.303393
-1.075731 -0.070386 0.288932 0.304661
-1.143746 0.170100 0.293607 0.317883
-1.202049 0.304368 0.291133 0.316223
-1.138233 -0.013287 0.295378 0.328381
-1.138233 -0.013287 0.289725 0.311007
-1.028410 -0.373316 0.292268 0.289409
-1.080767 0.104048 0.303113 0.318996
-1.086538 0.078819 0.305889 0.325196
-1.086538 0.078819 0.306323 0.331513
-1.086538 0.078819 0.304409 0.320525
-1.084323 0.092355 0.300695 0.308277
-1.119036 0.017651 0.296392 0.310506
-1.074524 -0.139471 0.294966 0.318009
-1.079945 -0.125236 0.293071 0.313768
-0.986197 -0.445038 0.295042 0.277878
-0.986197 -0.445038 0.298575 0.313174
-1.061859 -0.252379 0.296817 0.324495
-0.985710 -0.294110 0.299826 0.285817
-1.049011 -0.066468 0.304239 0.303309
-1.025282 -0.107968 0.310841 0.328862
-0.931762 -0.451842 0.307125 0.314206
-1.075188 -0.014020 0.302463 0.320197
-1.111414 0.104063 0.308113 0.329876
-1.105524 0.226278 0.300495 0.318173
-1.097895 0.248427 0.302653 0.310747
-1.018909 -0.022639 0.306712 0.323126
-0.983691 -0.401385 0.294121 0.306921
-1.101184 0.183905 0.293387 0.304698
-1.122998 0.232016 0.310411 0.315260
-1.112886 0.240752 0.290668 0.302440
-1.111623 0.246593 0.301146 0.341656
-1.095680 0.194187 0.292990 0.305179
-0.977661 -0.370047 0.303537 0.328527
-0.967046 -0.589877 0.305129 0.318395
-1.025121 -0.235107 0.296425 0.304287
-1.005572 -0.312463 0.297887 0.312978
-1.005891 -0.308426 0.296584 0.303975
-1.035097 -0.193646 0.299559 0.304635
-1.108738 0.042254 0.296114 0.313883
-1.097460 0.006352 0.291706 0.289041
-1.139149 0.213839 0.300007 0.320539
-1.137429 0.204138 0.300645 0.323983
-1.136686 0.187301 0.302393 0.329476
-1.083008 0.015206 0.299225 0.312293
-1.041872 -0.178069 0.301200 0.316539
-1.098490 -0.123333 0.298588 0.312571
-1.088637 -0.113018 0.300225 0.315820
-1.075964 -0.181338 0.296058 0.314808
-1.061135 -0.182574 0.297440 0.310947
-1.044109 -0.239667 0.297245 0.309791
-1.051687 -0.169539 0.296435 0.309392
-1.054863 -0.163240 0.288598 0.281576
-1.054357 -0.141273 0.297008 0.307132
-1.054357 -0.141273 0.300178 0.328063
-1.031678 -0.132367 0.304172 0.316725
-1.037400 -0.110066 0.296171 0.300751
-1.004767 -0.206611 0.306096 0.311488
-1.005533 -0.279110 0.295697 0.298565
-0.982626 -0.317897 0.304106 0.323532
-0.991357 -0.300188 0.310820 0.333307
-0.976069 -0.348729 0.302516 0.303960
-0.976069 -0.348729 0.303372 0.311449
-0.934077 -0.587845 0.298451 0.293738
-0.934077 -0.587845 0.310676 0.322802
-0.945838 -0.572954 0.298367 0.293737
-0.945838 -0.572954 0.299052 0.297967
-0.945838 -0.572954 0.301347 0.307061
-0.906856 -0.657544 0.307275 0.317539
-0.906856 -0.657544 0.306342 0.318479
-0.908937 -0.718549 0.307278 0.320673
-0.909343 -0.711816 0.301568 0.305217
-0.912088 -0.680645 0.305255 0.317734
-0.912088 -0.680645 0.306564 0.319266
-0.950207 -0.476715 0.307428 0.321416
-0.938801 -0.524308 0.298427 0.306953
-0.920103 -0.570271 0.300989 0.309538
-0.897531 -0.657465 0.297972 0.297308
-0.861898 -0.785511 0.308425 0.317263
-0.860535 -0.765284 0.301605 0.300306
-0.861758 -0.798684 0.311273 0.317177
-0.777916 -1.148611 0.309959 0.314920
-0.749568 -1.393392 0.315609 0.297702
-0.819835 -1.174986 0.310139 0.317500
-0.889971 -0.908127 0.294550 0.291855
-0.844093 -0.846735 0.305272 0.310936
-0.888874 -0.652320 0.303118 0.326640
-0.957823 -0.450544 0.295721 0.305128
-0.965567 -0.382949 0.296989 0.305499
-1.001768 -0.100472 0.305960 0.323707
-0.995850 -0.174209 0.295043 0.297702
-1.033035 -0.088711 0.295342 0.312508
-1.083625 0.190084 0.299549 0.320232
-1.065998 0.058904 0.302411 0.297165
-1.047759 0.033593 0.297022 0.300230
-1.052215 0.038325 0.300276 0.313253
-1.052215 0.038325 0.304037 0.317669
-1.057682 -0.056642 0.301829 0.317039
-0.935096 -0.707477 0.302830 0.308428
-0.933450 -0.747948 0.298039 0.300374
-0.916476 -0.817082 0.300777 0.314698
-0.962566 -0.664955 0.306616 0.336559
-0.922304 -0.615676 0.309782 0.310438
-0.899953 -0.646538 0.300444 0.304033
-0.820795 -0.985863 0.312196 0.310199
-0.843070 -0.821094 0.315157 0.321316
-0.912970 -0.558849 0.309889 0.315830
-0.871110 -0.743771 0.315412 0.319760
-0.938705 -0.542678 0.302151 0.307065
-1.005328 -0.114304 0.294424 0.302801
-1.012849 -0.040893 0.299935 0.317634
-1.007231 -0.006102 0.293545 0.304702
-1.021223 -0.030975 0.294005 0.301453
-1.041634 0.104503 0.297405 0.302583
-0.944088 -0.410409 0.300258 0.301394
-0.991037 -0.359716 0.290872 0.287781
-1.005237 -0.460915 0.297748 0.300057
-1.002480 -0.579253 0.305264 0.325572
-0.923438 -0.830802 0.306094 0.320897
-0.932496 -0.605303 0.299628 0.314445
-0.932496 -0.605303 0.304315 0.316036
-0.926872 -0.606074 0.307290 0.311297
-0.911078 -0.707024 0.304979 0.324784
-0.908563 -0.709046 0.299136 0.297313
-0.860391 -1.021962 0.307641 0.301553
-0.846961 -1.086404 0.299743 0.292796
-0.876572 -0.897645 0.305387 0.317676
-0.894650 -0.840423 0.293174 0.286539
-1.041662 -0.212246 0.288522 0.303062
-1.043098 -0.134168 0.288345 0.296139
-1.043678 -0.127622 0.288681 0.301020
