-0.898497 -0.937575 0.305532 0.301386
-0.914084 -0.933106 0.309834 0.311845
-1.082159 -0.101029 0.302567 0.309745
-1.085595 -0.018333 0.302063 0.291084
-0.946750 -0.575929 0.294933 0.296729
-1.065547 -0.101346 0.303076 0.312149
-1.018784 -0.134657 0.308713 0.324990
-1.009441 -0.168941 0.313732 0.323834
-0.983620 -0.263176 0.309689 0.332509
-1.009967 -0.170404 0.308206 0.320411
-0.890354 -0.677481 0.303786 0.307850
-0.999902 -0.185317 0.299973 0.304040
-1.059105 -0.172936 0.299344 0.299112
-1.137807 0.141312 0.299045 0.308465
-1.191613 0.432166 0.300525 0.302929
-0.975991 -0.285482 0.297865 0.303329
-0.987199 -0.285393 0.311244 0.305137
-1.017969 -0.293066 0.301064 0.310377
-1.017749 -0.201165 0.301095 0.303849
-1.079333 -0.118321 0.286093 0.276968
-0.909738 -0.540869 0.313013 0.311390
-0.873032 -0.754632 0.312857 0.321240
-0.866939 -1.048290 0.314196 0.326555
-0.769756 -1.138569 0.307026 0.298788
-1.015113 -0.041591 0.303873 0.298806
-0.985011 -0.290629 0.307088 0.301931
-1.083833 0.187555 0.296880 0.288878
-1.057039 0.068374 0.301814 0.295699
-1.065441 0.082433 0.308013 0.307497
-0.999933 -0.133147 0.303686 0.308003
-1.064886 -0.163491 0.300721 0.314930
-1.050274 -0.115192 0.305695 0.316251
-1.061934 -0.030576 0.299683 0.309203
-1.099991 0.146318 0.298106 0.300254
-1.005414 -0.042305 0.302542 0.294192
-0.964526 -0.359144 0.304633 0.303973
-0.888253 -0.400022 0.304359 0.297569
-1.049779 -0.013709 0.297147 0.291540
-1.030759 -0.207491 0.299771 0.319018
-0.890394 -0.694047 0.303550 0.309009
-1.024045 -0.406230 0.296640 0.316297
-0.990335 -0.284776 0.296763 0.301651
-1.030554 -0.222030 0.301989 0.308948
-0.922616 -0.303059 0.303565 0.294198
-0.852913 -0.716945 0.304641 0.293690
-0.933238 -0.380163 0.307473 0.309941
-0.974005 -0.117269 0.310247 0.318080
-0.989304 -0.035996 0.304499 0.292944
-1.109391 0.273852 0.298370 0.300163
-1.056180 0.074032 0.292281 0.288919
-1.133568 0.234713 0.287279 0.281241
-0.957741 -0.445443 0.300055 0.302433
-0.990062 -0.226606 0.303294 0.308629
-0.855615 -1.040204 0.296940 0.308174
-1.017187 -0.201294 0.299249 0.304025
-0.929577 -0.557728 0.305088 0.298470
-0.951648 -0.703410 0.305101 0.302573
-1.016835 -0.349737 0.306064 0.315346
-1.064030 -0.082565 0.297864 0.300238
-1.025744 -0.212177 0.297854 0.295468
-0.955854 -0.348781 0.308825 0.308503
-1.000233 -0.193332 0.308176 0.308176
-0.927389 -0.488916 0.305947 0.303747
-1.017933 -0.191877 0.298367 0.295298
-1.019929 -0.247362 0.293191 0.287059
-0.937389 -0.494388 0.297493 0.306402
-0.982478 -0.217603 0.296751 0.301478
-1.014468 -0.231970 0.310386 0.317968
-1.011075 -0.171490 0.300278 0.303752
-0.974674 -0.490043 0.285777 0.290259
-0.916308 -0.488101 0.292116 0.293687
-0.857942 -0.970984 0.286563 0.286613
-0.823229 -0.807258 0.290554 0.290496
-0.882443 -0.866197 0.290544 0.298069
-0.940083 -0.720412 0.284156 0.273503
-1.033514 -0.196101 0.316593 0.297323
-0.983764 -0.531284 0.292406 0.304038
-1.025101 -0.195168 0.310771 0.327504
-0.851324 -0.796175 0.304540 0.295342
-1.020135 -0.522290 0.309460 0.324531
-1.068933 -0.086554 0.305996 0.310464
-1.155487 0.305454 0.292763 0.290187
-1.010512 -0.340604 0.297572 0.306799
-0.838892 -0.991993 0.304552 0.322354
-0.857679 -0.812430 0.299783 0.309322
-1.063092 -0.121405 0.302340 0.313680
-1.027400 -0.306049 0.304038 0.297817
-1.084252 0.035296 0.295722 0.311534
-1.088803 0.258618 0.292160 0.285454
-1.069909 0.102606 0.302495 0.316614
-1.030215 -0.263261 0.303683 0.301853
-0.884517 -0.813140 0.306466 0.311521
-1.018014 -0.363957 0.304006 0.307539
-0.979117 -0.455029 0.306791 0.306604
-0.981054 -0.353659 0.299033 0.305113
-1.028875 -0.065638 0.291985 0.283989
-1.096463 -0.065247 0.305987 0.306290
-1.039807 -0.378533 0.297702 0.302827
-1.157731 0.194888 0.295553 0.307595
-0.875470 -0.974023 0.294417 0.300570
-0.907439 -0.668489 0.304679 0.307391
-0.963834 -0.454705 0.298078 0.310662
-1.012549 -0.326671 0.303730 0.317198
-1.023594 -0.238587 0.298214 0.298128
-0.948723 -0.340557 0.309144 0.296255
-1.005538 -0.080331 0.304658 0.296757
-0.906879 -0.459663 0.306833 0.315140
-0.910782 -0.453307 0.302442 0.302093
-0.921114 -0.407279 0.315119 0.324726
-1.012740 -0.182558 0.303187 0.293412
-0.900112 -0.691752 0.304177 0.312292
-0.869291 -1.024995 0.306652 0.316787
-1.087011 -0.169552 0.295963 0.303095
-1.118332 0.006376 0.294714 0.291320
-1.021319 -0.081165 0.298779 0.304632
-1.002096 -0.297754 0.302235 0.303640
-1.064182 0.114410 0.304881 0.315620
-1.051359 0.027355 0.306157 0.309876
-0.947513 -0.435222 0.298240 0.314932
-0.943452 -0.379143 0.304832 0.304549
-0.953124 -0.327521 0.294312 0.289960
-1.008095 -0.141517 0.303384 0.300927
-1.028000 -0.161562 0.296540 0.302761
-1.124974 0.065594 0.299366 0.312284
-1.088348 -0.060518 0.300252 0.296170
-0.986833 -0.629428 0.294796 0.296505
-1.048333 -0.355721 0.294333 0.288140
-1.011992 -0.304133 0.293146 0.293811
-1.061318 -0.078097 0.299790 0.313319
-1.054359 -0.120852 0.291769 0.284409
-1.047426 0.034767 0.303148 0.305530
-1.062115 -0.059672 0.298818 0.306200
-0.974447 -0.342869 0.309057 0.317102
-1.037088 -0.204288 0.302024 0.303774
-0.956080 -0.404234 0.301111 0.298956
-0.927924 -0.585728 0.298881 0.296081
-0.923850 -0.713951 0.298864 0.297850
-1.093707 0.005655 0.300032 0.302658
-1.020001 -0.091234 0.299936 0.298049
