-0.938929 -0.499963 0.307650 0.320974
-1.137384 0.002956 0.293993 0.301411
-0.990668 -0.583604 0.311701 0.327031
-0.900896 -0.808972 0.295824 0.293488
-1.001788 -0.278929 0.301653 0.307448
-0.937712 -0.453580 0.293091 0.300978
-1.086958 -0.039854 0.299346 0.305637
-1.131122 0.022137 0.304855 0.310232
-1.091884 -0.034794 0.296006 0.293369
-1.074814 -0.000316 0.298750 0.296646
-1.036768 -0.175505 0.300119 0.311332
-0.973695 -0.326733 0.306302 0.303247
-0.922335 -0.417852 0.308167 0.297174
-0.991563 -0.106732 0.306086 0.311146
-0.980036 -0.405885 0.299143 0.290180
-0.886441 -0.749037 0.297148 0.296112
-0.933534 -0.495483 0.303601 0.305816
-0.979871 -0.322415 0.295994 0.283735
-1.010679 -0.369182 0.301502 0.327767
-0.989329 -0.550956 0.288083 0.294350
-0.771919 -1.266998 0.295422 0.315660
-0.990904 -0.293194 0.298181 0.294691
-0.904787 -0.519822 0.311567 0.303941
-0.945052 -0.583687 0.302829 0.292616
-1.069384 0.018106 0.300547 0.296165
-1.052086 -0.025080 0.309993 0.318697
-1.050818 -0.011644 0.310083 0.310139
-1.069315 -0.095451 0.300062 0.307661
-1.017097 -0.295427 0.288446 0.287664
-1.077964 0.090850 0.300832 0.304180
-1.086780 0.199631 0.303624 0.308255
-1.026933 -0.158004 0.300478 0.293694
-1.053483 0.038231 0.310208 0.312031
-1.125391 0.042447 0.299938 0.314588
-1.015927 -0.334096 0.303362 0.318348
-1.111994 0.101040 0.297471 0.306081
-1.048169 -0.239129 0.293406 0.304691
-0.918009 -0.746355 0.294036 0.307746
-0.922882 -0.556921 0.308949 0.281376
-0.961265 -0.457200 0.306445 0.308212
-1.014458 -0.068813 0.300962 0.312449
-1.072279 -0.137875 0.292490 0.311478
-0.958171 -0.509270 0.305169 0.317950
-1.128265 0.136427 0.296649 0.311355
-1.063656 -0.111901 0.294458 0.304326
-0.979006 -0.456315 0.296491 0.310519
-1.042020 -0.132499 0.303088 0.297219
-0.903260 -0.881614 0.303936 0.308380
-0.996175 -0.472899 0.293559 0.302742
-1.053090 -0.058064 0.295072 0.310066
-0.936044 -0.565683 0.297063 0.305059
-0.979936 -0.391722 0.298862 0.291974
-1.025957 -0.315952 0.296583 0.311366
-0.939729 -0.647703 0.298763 0.302354
-0.841114 -0.840855 0.296788 0.300726
-0.957349 -0.478003 0.302976 0.298770
-0.922591 -0.605694 0.310227 0.292024
-1.018829 -0.292626 0.312592 0.321256
-0.909210 -0.590591 0.310877 0.305605
-0.959640 -0.290050 0.318254 0.330372
-0.917851 -0.446700 0.318011 0.332927
-0.984755 -0.187855 0.303965 0.295540
-0.909816 -0.466400 0.312984 0.315254
-0.937711 -0.464264 0.309164 0.312400
-1.079788 0.024478 0.300858 0.311194
-0.891097 -0.502888 0.305056 0.299508
-1.051781 0.022859 0.302236 0.305810
-0.964762 -0.229712 0.297039 0.287996
-1.100341 0.016902 0.302385 0.293077
-1.015500 -0.207541 0.297738 0.292807
-0.993797 -0.395560 0.287448 0.260153
-1.021851 -0.054226 0.310932 0.322838
-0.888233 -0.722569 0.300391 0.301816
-1.053220 -0.041871 0.293262 0.305504
-0.968371 -0.382408 0.308543 0.318630
-1.003040 -0.005921 0.311670 0.322424
-0.972079 -0.530797 0.299358 0.280192
-0.887322 -0.695719 0.306998 0.306923
-0.882259 -0.908558 0.306242 0.309157
-0.913169 -0.646142 0.309627 0.318944
-0.905531 -0.479891 0.301859 0.302393
-0.978985 -0.402738 0.301589 0.310775
-0.907840 -0.730769 0.304935 0.307621
-0.879275 -0.616675 0.305292 0.308427
-0.923970 -0.669910 0.295402 0.298518
-0.940519 -0.608310 0.302001 0.308973
-0.976722 -0.498099 0.304673 0.303350
-1.015683 -0.308281 0.297504 0.293443
-0.986085 -0.207689 0.307042 0.316777
-0.925211 -0.297607 0.308588 0.296189
-1.040485 -0.141772 0.295261 0.306853
-1.106511 0.054486 0.299051 0.311784
-1.094918 0.109955 0.303175 0.306484
-1.064852 -0.035105 0.306685 0.316339
-1.006308 -0.249149 0.300675 0.302552
-1.037993 -0.149539 0.294378 0.292279
-0.961916 -0.551265 0.297097 0.307657
-0.857819 -0.954736 0.299821 0.307503
-0.927692 -0.394217 0.295116 0.308854
-1.003412 0.035117 0.306960 0.331520
-1.002963 -0.370013 0.292910 0.272767
-1.044928 -0.236520 0.298753 0.303541
-1.013936 -0.418770 0.300818 0.303868
-1.084792 -0.194442 0.300265 0.312033
-1.120057 -0.035312 0.293145 0.297717
-0.911601 -0.674570 0.296583 0.304445
-0.899948 -0.606740 0.301966 0.302425
-1.059630 0.103397 0.294627 0.302999
-1.020210 -0.105103 0.297186 0.313768
-1.027111 -0.082206 0.305545 0.313256
-1.061422 -0.050361 0.302771 0.302426
-1.034139 -0.268233 0.307961 0.312636
-0.865321 -0.661392 0.308734 0.317397
-1.067198 0.051225 0.296966 0.297199
-1.047858 -0.096303 0.294699 0.293610
-1.102715 0.135505 0.308427 0.310710
-1.009814 -0.037386 0.309067 0.312570
-0.873792 -0.504434 0.305349 0.295677
-0.893208 -0.517884 0.304836 0.306436
-0.922741 -0.452048 0.307706 0.308461
-0.945841 -0.308187 0.304121 0.301991
-0.949109 -0.352122 0.306793 0.315323
-1.065819 0.055544 0.304327 0.307699
-1.139283 0.156793 0.302415 0.309842
-1.036786 -0.223149 0.302441 0.317579
-1.116575 0.054173 0.294737 0.304535
-1.060075 -0.093092 0.298789 0.304522
-1.077793 -0.080324 0.296754 0.295895
-0.934245 -0.599226 0.302659 0.308338
-0.996956 -0.453282 0.294243 0.308790
-0.969650 -0.433354 0.303211 0.300303
-0.980524 -0.046130 0.314815 0.316855
-0.986731 -0.301026 0.300536 0.301882
-0.940662 -0.351450 0.286661 0.277366
-0.894794 -0.744907 0.301616 0.300545
-1.032934 -0.084355 0.290051 0.281666
-0.920916 -0.389265 0.303756 0.305924
-0.978585 -0.186256 0.296513 0.301193
-1.100691 0.231897 0.301895 0.307158
