-0.961483 -0.329832 0.303004 0.323307
-1.006469 -0.160101 0.292973 0.296240
-0.934848 -0.274174 0.298570 0.283901
-0.888042 -0.770393 0.309487 0.318376
-1.025647 -0.208793 0.303839 0.311543
-0.846331 -0.905773 0.302332 0.320650
-0.953785 -0.803118 0.297353 0.317840
-0.976385 -0.622975 0.302971 0.311160
-1.069469 0.024448 0.303460 0.307087
-0.979574 -0.330153 0.300979 0.308136
-1.010612 -0.405420 0.288030 0.303501
-1.013784 -0.063308 0.306628 0.312343
-1.060526 -0.176279 0.302247 0.313634
-1.054431 -0.119310 0.293741 0.288972
-0.933911 -0.547248 0.294284 0.281257
-1.012338 -0.109866 0.303130 0.302203
-1.088123 0.161322 0.302838 0.317570
-1.022890 -0.023442 0.299282 0.297254
-0.891593 -0.669179 0.310470 0.323654
-0.823961 -0.926559 0.299557 0.283029
-1.002813 -0.191505 0.297368 0.297158
-1.069110 0.001816 0.298159 0.304794
-1.041323 -0.224157 0.301518 0.302924
-1.010319 -0.529191 0.295025 0.289544
-1.096468 -0.007180 0.300076 0.311881
-1.127919 0.100690 0.304194 0.306064
-1.134323 0.076121 0.300658 0.308608
-1.032062 -0.323010 0.292192 0.297315
-0.925483 -0.773166 0.288797 0.287953
-0.992801 -0.397455 0.297792 0.296437
-0.914637 -0.849381 0.305034 0.314853
-0.926155 -0.481395 0.300373 0.306782
-0.966421 -0.281804 0.304156 0.313547
-1.029653 -0.093792 0.300855 0.303353
-1.146406 0.271734 0.303118 0.314272
-0.920566 -0.458358 0.316224 0.315112
-1.005166 -0.374758 0.307854 0.316937
-0.978242 -0.379567 0.309194 0.310542
-0.933620 -0.474285 0.306954 0.303580
-1.020141 0.060681 0.314828 0.311490
-0.961061 -0.325532 0.319969 0.334726
-0.943209 -0.416537 0.311895 0.310740
-0.895824 -0.552913 0.304185 0.296782
-0.916038 -0.587748 0.308651 0.310347
-0.924083 -0.486906 0.304457 0.303526
-0.874821 -0.812122 0.305872 0.299973
-0.830901 -0.823407 0.310176 0.321737
-0.868616 -0.615838 0.311092 0.306771
-1.089996 0.078639 0.297438 0.303222
-0.928035 -0.464928 0.307579 0.292539
-0.913665 -0.616635 0.302116 0.296131
-1.013354 -0.134967 0.297660 0.292129
-1.033634 -0.151882 0.297519 0.301068
-0.983888 -0.033346 0.306216 0.303773
-0.882714 -0.505718 0.308887 0.301831
-0.793353 -1.024528 0.307459 0.296700
-0.940924 -0.753499 0.305069 0.301443
-1.015426 -0.230769 0.288944 0.287059
-0.854174 -0.975518 0.295075 0.310849
-0.920081 -0.799040 0.292114 0.301926
-0.955658 -0.584619 0.298331 0.292151
-0.939557 -0.558361 0.308794 0.314138
-0.940418 -0.705228 0.306866 0.314199
-1.054675 -0.010270 0.297163 0.296267
-1.054139 -0.068755 0.297803 0.306409
-0.958590 -0.481822 0.293526 0.295667
-1.012602 -0.210447 0.295318 0.295692
-1.040658 -0.060215 0.306474 0.318669
-0.907843 -0.685208 0.305477 0.322190
-0.956035 -0.583290 0.298720 0.311314
-1.056692 -0.083311 0.302409 0.304574
-1.128829 0.205354 0.302740 0.297912
-1.030716 -0.154287 0.297215 0.277694
-1.023750 -0.142665 0.304943 0.309690
-1.034222 -0.279518 0.295563 0.289759
-1.065483 -0.085634 0.291537 0.299673
-1.021723 -0.076383 0.299626 0.312110
-1.097694 0.223600 0.298602 0.305838
-0.972036 -0.387705 0.293171 0.296926
-0.862942 -0.777545 0.292465 0.300952
-0.869704 -0.725062 0.284467 0.273092
-1.004630 -0.275739 0.312133 0.313762
-0.850803 -0.469005 0.298850 0.277877
-0.868964 -0.637703 0.308691 0.305368
-1.052688 0.085315 0.287627 0.288895
-1.018405 0.009662 0.298686 0.301169
-1.085517 0.068850 0.298898 0.311856
-1.107945 0.080316 0.303459 0.315771
-1.010591 -0.119641 0.295398 0.298445
-1.129897 0.327786 0.296180 0.297917
-1.036107 -0.168198 0.288256 0.276086
-1.090085 -0.120269 0.302023 0.310586
-1.116790 0.124746 0.303952 0.322521
-0.964423 -0.469895 0.303856 0.293201
-0.979122 -0.368136 0.303597 0.303563
-0.916160 -0.617740 0.297204 0.303432
-0.874130 -0.929442 0.294875 0.302127
-0.950648 -0.474035 0.309418 0.323732
-1.024046 -0.372292 0.300552 0.315635
-0.906964 -0.539973 0.297976 0.292705
-0.971561 -0.463401 0.298175 0.307257
-0.923553 -0.776181 0.292829 0.287554
-0.966365 -0.484223 0.295650 0.296015
-0.993790 -0.386628 0.303967 0.315226
-1.026283 -0.218495 0.298983 0.299142
-1.015362 -0.179649 0.304112 0.312426
-1.016024 -0.129553 0.303438 0.298721
-0.980490 -0.463501 0.300672 0.301329
-0.925965 -0.873812 0.300505 0.314277
-1.044719 -0.089726 0.304292 0.318120
-0.960291 -0.687937 0.309335 0.317978
-0.986457 -0.434721 0.306056 0.310294
-0.876243 -0.823597 0.299244 0.286796
-0.906679 -0.528077 0.306955 0.310453
-0.999741 -0.220650 0.296699 0.303949
-1.115835 0.274039 0.293418 0.297452
-1.066757 -0.104043 0.303951 0.315024
-0.889468 -0.661291 0.324087 0.359273
-0.971842 -0.334569 0.300307 0.312581
-1.069349 0.002884 0.299832 0.321183
-1.032822 -0.250197 0.297206 0.311157
-0.987820 -0.644770 0.297197 0.313706
-0.945955 -0.779724 0.292688 0.296306
-0.907617 -0.928766 0.299117 0.312846
-0.871259 -0.828721 0.301564 0.316932
-1.024780 -0.199957 0.302020 0.301525
-0.888562 -0.810968 0.305410 0.317958
-0.900913 -0.753208 0.297993 0.288038
-0.932804 -0.567325 0.314650 0.310958
-1.009924 -0.123945 0.308426 0.317477
-0.973929 -0.446987 0.300502 0.293034
-0.920654 -0.502684 0.305917 0.314108
-0.969397 -0.309328 0.304245 0.312881
-0.938325 -0.325551 0.302758 0.308650
-0.896956 -0.728463 0.298528 0.289929
-0.946286 -0.331190 0.329080 0.321105
-1.064319 0.161151 0.308301 0.312589
-1.084545 0.286147 0.308790 0.317585
-1.074790 0.106922 0.305143 0.314248
