-0.823349 -0.871541 0.297671 0.287922
-0.906924 -0.547881 0.310480 0.310272
-1.066238 -0.005842 0.298806 0.324399
-1.012056 -0.266404 0.294096 0.301454
-1.035835 -0.146550 0.306601 0.313414
-1.031031 -0.396654 0.304940 0.303914
-1.007088 -0.289656 0.306356 0.308757
-1.073750 0.042460 0.304142 0.308330
-0.921440 -0.545551 0.303419 0.282642
-1.070518 0.128120 0.304093 0.305297
-1.115923 0.152699 0.296057 0.306056
-0.875054 -0.699431 0.310789 0.313008
-0.840156 -0.818565 0.306958 0.305392
-0.820797 -0.983561 0.308352 0.294855
-0.851366 -0.825600 0.309057 0.297970
-0.907787 -0.661151 0.310425 0.301584
-0.863798 -0.817058 0.308306 0.305695
-0.886652 -0.815779 0.305900 0.312309
-0.911977 -0.590257 0.316276 0.314291
-1.140965 0.285619 0.299056 0.297333
-1.081544 0.081130 0.311434 0.321618
-0.932830 -0.304539 0.301575 0.307289
-0.977243 -0.256427 0.309135 0.303951
-1.098998 0.200012 0.303790 0.300952
-1.076377 0.026883 0.302676 0.311324
-0.997130 -0.288685 0.294101 0.296817
-0.995351 -0.039459 0.303281 0.294503
-0.950137 -0.440597 0.302129 0.297482
-0.932909 -0.380449 0.311743 0.305834
-0.861246 -0.750161 0.315759 0.319034
-0.927228 -0.450907 0.302309 0.312380
-0.910303 -0.534451 0.306671 0.312172
-0.988596 -0.435560 0.302710 0.291641
-1.031039 -0.250037 0.303563 0.301619
-0.954134 -0.434807 0.305283 0.295119
-0.897312 -0.598541 0.313096 0.309733
-1.104179 0.166397 0.304014 0.301083
-0.919014 -0.484083 0.305558 0.307609
-0.965761 -0.346302 0.305169 0.305342
-0.928089 -0.494054 0.312385 0.331645
-0.853598 -0.805973 0.299859 0.297594
-1.009637 -0.189683 0.304085 0.313917
-0.921254 -0.638687 0.297703 0.301745
-1.012774 -0.057388 0.300900 0.300743
-0.904775 -0.580070 0.296026 0.301606
-1.077026 -0.072110 0.294328 0.293072
-1.113610 0.049680 0.296301 0.299957
-1.096491 -0.092703 0.294105 0.291466
-0.924217 -0.812352 0.297218 0.304897
-1.014311 -0.335879 0.296522 0.301588
-1.024372 -0.266441 0.289895 0.295855
-1.000101 -0.414323 0.298365 0.313456
-1.128911 0.115194 0.299303 0.301332
-1.042802 -0.239268 0.297627 0.296808
-1.099429 -0.031627 0.288557 0.288289
-1.033642 -0.231214 0.300599 0.305827
-0.917682 -0.753346 0.305815 0.314610
-1.001076 -0.312899 0.300681 0.310545
-1.013244 -0.262770 0.287107 0.278215
-0.968987 -0.629995 0.291103 0.275940
-1.057903 -0.279785 0.298160 0.310109
-0.993229 -0.229830 0.302486 0.301406
-1.109342 0.269734 0.305030 0.305535
-1.004910 -0.167508 0.303022 0.300727
-0.949253 -0.613059 0.309407 0.309769
-1.037948 0.007058 0.297045 0.298758
-0.914743 -0.598729 0.304720 0.311531
-0.956510 -0.503018 0.300166 0.290240
-0.933251 -0.460157 0.307619 0.308465
-0.926469 -0.608194 0.318685 0.320764
-1.063970 -0.187905 0.302800 0.316836
-0.936300 -0.542749 0.306601 0.308227
-0.981266 -0.207211 0.302795 0.292032
-0.990495 -0.206195 0.307085 0.307629
-1.003012 -0.294494 0.300749 0.306078
-0.838415 -1.114929 0.298410 0.307603
-0.924000 -0.725870 0.298114 0.302369
-0.866797 -0.964074 0.296502 0.297084
-1.009407 -0.311265 0.290822 0.298541
-0.961211 -0.653798 0.294661 0.289280
-0.897637 -0.467802 0.313046 0.322249
-0.956461 -0.305566 0.305422 0.297727
-1.093033 0.230975 0.311012 0.316413
-1.000988 -0.065923 0.303063 0.302692
-1.108624 0.282725 0.305171 0.310679
-0.921205 -0.609874 0.290471 0.292737
-0.990996 -0.262980 0.291307 0.285930
-0.817664 -1.114769 0.290974 0.279919
-0.925954 -0.547559 0.307680 0.303129
-0.868007 -1.011453 0.301120 0.289133
-0.966258 -0.332778 0.289505 0.284843
-0.845201 -0.856688 0.294234 0.299391
-0.845688 -0.945153 0.291437 0.292472
-1.115484 0.030139 0.290565 0.302515
-1.080926 -0.090287 0.296965 0.304545
-0.924136 -0.523221 0.300822 0.309321
-1.041292 0.005048 0.306893 0.311548
-0.929442 -0.581269 0.312189 0.319246
-0.989597 -0.478692 0.302381 0.311666
-1.002782 -0.105165 0.304197 0.305075
-1.059307 0.110378 0.308541 0.313468
-1.027997 -0.044241 0.299925 0.305060
-0.968391 -0.321996 0.297909 0.280903
-1.046316 -0.025790 0.303493 0.304028
-1.043843 -0.015084 0.304703 0.306856
-0.904194 -0.562295 0.303242 0.292622
-1.064265 -0.052315 0.299413 0.304560
-1.047679 -0.101022 0.303233 0.318692
-1.097511 0.129248 0.295360 0.305722
-1.115516 0.158864 0.298111 0.299653
-1.134939 0.216036 0.307381 0.311159
-1.113140 0.205099 0.292622 0.295630
-0.968050 -0.483544 0.300643 0.286751
-0.942100 -0.424916 0.302863 0.299060
-0.995362 -0.170901 0.298553 0.306635
-0.893587 -0.816083 0.302425 0.307477
-1.133075 0.158330 0.295437 0.305884
-0.987357 -0.219162 0.307180 0.299012
-1.006099 -0.141134 0.308851 0.313166
-0.993013 -0.186796 0.301916 0.293935
-1.118477 -0.020672 0.297075 0.316227
-1.038478 -0.175904 0.302830 0.299596
-0.962891 -0.381372 0.305845 0.311662
-1.070078 -0.223731 0.306482 0.331894
-0.960702 -0.535393 0.288098 0.302840
-0.986752 -0.240870 0.289858 0.284435
-1.007008 -0.196289 0.299787 0.288775
-1.047169 0.032819 0.286295 0.293284
-0.920326 -0.541927 0.294506 0.288189
-0.883119 -0.833153 0.303894 0.306656
-0.932314 -0.635219 0.301087 0.311732
-0.854851 -0.648841 0.301345 0.288159
-0.936144 -0.380594 0.307740 0.302543
-0.871345 -0.642386 0.305770 0.308237
-0.856154 -0.680412 0.311198 0.320606
-0.922091 -0.610932 0.308293 0.323637
-0.940394 -0.458986 0.302158 0.300179
-0.986145 -0.582515 0.294720 0.301333
-0.951588 -0.599225 0.292458 0.278497
