-0.876381 -0.791082 0.303941 0.287181
-1.064191 -0.179987 0.308125 0.320278
-1.067049 0.030171 0.299245 0.284497
-0.968993 -0.306181 0.303310 0.304249
-1.079605 0.233513 0.310374 0.313469
-1.093734 0.186619 0.301618 0.297520
-0.896171 -0.663446 0.294399 0.292674
-1.054830 -0.005117 0.295607 0.292941
-1.132134 0.337340 0.313536 0.323632
-1.097382 0.223706 0.307758 0.304781
-1.115874 0.086208 0.296230 0.297854
-1.079779 -0.065078 0.302204 0.310740
-0.972972 -0.243497 0.305295 0.314578
-0.902803 -0.490897 0.304888 0.296105
-1.161691 0.315655 0.316347 0.329432
-0.966782 -0.362295 0.307154 0.310452
-0.911174 -0.506878 0.308551 0.298542
-0.997478 -0.211762 0.300488 0.298408
-0.920585 -0.542535 0.302604 0.308591
-1.001772 -0.178750 0.308760 0.321590
-1.020261 -0.079323 0.299449 0.303868
-1.038379 -0.187348 0.291169 0.294525
-0.928566 -0.555241 0.299508 0.302436
-0.874717 -0.642287 0.294481 0.273871
-0.909062 -0.661159 0.302192 0.312067
-0.990861 -0.275010 0.304021 0.311813
-1.009178 -0.384473 0.291817 0.311555
-1.004037 -0.323725 0.295496 0.310756
-1.015470 -0.242208 0.302046 0.318028
-1.101653 0.076532 0.304214 0.315718
-0.991719 -0.341117 0.301590 0.309983
-1.015260 -0.364711 0.306057 0.307441
-0.832006 -1.089070 0.312803 0.333403
-0.970105 -0.458750 0.294595 0.291005
-1.029114 -0.187286 0.298646 0.320375
-1.002569 -0.206291 0.296219 0.295786
-1.131327 0.045401 0.294940 0.314551
-0.907722 -0.564682 0.303929 0.293748
-0.990883 -0.261253 0.301178 0.312400
-0.969830 -0.414293 0.299140 0.315934
-1.149400 0.085359 0.290146 0.301214
-1.100622 -0.098024 0.302806 0.312040
-1.029728 -0.068105 0.293560 0.304083
-0.998761 -0.179474 0.302186 0.299548
-1.072701 -0.063947 0.301511 0.317614
-1.012205 -0.452242 0.303073 0.322452
-0.919826 -0.706187 0.308679 0.333977
-1.078983 -0.218548 0.292180 0.301974
-1.052255 -0.149515 0.297784 0.308968
-1.001366 -0.318742 0.302232 0.303649
-1.002465 -0.619072 0.299987 0.288048
-0.859071 -1.092740 0.301741 0.318948
-0.980534 -0.456049 0.310931 0.329629
-0.888025 -0.785349 0.300745 0.297817
-0.947080 -0.527879 0.304155 0.309311
-0.949281 -0.608226 0.306956 0.315318
-0.865869 -0.874373 0.304777 0.311034
-1.026318 -0.265201 0.301913 0.311780
-1.064511 -0.043213 0.297653 0.289435
-1.071329 -0.152714 0.309778 0.307932
-1.177457 0.330895 0.282052 0.278343
-0.958696 -0.277493 0.301167 0.300216
-0.950772 -0.248708 0.305347 0.307243
-1.027067 -0.013374 0.296540 0.298523
-1.022393 -0.129343 0.295251 0.304808
-1.115675 0.372974 0.295063 0.299561
-1.138490 0.211356 0.288092 0.294518
-1.020475 -0.146981 0.309819 0.303277
-1.029574 -0.164573 0.292889 0.291275
-0.841645 -1.061695 0.291096 0.274974
-0.826518 -0.773399 0.295881 0.294439
-0.965690 -0.554432 0.300454 0.302415
-0.845032 -1.088947 0.301780 0.293465
-0.864522 -0.854638 0.306653 0.316590
-0.913279 -0.687294 0.305015 0.314046
-0.987877 -0.397321 0.300510 0.301940
-1.036136 -0.292426 0.298378 0.304983
-1.032533 0.019629 0.302864 0.309421
-1.067912 0.202976 0.299523 0.306611
-1.007990 -0.129274 0.283016 0.283843
-1.000970 -0.135914 0.293197 0.306626
-1.066616 0.100920 0.302896 0.299726
-1.095278 0.097448 0.297592 0.301200
-1.092596 0.187275 0.297668 0.287570
-0.976569 -0.303655 0.288707 0.275781
-1.041901 -0.113617 0.294518 0.299091
-1.045147 0.001793 0.301347 0.311911
-1.003833 -0.185607 0.305047 0.301264
-1.084308 0.237056 0.307235 0.316850
-1.008286 -0.056637 0.295488 0.293601
-0.994164 -0.274888 0.305259 0.313411
-1.047269 -0.123389 0.300725 0.294795
-1.034241 -0.225901 0.300632 0.307965
-1.129402 0.178881 0.289064 0.273577
-1.141620 0.338516 0.294545 0.302094
-0.992461 -0.219446 0.300493 0.313030
-1.004379 -0.232328 0.301913 0.307719
-1.013748 -0.310259 0.305004 0.320840
-1.033076 0.105621 0.302874 0.305471
-1.038180 -0.054170 0.295645 0.291488
-0.977429 -0.253257 0.302313 0.303345
-0.972339 -0.241206 0.302268 0.298050
-0.948320 -0.500718 0.303547 0.296941
-1.090107 0.071595 0.293129 0.299618
-1.063740 0.106320 0.307570 0.311269
-0.988925 -0.223769 0.300301 0.276723
-1.050520 0.098972 0.294948 0.294030
-1.073261 -0.124620 0.292348 0.299173
-0.948421 -0.379857 0.312439 0.309442
-1.016436 -0.125753 0.303789 0.310718
-1.001012 -0.340324 0.306753 0.310837
-1.194221 0.510284 0.307147 0.309246
-1.221884 0.471289 0.296127 0.287567
-1.052018 0.176329 0.301817 0.298458
-1.057138 0.057119 0.311489 0.318081
-1.102660 0.214173 0.310096 0.319278
-1.020416 -0.000094 0.324511 0.326912
-1.038268 -0.240657 0.305718 0.312906
-1.013158 -0.337325 0.294819 0.299327
-1.002943 -0.250877 0.294190 0.295565
-0.942673 -0.203730 0.293257 0.294235
-0.926371 -0.522650 0.292928 0.287065
-0.844771 -0.673278 0.306867 0.320665
-0.896623 -0.388064 0.309110 0.305514
-0.830607 -1.017744 0.310049 0.319257
-1.065037 -0.289387 0.312444 0.301400
-0.978537 -0.262462 0.297585 0.289431
-0.961835 -0.692547 0.299184 0.292518
-0.938079 -0.768268 0.299370 0.301355
-1.022014 -0.364193 0.300143 0.299321
-1.138579 0.240146 0.292172 0.289424
-1.038155 0.013401 0.294428 0.304778
-1.176653 0.290709 0.296902 0.300705
-1.055724 -0.244751 0.288930 0.290254
-1.144744 0.282240 0.305330 0.320805
-1.108270 0.044236 0.304433 0.289945
-0.998484 -0.552147 0.296487 0.307506
-0.714948 -1.984803 0.296063 0.319981
-0.729331 -1.622498 0.297013 0.320048
