-1.083613 -0.171983 0.290655 0.303476
-1.084903 -0.188818 0.296870 0.315466
-0.983254 -0.320961 0.303448 0.300993
-1.047835 -0.086606 0.290934 0.290189
-0.978717 -0.303439 0.299139 0.302591
-0.865635 -0.681411 0.307507 0.321686
-1.047220 -0.052095 0.294171 0.293834
-1.075401 0.168383 0.317723 0.325656
-0.895766 -0.683331 0.313668 0.311533
-0.881256 -0.901301 0.314063 0.313991
-0.907627 -0.928242 0.315355 0.319626
-0.955615 -0.437977 0.296204 0.303133
-0.859431 -0.944305 0.296924 0.299171
-0.979870 -0.596530 0.293992 0.303992
-1.133407 0.318409 0.292325 0.304430
-0.937457 -0.465922 0.324600 0.339752
-1.093568 0.178717 0.297363 0.298057
-0.898603 -0.701389 0.307817 0.296350
-0.985703 -0.168576 0.303034 0.303013
-0.973954 -0.350269 0.309077 0.298242
-0.926610 -0.379060 0.308909 0.306504
-0.965879 -0.348743 0.298505 0.300813
-0.869313 -0.523848 0.305687 0.301824
-0.979148 -0.315337 0.315610 0.324798
-0.998248 -0.324024 0.294952 0.302995
-1.199709 0.315115 0.298996 0.308023
-1.186395 0.464993 0.300528 0.301920
-0.969018 -0.309650 0.306705 0.320935
-0.956123 -0.600541 0.291509 0.298514
-0.943151 -0.582457 0.296603 0.310838
-0.983282 -0.531199 0.303076 0.306947
-0.945777 -0.622264 0.302667 0.295901
-1.012635 -0.373571 0.296101 0.300261
-1.086423 0.055415 0.296955 0.289013
-1.095465 0.266118 0.302471 0.309576
-1.061841 0.110206 0.305314 0.311289
-0.910767 -0.349885 0.311904 0.299778
-0.944649 -0.442269 0.308348 0.311780
-1.025453 -0.317110 0.306436 0.299650
-1.014850 -0.235989 0.310141 0.302799
-1.130739 0.143425 0.293471 0.301822
-0.996633 -0.194813 0.296884 0.299072
-0.930384 -0.587801 0.304869 0.297810
-0.924250 -0.695970 0.296852 0.297314
-0.846978 -0.641332 0.321511 0.316597
-1.176168 0.487245 0.299435 0.293059
-0.966384 -0.333931 0.303320 0.302777
-0.914853 -0.449043 0.302397 0.303628
-0.883723 -0.577774 0.299489 0.297301
-0.973683 -0.183657 0.299806 0.304595
-0.922512 -0.463630 0.300372 0.297951
-0.980551 -0.029328 0.307697 0.295849
-0.977400 -0.229828 0.300967 0.304079
-0.899634 -0.654122 0.302409 0.312526
-0.792562 -1.127291 0.299392 0.309020
-0.852906 -0.994064 0.300569 0.304058
-0.900994 -0.835377 0.299254 0.301134
-0.969569 -0.437049 0.306614 0.306921
-0.960778 -0.391003 0.308979 0.306702
-0.927930 -0.542294 0.304911 0.308664
-0.865937 -0.761980 0.303690 0.297945
-0.947170 -0.620951 0.309755 0.314079
-1.102488 0.054020 0.300509 0.300599
-1.086283 0.221801 0.296377 0.291337
-1.004641 -0.121212 0.303020 0.313817
-0.892742 -0.752942 0.309819 0.323161
-0.974389 -0.680026 0.300480 0.304845
-0.973840 -0.554320 0.305510 0.318087
-1.016676 -0.464133 0.301055 0.307146
-1.087222 0.035483 0.292399 0.292960
-0.942929 -0.490347 0.313174 0.325095
-1.019924 -0.286301 0.291362 0.295597
-1.031553 -0.181338 0.305184 0.304760
-1.120757 0.135645 0.295238 0.302432
-0.981238 -0.247824 0.299193 0.293304
-1.074700 -0.139403 0.297258 0.314336
-0.984971 -0.380704 0.299634 0.303124
-0.887151 -0.794762 0.307279 0.324395
-0.892166 -0.751422 0.297875 0.296072
-1.128132 0.120685 0.307477 0.322919
-0.972571 -0.559793 0.304306 0.314223
-1.003564 -0.306952 0.300394 0.300929
-0.944395 -0.395648 0.302427 0.316467
-1.006608 -0.308472 0.295441 0.298134
-1.007930 -0.341390 0.297452 0.310973
-1.101656 0.073301 0.291906 0.310501
-1.117310 0.221980 0.299720 0.315697
-1.003697 -0.161740 0.294746 0.293336
-1.083639 0.145889 0.295586 0.299408
-1.046535 0.062860 0.297989 0.300201
-1.028492 -0.090315 0.297440 0.296790
-1.078533 -0.125424 0.297804 0.306302
-1.025989 -0.129578 0.305169 0.308556
-1.113447 0.188505 0.294666 0.304925
-0.936985 -0.399662 0.315617 0.319651
-1.102138 -0.097223 0.299348 0.305283
-0.917190 -0.738857 0.303869 0.323157
-1.029331 -0.245061 0.293491 0.294835
-0.932407 -0.434335 0.309015 0.299056
-1.019925 -0.209462 0.285832 0.287032
-1.004890 -0.194155 0.294736 0.296997
-0.935310 -0.551360 0.298979 0.294062
-0.934306 -0.517820 0.300584 0.302150
-0.932267 -0.719475 0.294320 0.290693
-0.932234 -0.647638 0.289351 0.292297
-0.970487 -0.629481 0.294780 0.311082
-1.019827 -0.425023 0.290333 0.308370
-1.024022 -0.216221 0.308569 0.334585
-0.977348 -0.497440 0.295769 0.309587
-0.908219 -0.564388 0.309600 0.304151
-0.990485 -0.303412 0.304715 0.307116
-0.892083 -0.722974 0.300594 0.308382
-0.898766 -0.605728 0.303419 0.296760
-0.885549 -0.814171 0.308029 0.308065
-1.009067 -0.149585 0.300162 0.310882
-0.963098 -0.178799 0.297046 0.297344
-1.066643 0.082850 0.295021 0.311035
-0.911731 -0.479642 0.312243 0.322253
-0.818060 -0.969171 0.307657 0.320768
-0.780204 -0.990886 0.306694 0.321400
-0.873490 -0.805371 0.304450 0.306852
-0.810265 -1.173158 0.305017 0.311723
-0.792586 -1.209071 0.300657 0.291474
-1.053977 0.060213 0.294270 0.285359
-0.971013 -0.346370 0.306373 0.321158
-1.016174 -0.262473 0.303665 0.311530
-1.049824 -0.081381 0.290515 0.285604
-1.054958 -0.293062 0.292557 0.299387
-1.123354 0.110927 0.295751 0.290945
-1.037813 -0.164278 0.298770 0.289089
-1.068193 0.016859 0.297974 0.309419
-1.013789 -0.055056 0.288838 0.297585
-0.934551 -0.531977 0.294216 0.290510
-1.073207 0.113095 0.309727 0.313075
-1.080317 -0.063392 0.297649 0.290037
-0.984302 -0.407254 0.296926 0.306048
-0.950488 -0.380050 0.311167 0.312918
-0.895155 -0.524610 0.309236 0.307588
-1.004654 -0.081742 0.300057 0.302042
