-1.064332 -0.163033 0.308022 0.318024
-0.993516 -0.325665 0.305408 0.297122
-1.014312 -0.157672 0.295951 0.276795
-1.100599 -0.081049 0.298429 0.311422
-1.005078 -0.216067 0.305736 0.301003
-0.925123 -0.774653 0.305339 0.297445
-1.056160 -0.215172 0.298400 0.300883
-1.123160 0.262614 0.298716 0.318537
-1.017644 -0.193212 0.309257 0.305776
-1.060912 -0.090358 0.312718 0.329704
-1.039039 -0.045935 0.301725 0.293359
-0.933418 -0.581974 0.305787 0.300416
-1.014421 -0.378358 0.286311 0.292317
-1.059487 0.023148 0.290006 0.292665
-0.987516 -0.478903 0.286630 0.293929
-0.939683 -0.401070 0.296456 0.294793
-0.950017 -0.344077 0.297219 0.310020
-0.972220 -0.419129 0.302380 0.302124
-1.041007 -0.171372 0.303773 0.304647
-1.145815 0.171786 0.295286 0.304619
-0.974676 -0.386748 0.296908 0.307464
-1.018980 -0.114535 0.294340 0.289401
-0.889377 -0.665033 0.304268 0.297825
-0.980082 -0.359890 0.303943 0.308742
-0.958431 -0.359041 0.300584 0.302056
-1.127186 0.313408 0.300961 0.297853
-1.070489 0.035230 0.306816 0.308475
-1.071521 -0.008289 0.303640 0.308187
-1.021473 -0.150682 0.302821 0.298910
-1.003230 -0.297135 0.299447 0.305295
-0.900003 -0.736414 0.294927 0.293972
-0.886209 -0.633611 0.299401 0.273182
-0.965626 -0.458109 0.296775 0.304986
-0.909175 -0.860942 0.297439 0.301488
-0.931809 -0.704615 0.295174 0.299317
-0.963260 -0.257915 0.307769 0.310577
-0.979308 -0.357439 0.306206 0.303531
-1.013167 -0.254272 0.307400 0.298503
-0.961293 -0.444354 0.309622 0.329227
-0.933307 -0.561737 0.318840 0.318354
-1.011040 -0.253412 0.308300 0.302351
-0.932765 -0.554872 0.307294 0.317308
-1.020759 -0.193354 0.293917 0.296912
-1.002393 -0.293009 0.301912 0.298612
-0.880536 -0.674647 0.313421 0.322698
-1.015782 -0.080612 0.300767 0.306583
-1.044450 -0.059628 0.299961 0.313036
-1.056844 0.015015 0.298047 0.293427
-1.059201 0.069873 0.299540 0.293362
-0.921329 -0.501706 0.302264 0.289191
-0.951931 -0.224660 0.317980 0.305718
-1.032813 -0.057634 0.304611 0.294868
-0.916488 -0.461111 0.305021 0.294935
-0.919971 -0.424013 0.306947 0.312411
-0.960503 -0.320504 0.305648 0.289602
-1.053366 0.009791 0.314078 0.323360
-0.990495 -0.335419 0.292257 0.290469
-1.031943 0.055460 0.303710 0.307745
-1.054834 -0.112108 0.301814 0.322911
-1.019548 -0.097075 0.301528 0.314450
-1.091385 0.267986 0.291185 0.285701
-1.189137 0.481677 0.292142 0.291604
-1.104821 0.244384 0.305109 0.314693
-1.057926 -0.131714 0.298331 0.296051
-0.986859 -0.096756 0.296888 0.299266
-0.913990 -0.354966 0.302968 0.305749
-0.962986 -0.349658 0.308173 0.309118
-0.970688 -0.220885 0.302726 0.304347
-1.036899 -0.210989 0.311259 0.314981
-0.883858 -0.594413 0.308329 0.298019
-0.941981 -0.431945 0.306010 0.314439
-1.046041 -0.146131 0.311289 0.319690
-1.037790 -0.327895 0.308047 0.318620
-1.062252 -0.258153 0.299037 0.309949
-1.000419 -0.523360 0.296613 0.282434
-1.005952 -0.467797 0.307133 0.308025
-1.022146 -0.323024 0.315463 0.323334
-0.944382 -0.559576 0.300419 0.296419
-1.074697 0.139009 0.303573 0.307014
-1.061118 -0.114124 0.294023 0.287247
-1.043943 -0.321346 0.297233 0.309162
-0.992244 -0.474036 0.310472 0.304157
-1.002441 -0.460451 0.297101 0.292387
-0.931939 -0.708726 0.308210 0.318915
-0.979304 -0.504319 0.302930 0.311378
-1.082279 -0.112729 0.303462 0.299435
-0.941298 -0.582217 0.305647 0.317775
-0.995623 -0.538967 0.306931 0.317208
-1.068271 0.119482 0.307996 0.315750
-1.050272 -0.053354 0.306209 0.304897
-1.071229 0.027685 0.300385 0.313818
-0.810534 -1.022165 0.297600 0.299435
-0.944830 -0.581504 0.310337 0.306544
-0.911018 -0.625451 0.297250 0.275828
-1.042575 -0.205855 0.301890 0.300279
-0.874345 -0.708030 0.300397 0.297821
-0.915958 -0.540877 0.314538 0.314868
-0.998651 -0.150692 0.303060 0.307828
-1.062768 -0.030798 0.296009 0.304726
-0.891473 -0.502875 0.303186 0.293620
-0.954232 -0.388684 0.310872 0.317154
-0.882499 -0.675187 0.304115 0.307051
-0.747119 -1.399894 0.303006 0.300780
-0.915806 -0.514238 0.302432 0.293154
-0.950361 -0.183895 0.302938 0.288080
-0.902263 -0.370535 0.306330 0.313803
-1.007114 -0.003381 0.298179 0.284880
-0.939413 -0.330346 0.298496 0.293558
-0.974682 -0.193691 0.304703 0.292272
-1.031934 -0.072062 0.302254 0.317199
-0.976704 -0.344490 0.326446 0.317961
-0.979393 -0.114099 0.299914 0.290657
-1.033057 0.049751 0.306225 0.309869
-0.895625 -0.662866 0.307317 0.309341
-0.849739 -0.930312 0.306427 0.293006
-0.981407 -0.267402 0.299429 0.310719
-1.013218 -0.287022 0.306657 0.321952
-1.000958 -0.377194 0.286098 0.289236
-1.022739 -0.291921 0.297264 0.296688
-0.883670 -0.579541 0.311302 0.314163
-0.916577 -0.683331 0.308525 0.328864
-0.859120 -0.996090 0.306262 0.302036
-0.877148 -0.874070 0.303494 0.280674
-0.973139 -0.298750 0.311056 0.315102
-1.068832 0.182094 0.301612 0.298973
-0.966590 -0.317281 0.307422 0.281255
-0.952163 -0.491830 0.290641 0.274630
-0.942152 -0.412599 0.301478 0.304398
-0.996220 -0.311258 0.297176 0.287319
-1.050637 -0.183581 0.299901 0.295183
-1.079642 -0.058692 0.312412 0.318821
-1.043964 -0.155191 0.293067 0.245628
-1.124272 0.255711 0.301607 0.304920
-0.995201 -0.190568 0.297520 0.299019
-1.046409 -0.061516 0.298516 0.301547
-1.002885 -0.369787 0.295187 0.301629
-0.832178 -0.862059 0.289618 0.274579
-0.865322 -0.535491 0.309976 0.295427
