-1.046350 -0.421259 0.285228 0.276537
-1.010057 -0.461137 0.294784 0.305892
-1.057343 -0.235884 0.295457 0.291344
-0.927712 -0.707344 0.311468 0.310266
-0.863890 -0.995627 0.296967 0.301089
-0.957621 -0.255941 0.307219 0.301723
-1.047990 -0.035770 0.306271 0.317181
-0.970151 -0.596056 0.295146 0.298428
-1.020227 -0.346821 0.295860 0.299807
-1.002804 -0.323026 0.296364 0.299488
-0.959985 -0.599304 0.299288 0.309822
-1.095673 -0.004172 0.305846 0.307485
-1.039347 -0.239983 0.297051 0.285838
-1.006363 -0.156500 0.298593 0.296450
-0.930070 -0.618357 0.309564 0.314899
-1.177710 0.411682 0.300147 0.304523
-0.997392 -0.274205 0.299051 0.299254
-1.048981 0.130229 0.303841 0.304520
-1.093748 0.108990 0.303769 0.309977
-0.990599 -0.434034 0.293939 0.304943
-1.021741 -0.092797 0.290144 0.295224
-1.160451 0.385621 0.306259 0.303771
-1.009527 -0.392888 0.294229 0.293778
-0.961942 -0.393145 0.299032 0.305520
-1.074780 -0.111586 0.301112 0.310398
-1.055381 0.058060 0.294703 0.291767
-0.969571 -0.341320 0.298100 0.310876
-0.967457 -0.433207 0.305158 0.307284
-1.164110 0.328686 0.302162 0.300088
-1.084427 0.113015 0.296977 0.305407
-0.852906 -0.862437 0.308030 0.311858
-0.901898 -0.844824 0.300776 0.295478
-0.952247 -0.801087 0.298451 0.294722
-1.043465 -0.064596 0.300223 0.302410
-1.076553 -0.112353 0.299463 0.303955
-1.105720 0.243369 0.309698 0.307559
-1.108882 0.173747 0.297321 0.292347
-0.928826 -0.540265 0.309160 0.308596
-1.021262 -0.124692 0.299693 0.292000
-0.845087 -0.866318 0.305509 0.309684
-0.824495 -1.162165 0.304905 0.313875
-0.928548 -0.765528 0.299915 0.292226
-0.943860 -0.483477 0.302315 0.297157
-0.985296 -0.380257 0.313365 0.326006
-0.990062 -0.236603 0.313688 0.325490
-1.003322 -0.235369 0.310658 0.303118
-1.128727 0.109658 0.303970 0.305560
-0.995713 -0.279555 0.305161 0.318130
-1.020101 -0.053363 0.301249 0.307999
-1.067266 -0.005885 0.288286 0.292299
-1.143169 0.220073 0.300472 0.291160
-1.040953 0.051258 0.306407 0.314094
-1.054216 0.021048 0.296532 0.294103
-0.887166 -0.653653 0.296062 0.304509
-0.968164 -0.333364 0.300593 0.305475
-0.907531 -0.478374 0.304268 0.302299
-0.996989 -0.365145 0.296964 0.296404
-1.007445 -0.499533 0.296434 0.308741
-0.999730 -0.402565 0.301164 0.306755
-0.953973 -0.511526 0.295712 0.286199
-0.937359 -0.496103 0.305148 0.306468
-1.037392 -0.153997 0.294556 0.304279
-1.014536 -0.140901 0.295475 0.289052
-0.976588 -0.213629 0.301338 0.309977
-1.056498 -0.007060 0.295947 0.306737
-1.020132 -0.038082 0.304235 0.317660
-0.927746 -0.385565 0.297523 0.282103
-0.980340 -0.255035 0.294998 0.299170
-0.875585 -0.497067 0.311902 0.300784
-0.865458 -0.735425 0.318579 0.307358
-0.902990 -0.584400 0.305200 0.285907
-0.995699 -0.235222 0.307023 0.311000
-1.016771 -0.571351 0.292748 0.314323
-0.947137 -0.727421 0.295489 0.303619
-0.930120 -0.434512 0.294460 0.291724
-1.081240 -0.013697 0.302395 0.315508
-1.039986 -0.127441 0.306354 0.313951
-1.054209 -0.083873 0.307826 0.317458
-1.053929 0.034593 0.303928 0.307551
-1.044547 -0.168690 0.297647 0.310117
-0.959396 -0.482191 0.296263 0.298402
-0.983693 -0.322735 0.297673 0.300603
-1.005031 -0.333581 0.295977 0.297404
-0.944254 -0.492597 0.309189 0.319795
-0.981823 -0.393700 0.307248 0.313778
-0.963016 -0.153778 0.317489 0.310990
-1.079153 0.165488 0.305720 0.294297
-1.052992 -0.015679 0.303914 0.304139
-0.968038 -0.443004 0.306246 0.304869
-1.109830 0.190305 0.297919 0.294023
-0.909335 -0.498709 0.305049 0.296446
-0.979025 -0.063133 0.305531 0.310114
-1.112151 0.198610 0.301993 0.300210
-1.151419 0.260464 0.303367 0.305512
-1.085851 0.072106 0.293449 0.294981
-1.136321 0.317686 0.302351 0.304975
-0.972558 -0.566877 0.304928 0.315444
-0.922554 -0.662275 0.307779 0.316598
-0.974347 -0.539630 0.305384 0.300319
-0.914762 -0.710578 0.309645 0.316298
-1.012553 -0.442209 0.305127 0.309629
-1.115508 0.062758 0.308941 0.299749
-1.038821 -0.073162 0.301626 0.313866
-0.985191 -0.401173 0.303281 0.300069
-1.002829 -0.397907 0.293985 0.307953
-1.033926 -0.102884 0.301816 0.311260
-1.008633 -0.158997 0.295568 0.293855
-1.022539 -0.050591 0.294839 0.301962
-1.122264 0.139755 0.292988 0.297981
-1.013880 -0.176975 0.301429 0.302072
-1.018318 -0.249475 0.306123 0.318615
-0.879310 -0.701797 0.305294 0.311882
-0.937790 -0.431119 0.306391 0.308134
-0.932537 -0.721472 0.306155 0.316781
-0.873831 -0.974820 0.303570 0.311775
-0.960588 -0.453729 0.288283 0.287415
-1.003788 -0.182316 0.301532 0.312764
-0.944076 -0.501181 0.293476 0.288552
-0.967186 -0.477457 0.294006 0.299481
-0.934997 -0.317473 0.307149 0.318043
-1.035807 -0.111195 0.317126 0.327352
-1.064160 -0.115341 0.306536 0.302917
-1.148185 0.321755 0.305483 0.291203
-1.047416 -0.096863 0.298591 0.281313
-1.030791 -0.090889 0.293831 0.304110
-0.923190 -0.741005 0.291733 0.299139
-0.897911 -0.685570 0.290810 0.295690
-1.071398 -0.095415 0.297056 0.296553
-1.106513 0.157954 0.303238 0.303168
-1.120275 0.286235 0.303889 0.304647
-1.208171 0.437124 0.290436 0.291904
-1.094002 -0.128926 0.289310 0.285888
-1.064982 -0.175019 0.291008 0.297577
-1.196649 0.330383 0.290185 0.297063
-1.168383 0.206754 0.292071 0.312063
-1.182501 0.248683 0.294777 0.305123
-1.096972 0.139916 0.294935 0.292803
-1.031316 -0.141157 0.308011 0.321165
-1.059075 -0.219081 0.303747 0.316611
