-1.031404 -0.151319 0.306969 0.320040
-0.737651 -1.105514 0.300796 0.298317
-0.851481 -0.684147 0.317535 0.314920
-0.888397 -0.433444 0.301617 0.298651
-0.832819 -0.876719 0.301209 0.300394
-0.901410 -0.664142 0.307124 0.313947
-0.981869 -0.314777 0.293997 0.294414
-1.055688 -0.056957 0.300803 0.308557
-0.983885 -0.288341 0.299017 0.298664
-0.955971 -0.643900 0.299119 0.307776
-0.975134 -0.440464 0.301387 0.287679
-0.987301 -0.590981 0.302886 0.314695
-1.145644 0.080359 0.304837 0.320672
-1.020011 -0.597482 0.296578 0.301318
-1.035221 -0.196065 0.289258 0.292662
-0.921229 -0.455346 0.297342 0.296252
-0.920115 -0.662901 0.303633 0.312689
-0.945380 -0.670569 0.286451 0.274337
-0.843546 -0.898253 0.286911 0.279674
-0.964564 -0.431872 0.300099 0.303739
-0.984577 -0.292804 0.300111 0.281888
-1.010570 -0.133947 0.301264 0.285770
-0.972557 -0.296007 0.298274 0.288446
-0.917107 -0.496206 0.318033 0.317933
-1.030985 -0.093700 0.302912 0.292801
-1.001851 -0.052064 0.313409 0.338194
-1.010449 -0.384212 0.295378 0.303851
-1.005802 -0.529465 0.301664 0.292534
-1.033176 -0.001783 0.301327 0.303913
-1.037960 -0.008179 0.309512 0.306939
-1.057729 -0.099301 0.311200 0.303170
-0.979764 -0.334206 0.308419 0.323777
-0.908874 -0.857386 0.302781 0.302714
-0.938853 -0.745110 0.308892 0.302615
-1.008677 -0.388485 0.294742 0.312486
-0.980988 -0.190537 0.298307 0.287821
-1.068643 -0.162022 0.288654 0.297769
-0.813084 -1.172942 0.290623 0.302192
-1.047077 0.039173 0.305559 0.301775
-1.140686 0.202667 0.285059 0.292250
-1.021987 0.090675 0.297392 0.315980
-1.063900 -0.111540 0.295733 0.307368
-1.041506 -0.303182 0.297361 0.298275
-1.041491 -0.192726 0.291256 0.288321
-0.958500 -0.340510 0.300261 0.284126
-1.044843 -0.045116 0.301517 0.305903
-0.958559 -0.462868 0.300602 0.316782
-1.101843 0.070129 0.291852 0.282784
-1.038799 -0.445718 0.287262 0.287935
-1.081504 -0.002746 0.300343 0.307792
-0.926077 -0.455769 0.299447 0.295929
-0.951201 -0.252263 0.302478 0.299690
-0.954063 -0.436238 0.307759 0.302755
-0.924672 -0.540453 0.300192 0.299579
-0.992497 -0.223450 0.294641 0.295988
-0.920322 -0.517839 0.300800 0.295232
-1.103217 -0.000100 0.296031 0.300501
-1.215245 0.475573 0.301345 0.305804
-1.120927 0.184171 0.304356 0.298993
-0.985720 -0.182981 0.311250 0.320719
-1.079013 -0.067968 0.295917 0.284263
-0.940466 -0.634376 0.312014 0.322273
-1.077326 0.073979 0.308416 0.306924
-1.078540 0.136794 0.310771 0.319642
-1.005682 -0.022296 0.305388 0.312162
-1.170633 0.435140 0.285420 0.252429
-0.988345 -0.170091 0.291821 0.283917
-0.932904 -0.369159 0.303730 0.293454
-0.941121 -0.574015 0.310310 0.312296
-0.927838 -0.459449 0.310923 0.309849
-0.933372 -0.486430 0.308591 0.296352
-0.913955 -0.570197 0.326217 0.330279
-0.977920 -0.473346 0.303762 0.301580
-0.985157 -0.498729 0.298873 0.296835
-0.869856 -0.719588 0.301163 0.307532
-1.021026 -0.079778 0.300204 0.290402
-1.063850 -0.108824 0.298330 0.299855
-1.027582 -0.115338 0.310201 0.309836
-1.089277 0.208074 0.300525 0.299734
-1.019404 -0.112282 0.295787 0.294516
-1.028470 -0.137307 0.299648 0.307810
-1.061406 0.104699 0.304391 0.311656
-1.016478 -0.316835 0.299373 0.306496
-0.940562 -0.520949 0.303356 0.299798
-0.982297 -0.473116 0.301427 0.300108
-0.980534 -0.377334 0.302599 0.306276
-1.004654 -0.466504 0.293403 0.311195
-1.066451 -0.104314 0.293295 0.296314
-0.924426 -0.559029 0.295140 0.298977
-0.980145 -0.531717 0.299974 0.310131
-0.929911 -0.727505 0.304285 0.321501
-0.817481 -1.294379 0.302079 0.316840
-0.987297 -0.703360 0.299769 0.308771
-1.039949 -0.105881 0.290184 0.291545
-0.986453 -0.483045 0.309669 0.322657
-1.045921 -0.061788 0.295891 0.307754
-0.989150 -0.334887 0.310011 0.316074
-0.922768 -0.530656 0.314108 0.314578
-0.921262 -0.658779 0.305505 0.308163
-0.998670 -0.499315 0.293021 0.299208
-1.085126 0.060491 0.300281 0.313025
-1.112424 0.178570 0.293102 0.306965
-0.987858 -0.407612 0.301858 0.324296
-1.041770 -0.081632 0.301048 0.299270
-0.942692 -0.560404 0.312418 0.302885
-1.081123 0.216925 0.319392 0.308281
-1.077936 -0.077063 0.304791 0.319634
-1.059092 -0.036171 0.294196 0.307207
-1.120037 0.242261 0.292900 0.297104
-1.059271 -0.006911 0.296374 0.303494
-1.016564 -0.012571 0.304943 0.302967
-1.016535 -0.012659 0.308116 0.313344
-1.009279 -0.346181 0.302953 0.305962
-1.017238 -0.459099 0.300346 0.304736
-0.989443 -0.213028 0.306133 0.307016
-0.930598 -0.379434 0.300129 0.292145
-0.920035 -0.532969 0.304891 0.310384
-1.013974 -0.306210 0.304009 0.297311
-1.015677 -0.105277 0.295198 0.298078
-0.974485 -0.290020 0.294367 0.302892
-1.023373 -0.087707 0.300395 0.303242
-1.086785 0.141990 0.295065 0.280605
-0.905756 -0.678210 0.304292 0.314525
-0.975203 -0.185530 0.307634 0.309278
-0.932551 -0.460895 0.309044 0.295556
-0.931038 -0.486115 0.309784 0.305545
-1.003441 -0.207897 0.310286 0.309803
-0.991845 -0.197809 0.301842 0.294527
-0.960021 -0.323532 0.298703 0.284399
-1.002535 -0.376498 0.301401 0.299011
-0.982944 -0.375250 0.296650 0.305491
-0.997303 -0.446919 0.291470 0.299900
-1.157195 0.336483 0.309465 0.321990
-1.238843 0.578299 0.307790 0.303344
-1.074001 0.075403 0.291639 0.295612
-0.944927 -0.525318 0.310078 0.320981
-1.016554 -0.247618 0.303576 0.308627
-0.876406 -0.595088 0.309969 0.319591
-0.951939 -0.397304 0.301049 0.285864
