-0.922805 -0.321298 0.301580 0.292781
-0.969086 -0.171319 0.305163 0.297807
-0.876942 -0.693676 0.314546 0.324222
-1.056034 0.064408 0.297856 0.297938
-1.098900 0.055523 0.293794 0.299518
-0.941279 -0.442302 0.308023 0.314506
-0.962627 -0.328118 0.311405 0.318694
-1.040140 -0.160762 0.302297 0.302683
-0.977703 -0.319802 0.298661 0.307330
-0.936269 -0.427107 0.306688 0.305370
-1.055663 -0.075502 0.298702 0.304717
-1.070644 -0.129390 0.300691 0.310609
-1.052454 -0.125534 0.299838 0.298034
-1.089955 -0.318402 0.305927 0.330640
-1.139024 0.079531 0.298474 0.302064
-1.032829 -0.232193 0.299654 0.302207
-1.045982 0.035690 0.294618 0.302887
-1.041828 0.150476 0.304044 0.318628
-1.029061 -0.050839 0.294428 0.285583
-1.025020 -0.243853 0.294864 0.299477
-0.852165 -1.067571 0.300895 0.300577
-0.929143 -0.475346 0.295795 0.300285
-0.812715 -0.860935 0.299174 0.297766
-1.033024 -0.088608 0.297373 0.297260
-0.999063 -0.278398 0.309739 0.323098
-1.002661 -0.101306 0.303245 0.302737
-0.887545 -0.660625 0.304759 0.316150
-1.026062 -0.147773 0.295488 0.319184
-1.021942 -0.275042 0.297707 0.298380
-0.989663 -0.300712 0.303018 0.293894
-0.926395 -0.465634 0.317721 0.316067
-0.825859 -0.908649 0.314890 0.317086
-1.005014 -0.184764 0.299175 0.297532
-1.033372 -0.351433 0.303625 0.299459
-0.952722 -0.653613 0.292285 0.275202
-0.945434 -0.608779 0.288951 0.280109
-1.015831 -0.091805 0.302913 0.305811
-1.061489 0.116689 0.295518 0.290199
-0.982800 -0.258201 0.299603 0.298155
-1.073020 -0.099517 0.299651 0.310226
-0.888653 -0.683490 0.307251 0.307083
-0.909108 -0.597675 0.292930 0.298442
-0.791522 -0.870391 0.289790 0.290200
-0.856635 -0.471175 0.305132 0.292831
-0.863228 -0.651716 0.314399 0.291242
-1.049735 0.162536 0.310398 0.314093
-0.966270 -0.232379 0.305547 0.311549
-1.099523 0.250893 0.298626 0.304926
-0.956299 -0.447591 0.304323 0.307369
-0.909246 -0.842500 0.304341 0.301627
-0.922981 -0.711120 0.309243 0.321170
-0.894511 -0.842440 0.307670 0.307231
-0.936049 -0.542648 0.294673 0.297976
-0.987514 -0.322357 0.305904 0.309705
-0.970117 -0.213054 0.314663 0.310143
-0.916075 -0.398389 0.311376 0.302256
-1.023226 0.032306 0.314865 0.312661
-1.056907 0.203555 0.310317 0.294810
-0.923484 -0.684293 0.298695 0.302384
-0.931709 -0.625532 0.304495 0.308228
-1.080992 -0.170086 0.296623 0.305277
-1.057830 -0.191318 0.300633 0.316593
-0.941494 -0.257083 0.308842 0.307918
-0.879948 -0.534415 0.306151 0.314488
-0.903845 -0.743966 0.305247 0.294919
-0.962410 -0.255933 0.306611 0.311393
-0.962091 -0.278647 0.317565 0.328288
-0.872807 -1.039403 0.313899 0.310122
-0.970647 -0.746567 0.307954 0.292120
-0.817007 -0.822973 0.312813 0.308281
-0.965044 -0.233341 0.313665 0.299892
-0.890480 -0.501262 0.323462 0.332055
-1.101813 0.258319 0.301146 0.310616
-1.116007 -0.110493 0.300653 0.316794
-1.062899 -0.073460 0.299558 0.303455
-0.990317 -0.476839 0.293583 0.289866
-1.034243 -0.280566 0.293755 0.286539
-0.953921 -0.568444 0.300670 0.308648
-0.959825 -0.729204 0.297355 0.294592
-0.985056 -0.417527 0.296596 0.302697
-1.044770 -0.287082 0.291053 0.301953
-1.183445 0.448930 0.298321 0.295436
-1.105215 0.066177 0.296267 0.306931
-0.966394 -0.441153 0.310668 0.314687
-1.125923 0.146951 0.306425 0.312397
-1.057393 0.004873 0.297055 0.292869
-1.154027 0.059541 0.289997 0.289168
-1.092747 0.049031 0.296904 0.302167
-0.947094 -0.333726 0.298677 0.301997
-0.916107 -0.549724 0.295242 0.290991
-0.904894 -0.896396 0.298619 0.304264
-0.999051 -0.334005 0.302852 0.314155
-0.987043 -0.565420 0.305202 0.333062
-0.802837 -1.224831 0.299965 0.299380
-0.796095 -1.372275 0.298101 0.307983
-0.875468 -0.831645 0.303772 0.316080
-1.057847 -0.101783 0.299875 0.304899
-0.997201 -0.309280 0.303778 0.309138
-1.048372 -0.110348 0.299213 0.303645
-1.056595 -0.047139 0.294691 0.296308
-1.003136 -0.490241 0.298615 0.306868
-1.071042 -0.096091 0.306292 0.313421
-0.928164 -0.768327 0.304029 0.312520
-0.950196 -0.400192 0.301412 0.305230
-0.986174 -0.306810 0.295145 0.296947
-0.985622 -0.332878 0.293419 0.279091
-1.076378 0.006422 0.300261 0.303855
-1.063467 -0.152918 0.295082 0.303966
-1.063396 -0.016410 0.307700 0.315643
-0.979654 -0.385151 0.297805 0.304159
-1.014089 -0.345640 0.290021 0.284321
-0.912783 -0.689762 0.292775 0.287335
-0.954789 -0.540628 0.292713 0.282067
-0.938265 -0.473909 0.303113 0.299371
-1.081647 -0.040068 0.304098 0.311849
-1.043305 -0.226804 0.301913 0.305595
-1.053539 -0.236085 0.313248 0.324835
-0.911836 -0.588757 0.301502 0.301766
-0.915317 -0.792553 0.306579 0.320061
-1.067445 -0.062828 0.300633 0.311041
-0.900279 -0.801821 0.300106 0.305635
-0.959082 -0.493329 0.301207 0.295248
-0.901574 -0.685332 0.302636 0.308436
-0.879279 -0.606874 0.315112 0.307873
-0.959645 -0.456795 0.302956 0.312801
-1.113065 0.016628 0.291321 0.302218
-0.961807 -0.443749 0.311062 0.321557
-0.937930 -0.401966 0.307460 0.308616
-0.896564 -0.661157 0.315810 0.315596
-0.895939 -1.069845 0.311753 0.316216
-1.048335 -0.108583 0.303043 0.313201
-0.955039 -0.570153 0.302906 0.307032
-0.982733 -0.258989 0.299736 0.308005
-0.968578 -0.334247 0.314030 0.306849
-1.067977 0.026762 0.314114 0.310306
-1.099665 0.103011 0.296368 0.291340
-1.107283 0.161740 0.300321 0.307274
-1.070174 0.100824 0.310827 0.315992
-0.944608 -0.399685 0.296344 0.294203
