-0.994023 -0.464902 0.301769 0.298130
-0.972515 -0.648524 0.287955 0.277702
-1.075298 -0.198299 0.294308 0.317076
-1.003533 -0.363096 0.290628 0.296148
-0.927557 -0.641392 0.309168 0.314339
-0.772772 -1.269051 0.304087 0.310711
-0.915718 -0.535858 0.302453 0.309428
-0.958396 -0.417020 0.301595 0.282373
-1.017326 -0.096901 0.303269 0.289173
-1.005536 -0.014275 0.316717 0.306710
-0.986623 0.040204 0.304656 0.299343
-0.943035 -0.406490 0.311591 0.316492
-1.190288 0.492245 0.305701 0.307407
-1.218430 0.452110 0.303576 0.315467
-0.935881 -0.651337 0.301966 0.300534
-1.059871 0.006649 0.294460 0.293904
-1.006571 -0.182973 0.306304 0.307204
-1.048309 -0.149229 0.296833 0.290715
-0.962117 -0.401183 0.299880 0.296582
-0.959773 -0.415871 0.304565 0.303953
-0.976898 -0.185034 0.309041 0.300167
-0.892235 -0.648130 0.305007 0.302898
-1.015115 -0.080681 0.303292 0.310450
-0.997920 -0.215748 0.308451 0.289479
-1.016992 0.028669 0.302548 0.297340
-1.023258 0.055033 0.306252 0.304367
-0.917131 -0.402128 0.306951 0.306266
-0.843086 -0.802985 0.305021 0.321580
-0.971681 -0.207032 0.304995 0.317673
-0.906948 -0.597301 0.297979 0.287907
-0.894169 -0.704522 0.295583 0.276662
-0.974122 -0.322105 0.302342 0.307398
-1.084101 0.039691 0.293249 0.306274
-1.038372 -0.039877 0.297483 0.301562
-0.944174 -0.284813 0.297489 0.289855
-0.992107 -0.188132 0.296601 0.300851
-0.933404 -0.581657 0.306993 0.314228
-0.925397 -0.427919 0.298970 0.297190
-1.009151 -0.174913 0.296653 0.291021
-0.941041 -0.516277 0.295652 0.280001
-0.987447 -0.383858 0.298843 0.300989
-0.953720 -0.494355 0.311760 0.311539
-1.083361 -0.116969 0.298579 0.296497
-1.028033 -0.407003 0.298216 0.308688
-1.042210 -0.111542 0.291918 0.298505
-1.138745 0.167232 0.301961 0.300824
-0.965401 -0.310245 0.306744 0.308678
-0.954148 -0.416433 0.299348 0.289740
-1.014110 -0.317713 0.297254 0.317436
-1.034987 -0.257223 0.306745 0.314812
-1.085846 0.079735 0.296377 0.296923
-1.118929 0.159487 0.301631 0.303903
-0.935749 -0.527187 0.307269 0.311851
-0.997150 -0.169494 0.299038 0.288202
-1.079941 0.006001 0.311454 0.326012
-1.084545 -0.015459 0.304536 0.311919
-1.018336 -0.345575 0.292885 0.282740
-0.940429 -0.532750 0.299799 0.307573
-0.878681 -0.595898 0.307977 0.313738
-0.906541 -0.342071 0.306498 0.297235
-1.078491 0.235391 0.309388 0.323693
-1.036108 -0.020141 0.314709 0.314746
-0.967737 -0.050575 0.308164 0.295151
-0.903051 -0.609300 0.304246 0.307779
-0.839233 -0.918652 0.299017 0.297741
-1.095211 0.045839 0.310464 0.328104
-1.073184 -0.220664 0.304232 0.326681
-1.090943 -0.236872 0.288993 0.301821
-1.073923 -0.170705 0.285457 0.288095
-1.169171 0.168492 0.299685 0.315172
-1.033253 -0.076812 0.307023 0.308230
-0.876134 -0.653628 0.301721 0.294471
-0.948410 -0.464174 0.308437 0.300427
-0.925026 -0.670288 0.303104 0.288254
-1.112741 0.100862 0.299482 0.310461
-0.982637 -0.585356 0.305360 0.321833
-1.067420 0.125396 0.304798 0.301696
-0.988302 -0.323827 0.292165 0.292433
-1.032218 -0.121274 0.313962 0.320564
-1.098662 0.040325 0.300650 0.302234
-1.100515 0.166436 0.300604 0.305069
-1.034937 -0.073196 0.294867 0.288396
-1.001592 -0.102392 0.297210 0.294470
-0.937404 -0.328788 0.300276 0.294240
-1.125897 0.178315 0.285789 0.295022
-0.989975 -0.092456 0.299267 0.295558
-0.998163 -0.539660 0.305231 0.321640
-1.071728 -0.041992 0.303182 0.308244
-1.018480 -0.253836 0.296013 0.310771
-1.127425 0.136277 0.299028 0.304224
-1.096885 -0.069777 0.287503 0.302251
-1.012842 -0.289334 0.298729 0.310786
-0.925498 -0.784665 0.299648 0.305646
-0.994435 -0.213386 0.296419 0.304740
-1.014785 -0.238283 0.298371 0.297724
-1.092573 0.039336 0.297183 0.314837
-0.955790 -0.597760 0.296751 0.296310
-0.954082 -0.535525 0.298696 0.308501
-0.783627 -0.965186 0.300080 0.312861
-0.920500 -0.528460 0.299196 0.296839
-0.961740 -0.481430 0.302801 0.311125
-1.022074 -0.226880 0.299554 0.320930
-1.115995 0.091372 0.299919 0.302972
-1.124698 0.093625 0.298636 0.304613
-1.009719 -0.128728 0.302686 0.300301
-1.074004 -0.038022 0.297752 0.307366
-1.095724 0.064812 0.297477 0.311306
-1.060162 -0.133605 0.297169 0.303787
-1.051841 0.169614 0.308763 0.309734
-1.087810 0.271262 0.302732 0.312109
-1.041854 -0.245576 0.296266 0.309786
-1.144468 0.162345 0.307092 0.317189
-1.033356 -0.053457 0.308545 0.317547
-1.144633 0.316420 0.306170 0.313563
-1.045000 -0.030877 0.299983 0.305142
-1.036134 -0.125223 0.289547 0.277853
-1.053301 -0.076816 0.305987 0.318808
-1.074707 -0.087673 0.301724 0.316466
-0.936078 -0.729964 0.308513 0.325882
-0.868653 -1.001496 0.305619 0.320858
-0.875570 -0.968252 0.296392 0.292386
-0.945074 -0.429391 0.301379 0.309842
-0.826008 -1.076991 0.296424 0.305651
-0.734973 -1.363192 0.294136 0.294653
-0.987795 -0.223378 0.301568 0.302015
-1.067071 0.014418 0.298931 0.303146
-0.914554 -0.433600 0.308025 0.299331
-1.015429 -0.170398 0.301270 0.310920
-1.067842 0.197098 0.302180 0.298296
-0.927172 -0.426654 0.301850 0.298798
-0.880730 -0.691824 0.303305 0.324393
-0.992397 0.097337 0.307902 0.300883
-0.871176 -0.585664 0.313968 0.294202
-1.007997 -0.162308 0.309714 0.306016
-1.023964 -0.159133 0.307371 0.305931
-1.038695 -0.038235 0.310677 0.318784
-1.104441 0.213681 0.307391 0.297416
-1.089787 0.046839 0.309157 0.322891
