-0.752785 -1.489059 0.310600 0.318292
-0.914492 -0.656334 0.308143 0.324502
-0.949158 -0.391728 0.309329 0.325450
-0.974195 -0.242170 0.300898 0.303214
-1.000417 -0.182697 0.296939 0.295943
-1.056007 0.199209 0.297927 0.288624
-0.950347 -0.342179 0.309071 0.310211
-0.965437 -0.413068 0.303182 0.298854
-1.019992 -0.270695 0.296508 0.310499
-0.947395 -0.451989 0.307006 0.295226
-1.043224 0.015223 0.297697 0.282663
-1.044750 0.018706 0.301267 0.320189
-0.903958 -0.659423 0.296671 0.306618
-0.763256 -1.296848 0.298672 0.287352
-0.973626 -0.428459 0.304079 0.303096
-1.061438 0.194726 0.305147 0.306828
-0.890327 -0.537541 0.309311 0.303307
-1.002972 -0.421157 0.306886 0.314128
-0.980170 -0.415290 0.297199 0.297920
-0.939719 -0.502373 0.303907 0.285841
-1.016244 -0.127480 0.307049 0.309425
-0.920910 -0.345020 0.305144 0.311475
-1.014838 -0.049324 0.298411 0.307375
-1.029908 -0.180913 0.297120 0.300234
-0.974353 -0.389316 0.300845 0.313694
-0.890280 -0.744421 0.300157 0.300542
-0.919062 -0.728361 0.298600 0.300530
-1.017655 -0.198592 0.294984 0.289284
-0.917410 -0.648094 0.308073 0.303801
-0.926652 -0.363626 0.308789 0.285850
-0.963187 -0.504471 0.306378 0.308319
-0.977820 -0.641342 0.307373 0.307261
-0.926789 -0.928305 0.308279 0.310290
-0.929492 -0.473253 0.308142 0.289424
-0.942017 -0.447172 0.312295 0.310184
-0.901684 -0.665682 0.312516 0.310251
-0.871506 -0.783023 0.307891 0.312644
-0.978525 -0.409630 0.304064 0.302551
-1.052215 -0.107300 0.293931 0.303206
-0.955863 -0.541095 0.293145 0.281231
-0.929434 -0.467622 0.295350 0.271888
-1.049679 0.040944 0.312796 0.310578
-0.879579 -0.595767 0.298090 0.287759
-0.884277 -0.687185 0.309966 0.321167
-0.927904 -0.522046 0.301999 0.301943
-0.990206 -0.296791 0.308703 0.301813
-0.996328 -0.400297 0.309489 0.313518
-0.979932 -0.396802 0.296511 0.296591
-1.053446 -0.049019 0.299284 0.305340
-1.037044 -0.076635 0.295253 0.299586
-1.012559 -0.349392 0.296370 0.289058
-1.033318 -0.126594 0.302690 0.296398
-0.955289 -0.472395 0.300788 0.312325
-0.850034 -0.852274 0.308421 0.314070
-0.979870 -0.472884 0.301530 0.313723
-0.979260 -0.509409 0.291736 0.303401
-0.932107 -0.726145 0.286300 0.281237
-1.001261 -0.319606 0.303761 0.307294
-0.933635 -0.387259 0.298094 0.290743
-0.911236 -0.232611 0.317000 0.308970
-0.936076 -0.501419 0.289304 0.293264
-1.029149 -0.235069 0.288128 0.278776
-0.996822 -0.182341 0.301526 0.309364
-1.027165 -0.077087 0.297908 0.305621
-1.072791 -0.050636 0.299741 0.330272
-1.059858 -0.153699 0.300669 0.308146
-1.071270 0.004686 0.292916 0.296331
-0.896260 -0.602828 0.309232 0.301396
-0.884958 -0.693689 0.299547 0.302983
-1.026272 -0.316061 0.292950 0.284914
-0.901286 -0.624599 0.318078 0.332861
-0.987084 -0.216731 0.308167 0.305594
-1.039222 -0.038521 0.308801 0.310510
-1.043436 0.028250 0.310434 0.316210
-0.958616 -0.311094 0.317675 0.317873
-1.019051 0.056141 0.311991 0.310029
-1.022731 0.041995 0.309806 0.309552
-1.036241 -0.095670 0.293513 0.293906
-0.901339 -0.847039 0.302891 0.325601
-0.898970 -0.688372 0.287964 0.288562
-0.952588 -0.519550 0.294457 0.299131
-1.066483 0.028823 0.294874 0.292523
-0.911558 -0.509944 0.302959 0.304892
-0.962950 -0.354931 0.297501 0.280898
-1.013312 -0.137792 0.300124 0.314481
-0.903285 -0.657390 0.309971 0.304257
-1.047395 -0.093105 0.301154 0.319365
-0.961905 -0.523686 0.293983 0.270105
-1.021046 -0.134086 0.301451 0.304820
-1.089894 0.032640 0.296371 0.293676
-1.106951 0.278474 0.302148 0.318950
-1.033773 0.164481 0.305272 0.305057
-1.153118 0.567646 0.299777 0.290703
-0.853384 -0.787869 0.294503 0.287407
-0.838327 -0.778618 0.295333 0.277917
-1.026803 -0.231377 0.295102 0.292053
-1.016257 -0.303239 0.297660 0.303328
-0.979225 -0.671646 0.292971 0.294386
-0.959497 -0.446482 0.302192 0.293175
-0.990595 -0.373828 0.301355 0.310346
-1.062309 -0.183719 0.304854 0.315421
-1.027528 -0.241874 0.302296 0.299911
-0.933798 -0.490021 0.304477 0.307704
-0.957769 -0.464824 0.315456 0.316600
-0.964432 -0.720747 0.313866 0.313556
-0.997566 -0.527134 0.307464 0.302140
-0.932198 -0.686143 0.312168 0.306692
-0.798819 -1.290992 0.311145 0.316184
-0.936191 -0.387252 0.296415 0.297096
-1.036281 -0.159643 0.294816 0.310523
-1.022844 -0.229252 0.292911 0.307025
-0.885264 -0.717909 0.286707 0.290346
-0.947664 -0.609425 0.296655 0.301516
-1.006069 -0.256605 0.295449 0.301266
-0.820979 -1.328707 0.291914 0.307518
-0.869732 -0.846245 0.288975 0.289085
-0.990010 -0.489896 0.284453 0.277812
-1.032179 -0.695164 0.295589 0.304368
-1.057191 -0.408984 0.299172 0.316296
-1.030238 -0.370028 0.294062 0.296094
-1.037885 -0.352444 0.301028 0.303851
-1.107086 -0.117272 0.298995 0.299593
-0.922372 -0.726001 0.296428 0.289109
-0.918003 -0.742317 0.307628 0.324917
-0.943040 -0.399012 0.306643 0.317337
-0.899018 -0.555929 0.310836 0.329951
-0.841843 -0.788872 0.302694 0.302076
-1.034582 -0.191570 0.298896 0.302666
-1.111472 0.265941 0.295956 0.298682
-1.028073 -0.103778 0.302001 0.313983
-1.060896 -0.012171 0.293118 0.285797
-1.042012 0.001127 0.305948 0.322828
-1.033391 -0.006396 0.293641 0.291766
-0.942915 -0.342799 0.306221 0.310177
-1.084278 0.192405 0.300302 0.306082
-1.151875 0.238135 0.290798 0.304891
-1.065990 -0.058292 0.296090 0.315334
-0.988656 -0.525871 0.300597 0.307703
-0.899302 -0.759837 0.298787 0.292207
