-1.021706 0.071430 0.302732 0.310235
-1.035138 -0.005447 0.302513 0.312841
-0.996272 -0.185001 0.295341 0.295475
-0.922713 -0.411027 0.305153 0.313529
-1.129637 0.189281 0.289143 0.296940
-1.096240 0.107521 0.301937 0.302656
-1.117713 0.372686 0.302408 0.308520
-1.132755 0.380034 0.300725 0.313427
-1.090731 0.194277 0.293262 0.290303
-1.019778 -0.325506 0.292435 0.302253
-1.004239 -0.087373 0.297850 0.307661
-0.882838 -0.788614 0.294384 0.305322
-0.994502 -0.355871 0.306100 0.311882
-0.951162 -0.443613 0.308077 0.321879
-1.006298 -0.159123 0.300132 0.294694
-1.040619 -0.112875 0.301604 0.298537
-1.035817 -0.303988 0.297389 0.310475
-0.939742 -0.617734 0.291042 0.273880
-0.982197 -0.446286 0.305331 0.303035
-1.004138 -0.206224 0.303803 0.311682
-0.988130 -0.333578 0.306453 0.305926
-0.999811 -0.211811 0.304834 0.309018
-0.905255 -0.587267 0.310656 0.311633
-0.980674 -0.344525 0.309146 0.305192
-0.966345 -0.372111 0.302448 0.288398
-0.862082 -0.705525 0.309363 0.318293
-1.031752 -0.192818 0.295691 0.279062
-0.945039 -0.385421 0.304987 0.305297
-1.000106 -0.121174 0.294356 0.290631
-0.992987 -0.271047 0.307212 0.307525
-0.821546 -0.823452 0.311020 0.319986
-0.900672 -0.694895 0.311723 0.311829
-0.960198 -0.302862 0.307674 0.310540
-0.980927 -0.229208 0.309887 0.318448
-0.930183 -0.543113 0.296597 0.290239
-0.906069 -0.702092 0.304357 0.306247
-0.755123 -1.458925 0.300741 0.293253
-0.890953 -0.767253 0.305126 0.306840
-0.994679 -0.151306 0.309444 0.313556
-1.093617 0.126067 0.298027 0.287196
-1.045150 -0.438520 0.302299 0.324051
-0.920814 -0.416150 0.315755 0.324924
-0.999945 -0.095781 0.307145 0.300756
-1.013206 -0.148845 0.309047 0.305115
-0.905422 -0.400342 0.318599 0.320123
-0.881939 -0.538435 0.330077 0.343252
-1.132067 0.201806 0.299892 0.313821
-1.077957 0.021757 0.308085 0.317216
-0.957751 -0.226069 0.303467 0.305437
-1.021117 -0.226571 0.290974 0.290830
-1.008225 0.061950 0.296242 0.305560
-0.985387 -0.271442 0.288613 0.298631
-1.009317 -0.207147 0.298449 0.295279
-1.084416 0.142101 0.301244 0.281310
-1.069043 0.088410 0.296872 0.290646
-0.994770 -0.295950 0.297359 0.294706
-0.997474 -0.105525 0.312680 0.317814
-1.003400 -0.493571 0.301077 0.312978
-0.934528 -0.542224 0.298638 0.304350
-1.073641 -0.189252 0.303286 0.305777
-1.067221 -0.059302 0.296272 0.304193
-1.016931 -0.117792 0.304320 0.305341
-1.068932 -0.002377 0.298321 0.305498
-1.013426 -0.410084 0.299279 0.318262
-1.042373 -0.120471 0.299101 0.304058
-1.072114 -0.070733 0.295684 0.305721
-0.896748 -0.384017 0.299209 0.296263
-1.089693 0.149545 0.300171 0.305843
-1.023141 0.028851 0.302693 0.305118
-0.992413 -0.252975 0.308237 0.317116
-1.065976 -0.269019 0.304384 0.315679
-1.059569 -0.300054 0.292069 0.289223
-1.229084 0.414913 0.300833 0.314515
-1.122713 0.154496 0.292805 0.308392
-0.791642 -1.465522 0.289868 0.289399
-0.895406 -0.933060 0.294199 0.307010
-1.020080 -0.184010 0.301388 0.295481
-0.966165 -0.515810 0.302649 0.320295
-0.993469 -0.291998 0.297084 0.280840
-1.108999 0.225635 0.306879 0.309299
-0.999415 -0.140237 0.300922 0.305683
-1.118933 0.114572 0.300705 0.310776
-0.979614 -0.281507 0.300568 0.303717
-1.017685 -0.097143 0.303173 0.304890
-1.008312 -0.214337 0.300474 0.306269
-0.995385 -0.254111 0.286533 0.285800
-1.058120 -0.158084 0.280955 0.276817
-0.768330 -1.354149 0.282972 0.285841
-0.911280 -0.627463 0.298740 0.286781
-0.888375 -0.595237 0.305239 0.300286
-1.067660 -0.181109 0.303664 0.311122
-0.997028 -0.519036 0.294493 0.284457
-1.070574 0.032489 0.303078 0.313831
-1.101127 0.089543 0.291638 0.300969
-1.050696 0.007345 0.298239 0.307376
-0.894827 -0.535785 0.307579 0.301457
-0.859935 -0.785156 0.295447 0.296811
-1.106813 0.273278 0.299135 0.308785
-1.110170 0.199902 0.292501 0.271424
-0.969635 -0.708907 0.296538 0.289042
-0.995182 -0.263618 0.302960 0.311095
-1.002912 -0.368603 0.298016 0.310536
-1.034171 0.076976 0.297337 0.304658
-0.997206 -0.407411 0.307685 0.312170
-0.925134 -0.708929 0.307772 0.317639
-1.077964 -0.141365 0.292405 0.292471
-0.943000 -0.662551 0.292335 0.304302
-1.085342 0.046595 0.295227 0.286804
-1.088849 0.079323 0.304286 0.320571
-0.989999 -0.229238 0.300210 0.291585
-1.052416 -0.191444 0.291271 0.287632
-1.019879 -0.275024 0.288856 0.295205
-0.959746 -0.461098 0.299524 0.307503
-1.031661 -0.359922 0.295991 0.317921
-1.037506 -0.287842 0.302390 0.299670
-0.979086 -0.570830 0.300175 0.309391
-0.918115 -0.737737 0.295045 0.305320
-1.066962 -0.360932 0.292465 0.299642
-1.008240 -0.785450 0.293552 0.319823
-0.933636 -0.790259 0.290987 0.300086
-1.100902 0.232622 0.304948 0.309144
-0.972568 -0.261031 0.301907 0.287551
-0.993963 -0.436394 0.300217 0.304651
-0.990238 -0.240630 0.300281 0.302541
-0.984710 -0.274963 0.307492 0.315517
-1.056954 0.005701 0.303278 0.315551
-1.118412 0.021513 0.299606 0.301987
-1.076746 0.172826 0.303591 0.305185
-1.035338 -0.308237 0.304312 0.317027
-0.900010 -0.622287 0.304315 0.296898
-1.016405 -0.252372 0.299772 0.311853
-0.924717 -0.598014 0.301978 0.289311
-0.899295 -0.735050 0.311813 0.321696
-0.851634 -0.828334 0.311489 0.316654
-0.837541 -0.997876 0.305152 0.304061
-0.972516 -0.370751 0.302627 0.298958
-0.892314 -0.515426 0.311721 0.293389
-0.943718 -0.517633 0.308773 0.317790
-0.928803 -0.635556 0.309901 0.309746
