-1.089372 -0.076578 0.289458 0.279609
-1.089372 -0.076578 0.301563 0.314374
-1.014975 -0.254518 0.305564 0.313227
-1.017884 -0.316956 0.308075 0.323756
-1.203469 0.476940 0.301106 0.298090
-1.141102 0.301779 0.308112 0.298780
-0.974623 -0.353185 0.309038 0.311324
-0.986578 -0.264636 0.300809 0.288438
-0.950421 -0.351953 0.301792 0.297598
-1.024788 -0.195948 0.303856 0.312984
-0.991716 -0.286310 0.294557 0.283509
-1.028540 0.062145 0.304652 0.295648
-0.985156 -0.132725 0.313990 0.306249
-0.978472 -0.429749 0.307614 0.299068
-0.884265 -0.638477 0.305673 0.283387
-0.952609 -0.574700 0.304144 0.315566
-0.913306 -0.656532 0.306790 0.309855
-0.815858 -1.133628 0.305811 0.308295
-0.812309 -1.207597 0.305726 0.310954
-0.935154 -0.689942 0.301447 0.306943
-1.086830 0.029715 0.300194 0.297397
-1.075731 -0.070386 0.299840 0.301599
-1.138233 -0.013287 0.295707 0.318394
-1.086538 0.078819 0.306388 0.307574
-1.074524 -0.139471 0.290149 0.286318
-1.061859 -0.252379 0.295243 0.305181
-0.931762 -0.451842 0.308442 0.311714
-1.097895 0.248427 0.305832 0.304722
-1.122998 0.232016 0.301619 0.308137
-0.977661 -0.370047 0.306017 0.304200
-1.005891 -0.308426 0.303063 0.310385
-1.139149 0.213839 0.306837 0.312310
-1.041872 -0.178069 0.302378 0.303078
-1.061135 -0.182574 0.295259 0.288942
-1.054357 -0.141273 0.299898 0.307655
-1.004767 -0.206611 0.304529 0.297794
-0.976069 -0.348729 0.308502 0.318199
-0.945838 -0.572954 0.302537 0.306907
-0.906856 -0.657544 0.312567 0.316738
-0.912088 -0.680645 0.299765 0.295182
-0.897531 -0.657465 0.303229 0.307678
-0.777916 -1.148611 0.297724 0.278372
-0.844093 -0.846735 0.301048 0.302687
-1.001768 -0.100472 0.305534 0.309823
-1.065998 0.058904 0.296716 0.294016
-1.057682 -0.056642 0.304658 0.327453
-0.962566 -0.664955 0.300288 0.313332
-0.843070 -0.821094 0.294372 0.278005
-1.005328 -0.114304 0.315565 0.334740
-1.041634 0.104503 0.306461 0.320402
-1.002480 -0.579253 0.304388 0.312326
-0.926872 -0.606074 0.307846 0.307045
-0.846961 -1.086404 0.313342 0.321425
-1.043098 -0.134168 0.293548 0.305005
-0.965561 -0.499764 0.300150 0.313098
-1.029097 -0.155003 0.304729 0.309862
-0.986900 -0.404602 0.295284 0.300300
-1.000206 -0.379606 0.304847 0.326601
-0.867590 -0.830480 0.306885 0.309440
-0.964685 -0.423360 0.294617 0.292713
-0.964125 -0.381269 0.311945 0.317328
-1.069204 -0.020643 0.293109 0.290936
-0.940846 -0.421726 0.300729 0.307839
-1.011362 -0.164391 0.301775 0.299532
-0.983233 -0.323282 0.293608 0.298404
-0.817637 -1.173471 0.295604 0.299771
-0.959670 -0.203013 0.304028 0.302315
-0.929750 -0.405056 0.298020 0.276835
-0.933473 -0.481303 0.289050 0.290134
-0.984006 -0.160080 0.299631 0.306789
-0.955310 -0.247954 0.302205 0.297800
-0.903925 -0.518108 0.304305 0.306775
-0.942405 -0.408058 0.307127 0.323925
-0.928391 -0.686749 0.303533 0.306002
-1.054428 0.112750 0.301263 0.297188
-1.038666 -0.008412 0.305519 0.301492
-1.064455 -0.045087 0.305202 0.312996
-1.029086 -0.164745 0.299875 0.300514
-0.877853 -0.699229 0.317474 0.309469
-0.948672 -0.320591 0.300019 0.296912
-0.976773 -0.358488 0.296434 0.301358
-1.010503 0.027499 0.303652 0.302610
-1.039156 -0.036413 0.307867 0.324976
-1.054307 -0.193921 0.293682 0.289281
-1.015831 -0.252340 0.294268 0.292330
-1.023453 -0.207671 0.298540 0.304547
-0.979394 -0.244283 0.306224 0.313529
-1.066650 0.041839 0.298710 0.301850
-1.176430 0.430677 0.304298 0.307373
-1.149465 0.410160 0.301841 0.302590
-0.993285 -0.121540 0.295486 0.273560
-1.009164 -0.323359 0.294759 0.306904
-0.984109 -0.319890 0.300226 0.309813
-1.020078 -0.186724 0.297111 0.303232
-1.023037 -0.097834 0.302132 0.288018
-0.990335 -0.518941 0.309094 0.324806
-1.040310 -0.197069 0.305928 0.316236
-1.051171 -0.177194 0.292421 0.295164
-1.093145 -0.283240 0.301889 0.317281
-1.140434 0.080098 0.287571 0.290114
-1.052307 -0.170507 0.300883 0.308883
-1.031001 -0.242765 0.303697 0.302835
-1.004332 -0.305498 0.310384 0.318431
-0.998665 -0.195224 0.295558 0.301002
-1.061335 -0.064105 0.294069 0.293612
-1.102163 0.151450 0.295903 0.302771
-1.094456 0.288662 0.300143 0.301631
-1.029410 -0.331813 0.298070 0.322495
-1.065184 -0.250624 0.309212 0.332071
-1.107119 -0.082107 0.297606 0.306953
-1.091875 -0.081868 0.290523 0.290259
-1.146511 0.063320 0.291578 0.308496
-1.050886 -0.289833 0.304462 0.314591
-0.978810 -0.451482 0.306568 0.313313
-1.014019 -0.220997 0.304091 0.318791
-1.008952 -0.492657 0.300807 0.307947
-1.017447 -0.407677 0.292800 0.284188
-1.034589 -0.085315 0.294923 0.281119
-0.977545 -0.315732 0.295804 0.298401
-1.093073 0.035479 0.308694 0.322059
-1.052883 -0.213106 0.303759 0.329865
-0.906758 -0.698277 0.304532 0.306761
-0.988044 -0.262821 0.305811 0.305427
-0.885667 -0.533058 0.310061 0.316548
-0.888669 -0.652161 0.308510 0.300900
-0.942613 -0.501775 0.332118 0.323347
-1.021114 -0.044917 0.306252 0.306888
-1.011101 -0.225566 0.297232 0.279585
-1.034187 -0.162180 0.307990 0.314233
-0.936203 -0.529276 0.320311 0.333303
-1.028970 -0.211522 0.289487 0.284782
-0.954452 -0.138839 0.323908 0.328401
-0.853434 -0.761390 0.304935 0.298053
-0.991726 -0.068613 0.301493 0.293801
-0.955245 -0.570991 0.313405 0.314898
-0.923199 -0.706513 0.311390 0.307606
-0.954164 -0.302017 0.301523 0.297336
-0.837844 -0.756355 0.303560 0.299026
-0.931350 -0.346901 0.305575 0.296423
