-1.003603 -0.414490 0.302888 0.318745
-1.015288 -0.049817 0.303329 0.302322
-0.956494 -0.304537 0.308836 0.314560
-0.874315 -0.738542 0.307288 0.312891
-0.981035 -0.371297 0.305780 0.309261
-0.966578 -0.346199 0.307529 0.303191
-0.887071 -0.659511 0.300209 0.300689
-0.884804 -0.677184 0.308734 0.314901
-0.931415 -0.526586 0.311925 0.308286
-0.958477 -0.646700 0.290948 0.300639
-0.847837 -1.185867 0.294313 0.313101
-0.855841 -0.856168 0.292155 0.296278
-0.844299 -1.021090 0.288774 0.298911
-0.903134 -0.600709 0.297272 0.287387
-1.025086 -0.206918 0.294469 0.314201
-1.046703 -0.111948 0.298254 0.307680
-1.079515 0.163812 0.304285 0.316799
-1.019833 -0.142825 0.297735 0.304407
-1.086510 0.265684 0.314445 0.320080
-1.047253 0.052319 0.297775 0.288983
-1.051852 0.114588 0.306685 0.314913
-1.030521 -0.031850 0.305800 0.309403
-1.106385 0.163093 0.301405 0.305106
-1.125784 0.141359 0.297082 0.303545
-0.800897 -0.946352 0.297335 0.303224
-0.897176 -0.518475 0.308075 0.299659
-1.035427 -0.228830 0.297700 0.272817
-1.033446 -0.208043 0.312412 0.323744
-1.053268 0.050858 0.299740 0.301993
-1.113329 0.148426 0.291018 0.301512
-1.138348 0.182128 0.289649 0.295315
-1.061581 -0.329116 0.291620 0.308646
-0.949223 -0.360422 0.300807 0.297948
-0.911034 -0.659272 0.305613 0.311432
-1.028888 -0.292361 0.298107 0.298394
-1.067971 0.109558 0.301598 0.310306
-0.946248 -0.432792 0.300542 0.311442
-1.063815 0.120084 0.305801 0.312459
-1.065987 0.151386 0.306910 0.312788
-1.018174 -0.093888 0.310269 0.315389
-0.933958 -0.650336 0.299777 0.306144
-0.956725 -0.543912 0.297566 0.297154
-1.083847 -0.064075 0.307344 0.314613
-1.095354 -0.002753 0.300241 0.305489
-1.049850 -0.070979 0.317192 0.334465
-1.108208 0.047026 0.298357 0.298944
-0.999654 -0.089255 0.302379 0.310416
-1.025777 -0.120663 0.304318 0.315631
-1.059897 -0.209929 0.290837 0.297517
-1.142182 0.107699 0.285735 0.298545
-1.085108 -0.138804 0.308917 0.315490
-1.020764 -0.291577 0.300007 0.300312
-0.966706 -0.459286 0.303907 0.298265
-1.082055 0.154983 0.302287 0.301906
-0.968516 -0.425231 0.299313 0.296357
-0.963459 -0.463502 0.297413 0.300999
-0.951155 -0.515909 0.293625 0.287260
-1.056873 -0.144672 0.293284 0.298502
-0.920994 -0.560823 0.295882 0.302934
-0.932464 -0.460085 0.301193 0.298374
-0.928905 -0.550945 0.301862 0.294263
-0.781113 -0.881892 0.313864 0.315075
-0.711078 -1.081769 0.303987 0.289729
-0.955567 -0.258528 0.322139 0.317064
-0.890330 -0.652571 0.321375 0.320564
-0.874154 -0.863751 0.314254 0.294291
-0.897112 -0.664194 0.309303 0.303169
-0.927560 -0.432147 0.306692 0.326101
-0.950787 -0.328432 0.303177 0.305522
-1.073803 -0.053559 0.303746 0.315219
-1.065153 0.099717 0.298862 0.295853
-0.962001 -0.389678 0.297266 0.294612
-0.960320 -0.410730 0.293344 0.281719
-0.993177 -0.336654 0.298511 0.304153
-1.044142 -0.142652 0.298778 0.300366
-0.839553 -1.169456 0.301354 0.313528
-0.866213 -1.314552 0.300094 0.305020
-0.847538 -1.026099 0.302009 0.303743
-0.971807 -0.431319 0.298160 0.316925
-1.008633 -0.359096 0.295395 0.301315
-1.020923 -0.139868 0.300546 0.304677
-0.988393 -0.250141 0.305369 0.297646
-0.985743 -0.259056 0.310290 0.307236
-1.017665 -0.204609 0.304148 0.293096
-0.886130 -0.728576 0.307195 0.308716
-0.888713 -0.634637 0.310656 0.309688
-1.069284 -0.236069 0.300765 0.315995
-1.091450 -0.164338 0.297288 0.317652
-0.861828 -0.718365 0.298287 0.303758
-0.973330 -0.418456 0.303974 0.293021
-0.852504 -0.717768 0.304053 0.311643
-0.907646 -0.457459 0.302971 0.301549
-1.057546 -0.016446 0.306739 0.307504
-1.067943 0.099395 0.302045 0.302007
-1.089746 0.098346 0.299062 0.297944
-1.000881 -0.299799 0.294272 0.290339
-1.030987 -0.372941 0.300442 0.301289
-0.934061 -0.492899 0.293420 0.297715
-0.911742 -1.036859 0.299726 0.304468
-1.083277 -0.315648 0.293197 0.292579
-1.020967 -0.135130 0.301138 0.300008
-0.911043 -0.676084 0.302070 0.304062
-0.966107 -0.655433 0.308040 0.320722
-0.943403 -0.726855 0.303395 0.301955
-0.840429 -0.967856 0.308365 0.326853
-1.047672 -0.085272 0.297973 0.308802
-0.900604 -1.085071 0.305525 0.315821
-1.036208 -0.112102 0.305188 0.303943
-0.993905 -0.616678 0.301715 0.310429
-1.079162 0.000276 0.307916 0.313768
-1.026734 -0.307260 0.303847 0.312708
-0.987564 -0.291117 0.304007 0.310752
-0.916472 -0.724929 0.301615 0.308524
-0.878263 -0.866006 0.301751 0.305114
-0.978113 -0.330767 0.309747 0.302937
-1.049018 -0.149547 0.305317 0.320302
-0.977569 -0.366042 0.296305 0.303883
-0.859368 -0.688719 0.297527 0.299087
-0.941798 -0.449258 0.300441 0.311999
-0.938643 -0.450624 0.301078 0.309996
-0.875522 -0.825224 0.304614 0.312676
-0.759296 -1.129422 0.296864 0.280625
-0.759451 -1.118136 0.302581 0.313304
-0.824183 -0.961949 0.298334 0.294624
-0.890138 -0.901430 0.298197 0.293994
-0.955238 -0.600697 0.301450 0.305005
-0.910362 -1.011895 0.304473 0.321179
-0.974470 -0.427384 0.301160 0.299023
-1.133804 0.277808 0.303777 0.309632
-1.025889 -0.256141 0.309464 0.308931
-0.868786 -0.892192 0.304729 0.302741
-0.734863 -1.289901 0.302957 0.297710
-0.860205 -0.899939 0.310624 0.304209
-1.026101 -0.262348 0.314049 0.326651
-1.074020 -0.032028 0.303900 0.311062
-1.092478 -0.018953 0.309324 0.314920
-1.040226 -0.285220 0.307112 0.313717
-1.072279 -0.254301 0.288804 0.298695
-0.980832 -0.280476 0.289820 0.288373
