-1.005936 -0.443678 0.304075 0.326130
-0.993338 -0.280885 0.309497 0.305092
-0.928594 -0.735627 0.309011 0.307005
-0.921611 -0.704851 0.314971 0.336977
-1.074571 -0.087906 0.302442 0.305705
-1.136080 0.122207 0.299545 0.298864
-0.994067 -0.195607 0.302461 0.296442
-1.084696 0.131579 0.303813 0.305331
-0.920853 -0.557994 0.311775 0.302311
-1.184292 0.123649 0.294673 0.294092
-1.013153 -0.324028 0.307450 0.312898
-0.987738 -0.582198 0.309965 0.321904
-1.163838 0.207498 0.306648 0.302853
-1.034378 -0.209689 0.289386 0.290650
-1.098211 0.012218 0.294944 0.301887
-1.081719 -0.116750 0.292445 0.298715
-1.016502 -0.188853 0.296140 0.299625
-1.089415 0.013336 0.291974 0.298123
-1.047495 -0.144345 0.306521 0.288612
-0.965920 -0.363885 0.319013 0.320511
-1.105647 0.215326 0.291913 0.283764
-1.098977 0.161733 0.293239 0.286390
-0.961173 -0.388828 0.306430 0.302009
-1.023165 -0.153628 0.302367 0.296297
-1.027517 -0.441684 0.302058 0.314298
-1.058488 -0.130667 0.291563 0.299692
-0.944479 -0.567534 0.294831 0.304901
-0.947371 -0.627491 0.300292 0.304319
-0.997928 -0.543240 0.297809 0.314896
-1.005831 -0.500592 0.297349 0.289754
-0.960163 -0.537213 0.297940 0.316991
-0.951032 -0.358853 0.303482 0.310935
-0.894013 -0.540179 0.313299 0.318019
-0.814077 -0.861366 0.315738 0.332674
-0.855650 -0.896987 0.309224 0.293516
-0.863433 -0.747652 0.305103 0.293290
-0.947920 -0.742616 0.308673 0.301009
-0.995016 -0.551804 0.293081 0.297552
-0.984723 -0.586182 0.305894 0.324268
-0.950439 -0.528792 0.298504 0.311859
-0.895220 -0.635503 0.297439 0.291363
-0.944469 -0.273879 0.305080 0.299612
-1.023518 -0.047725 0.305512 0.315215
-1.043681 0.026855 0.315487 0.326717
-0.998714 -0.337361 0.317556 0.324118
-1.044838 -0.026793 0.308903 0.291113
-0.978402 -0.299166 0.307927 0.299890
-0.936712 -0.505607 0.304288 0.307945
-1.055613 -0.117174 0.302844 0.319904
-1.071730 -0.099536 0.297782 0.307058
-1.041542 -0.350678 0.292652 0.302898
-0.883400 -0.506110 0.302279 0.306481
-0.975942 -0.251476 0.301443 0.292345
-1.077904 0.158547 0.309090 0.314449
-0.982583 -0.314879 0.298319 0.303044
-1.049807 -0.415486 0.297250 0.306728
-1.000220 -0.275989 0.305032 0.320639
-1.030610 -0.124088 0.289715 0.278022
-0.996564 -0.448236 0.303526 0.297761
-0.944072 -0.536702 0.306490 0.296605
-1.050655 -0.097570 0.288280 0.283141
-1.060658 -0.059258 0.299162 0.306449
-1.107489 0.195179 0.290728 0.283269
-0.930346 -0.529200 0.304191 0.310592
-1.039897 -0.011259 0.292477 0.279354
-0.899709 -0.452373 0.307936 0.305696
-0.846033 -0.830634 0.307152 0.295475
-0.896911 -0.642493 0.299382 0.297477
-0.971296 -0.226692 0.296281 0.289985
-1.070587 0.171939 0.292774 0.299298
-1.027592 -0.114583 0.297868 0.298850
-1.022618 -0.445180 0.297067 0.311690
-1.028353 -0.202394 0.299896 0.318159
-0.936473 -0.374736 0.295982 0.290811
-0.954076 -0.405741 0.297876 0.300235
-0.960490 -0.409874 0.293345 0.286323
-0.917186 -0.595300 0.313535 0.322295
-1.003637 -0.331932 0.304749 0.301203
-1.033308 -0.210345 0.298690 0.305141
-1.025663 -0.074072 0.302799 0.314951
-0.885205 -0.646801 0.301360 0.298966
-0.969021 -0.319435 0.298775 0.293891
-0.987055 -0.266572 0.310155 0.326605
-0.984941 -0.300863 0.304422 0.305852
-1.038678 -0.296617 0.300049 0.331056
-0.936951 -0.437850 0.296421 0.287419
-0.971878 -0.383954 0.294817 0.304253
-1.125468 0.211588 0.293075 0.290148
-0.933758 -0.520779 0.298477 0.285343
-0.996595 -0.214260 0.304026 0.313510
-1.075152 0.121747 0.301094 0.298931
-0.997493 -0.252107 0.307191 0.315344
-0.977760 -0.288120 0.311416 0.314583
-1.042348 -0.030149 0.293849 0.292571
-1.015399 -0.133048 0.304646 0.310620
-0.968417 -0.109029 0.306740 0.315796
-0.907962 -0.445817 0.298632 0.300926
-0.892551 -0.750155 0.299030 0.287488
-0.964940 -0.560604 0.298099 0.296149
-0.841400 -0.805934 0.295510 0.286522
-0.893516 -0.770006 0.305130 0.329867
-0.910261 -0.726335 0.296292 0.302912
-0.895889 -0.754596 0.297112 0.302740
-0.873225 -1.027569 0.297061 0.307933
-0.988138 -0.179817 0.305206 0.299037
-1.016753 -0.074842 0.297073 0.300152
-0.944070 -0.424283 0.304535 0.309262
-1.086442 -0.091881 0.299548 0.308648
-0.965465 -0.419492 0.313551 0.317552
-0.948869 -0.386700 0.304173 0.296919
-0.953497 -0.259089 0.292827 0.282953
-1.017798 -0.075951 0.301188 0.298448
-1.053819 -0.028111 0.294629 0.300066
-1.042803 -0.080669 0.292173 0.294812
-1.025913 -0.111046 0.292829 0.291676
-1.106869 0.127114 0.297509 0.308742
-1.018983 -0.266104 0.291498 0.278753
-0.947188 -0.570985 0.294962 0.309581
-0.957639 -0.550021 0.291608 0.298986
-1.084917 -0.449272 0.293771 0.310265
-0.972831 -0.360463 0.302032 0.302753
-0.900768 -0.853860 0.305468 0.305255
-1.009809 -0.120923 0.301332 0.315299
-1.073538 0.143982 0.304826 0.318902
-1.206183 0.220618 0.293004 0.290869
-1.232921 0.511932 0.292303 0.290045
-1.187225 0.334136 0.301359 0.307303
-0.991908 -0.352001 0.304692 0.308503
-0.980383 -0.271742 0.304915 0.302607
-0.977317 -0.458661 0.300734 0.306007
-0.961992 -0.665139 0.297307 0.308468
-0.815772 -0.837722 0.296140 0.305465
-0.962057 -0.568918 0.296086 0.284137
-0.999386 -0.411199 0.291652 0.306280
-0.958974 -0.673175 0.297752 0.310396
-0.963712 -0.624620 0.302157 0.302859
-0.986704 -0.535814 0.298932 0.317033
-0.907757 -0.781663 0.298620 0.312345
-0.807061 -0.898421 0.291507 0.301948
