-0.956724 -0.324337 0.307621 0.289762
-0.974801 -0.283053 0.307788 0.304142
-1.120981 0.196921 0.305892 0.309105
-1.071374 -0.146281 0.300594 0.307124
-1.065393 -0.136784 0.287687 0.285779
-0.941775 -0.305687 0.310252 0.312324
-0.979097 -0.266464 0.306208 0.307069
-0.975056 -0.082239 0.309417 0.303030
-0.948823 -0.260737 0.313681 0.325887
-0.920068 -0.569072 0.306885 0.314012
-1.052028 -0.030552 0.299539 0.309798
-0.923801 -0.406019 0.304615 0.314408
-0.982804 -0.394056 0.297338 0.304242
-1.101221 0.038952 0.303231 0.318588
-1.257656 0.466461 0.294433 0.305462
-1.100903 0.084722 0.301797 0.308053
-1.177214 0.452453 0.303478 0.305081
-1.071047 0.019907 0.303173 0.313777
-0.964543 -0.410201 0.296339 0.283829
-0.902448 -0.729555 0.302419 0.311050
-0.951911 -0.529105 0.307982 0.334850
-0.932561 -0.510542 0.299037 0.303562
-0.954060 -0.418837 0.302249 0.311972
-0.960607 -0.522082 0.307347 0.302493
-1.003548 -0.267033 0.310311 0.309022
-0.959972 -0.572533 0.301712 0.296827
-0.988158 -0.434513 0.296610 0.299942
-1.035020 -0.309788 0.302025 0.304178
-1.082360 -0.237964 0.292537 0.288190
-1.153406 0.324151 0.305486 0.307661
-1.116095 0.230270 0.310227 0.316495
-1.114310 0.256913 0.301547 0.309407
-1.008981 -0.236679 0.300480 0.300617
-1.079710 0.040246 0.304924 0.308255
-1.042108 -0.045062 0.307173 0.300216
-1.093964 0.162518 0.310496 0.327237
-0.943933 -0.348612 0.302451 0.293655
-0.963562 -0.261043 0.297799 0.281113
-0.926688 -0.641811 0.302115 0.323125
-0.927454 -0.674484 0.298810 0.293096
-0.925087 -0.595396 0.301314 0.286394
-1.002979 -0.084746 0.306604 0.318806
-1.056320 0.094008 0.299544 0.306482
-1.002318 -0.204138 0.295686 0.291970
-1.076013 0.073518 0.302990 0.307333
-1.052705 -0.087751 0.302477 0.299394
-1.043902 -0.158306 0.301091 0.295807
-1.071867 -0.098003 0.301826 0.309413
-0.937441 -0.589687 0.289411 0.301470
-1.016905 -0.188282 0.286234 0.289065
-0.973453 -0.098923 0.296775 0.301650
-0.945978 -0.519526 0.296633 0.302581
-1.081295 0.105874 0.295449 0.302361
-1.199935 0.520014 0.304744 0.306005
-0.968594 -0.128746 0.304353 0.304687
-0.972191 -0.283164 0.297747 0.297531
-0.876586 -0.983346 0.297478 0.296276
-0.828181 -0.897505 0.296785 0.292984
-0.843173 -0.796454 0.298374 0.306520
-0.771474 -1.037575 0.302757 0.319486
-1.023860 -0.073023 0.298059 0.303952
-0.974953 -0.125420 0.301083 0.301558
-1.008815 -0.094904 0.298312 0.306298
-0.947631 -0.303741 0.308816 0.316556
-0.909503 -0.447071 0.300282 0.294505
-0.803496 -0.967164 0.292112 0.282083
-0.865613 -0.880116 0.297910 0.301245
-1.007264 -0.320872 0.301577 0.307978
-0.908640 -0.510073 0.311930 0.309114
-0.972190 -0.318301 0.313717 0.299580
-0.881074 -0.742720 0.313123 0.310259
-0.927456 -0.558900 0.298653 0.310604
-0.982119 -0.346828 0.309592 0.304115
-0.929780 -0.603122 0.308572 0.318792
-0.885748 -0.733492 0.298041 0.291859
-0.912544 -0.691344 0.297866 0.294919
-1.073538 -0.074400 0.293545 0.303159
-1.000322 -0.268416 0.293146 0.298643
-1.046149 -0.059624 0.308025 0.322742
-0.925032 -0.415283 0.299376 0.299165
-0.948044 -0.508849 0.308702 0.337893
-1.066726 -0.049295 0.303524 0.308486
-1.064020 -0.122277 0.303374 0.322405
-0.961345 -0.558134 0.295404 0.311940
-1.167526 0.114422 0.297274 0.289861
-1.157506 0.010043 0.299536 0.307102
-1.071143 -0.002535 0.315403 0.326892
-1.072941 -0.105340 0.293393 0.292409
-0.956312 -0.389799 0.305330 0.298346
-0.909650 -0.513519 0.306977 0.314165
-1.029475 0.092495 0.308925 0.300716
-1.071929 0.137774 0.309303 0.304187
-1.028405 -0.147574 0.300349 0.304126
-1.082921 0.004240 0.292451 0.275918
-1.008547 -0.227908 0.301748 0.309701
-0.948279 -0.387878 0.302647 0.300514
-0.957579 -0.233739 0.303294 0.303399
-0.812230 -0.723020 0.302606 0.307100
-0.908326 -0.446997 0.308952 0.296195
-0.985151 -0.255273 0.312405 0.319565
-0.998360 -0.151526 0.303046 0.312291
-0.998617 -0.152695 0.296203 0.285057
-0.954805 -0.235470 0.311481 0.304726
-0.910184 -0.402812 0.312226 0.302678
-1.006833 -0.339850 0.299875 0.309382
-1.053997 -0.088110 0.300257 0.303934
-1.070716 -0.007466 0.305320 0.305688
-0.918483 -0.719190 0.302016 0.297602
-1.027921 -0.149513 0.297939 0.303768
-0.927401 -0.474239 0.313942 0.310414
-0.926772 -0.637238 0.300787 0.310208
-1.054432 -0.196209 0.299525 0.314576
-0.983286 -0.440534 0.299544 0.315897
-0.876435 -0.692423 0.311190 0.328081
-1.061476 0.037300 0.299117 0.305029
-1.049717 -0.098201 0.292392 0.298039
-0.974471 -0.346035 0.297331 0.320898
-1.026240 -0.283712 0.294902 0.299459
-0.985550 -0.483264 0.302236 0.307174
-1.070713 -0.085544 0.294006 0.298033
-1.103232 -0.057296 0.296508 0.311532
-1.158395 0.157260 0.291473 0.291571
-1.056117 -0.166947 0.301915 0.301869
-1.050901 -0.211075 0.296110 0.295682
-0.967840 -0.582441 0.315694 0.330840
-0.876111 -0.550794 0.299843 0.297805
-0.988876 -0.101481 0.304318 0.306211
-1.002765 -0.263911 0.309169 0.327865
-0.982062 -0.272102 0.310412 0.313262
-1.124951 -0.000279 0.291658 0.308901
-1.048295 -0.248873 0.295230 0.294753
-0.837471 -1.090923 0.299359 0.310553
-0.902000 -0.693666 0.304357 0.304079
-0.964855 -0.327777 0.298680 0.292918
-1.038919 -0.279193 0.295841 0.294696
-1.031713 -0.211576 0.299128 0.299866
-1.003447 -0.330321 0.296301 0.291898
-0.990250 -0.365040 0.307483 0.316138
-0.950764 -0.371208 0.293603 0.283473
