-0.897743 -0.734139 0.302798 0.298769
-0.835878 -0.849235 0.317510 0.326734
-0.922248 -0.511620 0.318550 0.328731
-0.986736 -0.398004 0.306534 0.309781
-1.022429 -0.077881 0.305158 0.303766
-0.998802 -0.217191 0.312143 0.311919
-1.007146 -0.253074 0.311203 0.300315
-1.026233 -0.115017 0.300409 0.282187
-1.068039 -0.064414 0.301630 0.300694
-1.089177 0.010268 0.295306 0.289752
-1.110287 0.118538 0.306428 0.320551
-1.007526 -0.465673 0.311583 0.312888
-1.048121 -0.090412 0.304171 0.303396
-1.003538 -0.259692 0.288217 0.290057
-1.008842 -0.193916 0.294898 0.302049
-1.147151 0.296598 0.286636 0.277950
-1.036109 -0.005106 0.298970 0.305190
-1.147724 0.136969 0.300644 0.307781
-1.068856 0.013765 0.303616 0.308843
-1.109304 0.211901 0.306650 0.299874
-1.044659 -0.172510 0.307937 0.328536
-1.067936 -0.016431 0.304124 0.288577
-0.984071 -0.325448 0.296387 0.291910
-1.001573 -0.124382 0.302380 0.302460
-1.058470 0.082047 0.295536 0.304714
-1.055352 -0.108030 0.298383 0.306598
-1.054564 -0.065763 0.296733 0.307144
-1.054084 0.065180 0.293531 0.294988
-1.028729 -0.086334 0.299901 0.299107
-0.997184 -0.342852 0.291892 0.292951
-1.021448 -0.293609 0.297528 0.302258
-1.031716 0.018546 0.301629 0.306603
-1.011243 -0.272010 0.288058 0.277178
-1.109485 0.046187 0.297333 0.300253
-1.037707 -0.252125 0.296293 0.307807
-1.041631 -0.060406 0.304231 0.321441
-1.059121 0.011962 0.295294 0.294412
-1.052709 -0.085257 0.303829 0.324447
-1.000178 -0.156842 0.299227 0.287175
-1.070355 -0.107322 0.295391 0.302113
-0.975729 -0.448471 0.306649 0.300982
-0.863475 -0.802015 0.315896 0.321736
-0.922975 -0.535822 0.307351 0.303099
-1.015788 -0.323946 0.311031 0.319455
-1.059270 -0.053633 0.298872 0.297537
-0.959963 -0.505191 0.296977 0.298669
-0.955722 -0.664394 0.299828 0.308918
-0.942583 -0.744725 0.304674 0.321129
-1.073064 -0.106119 0.298414 0.314945
-1.044213 -0.147492 0.295212 0.299269
-1.055044 -0.087704 0.298231 0.318114
-0.971175 -0.238959 0.297748 0.284589
-0.796587 -1.195258 0.304289 0.295740
-0.940448 -0.435750 0.307779 0.300934
-0.876501 -0.602575 0.302562 0.293088
-0.995018 -0.392739 0.299002 0.303264
-0.974459 -0.461010 0.301149 0.285151
-1.020082 -0.236437 0.293099 0.281606
-0.938126 -0.581783 0.302403 0.317490
-0.994445 -0.368615 0.292641 0.302129
-0.991537 -0.413987 0.301417 0.305175
-0.969114 -0.669174 0.300561 0.329038
-0.945296 -0.321066 0.298087 0.293145
-0.994820 -0.425162 0.292822 0.279525
-1.081238 0.016508 0.295847 0.297545
-1.032747 -0.144779 0.298456 0.308605
-1.071597 0.141839 0.296316 0.297847
-0.992227 -0.198231 0.304764 0.316972
-1.103820 0.176783 0.300663 0.309972
-1.062859 0.012512 0.298051 0.309381
-1.160966 0.293757 0.291640 0.299568
-0.904565 -0.798679 0.287254 0.282577
-0.939622 -0.393331 0.306903 0.309923
-1.153400 0.219332 0.306748 0.301217
-1.052069 0.230374 0.301217 0.305602
-1.090492 0.207485 0.297471 0.291066
-0.856428 -0.694469 0.306573 0.298127
-0.836218 -0.817976 0.308634 0.302876
-1.031473 -0.147526 0.296829 0.310384
-1.035688 0.037556 0.307717 0.314739
-0.999188 -0.238727 0.310903 0.324114
-1.017076 -0.182457 0.299565 0.303170
-1.121847 0.220611 0.302379 0.321585
-1.027552 -0.307693 0.298254 0.303692
-0.966387 -0.429839 0.304266 0.313616
-0.955792 -0.528508 0.301086 0.313893
-0.953783 -0.497686 0.305310 0.307601
-1.009395 -0.433640 0.293546 0.303449
-0.961954 -0.378554 0.305795 0.296607
-1.028837 -0.146436 0.310849 0.326215
-0.995554 -0.253441 0.305145 0.300675
-0.994120 -0.241706 0.300291 0.300203
-1.036877 -0.067690 0.301089 0.311183
-0.989437 -0.304028 0.299508 0.291798
-0.949346 -0.353935 0.293631 0.283262
-1.057776 0.043781 0.302320 0.301546
-1.096523 0.058375 0.294484 0.291812
-0.996575 -0.240175 0.306170 0.308031
-1.001722 -0.273975 0.305592 0.314889
-0.904803 -0.736610 0.299954 0.301242
-0.868608 -1.078212 0.302093 0.302014
-0.815197 -1.122129 0.300576 0.302133
-0.773294 -1.207737 0.299028 0.291089
-0.970279 -0.399811 0.304174 0.307827
-0.838146 -1.068673 0.303789 0.308497
-0.985521 -0.562106 0.292717 0.298737
-1.040728 -0.051229 0.298916 0.296393
-1.133296 0.170867 0.297892 0.313516
-0.941595 -0.502256 0.306836 0.308101
-0.972058 -0.371074 0.294366 0.279221
-1.037202 -0.002712 0.304685 0.308616
-1.030309 0.022175 0.298083 0.289063
-0.977131 -0.429133 0.300963 0.310543
-1.020808 -0.188384 0.306524 0.312844
-1.011018 -0.477497 0.303592 0.317874
-0.921612 -0.597278 0.300724 0.285918
-0.950806 -0.640645 0.301979 0.316169
-0.885385 -0.887598 0.299761 0.313541
-0.921886 -0.616196 0.302726 0.291833
-1.108399 -0.089173 0.303198 0.326852
-1.140645 0.001183 0.297987 0.309926
-1.043449 -0.291586 0.298727 0.314515
-1.069256 -0.183052 0.295182 0.311604
-1.085027 -0.111300 0.297676 0.300164
-0.985078 -0.267361 0.293023 0.302385
-0.948430 -0.196763 0.303509 0.312133
-0.972271 -0.081832 0.310625 0.309722
-0.990067 -0.346001 0.303788 0.306096
-1.031817 -0.326940 0.292960 0.291365
-1.107448 -0.158652 0.294938 0.301245
-1.017712 -0.224812 0.312952 0.324979
-1.046342 -0.177244 0.307626 0.310890
-0.931997 -0.488843 0.301017 0.280786
-0.952869 -0.485985 0.303507 0.294218
-0.862664 -0.769774 0.299083 0.301187
-0.926384 -0.323858 0.308615 0.307449
-0.949976 -0.384252 0.303320 0.296464
-1.021583 -0.333046 0.303134 0.307458
-0.897372 -0.911823 0.306890 0.303761
