-1.004346 -0.230506 0.297085 0.309840
-0.994038 -0.293938 0.296955 0.308128
-0.894397 -0.669211 0.299240 0.291908
-0.918819 -0.596054 0.292024 0.290674
-0.974987 -0.162644 0.294804 0.289023
-1.020446 0.047055 0.293667 0.285183
-1.089694 0.091968 0.294703 0.302674
-1.052475 -0.064127 0.299512 0.290759
-0.965664 -0.264565 0.307782 0.324133
-0.956284 -0.332230 0.296810 0.268839
-1.014856 -0.124357 0.298435 0.307608
-1.048099 0.149645 0.306233 0.313821
-1.024859 -0.092053 0.294118 0.302193
-1.079653 0.134373 0.307586 0.322342
-1.122878 0.126505 0.303797 0.311399
-1.047426 -0.209959 0.303836 0.317151
-1.057345 -0.094511 0.297316 0.312585
-0.920754 -0.792324 0.291879 0.309774
-1.003307 -0.108515 0.308043 0.299183
-0.969357 -0.338887 0.301983 0.294527
-0.963717 -0.254176 0.314489 0.309905
-0.873906 -0.630675 0.307509 0.295176
-1.041275 -0.429131 0.296920 0.309285
-1.148691 0.111478 0.289978 0.273407
-1.036060 -0.261082 0.304967 0.302342
-1.077513 -0.050499 0.297820 0.304739
-1.092798 0.127406 0.314559 0.328859
-1.064462 0.026015 0.295824 0.288537
-1.000131 -0.109268 0.295814 0.285520
-0.966130 -0.287117 0.292983 0.295532
-0.865345 -0.599793 0.298839 0.296976
-0.943765 -0.347285 0.316404 0.315931
-0.842372 -0.897258 0.306712 0.298696
-1.015110 -0.210019 0.302655 0.310915
-0.997054 -0.277857 0.299602 0.297374
-0.988822 -0.332807 0.298901 0.303859
-0.943787 -0.487583 0.293172 0.285272
-0.983022 -0.314074 0.292332 0.287682
-1.019778 0.031214 0.297123 0.314250
-1.044278 -0.281957 0.296167 0.305238
-1.048575 -0.191383 0.288422 0.288226
-0.917858 -0.587384 0.306587 0.300135
-0.930453 -0.573791 0.311024 0.324113
-1.043686 0.166408 0.310874 0.305964
-1.008606 -0.106898 0.305593 0.301620
-1.082536 0.088653 0.302550 0.305880
-1.101146 0.130731 0.295514 0.276151
-1.025063 -0.047482 0.298755 0.295427
-0.940944 -0.467470 0.298656 0.298229
-0.958913 -0.424801 0.303035 0.316521
-0.977228 -0.354857 0.311741 0.323754
-1.045321 -0.396788 0.302770 0.318510
-1.114338 -0.044608 0.287268 0.297806
-1.147967 0.297203 0.295384 0.310552
-1.018313 -0.313716 0.300819 0.311142
-1.139434 0.376609 0.311431 0.319243
-1.147228 0.351098 0.299475 0.303773
-0.934628 -0.620280 0.303472 0.313776
-0.816031 -1.029778 0.299364 0.301977
-1.148936 0.347535 0.302445 0.313361
-1.105350 0.087573 0.293920 0.292158
-1.117901 0.219866 0.303073 0.302775
-1.122864 0.040497 0.297870 0.302845
-1.082650 -0.099881 0.304800 0.312146
-1.035288 -0.177622 0.302446 0.299200
-0.901143 -0.634748 0.307936 0.313917
-0.933008 -0.596342 0.296842 0.310764
-0.908049 -0.623537 0.294815 0.308397
-0.908661 -0.447088 0.301164 0.300201
-0.958237 -0.589444 0.309105 0.331264
-0.912428 -0.683753 0.293727 0.288327
-0.956444 -0.543645 0.288923 0.275255
-0.991400 -0.466279 0.303479 0.305621
-1.085160 -0.052380 0.300305 0.308371
-1.019526 -0.314707 0.296189 0.284552
-0.872318 -0.878457 0.295797 0.301196
-0.957478 -0.486575 0.296652 0.289116
-0.962469 -0.539711 0.306298 0.300476
-0.969502 -0.416023 0.310975 0.309029
-1.030914 -0.296751 0.294673 0.286520
-1.053736 -0.129613 0.297548 0.311180
-1.004482 -0.296532 0.290159 0.277989
-1.157889 0.082223 0.287627 0.286261
-1.094079 0.181981 0.299665 0.305726
-0.873553 -1.018588 0.303543 0.306967
-0.817983 -1.240602 0.298142 0.298214
-0.867756 -0.813982 0.300661 0.308359
-0.990428 -0.501126 0.305274 0.310860
-1.046896 -0.312264 0.294936 0.308730
-1.041379 -0.150916 0.300970 0.305618
-0.997229 -0.367987 0.301910 0.314788
-1.103972 0.059079 0.297391 0.312467
-1.055285 -0.043826 0.300070 0.305136
-1.119087 0.133740 0.298648 0.308258
-1.070460 -0.015254 0.303144 0.290557
-0.958805 -0.521950 0.304026 0.311773
-0.952664 -0.525139 0.305001 0.313780
-0.990772 -0.283772 0.291009 0.290926
-1.140685 0.335045 0.294081 0.300905
-0.920154 -0.559114 0.300481 0.304289
-0.883411 -0.873086 0.299533 0.308242
-0.841625 -0.830789 0.303523 0.308002
-0.899064 -0.572116 0.314738 0.320715
-0.894675 -0.342902 0.311448 0.317832
-0.945377 -0.209204 0.298998 0.300444
-0.965295 -0.386229 0.290527 0.281307
-1.071110 0.212355 0.298730 0.307686
-0.904738 -0.444795 0.308901 0.304759
-0.973996 -0.541940 0.306395 0.323341
-1.015378 0.004990 0.305360 0.296112
-1.078370 -0.042883 0.296154 0.302992
-1.076050 -0.061590 0.304583 0.306108
-1.120433 0.092144 0.290076 0.295923
-1.034480 -0.028896 0.297944 0.295796
-1.004567 -0.104597 0.294443 0.282085
-1.019445 -0.355538 0.289403 0.302881
-0.996729 -0.281531 0.294275 0.288405
-0.962184 -0.431106 0.301758 0.303870
-1.044319 0.066780 0.292588 0.292417
-1.017784 -0.110615 0.314686 0.308256
-0.978738 -0.344032 0.301572 0.316362
-0.983310 -0.162643 0.304481 0.308701
-0.952873 -0.318999 0.305454 0.314393
-0.939851 -0.396106 0.309764 0.318351
-0.917207 -0.477984 0.304355 0.296316
-1.135934 0.217660 0.298011 0.290954
-1.156974 0.345866 0.295304 0.286743
-1.114927 0.105700 0.308140 0.317686
-1.043050 0.003876 0.301268 0.309272
-1.035036 -0.068971 0.295857 0.299405
-0.953577 -0.418296 0.300248 0.317540
-1.135858 0.255068 0.304805 0.311367
-1.092663 0.108875 0.305456 0.335459
-0.888659 -0.552561 0.310504 0.311329
-0.977886 -0.480646 0.297254 0.306740
-0.934498 -0.512776 0.312551 0.312817
-0.934962 -0.793515 0.306951 0.292880
-1.020898 -0.704361 0.318283 0.327739
-0.958294 -0.712568 0.312653 0.313876
