-0.838913 -0.755892 0.313621 0.320375
-0.816455 -0.785451 0.309768 0.315499
-0.848136 -0.682442 0.323748 0.333077
-0.905439 -0.735785 0.322143 0.300496
-1.062893 -0.196940 0.306413 0.294342
-0.975461 -0.623936 0.300137 0.297828
-0.999362 -0.236315 0.309461 0.315681
-0.993246 -0.250783 0.296404 0.301554
-1.021589 -0.091124 0.302872 0.289431
-1.016017 -0.139111 0.301552 0.304057
-0.967919 -0.383644 0.304580 0.313962
-0.990386 -0.229072 0.303008 0.299384
-1.079759 0.226990 0.300674 0.302780
-1.065970 0.066739 0.302642 0.302355
-0.919865 -0.742780 0.305913 0.304073
-0.939209 -0.686960 0.302678 0.304655
-0.890811 -0.914298 0.304337 0.315145
-0.997390 -0.194209 0.297593 0.305318
-0.965650 -0.378679 0.303632 0.315387
-0.931377 -0.548486 0.309870 0.310493
-1.004771 -0.092618 0.299553 0.290096
-0.893863 -0.553878 0.306398 0.293413
-1.006201 0.037593 0.307251 0.297499
-0.946006 -0.606652 0.303739 0.320546
-0.958122 -0.502843 0.296045 0.310289
-0.861106 -0.951398 0.288445 0.283233
-0.967773 -0.696540 0.303602 0.325058
-0.944097 -0.463055 0.296565 0.282176
-0.934384 -0.462835 0.310059 0.307584
-0.958018 -0.577654 0.292548 0.303149
-0.938609 -0.584238 0.293070 0.282171
-1.081598 -0.086085 0.302142 0.306942
-1.084298 -0.155087 0.298180 0.302700
-1.014959 -0.385987 0.297100 0.300043
-1.032605 -0.293475 0.306844 0.311067
-0.994838 -0.509177 0.305239 0.322424
-1.015521 -0.336863 0.298941 0.305769
-1.041238 -0.323325 0.302510 0.318242
-0.986153 -0.265394 0.308943 0.302272
-0.907216 -0.463481 0.305570 0.295766
-1.029422 -0.309019 0.304765 0.308060
-1.008083 -0.139754 0.302583 0.308580
-1.001141 -0.253868 0.306716 0.313141
-1.014628 -0.290033 0.301849 0.315696
-1.028070 -0.324158 0.298830 0.304626
-0.928272 -0.577033 0.304404 0.311701
-1.042122 -0.025951 0.296801 0.301491
-0.913202 -0.623889 0.293981 0.279069
-0.999641 -0.195343 0.299160 0.318480
-0.974506 -0.509070 0.301537 0.289597
-1.061567 -0.141587 0.298412 0.293511
-0.985789 -0.395845 0.309820 0.323012
-0.977436 -0.296314 0.306872 0.321161
-0.933775 -0.517685 0.299986 0.296885
-0.934705 -0.490858 0.297446 0.290304
-0.911549 -0.343010 0.307561 0.299596
-1.006129 -0.333721 0.301517 0.297469
-1.062432 0.078543 0.296942 0.299002
-0.950230 -0.486667 0.304973 0.305861
-1.127087 0.140563 0.297432 0.304087
-0.922870 -0.554607 0.308710 0.301605
-0.951527 -0.473555 0.304657 0.313952
-1.007965 -0.241633 0.302105 0.317359
-0.998243 -0.046910 0.296504 0.293001
-1.067135 -0.207761 0.286228 0.291572
-0.888731 -0.906136 0.288192 0.293694
-1.051406 -0.075675 0.311477 0.326373
-0.858879 -0.638653 0.314599 0.319430
-0.978582 -0.356072 0.301976 0.297715
-1.037227 0.032943 0.303488 0.307420
-0.840513 -0.913119 0.300372 0.304636
-0.831246 -0.818253 0.303382 0.297885
-0.970595 -0.539864 0.297812 0.304892
-0.961499 -0.848821 0.310356 0.330009
-0.996352 -0.455186 0.298320 0.305194
-0.996266 -0.353815 0.302923 0.304839
-1.080540 0.080086 0.306194 0.312005
-0.920059 -0.474511 0.317406 0.316415
-0.954869 -0.380756 0.307044 0.293076
-0.942769 -0.290685 0.305765 0.290150
-0.978886 -0.387831 0.299202 0.307410
-1.004883 -0.084195 0.306616 0.312602
-0.920324 -0.537311 0.311354 0.312747
-1.084707 0.062535 0.303544 0.298781
-1.042929 -0.069481 0.305035 0.317291
-0.916462 -0.689449 0.292249 0.282018
-0.914438 -0.822371 0.302805 0.310158
-0.933734 -0.744772 0.297503 0.304535
-0.962456 -0.752389 0.302595 0.326866
-0.973303 -0.601733 0.300699 0.304148
-1.066786 -0.044031 0.292205 0.282811
-0.945392 -0.570207 0.297868 0.286551
-1.066572 -0.124209 0.299047 0.308206
-1.026616 -0.060098 0.306549 0.313456
-1.035033 0.041634 0.288882 0.288043
-1.022010 -0.000845 0.293528 0.290250
-0.815515 -0.768051 0.296102 0.295749
-0.831614 -0.740635 0.295988 0.303341
-1.026217 0.003895 0.309463 0.310299
-1.155087 0.507228 0.305091 0.298700
-1.123075 0.463877 0.312042 0.305451
-1.053307 0.079762 0.311121 0.314341
-0.951278 -0.371439 0.310650 0.302979
-1.057750 0.242641 0.306156 0.316501
-1.017180 -0.060774 0.295862 0.299052
-1.043034 -0.158098 0.295415 0.305713
-1.091477 0.051575 0.289488 0.300052
-0.979986 -0.315360 0.293201 0.298246
-0.928206 -0.629083 0.287021 0.286465
-0.995648 -0.159236 0.298734 0.308802
-1.069130 0.170160 0.304522 0.306573
-1.051685 0.035628 0.300212 0.303960
-0.894740 -0.575801 0.310913 0.319646
-1.013627 -0.074843 0.302003 0.307330
-1.132510 0.164514 0.289875 0.283987
-0.990856 -0.371878 0.307614 0.322227
-0.971703 -0.482371 0.299838 0.301083
-0.936978 -0.546927 0.299032 0.290808
-1.023377 -0.154365 0.306375 0.306668
-0.949570 -0.583004 0.313997 0.323341
-0.928039 -0.698408 0.308679 0.308162
-1.061417 0.013818 0.305834 0.315414
-1.026838 -0.081982 0.315408 0.325959
-1.051666 -0.164622 0.294844 0.305394
-0.921943 -0.549867 0.300179 0.296866
-1.032401 -0.166906 0.298301 0.311493
-0.991683 -0.302210 0.307016 0.310311
-0.931157 -0.766542 0.301208 0.306183
-0.972519 -0.618926 0.291108 0.289681
-0.989542 -0.209175 0.302573 0.307344
-1.012781 -0.272627 0.309970 0.310938
-0.943079 -0.579807 0.311713 0.330822
-0.996489 -0.064200 0.300662 0.292978
-0.989689 -0.215773 0.306261 0.306010
-0.972734 -0.347672 0.300311 0.292535
-1.014781 -0.261446 0.306131 0.319437
-0.943544 -0.344947 0.307958 0.305877
-0.954839 -0.197287 0.314256 0.304309
-0.880890 -0.838984 0.326573 0.316435
