-1.164933 0.355723 0.298693 0.299026
-0.989536 -0.432098 0.293149 0.284397
-1.121209 0.111425 0.293202 0.304929
-1.131462 0.197024 0.294330 0.302168
-1.131979 0.107042 0.298533 0.315291
-0.959650 -0.216847 0.307695 0.309219
-1.001389 -0.182065 0.305830 0.297515
-1.012337 -0.055872 0.308030 0.307505
-0.937499 -0.728659 0.302758 0.301402
-0.854930 -0.929337 0.310472 0.321882
-0.925350 -0.718042 0.301963 0.295570
-0.932597 -0.511083 0.309349 0.296269
-1.035044 0.020827 0.302795 0.299672
-1.015887 -0.236964 0.303365 0.314324
-0.814410 -0.952662 0.298127 0.312250
-0.809962 -1.092694 0.293729 0.283883
-0.844000 -0.850692 0.292721 0.288548
-0.850624 -0.758783 0.300202 0.313960
-0.941960 -0.640073 0.307683 0.301756
-1.006367 -0.193602 0.300102 0.303830
-0.938553 -0.468182 0.298302 0.303060
-1.000173 -0.162789 0.299574 0.296443
-0.929157 -0.459842 0.306518 0.312649
-0.970538 -0.561665 0.291227 0.294860
-0.889149 -0.855692 0.291249 0.293072
-1.043259 -0.071422 0.303482 0.294467
-1.077724 0.036223 0.303698 0.303210
-0.922778 -0.558036 0.310710 0.311899
-0.979718 -0.453264 0.300129 0.288061
-1.003962 -0.254929 0.318373 0.322537
-1.052916 0.028646 0.309341 0.312915
-1.153347 0.277075 0.306568 0.315140
-1.096000 0.081610 0.312321 0.329158
-1.085844 -0.056289 0.311163 0.324550
-1.090824 -0.224163 0.296750 0.302279
-1.011589 -0.441878 0.314204 0.331117
-0.849362 -1.009531 0.305556 0.302952
-0.783026 -0.955607 0.304657 0.300694
-0.875777 -0.660644 0.303709 0.305014
-0.915205 -0.445571 0.302386 0.281892
-1.041072 0.062050 0.302138 0.296987
-1.054971 0.117649 0.297120 0.287143
-1.066946 0.266863 0.308190 0.318836
-0.993321 -0.116980 0.311539 0.309556
-1.084068 -0.105093 0.295853 0.301485
-1.020594 -0.216702 0.304931 0.316755
-0.988380 -0.241539 0.304974 0.312747
-1.182013 0.246455 0.291799 0.285636
-1.017623 -0.399736 0.287572 0.281266
-1.000616 -0.321093 0.302888 0.308328
-1.006754 -0.304481 0.301303 0.304410
-1.175627 0.229981 0.289492 0.302120
-1.005619 -0.292305 0.295393 0.302447
-0.956141 -0.382986 0.301764 0.302494
-0.938675 -0.607654 0.304555 0.321180
-0.903570 -0.587620 0.308982 0.315412
-0.971635 -0.169723 0.294698 0.282640
-0.980707 -0.263018 0.301627 0.323633
-1.030293 -0.228753 0.300724 0.301580
-0.939266 -0.623319 0.300463 0.312666
-1.044497 -0.252239 0.307177 0.319002
-1.005326 -0.422754 0.307988 0.305547
-0.992309 -0.721599 0.311307 0.312332
-1.167955 0.143288 0.284140 0.283418
-1.054100 -0.197342 0.295714 0.299527
-1.091739 0.066417 0.296382 0.308118
-1.110444 -0.165658 0.299275 0.309544
-1.029080 -0.392010 0.306152 0.322302
-1.045970 -0.270148 0.292542 0.307004
-0.904707 -0.780276 0.297798 0.294135
-1.041070 -0.199064 0.304681 0.311354
-1.030988 -0.106900 0.308127 0.318196
-0.984692 -0.357058 0.304288 0.305284
-0.915081 -0.543479 0.307250 0.303032
-0.956939 -0.238778 0.302763 0.304921
-0.964742 -0.161820 0.306287 0.299673
-0.898302 -0.605977 0.298664 0.301849
-0.861182 -0.826175 0.303749 0.324008
-1.009237 -0.291374 0.306265 0.300122
-1.124169 0.094090 0.301822 0.309979
-1.113983 0.159015 0.305800 0.304831
-0.998868 -0.392423 0.297800 0.300463
-0.922933 -0.571261 0.311641 0.304204
-0.921084 -0.615630 0.299829 0.309703
-1.031686 0.009134 0.299133 0.302519
-0.983442 -0.308767 0.297950 0.291368
-0.950411 -0.442279 0.304054 0.314700
-0.927275 -0.569979 0.305749 0.309867
-0.878982 -0.722990 0.298251 0.296109
-0.992962 -0.248549 0.306264 0.318566
-0.979139 -0.412384 0.300507 0.301346
-1.193189 0.392658 0.292337 0.291258
-1.172720 0.484771 0.295516 0.289644
-1.141037 0.402243 0.297216 0.297346
-1.105253 0.144058 0.293088 0.306021
-0.970020 -0.402307 0.288740 0.278503
-1.019914 -0.181059 0.297895 0.297632
-0.865409 -0.670540 0.303822 0.287797
-0.832335 -0.961192 0.306884 0.287727
-1.048190 -0.091787 0.288079 0.279040
-1.146865 0.245977 0.286865 0.273505
-1.043651 -0.267005 0.299968 0.304707
-1.055351 -0.166327 0.303408 0.317904
-0.862775 -0.852917 0.300769 0.297304
-1.155304 0.287120 0.289058 0.290867
-1.099272 -0.196082 0.300433 0.319206
-1.097887 -0.021319 0.294456 0.299836
-0.933852 -0.235325 0.312769 0.305079
-0.961204 -0.218702 0.307489 0.308255
-0.905433 -0.189753 0.309521 0.316539
-0.932923 -0.187379 0.302076 0.282811
-0.993765 0.022573 0.311333 0.320531
-0.902406 -0.667802 0.296275 0.301563
-1.014631 -0.277278 0.301425 0.317558
-0.960159 -0.504466 0.299215 0.293595
-0.918661 -0.723645 0.304360 0.295594
-0.863230 -1.054244 0.310516 0.319899
-0.863246 -0.878484 0.314201 0.320192
-1.074935 -0.013160 0.295314 0.304734
-0.905601 -0.621477 0.306680 0.311189
-0.975101 -0.530731 0.294106 0.309115
-1.172273 0.395568 0.310684 0.321295
-1.038625 -0.077608 0.302595 0.302337
-1.021645 -0.195592 0.299457 0.296157
-1.013927 -0.253728 0.291761 0.300822
-1.019944 -0.090899 0.293355 0.295930
-0.990368 -0.243132 0.290936 0.296399
-1.047576 -0.194661 0.293441 0.314742
-1.094305 0.098910 0.293536 0.291969
-1.047996 -0.250374 0.290223 0.307530
-1.052434 -0.237889 0.293438 0.290887
-0.946495 -0.628797 0.297942 0.302804
-1.062746 -0.188550 0.297976 0.307701
-1.103975 0.193003 0.300404 0.301212
-0.921206 -0.564321 0.303447 0.321722
-0.893420 -0.546425 0.305356 0.295431
-0.968481 -0.158746 0.303335 0.296271
-1.001408 -0.255396 0.305753 0.307121
-0.956737 -0.319856 0.312457 0.304783
