-1.035994 -0.328609 0.296101 0.300945
-1.049333 -0.077642 0.300815 0.297070
-1.057621 -0.057491 0.292364 0.285095
-1.005408 -0.011222 0.300519 0.299873
-0.996468 -0.262993 0.313566 0.332770
-0.956258 -0.493088 0.311893 0.330619
-0.970336 -0.380878 0.302197 0.297141
-1.000831 -0.360652 0.300925 0.321452
-1.053167 -0.193381 0.286020 0.301554
-1.054674 -0.054524 0.295647 0.295397
-1.096851 -0.103671 0.300727 0.317700
-1.028886 -0.224217 0.300145 0.300002
-0.989989 -0.212240 0.310085 0.311328
-0.900856 -0.564424 0.304127 0.297862
-0.984733 -0.411656 0.311005 0.319605
-1.129561 0.054735 0.291493 0.287656
-1.145489 0.168811 0.298900 0.303519
-1.044591 -0.240830 0.302793 0.303877
-1.087563 0.017426 0.292072 0.303530
-1.000851 -0.358545 0.303737 0.300875
-0.993562 -0.377439 0.299114 0.308426
-0.978307 -0.386786 0.294391 0.294839
-1.020202 -0.185942 0.298907 0.296490
-0.906710 -0.701236 0.294301 0.283000
-0.908820 -1.004294 0.300606 0.299449
-1.005025 -0.524374 0.300130 0.298567
-0.983694 -0.488749 0.297278 0.307056
-0.908511 -0.773721 0.294461 0.299679
-0.830887 -1.044568 0.300880 0.319084
-0.729891 -1.357405 0.299744 0.317833
-0.831915 -1.005296 0.296241 0.301507
-0.814789 -1.137552 0.296285 0.304027
-0.922879 -0.212269 0.306796 0.306543
-0.924293 -0.413695 0.302820 0.308416
-1.144371 0.250094 0.298170 0.312059
-1.123513 0.247483 0.298279 0.304596
-1.100788 0.151618 0.301790 0.299756
-1.057130 -0.025833 0.293297 0.302008
-0.798053 -0.872134 0.298358 0.298481
-0.866143 -0.748928 0.296104 0.300972
-0.951610 -0.367276 0.292004 0.276894
-0.933288 -0.588079 0.301608 0.286115
-0.884397 -0.651030 0.308766 0.303269
-0.931982 -0.432967 0.301777 0.301070
-0.859983 -0.852847 0.306813 0.318920
-0.924655 -0.544842 0.313626 0.307136
-0.942627 -0.421422 0.316314 0.301982
-0.932172 -0.388358 0.302865 0.296940
-0.852730 -0.957937 0.300174 0.302044
-0.962958 -0.552751 0.302566 0.290302
-1.084845 -0.181246 0.293253 0.313618
-0.897885 -0.620660 0.306685 0.328800
-0.886905 -0.634305 0.300380 0.281672
-1.034645 -0.169549 0.298787 0.291221
-1.084725 -0.154474 0.296404 0.299013
-1.068775 -0.087460 0.306009 0.298943
-0.935828 -0.587019 0.304672 0.304959
-1.140792 0.205059 0.300312 0.307209
-0.914275 -0.532000 0.291696 0.276425
-0.849420 -0.943901 0.298140 0.296377
-0.943415 -0.515057 0.318468 0.318077
-0.957736 -0.483730 0.303199 0.301510
-0.984903 -0.215612 0.307857 0.325315
-1.017019 -0.162968 0.290690 0.294530
-0.951440 -0.470428 0.303193 0.310644
-0.942458 -0.562343 0.302566 0.287290
-0.890266 -0.567501 0.314302 0.307662
-1.014898 -0.252850 0.294027 0.296173
-1.069043 0.076222 0.302548 0.307309
-0.916240 -0.604813 0.314785 0.319784
-0.876969 -0.495649 0.311957 0.307643
-0.907497 -0.531174 0.309083 0.305754
-0.966248 -0.321647 0.294416 0.287340
-0.885947 -0.938804 0.299742 0.302578
-0.847279 -0.932299 0.296990 0.293649
-0.983548 -0.446623 0.312421 0.298595
-1.053943 -0.069057 0.308824 0.317520
-1.100787 0.228405 0.295014 0.292910
-0.901835 -0.702190 0.295417 0.293916
-0.922004 -0.534803 0.310652 0.309274
-0.923628 -0.491177 0.299579 0.314703
-0.953715 -0.639486 0.296760 0.304800
-0.908364 -0.591599 0.301391 0.318938
-0.941745 -0.559247 0.299045 0.298104
-0.963649 -0.173169 0.307809 0.311507
-1.013346 -0.078782 0.303169 0.301634
-1.044418 -0.097577 0.303914 0.301458
-1.019600 -0.191455 0.294814 0.303927
-1.053785 -0.028935 0.301916 0.309165
-1.095996 -0.085119 0.291476 0.297823
-0.994742 -0.477240 0.304706 0.322023
-1.011799 -0.150978 0.303151 0.301569
-1.010867 -0.110286 0.308572 0.314258
-1.053107 -0.095682 0.294453 0.305528
-0.920267 -0.493800 0.293789 0.276188
-1.089444 -0.331815 0.294372 0.316605
-1.194429 0.520782 0.291336 0.309813
-1.055586 0.109760 0.301101 0.309563
-1.024326 -0.060890 0.296591 0.293072
-1.044979 0.045850 0.296304 0.307506
-0.959812 -0.415157 0.304807 0.298480
-0.878365 -0.688303 0.299356 0.283783
-0.923661 -0.539740 0.305528 0.307479
-0.836955 -0.948198 0.306381 0.306942
-0.835556 -0.900017 0.315959 0.328248
-0.819848 -0.967620 0.305791 0.302871
-0.859401 -0.826026 0.311737 0.307136
-0.960149 -0.563066 0.298448 0.300407
-1.123676 0.292972 0.315920 0.320644
-0.927280 -0.483045 0.308717 0.306331
-1.015526 -0.056069 0.302200 0.293229
-0.923855 -0.250275 0.306559 0.304916
-0.928446 -0.256637 0.304139 0.291015
-1.008778 -0.160407 0.309104 0.303636
-0.974349 -0.358335 0.297995 0.299972
-1.044171 -0.110782 0.295566 0.307609
-0.903647 -0.314667 0.314040 0.317184
-0.967206 -0.298719 0.294536 0.289930
-1.036018 0.083193 0.302261 0.303411
-0.992092 -0.129712 0.300848 0.296631
-1.111267 0.260395 0.307646 0.315204
-0.999252 -0.113489 0.297154 0.305674
-0.857079 -0.722361 0.296003 0.292728
-0.970158 -0.424842 0.301169 0.306357
-0.921027 -0.648130 0.307050 0.319182
-0.817498 -1.138392 0.309614 0.320974
-1.000395 -0.420872 0.296734 0.303354
-0.966163 -0.462166 0.293453 0.305150
-0.882787 -0.872775 0.289219 0.296118
-0.873332 -0.871024 0.293791 0.308566
-0.904289 -0.733032 0.288235 0.294545
-1.112293 0.034535 0.307515 0.325990
-1.066533 0.074241 0.306515 0.304234
-1.020909 -0.064475 0.303663 0.309293
-1.047109 -0.017115 0.298679 0.306829
-0.899340 -0.689845 0.296908 0.289153
-1.000820 -0.420235 0.300413 0.307797
-1.041802 -0.045034 0.303141 0.312941
-0.958480 -0.471472 0.299426 0.298008
