-0.833984 -0.954013 0.308908 0.294439
-0.922537 -0.541784 0.292378 0.282765
-0.975096 -0.477518 0.307369 0.321478
-0.981908 -0.489159 0.302157 0.317394
-1.027169 -0.096369 0.299091 0.296613
-1.093341 0.101235 0.296287 0.296848
-1.069510 0.075000 0.308614 0.303593
-0.942326 -0.493720 0.309845 0.299728
-0.968322 -0.353657 0.317821 0.321806
-1.091195 0.111645 0.305750 0.296198
-1.016355 -0.094175 0.309313 0.317101
-1.004102 -0.116501 0.313159 0.315172
-0.971670 -0.360966 0.295547 0.298454
-1.055765 0.078872 0.304533 0.314139
-1.084071 0.031420 0.309463 0.324091
-1.064420 -0.048713 0.294134 0.302063
-0.921710 -0.652992 0.294696 0.301197
-0.910123 -0.776714 0.293121 0.298727
-1.007427 -0.471808 0.306429 0.313301
-0.948918 -0.494497 0.298491 0.302056
-0.922908 -0.523133 0.302480 0.328643
-0.939423 -0.382200 0.295485 0.281376
-1.059671 0.133406 0.297992 0.303860
-1.029613 -0.043788 0.298006 0.292075
-1.015122 -0.101278 0.302984 0.306908
-0.992141 -0.314283 0.302481 0.297185
-0.975463 -0.502812 0.292202 0.290421
-0.973082 -0.325054 0.297807 0.287942
-0.976843 -0.382798 0.304319 0.310356
-1.056437 -0.013965 0.301391 0.304740
-1.049259 -0.149077 0.293547 0.299816
-0.914778 -0.633375 0.294323 0.301883
-0.928759 -0.526018 0.299052 0.307894
-0.998215 -0.403253 0.294161 0.310109
-1.036623 -0.050266 0.292494 0.301365
-1.080645 0.095031 0.301180 0.304512
-1.030668 -0.261822 0.290082 0.288010
-0.913604 -0.489615 0.301724 0.289802
-0.889473 -0.835486 0.303190 0.309546
-1.026610 0.002084 0.310909 0.297855
-1.041888 0.046421 0.312297 0.305780
-1.015435 -0.040686 0.305692 0.299400
-1.103011 -0.005074 0.293102 0.288057
-1.157044 0.270668 0.303887 0.298436
-1.091863 0.016670 0.295097 0.293246
-1.019985 -0.327121 0.312975 0.332710
-1.045360 -0.438522 0.294203 0.308513
-1.096927 0.123933 0.303823 0.302801
-1.115758 0.112384 0.301865 0.311985
-1.049276 -0.111823 0.300833 0.301188
-0.953436 -0.327078 0.306486 0.301501
-0.927369 -0.471979 0.308059 0.308434
-0.989526 -0.242567 0.306578 0.329951
-1.005601 -0.069309 0.303173 0.306692
-1.010179 -0.496161 0.303203 0.304279
-1.159298 0.266637 0.311069 0.316594
-1.131582 0.173894 0.292752 0.280952
-0.942240 -0.901958 0.296849 0.303534
-1.030917 -0.151490 0.301831 0.305143
-0.983285 -0.345821 0.303263 0.302871
-0.925974 -0.472897 0.316019 0.324275
-0.977285 -0.248540 0.301647 0.300520
-1.009288 -0.079126 0.296680 0.298632
-1.101688 0.112756 0.297590 0.306252
-1.109214 0.175699 0.300796 0.300284
-1.057163 -0.151827 0.283086 0.276492
-1.023726 -0.121559 0.295102 0.299563
-1.066677 -0.142029 0.293468 0.292666
-1.072061 -0.187815 0.301212 0.318760
-1.042987 -0.197836 0.302280 0.300657
-0.905635 -0.895635 0.307381 0.324983
-0.869516 -0.992332 0.308405 0.316039
-0.766964 -1.324152 0.302198 0.303806
-1.038046 -0.173869 0.297870 0.283488
-1.005226 -0.335427 0.305090 0.319162
-1.076718 0.080853 0.316843 0.318950
-0.992637 -0.283008 0.308436 0.308302
-1.001864 -0.381297 0.303208 0.300589
-1.051003 -0.011722 0.310062 0.315291
-1.092084 -0.084023 0.300959 0.301726
-1.056654 -0.361809 0.299538 0.301333
-1.008177 -0.312156 0.303212 0.329750
-1.007856 -0.140514 0.305388 0.310117
-0.886700 -0.708460 0.303079 0.305055
-0.890680 -0.523967 0.310411 0.298334
-0.898559 -0.705074 0.315694 0.317653
-1.116434 0.099304 0.292043 0.278243
-1.004265 -0.351769 0.291755 0.296050
-0.872127 -0.888695 0.299760 0.319601
-0.964906 -0.453122 0.303503 0.302880
-0.947268 -0.542475 0.312400 0.318090
-0.867756 -0.565786 0.312580 0.304356
-1.021345 -0.323047 0.301897 0.303363
-0.847036 -0.846493 0.302038 0.311582
-0.922611 -0.719803 0.300690 0.298947
-0.928737 -0.710635 0.299826 0.294165
-0.965311 -0.489120 0.315399 0.320448
-1.004142 -0.304384 0.299724 0.302284
-1.040251 -0.109909 0.306194 0.314907
-1.067220 0.054380 0.301281 0.298238
-0.908090 -0.556129 0.303910 0.291794
-0.926852 -0.377903 0.310698 0.308309
-0.949519 -0.420747 0.290826 0.290506
-0.880560 -0.676738 0.308066 0.301669
-0.851318 -1.038031 0.308056 0.293783
-0.993871 -0.141272 0.298432 0.285179
-1.022716 -0.310774 0.295571 0.307850
-1.016573 -0.386001 0.309686 0.324612
-1.004274 -0.283589 0.297996 0.304855
-1.085325 -0.126337 0.290496 0.291941
-0.942337 -0.409959 0.308700 0.321936
-0.986017 -0.412817 0.309113 0.318503
-0.975170 -0.579468 0.305011 0.319149
-1.065706 0.000021 0.305857 0.300981
-1.039111 0.051092 0.305291 0.302108
-0.965999 -0.467710 0.309116 0.325421
-0.884553 -0.565891 0.303849 0.303874
-0.936196 -0.377089 0.308512 0.304704
-0.931842 -0.636911 0.312472 0.309856
-0.943776 -0.725947 0.303568 0.297200
-0.787906 -1.118154 0.309718 0.308613
-0.905811 -0.645633 0.307727 0.316926
-0.781228 -1.111225 0.308687 0.315974
-0.982855 -0.456826 0.301817 0.299928
-0.972410 -0.549535 0.295623 0.317452
-1.009493 -0.452610 0.288114 0.296690
-1.094744 0.048734 0.292968 0.292601
-1.014025 -0.248336 0.299489 0.305549
-1.058756 -0.186799 0.303171 0.314632
-1.106404 0.175070 0.302201 0.309880
-1.147891 0.346191 0.308051 0.315800
-0.999386 -0.334883 0.308729 0.313804
-0.981455 -0.486299 0.306420 0.325395
-0.932022 -0.745703 0.305780 0.324874
-0.893907 -0.729264 0.304906 0.315354
-0.980273 -0.563118 0.306793 0.309840
-0.897125 -0.632704 0.305136 0.311980
-0.950979 -0.512165 0.309636 0.315529
-0.971227 -0.357761 0.305481 0.305418
