-1.080107 0.148286 0.304394 0.299801
-0.954319 -0.303264 0.311358 0.295749
-0.886330 -0.523322 0.314584 0.301237
-0.854990 -0.688611 0.314769 0.312293
-0.967696 -0.161610 0.298908 0.287982
-0.892418 -0.510076 0.303775 0.302431
-0.918139 -0.453202 0.302749 0.309510
-0.891498 -0.367737 0.301670 0.300524
-1.049462 -0.259914 0.301393 0.302984
-1.043066 -0.126374 0.308231 0.307686
-0.971985 -0.496596 0.313239 0.318994
-1.011587 -0.319190 0.285648 0.265455
-0.966410 -0.238672 0.307808 0.328352
-0.839713 -0.816263 0.304009 0.310154
-1.082582 -0.063585 0.295641 0.289288
-0.836487 -0.771472 0.303986 0.315536
-0.982223 -0.380527 0.313806 0.318243
-0.933451 -0.502946 0.320740 0.331451
-0.928087 -0.551505 0.307226 0.305500
-1.089021 0.056849 0.289945 0.294325
-1.044606 -0.157743 0.292678 0.296223
-1.022113 -0.283027 0.308284 0.328143
-1.063556 -0.103118 0.308349 0.307921
-1.053868 -0.354204 0.303652 0.316656
-1.000653 -0.445773 0.303764 0.309225
-0.976724 -0.185373 0.304784 0.305622
-1.032667 -0.172918 0.307476 0.314378
-0.949803 -0.618841 0.307114 0.296828
-0.869282 -0.706478 0.307431 0.304707
-1.022848 -0.296091 0.296314 0.306585
-0.847641 -0.802380 0.298806 0.312261
-1.005076 -0.039465 0.303325 0.298009
-0.974988 -0.066064 0.300451 0.294896
-0.993885 -0.184323 0.308357 0.306363
-0.992946 -0.374639 0.293935 0.299237
-1.003366 -0.260326 0.294240 0.291267
-1.003382 -0.259967 0.298735 0.290747
-0.916379 -0.685293 0.300682 0.290821
-0.926417 -0.619989 0.308690 0.308818
-0.969163 -0.430886 0.300853 0.311354
-0.911708 -0.599489 0.310855 0.314653
-0.923736 -0.397114 0.295682 0.283887
-0.987201 -0.241542 0.294759 0.290438
-1.086624 -0.011049 0.290693 0.292256
-0.939969 -0.637109 0.308527 0.320952
-0.924236 -0.398794 0.306965 0.298503
-1.020992 -0.178590 0.302447 0.298388
-0.988311 -0.415895 0.304035 0.306683
-1.021548 -0.263503 0.308935 0.296855
-1.077008 0.028000 0.304605 0.326395
-1.064677 -0.048175 0.294377 0.313345
-1.095117 -0.050633 0.295673 0.297473
-1.074911 -0.083780 0.294232 0.292034
-0.996443 -0.225936 0.306971 0.314095
-0.826240 -1.008274 0.301888 0.299745
-1.011871 -0.216455 0.312796 0.330396
-0.985214 -0.429092 0.300750 0.301158
-0.903123 -0.506183 0.302980 0.294778
-0.832706 -0.937618 0.303317 0.303014
-0.992763 -0.388350 0.306733 0.301746
-1.087449 0.077148 0.310499 0.312670
-1.054016 -0.199762 0.296302 0.313724
-0.854635 -0.992046 0.299251 0.309666
-0.953745 -0.627571 0.295690 0.299289
-1.011264 -0.243494 0.295294 0.302539
-0.989063 -0.302354 0.302088 0.313213
-1.021673 -0.209839 0.293620 0.292762
-1.074130 -0.040581 0.300661 0.307811
-1.029436 -0.292661 0.298083 0.306489
-0.948020 -0.456146 0.300881 0.322713
-0.984352 -0.389601 0.287610 0.286521
-0.998845 -0.525427 0.299815 0.296738
-1.110918 0.145159 0.291651 0.300664
-1.017758 -0.193067 0.303582 0.312043
-0.972281 -0.476030 0.306229 0.317848
-1.033059 -0.246657 0.313158 0.341175
-1.021352 -0.193700 0.299857 0.300657
-1.043412 -0.082226 0.298986 0.302714
-0.864950 -0.797121 0.300930 0.305673
-0.998366 -0.251619 0.299275 0.287849
-1.001318 -0.070134 0.310834 0.306496
-0.942524 -0.458547 0.314031 0.318579
-1.108186 0.182692 0.306115 0.310905
-1.113179 0.035216 0.286748 0.301149
-0.820746 -1.130366 0.291331 0.306856
-1.017385 -0.085636 0.301665 0.306566
-0.952568 -0.407369 0.307700 0.293711
-0.978859 -0.369007 0.309288 0.306592
-1.049710 -0.211149 0.301320 0.303345
-0.980905 -0.366471 0.302491 0.307485
-0.886821 -0.798146 0.300570 0.315279
-1.024934 -0.112311 0.307255 0.310870
-0.997395 -0.096624 0.304493 0.304673
-0.970154 -0.172515 0.304743 0.303114
-0.848982 -0.707742 0.307148 0.308033
-0.829292 -0.866162 0.301265 0.294261
-0.923675 -0.587613 0.309434 0.313347
-0.967234 -0.264642 0.303960 0.299600
-1.033246 -0.173553 0.296407 0.298687
-0.837179 -0.858176 0.295622 0.307013
-1.020090 -0.211984 0.298537 0.307060
-1.001511 -0.169146 0.295030 0.286625
-0.844543 -0.537983 0.301893 0.287968
-1.027625 -0.154122 0.299057 0.303265
-0.869693 -0.639475 0.304848 0.310115
-1.005469 -0.091414 0.306746 0.311271
-1.004403 -0.372609 0.294529 0.299902
-1.053996 -0.088485 0.308572 0.317144
-0.904664 -0.827702 0.307831 0.311189
-0.929228 -0.339127 0.307884 0.307615
-0.801605 -0.816791 0.302004 0.291377
-0.908668 -0.371793 0.303948 0.299844
-0.931119 -0.413650 0.311301 0.313751
-0.824332 -0.702461 0.301212 0.299823
-0.850473 -0.681582 0.312102 0.330088
-0.960208 -0.445209 0.298817 0.298387
-1.069709 -0.249202 0.295048 0.313667
-1.111655 0.098427 0.288473 0.284271
-1.139225 0.316197 0.297413 0.302430
-0.988476 -0.375360 0.289737 0.291371
-1.099980 0.020502 0.296422 0.312255
-1.104664 0.098010 0.300078 0.304269
-0.877750 -0.639757 0.295855 0.280298
-0.849858 -0.782745 0.306580 0.307017
-0.907112 -0.580807 0.302933 0.303075
-0.931267 -0.674621 0.295824 0.306751
-0.906685 -0.688627 0.300587 0.282161
-0.936754 -0.609731 0.302519 0.304803
-0.997475 -0.365701 0.310127 0.318624
-1.079533 -0.045746 0.310774 0.307775
-0.923806 -0.606207 0.296656 0.291562
-0.918727 -0.496140 0.304635 0.305994
-1.002740 -0.398687 0.306303 0.312245
-0.918708 -0.800961 0.296355 0.277891
-0.765287 -1.468160 0.305831 0.311786
-0.832584 -1.019929 0.305059 0.298269
-0.999807 -0.099798 0.313541 0.338592
-0.959405 -0.332451 0.313981 0.322873
-1.000094 -0.062332 0.308038 0.310992
