-0.970422 -0.348863 0.307519 0.317875
-0.928885 -0.606352 0.294286 0.286518
-1.080559 0.036125 0.292255 0.292984
-0.936669 -0.278682 0.298730 0.301838
-1.037566 0.088939 0.306538 0.315747
-1.025811 -0.225797 0.298155 0.305785
-0.911369 -0.532235 0.305912 0.313199
-0.899512 -0.645377 0.297606 0.285337
-0.921862 -0.434342 0.311470 0.317653
-0.958334 -0.440198 0.295988 0.299584
-0.914941 -0.676485 0.303301 0.298690
-0.978223 -0.425051 0.297475 0.312186
-1.078314 -0.158711 0.289527 0.296506
-0.940765 -0.463541 0.301788 0.319808
-1.032154 -0.094953 0.285027 0.285568
-1.068368 0.155885 0.301321 0.297575
-1.087297 -0.017843 0.298575 0.288660
-1.081940 0.086177 0.309433 0.299674
-1.055192 -0.040155 0.301320 0.315811
-1.005041 -0.240713 0.314999 0.314699
-1.047338 -0.047141 0.307836 0.313536
-1.062086 0.022275 0.308372 0.313352
-1.068473 -0.061331 0.301796 0.299444
-1.079528 0.092404 0.299596 0.313191
-1.006709 -0.514098 0.302028 0.320155
-0.949433 -0.488610 0.315580 0.329680
-0.843181 -0.694150 0.303232 0.275267
-0.963020 -0.466033 0.303758 0.304464
-1.046458 -0.292220 0.314636 0.327754
-1.056466 0.005518 0.306118 0.303153
-1.090026 0.099040 0.305051 0.306732
-0.950109 -0.385826 0.310601 0.301350
-0.891730 -0.548790 0.312783 0.326215
-0.927449 -0.485941 0.315681 0.322900
-1.144234 0.333010 0.304341 0.297496
-1.090651 -0.096069 0.300558 0.308189
-0.911338 -0.760868 0.288879 0.280305
-0.859634 -0.756192 0.292221 0.282933
-0.932883 -0.334894 0.300442 0.305861
-0.976300 -0.258900 0.300087 0.310925
-0.914685 -0.463587 0.307540 0.308212
-0.897520 -0.588464 0.307082 0.292012
-1.023794 -0.439850 0.297527 0.294661
-1.034293 -0.114090 0.304502 0.301231
-0.987400 -0.388715 0.297366 0.307150
-0.955712 -0.560481 0.302356 0.302910
-0.956337 -0.501294 0.303787 0.312899
-0.818501 -1.067428 0.294481 0.289731
-1.111230 0.233739 0.296357 0.296050
-1.147998 0.266011 0.299423 0.306396
-1.026902 -0.148648 0.301427 0.307579
-1.139009 0.163365 0.290952 0.301980
-1.046808 -0.170155 0.292442 0.293162
-1.014480 -0.425261 0.294304 0.288653
-1.117425 0.220227 0.301312 0.313032
-0.944601 -0.360256 0.304387 0.297516
-1.001781 -0.447358 0.296854 0.306151
-0.932208 -0.521803 0.311857 0.316059
-0.976427 -0.249903 0.303602 0.311026
-0.884161 -0.748991 0.297413 0.320858
-1.140298 0.249777 0.302737 0.317435
-1.086966 0.074759 0.290989 0.301220
-1.033484 -0.070009 0.300227 0.300178
-1.111343 0.085833 0.299145 0.292941
-0.959659 -0.474496 0.296032 0.304825
-0.961137 -0.609015 0.307279 0.317054
-0.957265 -0.783268 0.304168 0.311998
-1.002636 -0.212464 0.303386 0.308858
-0.971226 -0.375581 0.301066 0.298507
-1.067695 -0.176690 0.289754 0.289648
-0.886865 -0.578203 0.301608 0.296767
-0.925343 -0.698828 0.294514 0.301802
-1.127173 0.260046 0.294470 0.308626
-1.155122 0.285155 0.292820 0.287185
-0.946778 -0.371048 0.300312 0.305072
-1.023843 0.054552 0.301673 0.303460
-1.081552 -0.066646 0.301396 0.314865
-1.058647 -0.158860 0.298418 0.309113
-1.056945 -0.142989 0.300398 0.301816
-0.970427 -0.350921 0.308845 0.313093
-0.995921 -0.182130 0.303905 0.305960
-0.989628 -0.422087 0.304525 0.326233
-0.973093 -0.440616 0.307878 0.300951
-1.077595 -0.263698 0.290110 0.304646
-1.134172 0.235537 0.290148 0.287131
-1.220558 0.521684 0.298948 0.313132
-0.990300 -0.249142 0.301525 0.303528
-1.025517 -0.456568 0.290148 0.286391
-0.832151 -0.934039 0.299312 0.315505
-0.868487 -0.785098 0.296680 0.300499
-1.028382 -0.205877 0.301074 0.298674
-1.007203 -0.222372 0.307441 0.301990
-1.018652 -0.292585 0.294954 0.301815
-0.895087 -0.495448 0.303587 0.290765
-1.071474 -0.013469 0.301942 0.300752
-0.966135 -0.369026 0.294716 0.296238
-1.062889 -0.134603 0.296209 0.309507
-1.049028 -0.054937 0.286690 0.281416
-1.019490 -0.112903 0.303399 0.312574
-1.024653 -0.104405 0.302515 0.310371
-1.017527 -0.052172 0.300549 0.311705
-0.829773 -0.816761 0.286349 0.273324
-0.823133 -0.865718 0.301249 0.309630
-0.737114 -1.344822 0.295464 0.297432
-0.850234 -0.580904 0.313373 0.303031
-0.860881 -0.610912 0.300723 0.289907
-1.098292 0.183252 0.299394 0.311259
-1.136678 0.087253 0.297578 0.313601
-1.063370 -0.177812 0.297482 0.308806
-0.982085 -0.475242 0.294548 0.308613
-1.013676 -0.379707 0.296340 0.321043
-1.092124 0.160831 0.310238 0.325974
-1.045690 -0.126408 0.305443 0.311712
-1.013127 -0.153222 0.302924 0.295558
-1.114259 0.192522 0.299553 0.300717
-1.120004 0.212226 0.298490 0.305055
-0.892613 -0.651170 0.306937 0.308214
-0.945254 -0.455664 0.302519 0.306766
-0.983980 -0.297126 0.300008 0.296715
-0.865586 -0.751494 0.298930 0.292834
-0.960825 -0.445692 0.303874 0.284259
-0.895485 -0.664711 0.313480 0.316292
-0.895559 -0.718701 0.314701 0.311738
-0.882746 -0.772449 0.315941 0.300569
-1.047631 -0.101107 0.297705 0.311715
-0.987517 -0.518782 0.297444 0.326881
-1.065755 0.091832 0.298445 0.292569
-0.987457 -0.399526 0.300370 0.298513
-1.070546 -0.406601 0.282397 0.298359
-0.884920 -1.179869 0.285997 0.301376
-0.852025 -1.156216 0.282794 0.297677
-0.807269 -1.281227 0.284213 0.305503
-0.936043 -0.553247 0.304485 0.303932
-0.986379 -0.126551 0.297590 0.292330
-0.964108 -0.271949 0.305393 0.313461
-1.091845 0.239507 0.297420 0.299198
-1.045488 0.007756 0.294002 0.299510
-1.059881 -0.067746 0.297024 0.287989
-1.064136 -0.005532 0.302274 0.307075
