-0.986964 -0.442068 0.301132 0.307181
-1.102264 0.072061 0.303004 0.304445
-0.973430 -0.523339 0.294500 0.304808
-0.949722 -0.603833 0.298889 0.308340
-1.007339 -0.329902 0.286898 0.274619
-1.134947 0.377556 0.290610 0.297657
-0.974552 -0.269885 0.286308 0.262823
-0.914100 -0.436852 0.310914 0.320582
-0.962287 -0.226960 0.292428 0.280809
-0.990211 -0.158005 0.301170 0.301232
-1.022611 -0.235606 0.290476 0.295495
-1.013781 -0.192922 0.287124 0.287944
-1.025418 -0.303304 0.293435 0.302919
-1.063674 -0.198386 0.304111 0.305772
-1.030039 -0.243444 0.304347 0.307746
-1.044506 -0.178188 0.308322 0.313865
-1.120348 -0.191109 0.298774 0.309264
-0.914339 -0.965663 0.294830 0.322477
-0.951701 -0.340880 0.297229 0.293204
-0.814263 -0.917632 0.296635 0.293069
-0.925338 -0.239981 0.307878 0.301802
-0.901386 -0.580553 0.292741 0.283895
-0.975241 -0.092812 0.303366 0.295629
-0.832735 -0.729601 0.302270 0.286859
-0.936960 -0.406261 0.303207 0.296371
-1.019937 -0.046864 0.303769 0.310537
-0.991006 -0.343689 0.300104 0.303387
-0.964461 -0.469842 0.295087 0.295820
-1.072998 0.106181 0.305788 0.309750
-0.900537 -0.837015 0.299364 0.293118
-0.927909 -0.467917 0.315048 0.309931
-0.887171 -0.471501 0.312549 0.305393
-1.022624 -0.279251 0.303383 0.322893
-0.913986 -0.832300 0.299807 0.297637
-0.926202 -0.850550 0.298242 0.279514
-0.928595 -0.766635 0.295334 0.280018
-0.958608 -0.281502 0.309092 0.305075
-0.959686 -0.376216 0.298004 0.294940
-1.047508 -0.096501 0.295288 0.299156
-0.867390 -0.620660 0.302559 0.305240
-0.858730 -0.823277 0.301296 0.297634
-1.133037 0.089888 0.301042 0.303738
-1.118919 0.051294 0.300064 0.302817
-1.043779 -0.193886 0.296212 0.303814
-0.914173 -0.728065 0.295222 0.299034
-0.922890 -0.836505 0.310499 0.328882
-1.061632 -0.094663 0.311109 0.307806
-1.057970 -0.162544 0.300380 0.309011
-1.055172 -0.324022 0.296336 0.302424
-0.977632 -0.452039 0.302278 0.302424
-1.156872 0.217577 0.306149 0.316726
-1.144639 0.182508 0.296863 0.287498
-1.083443 0.081143 0.298446 0.307209
-1.133198 0.293903 0.300525 0.309931
-1.023621 -0.111699 0.295184 0.278646
-1.106419 0.203940 0.294195 0.301228
-1.139171 0.162165 0.295493 0.307967
-1.045333 -0.271516 0.299551 0.294822
-1.066407 -0.110042 0.289963 0.278560
-0.987619 -0.428003 0.295506 0.303872
-0.971992 -0.349193 0.294718 0.304987
-0.923107 -0.614569 0.308700 0.316550
-1.179066 0.295156 0.298608 0.293485
-0.986982 -0.350405 0.301336 0.307669
-0.990528 -0.529498 0.291991 0.277637
-1.039208 -0.224832 0.304822 0.314315
-0.895239 -0.511859 0.310115 0.301931
-0.890590 -0.525872 0.311059 0.303686
-0.973356 -0.338196 0.297891 0.288318
-1.049600 -0.264705 0.294149 0.297163
-0.939297 -0.683870 0.299106 0.311330
-0.898186 -0.780443 0.301831 0.316391
-1.083123 0.087485 0.312891 0.309248
-1.029117 -0.101798 0.305753 0.289348
-1.075019 -0.005996 0.296708 0.279899
-1.111238 0.023932 0.293142 0.305414
-1.029175 -0.229670 0.298796 0.294415
-0.996518 -0.370920 0.313589 0.320314
-0.907474 -0.703467 0.314359 0.305634
-0.995865 -0.219205 0.312866 0.317541
-0.995681 -0.270427 0.300063 0.285549
-1.038740 0.051749 0.303827 0.287572
-1.027839 0.104166 0.302414 0.296180
-0.936319 -0.600676 0.307461 0.314663
-0.977523 -0.501239 0.296604 0.315335
-0.931543 -0.775652 0.302756 0.316092
-0.953991 -0.405296 0.302932 0.284118
-0.940580 -0.534446 0.301693 0.295727
-1.028825 -0.205836 0.293304 0.292771
-1.025661 -0.160408 0.297830 0.312008
-0.973312 -0.115139 0.308341 0.316773
-1.089583 0.092567 0.301672 0.307750
-1.036353 -0.287258 0.301864 0.313626
-1.044844 -0.025383 0.297675 0.312136
-1.096409 0.339173 0.302175 0.296749
-1.167475 0.506428 0.310941 0.310830
-0.976633 -0.301240 0.302421 0.310434
-1.047726 -0.075289 0.304039 0.310765
-1.105771 0.084185 0.293451 0.299410
-0.933727 -0.768468 0.296586 0.304623
-1.014481 -0.582807 0.297985 0.290757
-0.931073 -0.782180 0.299887 0.307262
-1.052095 -0.123743 0.292329 0.289239
-1.076276 -0.022688 0.304030 0.309405
-0.963629 -0.387268 0.302826 0.316121
-1.031409 -0.259878 0.301775 0.297131
-0.979490 -0.295821 0.298251 0.312131
-0.988329 -0.362322 0.293238 0.300615
-1.076813 0.107498 0.307041 0.313005
-1.002898 0.036212 0.307000 0.307694
-0.998029 -0.123227 0.303445 0.304135
-1.030468 0.043384 0.300250 0.301231
-0.980623 -0.192739 0.300015 0.308228
-0.942939 -0.343065 0.297239 0.299875
-1.027941 -0.039898 0.304965 0.301723
-0.883881 -0.782896 0.296853 0.294888
-0.979126 -0.439758 0.290554 0.291464
-0.959219 -0.262056 0.297379 0.292539
-1.023655 -0.314652 0.299770 0.301135
-0.916260 -0.590693 0.301994 0.304019
-1.001938 -0.246978 0.299753 0.285331
-0.919816 -0.538134 0.305036 0.307657
-0.929618 -0.442720 0.310129 0.306500
-0.903042 -0.717077 0.312002 0.310952
-0.900606 -0.881762 0.307355 0.309240
-1.022989 -0.038654 0.308001 0.312671
-0.867557 -0.751129 0.306457 0.309572
-0.974359 -0.191840 0.297425 0.295911
-1.074819 0.247733 0.311511 0.313326
-1.006423 -0.059517 0.302731 0.301018
-0.922038 -0.604143 0.318968 0.329367
-1.007559 -0.251789 0.302662 0.291835
-1.081722 0.055906 0.295704 0.294593
-1.020260 -0.188848 0.306423 0.319062
-1.028681 -0.094121 0.284436 0.263841
-0.957082 -0.345006 0.301884 0.313046
-1.057772 -0.387419 0.302868 0.311384
-0.970568 -0.295969 0.298156 0.315470
-1.044749 -0.090735 0.302681 0.296735
