-1.047100 -0.053195 0.309894 0.324139
-1.075263 0.235236 0.307793 0.309612
-0.822655 -0.874769 0.299248 0.295470
-0.802173 -1.064784 0.305419 0.313667
-0.981761 -0.459386 0.299203 0.306336
-0.968644 -0.472322 0.290261 0.289109
-1.088517 0.051933 0.296484 0.300730
-0.978311 -0.447276 0.306520 0.325687
-0.988410 -0.326464 0.308813 0.324435
-0.897347 -0.647168 0.308801 0.308661
-0.994955 -0.344115 0.297087 0.286175
-0.874081 -0.893550 0.303503 0.323710
-0.950828 -0.634956 0.295615 0.300122
-0.851211 -1.167504 0.300559 0.316201
-0.972677 -0.511086 0.295717 0.310626
-1.052122 -0.441010 0.295790 0.315948
-1.010522 -0.497146 0.298767 0.299200
-0.946615 -0.427802 0.299605 0.303099
-0.967446 -0.230801 0.301321 0.287124
-0.915870 -0.638598 0.294154 0.291108
-1.015187 -0.185818 0.311661 0.309063
-1.021303 -0.544372 0.299703 0.317627
-0.928921 -0.671402 0.306204 0.308095
-0.925112 -0.726838 0.299947 0.300915
-0.836254 -1.097781 0.303239 0.304268
-0.868863 -0.806986 0.298581 0.300497
-0.968754 -0.373167 0.300572 0.303728
-0.995009 -0.187053 0.300745 0.292297
-0.961290 -0.246199 0.300530 0.307364
-0.904041 -0.491910 0.308371 0.314053
-0.837547 -0.828751 0.302929 0.300197
-0.855165 -0.815483 0.302587 0.294448
-1.019477 -0.156473 0.304668 0.303235
-1.029799 -0.114460 0.308917 0.324519
-1.133656 0.080222 0.294651 0.301581
-0.992015 -0.443751 0.305665 0.315299
-0.827551 -0.887955 0.301146 0.310636
-0.953378 -0.371007 0.313831 0.323395
-0.917168 -0.475738 0.307473 0.301286
-0.939380 -0.422087 0.307097 0.303715
-0.880902 -0.575574 0.299837 0.303812
-0.870345 -1.146432 0.311347 0.320118
-0.889212 -0.801549 0.295971 0.282793
-0.867792 -0.589199 0.308104 0.310587
-1.090857 0.106210 0.305149 0.324076
-0.840781 -1.179702 0.297078 0.298891
-0.847797 -0.790952 0.295802 0.297416
-0.958638 -0.375826 0.294390 0.294288
-0.990533 -0.279131 0.295413 0.296291
-1.006879 -0.203629 0.298015 0.297421
-1.063858 0.038314 0.300514 0.298102
-1.009163 -0.295623 0.301726 0.302502
-0.987408 -0.258879 0.300348 0.294696
-0.998864 -0.174500 0.296516 0.290424
-0.926530 -0.496009 0.306284 0.303325
-1.027830 -0.058482 0.309975 0.324466
-0.964186 -0.391039 0.318870 0.337791
-0.907216 -0.277618 0.311689 0.321625
-0.985646 -0.372624 0.295375 0.288010
-0.962065 -0.671595 0.295745 0.300929
-1.028091 -0.353770 0.298498 0.298244
-0.794279 -1.296613 0.298812 0.312063
-0.858994 -0.927848 0.298330 0.294546
-0.974179 -0.089993 0.307287 0.294149
-0.931032 -0.494349 0.308979 0.301365
-0.985282 -0.389018 0.299835 0.304527
-0.988210 -0.219761 0.304654 0.300285
-1.039229 -0.167453 0.301520 0.292317
-0.941320 -0.600823 0.303160 0.301604
-0.996560 -0.365391 0.298961 0.306268
-0.882881 -0.614467 0.296405 0.290312
-0.860701 -0.683701 0.307302 0.307325
-0.962736 -0.363688 0.304506 0.303760
-1.035202 -0.166285 0.304678 0.297122
-0.998808 -0.408582 0.303595 0.309260
-0.962482 -0.439684 0.314852 0.330896
-0.999046 -0.179399 0.300054 0.290269
-0.870873 -0.773308 0.304370 0.301523
-0.979144 -0.348315 0.307010 0.325693
-0.963481 -0.467870 0.303632 0.310215
-0.989403 -0.389224 0.300775 0.301676
-0.954284 -0.298386 0.310216 0.309144
-1.007186 -0.065741 0.292350 0.270578
-1.137942 0.061611 0.305533 0.328762
-1.020877 -0.266019 0.302843 0.299590
-1.141589 0.232007 0.304773 0.317544
-1.014408 -0.405114 0.303438 0.314610
-0.893926 -1.041130 0.301810 0.316452
-1.188059 0.420489 0.295241 0.285888
-0.928799 -0.736062 0.297230 0.313229
-0.962036 -0.313477 0.300078 0.289398
-1.115577 0.171047 0.306013 0.309459
-1.091391 0.142677 0.306654 0.313056
-1.040487 -0.100449 0.301145 0.285559
-0.976091 -0.256715 0.294305 0.293407
-0.909041 -0.756625 0.303587 0.314886
-1.007781 -0.248749 0.290096 0.284034
-1.029508 -0.069847 0.295735 0.286934
-1.022494 -0.071588 0.299462 0.290984
-1.005196 -0.236058 0.296845 0.300081
-1.056422 -0.077865 0.302619 0.305857
-1.055289 0.028942 0.294970 0.288698
-1.002945 -0.186628 0.301464 0.301839
-0.941336 -0.484874 0.302569 0.312233
-1.078222 -0.083506 0.301318 0.309987
-1.111494 -0.035918 0.282134 0.279234
-1.127388 0.167250 0.290779 0.280520
-0.983665 -0.296821 0.284973 0.279128
-0.891839 -0.500919 0.299441 0.288358
-0.840726 -0.788627 0.309940 0.320004
-0.772444 -1.034914 0.304568 0.303699
-0.972348 -0.451023 0.290144 0.295740
-0.966852 -0.325285 0.295763 0.305578
-1.066650 0.095903 0.294668 0.303756
-1.011898 -0.117410 0.303183 0.307120
-1.126820 0.346807 0.309896 0.330358
-1.094338 0.074970 0.302951 0.304341
-0.972915 -0.478825 0.303954 0.311080
-0.912475 -0.624753 0.302647 0.292180
-1.013496 0.063297 0.295373 0.290703
-1.035860 -0.307849 0.295318 0.290758
-1.093365 -0.176934 0.300505 0.319132
-1.042036 -0.281877 0.299743 0.309753
-0.816580 -0.961754 0.290054 0.285826
-0.881960 -0.743012 0.296751 0.307271
-1.073176 -0.041029 0.304421 0.320489
-1.084094 -0.054822 0.300773 0.314455
-1.012684 -0.211861 0.283548 0.284124
-0.883233 -0.673953 0.308306 0.312439
-0.948784 -0.373523 0.305010 0.308936
-0.935168 -0.585270 0.303752 0.326365
-0.892078 -0.723186 0.300180 0.303272
-1.008580 -0.238673 0.305764 0.320316
-0.959785 -0.436603 0.304664 0.311712
-1.030559 -0.041440 0.295004 0.292744
-0.902364 -0.632930 0.304918 0.308958
-0.829174 -0.922545 0.298641 0.294076
-0.814849 -1.196869 0.303750 0.293122
-0.988958 -0.348232 0.302593 0.317880
