-1.009516 -1.009516 -1.773841 -1.773841 0.260796 0.272968 3.218880 1.050835
-1.005255 -1.005255 -1.016731 -1.016731 0.261511 0.264793 3.218880 1.038270
-0.918491 -0.918491 -1.331061 -1.331061 0.271107 0.263035 3.218880 1.031855
-0.990429 -0.990429 -1.015775 -1.015775 0.265619 0.268743 3.218880 1.045716
-1.016165 -1.016165 -0.908742 -0.908742 0.264401 0.265125 3.218880 1.041458
-1.039802 -1.039802 -1.536411 -1.536411 0.257617 0.273185 3.214746 1.049045
-1.037826 -1.037826 -0.990407 -0.990407 0.262769 0.268330 3.209101 1.038047
-1.043772 -1.043772 -0.852743 -0.852743 0.265260 0.269155 3.192751 1.037641
-1.064216 -1.064216 -0.941421 -0.941421 0.256993 0.270899 3.218880 1.050436
-0.952381 -0.952381 -1.720414 -1.720414 0.264309 0.269476 3.218880 1.042894
-1.001871 -1.001871 -2.133907 -2.133907 0.261367 0.272374 3.218880 1.039743
-0.976138 -0.976138 -0.825312 -0.825312 0.269524 0.262712 3.213484 1.030259
-0.997262 -0.997262 -1.950824 -1.950824 0.260468 0.272051 3.218880 1.045030
-1.038248 -1.038248 -1.224666 -1.224666 0.262802 0.271183 3.217411 1.046346
-1.002546 -1.002546 -1.095030 -1.095030 0.266177 0.269464 3.218880 1.040495
-0.954108 -0.954108 -1.755820 -1.755820 0.266598 0.271812 3.218880 1.033178
-0.981720 -0.981720 -2.338405 -2.338405 0.259810 0.273190 3.199404 1.039215
-0.984305 -0.984305 -1.222525 -1.222525 0.264201 0.265778 3.193230 1.039293
-0.954102 -0.954102 -2.865159 -2.865159 0.265624 0.273960 3.218880 1.038269
-0.996066 -0.996066 -0.952871 -0.952871 0.263545 0.266142 3.217686 1.041701
-1.013602 -1.013602 -1.037929 -1.037929 0.265977 0.273844 3.211088 1.043977
-1.002018 -1.002018 -1.783170 -1.783170 0.264446 0.270178 3.218880 1.034899
-1.007817 -1.007817 -1.080628 -1.080628 0.269909 0.267745 3.218880 1.032266
-0.951058 -0.951058 -1.732558 -1.732558 0.265057 0.265621 3.218078 1.031975
-1.109117 -1.109117 -0.870494 -0.870494 0.259043 0.269174 3.217511 1.042431
-0.953708 -0.953708 -0.926937 -0.926937 0.276822 0.275133 3.163685 1.029300
-1.098866 -1.098866 -1.149310 -1.149310 0.258386 0.280811 3.189601 1.051894
-1.000048 -1.000048 -0.873794 -0.873794 0.266620 0.277188 3.196183 1.049344
-0.992235 -0.992235 -1.992772 -1.992772 0.265983 0.273352 3.213791 1.041743
-1.013322 -1.013322 -1.318105 -1.318105 0.265037 0.269520 3.203060 1.041298
-1.006304 -1.006304 -1.745783 -1.745783 0.266517 0.275387 3.195171 1.043706
-0.998943 -0.998943 -0.875814 -0.875814 0.265520 0.267552 3.218880 1.043184
-0.918002 -0.918002 -1.716089 -1.716089 0.273816 0.278097 3.218880 1.043843
-0.893172 -0.893172 -2.211591 -2.211591 0.277704 0.278264 3.218880 1.040241
-1.018271 -1.018271 -1.578046 -1.578046 0.266515 0.273739 3.218740 1.043130
-0.962368 -0.962368 -1.223553 -1.223553 0.267256 0.266133 3.208768 1.035063
-0.981959 -0.981959 -1.662220 -1.662220 0.263334 0.269139 3.218880 1.035553
-0.981282 -0.981282 -1.612759 -1.612759 0.264983 0.269533 3.218658 1.039992
-0.913082 -0.913082 -1.785214 -1.785214 0.270599 0.273661 3.218880 1.043984
-0.984359 -0.984359 -1.155499 -1.155499 0.268281 0.270143 3.217673 1.039061
-0.982646 -0.982646 -1.348188 -1.348188 0.267960 0.270607 3.218880 1.043102
-0.952972 -0.952972 -2.116073 -2.116073 0.267520 0.270821 3.218880 1.039710
-1.046971 -1.046971 -0.804301 -0.804301 0.255200 0.261547 3.208346 1.040220
-1.038700 -1.038700 -1.037755 -1.037755 0.258414 0.267576 3.218880 1.050816
-0.938620 -0.938620 -2.339931 -2.339931 0.265267 0.271143 3.218880 1.034147
-0.910797 -0.910797 -1.868400 -1.868400 0.269532 0.268443 3.218880 1.038356
-0.954678 -0.954678 -1.281199 -1.281199 0.268023 0.268429 3.218101 1.036819
-0.976254 -0.976254 -1.398880 -1.398880 0.270097 0.276311 3.191488 1.041237
-0.951034 -0.951034 -1.952954 -1.952954 0.269923 0.273311 3.216148 1.035890
-0.969290 -0.969290 -3.420790 -3.420790 0.266990 0.276908 3.217804 1.034078
-0.954520 -0.954520 -4.947502 -4.947502 0.264296 0.278449 3.218880 1.044175
-0.939255 -0.939255 -4.906639 -4.906639 0.270500 0.280043 3.218880 1.037557
-0.922886 -0.922886 -4.137019 -4.137019 0.268228 0.277241 3.218880 1.043672
-1.032805 -1.032805 -1.199026 -1.199026 0.261558 0.271918 3.199396 1.042584
-0.990915 -0.990915 -2.186378 -2.186378 0.263831 0.271665 3.218135 1.043235
-0.953241 -0.953241 -2.417147 -2.417147 0.263783 0.270100 3.218260 1.040316
-1.015366 -1.015366 -1.241574 -1.241574 0.264642 0.268097 3.208585 1.039830
-0.968408 -0.968408 -0.958339 -0.958339 0.266586 0.267004 3.184301 1.034524
-0.977092 -0.977092 -2.975996 -2.975996 0.263024 0.275370 3.218880 1.041616
-0.936608 -0.936608 -1.245456 -1.245456 0.272835 0.268556 3.218880 1.037285
-1.044447 -1.044447 -0.790068 -0.790068 0.265335 0.271610 3.214241 1.045479
-1.055422 -1.055422 -0.567479 -0.567479 0.264598 0.265045 3.206748 1.040979
-0.935134 -0.935134 -1.891006 -1.891006 0.264371 0.266678 3.217189 1.036543
-0.994127 -0.994127 -1.939235 -1.939235 0.258940 0.274392 3.218880 1.046996
-0.934047 -0.934047 -1.871503 -1.871503 0.267289 0.273290 3.213639 1.050384
-0.957756 -0.957756 -1.931001 -1.931001 0.264260 0.268940 3.213126 1.039406
-0.913797 -0.913797 -3.904435 -3.904435 0.273704 0.276926 3.218880 1.037201
-0.965177 -0.965177 -1.523756 -1.523756 0.266758 0.272302 3.218880 1.048212
-0.975038 -0.975038 -2.002352 -2.002352 0.266880 0.272489 3.218880 1.045676
-1.059242 -1.059242 -1.328388 -1.328388 0.257807 0.279794 3.160979 1.049008
-0.991453 -0.991453 -1.410355 -1.410355 0.257600 0.267565 3.216946 1.040067
-0.939518 -0.939518 -1.406181 -1.406181 0.273855 0.271375 3.218880 1.041091
-0.992603 -0.992603 -1.610070 -1.610070 0.264986 0.271488 3.201188 1.034554
-1.035110 -1.035110 -1.100939 -1.100939 0.267649 0.272313 3.218880 1.037776
-1.035966 -1.035966 -1.019740 -1.019740 0.265125 0.276262 3.200723 1.050709
-0.967035 -0.967035 -1.198125 -1.198125 0.269731 0.270227 3.207322 1.036431
-0.956104 -0.956104 -1.941555 -1.941555 0.268466 0.277540 3.200262 1.037516
-0.936958 -0.936958 -1.454176 -1.454176 0.270199 0.271130 3.212225 1.036292
-0.922595 -0.922595 -1.094524 -1.094524 0.270816 0.262905 3.218880 1.036436
-0.967445 -0.967445 -1.487382 -1.487382 0.272409 0.273963 3.218880 1.035528
-0.957697 -0.957697 -1.513786 -1.513786 0.269264 0.272269 3.218880 1.039710
-0.927729 -0.927729 -1.756776 -1.756776 0.271542 0.270421 3.218880 1.033804
-0.912752 -0.912752 -1.609875 -1.609875 0.269811 0.266654 3.218880 1.037318
-0.909556 -0.909556 -0.950995 -0.950995 0.271320 0.261249 3.218880 1.040555
-0.925853 -0.925853 -1.262040 -1.262040 0.266672 0.261537 3.217024 1.033384
-1.046973 -1.046973 -1.110644 -1.110644 0.262728 0.270346 3.192493 1.041522
-1.041839 -1.041839 -0.972365 -0.972365 0.266008 0.277741 3.193330 1.045413
-1.052827 -1.052827 -0.839257 -0.839257 0.260162 0.266053 3.213469 1.045632
-0.891774 -0.891774 -2.827791 -2.827791 0.270673 0.271577 3.218544 1.032591
-1.021699 -1.021699 -1.816859 -1.816859 0.257795 0.272259 3.218880 1.044008
-1.050224 -1.050224 -0.763570 -0.763570 0.261520 0.265728 3.215379 1.039579
-1.015710 -1.015710 -1.112583 -1.112583 0.264874 0.271186 3.218880 1.044762
-1.021839 -1.021839 -1.105781 -1.105781 0.265386 0.273395 3.198571 1.040357
-1.004903 -1.004903 -1.450450 -1.450450 0.267884 0.275173 3.209728 1.040410
-1.026519 -1.026519 -1.242114 -1.242114 0.265001 0.272673 3.193671 1.045001
-1.017415 -1.017415 -1.391139 -1.391139 0.264956 0.272886 3.190932 1.046326
-0.941443 -0.941443 -1.827499 -1.827499 0.270814 0.275812 3.218880 1.039901
-1.002811 -1.002811 -2.150535 -2.150535 0.258213 0.274162 3.209748 1.042816
-1.051117 -1.051117 -1.813333 -1.813333 0.255901 0.273607 3.217343 1.047777
-1.006810 -1.006810 -1.722845 -1.722845 0.265455 0.273620 3.218880 1.038527
-0.975036 -0.975036 -1.242561 -1.242561 0.270125 0.271269 3.193384 1.036712
-0.932152 -0.932152 -1.201873 -1.201873 0.272297 0.267730 3.218880 1.037858
-0.992322 -0.992322 -1.307200 -1.307200 0.263893 0.272243 3.218880 1.047235
-0.949096 -0.949096 -1.198550 -1.198550 0.261534 0.263311 3.217961 1.037752
-0.987285 -0.987285 -1.771435 -1.771435 0.266519 0.271391 3.197896 1.031145
-0.992623 -0.992623 -1.672297 -1.672297 0.261954 0.268127 3.218263 1.042351
-1.015289 -1.015289 -1.421624 -1.421624 0.259943 0.271770 3.206797 1.048827
-1.045980 -1.045980 -1.141411 -1.141411 0.258502 0.270355 3.218819 1.044467
-0.991112 -0.991112 -0.882130 -0.882130 0.266332 0.263170 3.216143 1.038992
-0.976146 -0.976146 -2.097192 -2.097192 0.258349 0.267220 3.218880 1.036796
-0.977738 -0.977738 -2.959998 -2.959998 0.268674 0.276592 3.218880 1.036519
-0.971034 -0.971034 -2.389942 -2.389942 0.264305 0.271123 3.215916 1.039651
-0.998452 -0.998452 -1.111828 -1.111828 0.266502 0.268694 3.209243 1.038238
-1.018108 -1.018108 -1.218831 -1.218831 0.270898 0.276347 3.206419 1.036378
-0.992055 -0.992055 -2.215192 -2.215192 0.260602 0.268795 3.218880 1.036547
-0.933939 -0.933939 -1.251367 -1.251367 0.275919 0.270993 3.218880 1.037513
-0.958797 -0.958797 -1.335506 -1.335506 0.267621 0.266662 3.206984 1.036403
-0.970944 -0.970944 -1.678671 -1.678671 0.271261 0.280299 3.218880 1.050697
-0.975944 -0.975944 -2.734627 -2.734627 0.267533 0.275696 3.218880 1.043422
-0.911046 -0.911046 -2.586883 -2.586883 0.278684 0.275559 3.218880 1.032282
-0.925843 -0.925843 -1.787698 -1.787698 0.268884 0.266798 3.215735 1.033530
-1.006222 -1.006222 -1.237524 -1.237524 0.263372 0.270210 3.218118 1.043318
-1.020931 -1.020931 -1.177411 -1.177411 0.265571 0.267293 3.203984 1.037526
-1.034657 -1.034657 -1.702396 -1.702396 0.260038 0.271659 3.218880 1.043048
-1.013627 -1.013627 -1.374525 -1.374525 0.264288 0.269448 3.218880 1.033902
-1.007829 -1.007829 -1.486763 -1.486763 0.263726 0.269883 3.209117 1.040286
-1.019435 -1.019435 -1.669701 -1.669701 0.268559 0.276457 3.203197 1.037885
-0.977650 -0.977650 -1.641040 -1.641040 0.265851 0.270638 3.218880 1.041048
-0.934269 -0.934269 -1.325572 -1.325572 0.268462 0.269195 3.218880 1.039874
-0.995250 -0.995250 -1.066906 -1.066906 0.261730 0.265841 3.205596 1.037927
-1.008027 -1.008027 -0.814608 -0.814608 0.265867 0.264784 3.218880 1.036317
-0.986229 -0.986229 -0.983136 -0.983136 0.267633 0.265275 3.218283 1.033221
