-0.941428 -0.941428 -2.625806 -2.625806 0.267139 0.272060 3.218028 1.039596
-0.940110 -0.940110 -1.532714 -1.532714 0.271958 0.267455 3.218880 1.034507
-1.002461 -1.002461 -1.421012 -1.421012 0.266247 0.274408 3.188400 1.041082
-0.952481 -0.952481 -1.741100 -1.741100 0.268306 0.267477 3.218880 1.033143
-1.081498 -1.081498 -0.892220 -0.892220 0.255080 0.272113 3.204713 1.050573
-1.018951 -1.018951 -1.346536 -1.346536 0.265087 0.270146 3.211123 1.038862
-0.999108 -0.999108 -1.630611 -1.630611 0.264273 0.268122 3.216779 1.035130
-0.998260 -0.998260 -1.826840 -1.826840 0.261530 0.273071 3.213478 1.043287
-0.923427 -0.923427 -1.336276 -1.336276 0.274003 0.266581 3.216982 1.035918
-1.002653 -1.002653 -1.865529 -1.865529 0.266095 0.277270 3.218880 1.046176
-0.975293 -0.975293 -1.069328 -1.069328 0.269934 0.268670 3.212698 1.036053
-0.984335 -0.984335 -1.366809 -1.366809 0.264227 0.270498 3.218880 1.048555
-1.007783 -1.007783 -1.229395 -1.229395 0.263166 0.265288 3.218876 1.041826
-1.035922 -1.035922 -1.095870 -1.095870 0.264522 0.272960 3.208880 1.046228
-0.915396 -0.915396 -1.774789 -1.774789 0.262278 0.260410 3.218880 1.038961
-1.006223 -1.006223 -1.131434 -1.131434 0.268495 0.271827 3.214270 1.036510
-0.993353 -0.993353 -2.132515 -2.132515 0.268916 0.283534 3.218880 1.049800
-1.055206 -1.055206 -0.895334 -0.895334 0.263192 0.271041 3.218880 1.045158
-1.063200 -1.063200 -1.126181 -1.126181 0.257167 0.271236 3.196936 1.043663
-0.983087 -0.983087 -1.046888 -1.046888 0.266570 0.266600 3.211115 1.039039
-1.002052 -1.002052 -1.963450 -1.963450 0.257799 0.270392 3.218880 1.046095
-0.972513 -0.972513 -1.210052 -1.210052 0.266956 0.266253 3.215691 1.034204
-1.004225 -1.004225 -1.213140 -1.213140 0.265226 0.271653 3.217445 1.038732
-0.981629 -0.981629 -1.355934 -1.355934 0.269617 0.274470 3.218880 1.042678
-1.030086 -1.030086 -1.243658 -1.243658 0.260137 0.267228 3.218880 1.034574
-1.035880 -1.035880 -1.038817 -1.038817 0.259811 0.266491 3.217901 1.049443
-1.047875 -1.047875 -0.923091 -0.923091 0.259333 0.268014 3.182347 1.039753
-1.013831 -1.013831 -1.948055 -1.948055 0.267082 0.279938 3.206654 1.043132
-0.999111 -0.999111 -2.066490 -2.066490 0.262435 0.273396 3.218386 1.043452
-0.916176 -0.916176 -1.569158 -1.569158 0.270353 0.265734 3.217758 1.034562
-1.015503 -1.015503 -0.965163 -0.965163 0.271753 0.273949 3.204943 1.034295
-0.961243 -0.961243 -1.810963 -1.810963 0.267267 0.271267 3.210787 1.044078
-1.063070 -1.063070 -0.780507 -0.780507 0.268578 0.274531 3.194217 1.038714
-1.114140 -1.114140 -1.163853 -1.163853 0.255165 0.272852 3.197779 1.044708
-0.898925 -0.898925 -1.517242 -1.517242 0.275299 0.266960 3.209139 1.031957
-1.031989 -1.031989 -1.335398 -1.335398 0.265479 0.276002 3.192520 1.043875
-0.980127 -0.980127 -0.985949 -0.985949 0.268680 0.270051 3.218880 1.040660
-1.008431 -1.008431 -1.716737 -1.716737 0.267804 0.279303 3.218880 1.047546
-0.994288 -0.994288 -1.139176 -1.139176 0.270016 0.269578 3.218093 1.034936
-1.009177 -1.009177 -1.508052 -1.508052 0.267724 0.279272 3.213138 1.043390
-1.062412 -1.062412 -1.195111 -1.195111 0.263991 0.272802 3.174203 1.032710
-0.937975 -0.937975 -1.667203 -1.667203 0.269234 0.267460 3.218880 1.034580
-0.953754 -0.953754 -2.282132 -2.282132 0.272798 0.275616 3.205831 1.033242
-0.990324 -0.990324 -2.632140 -2.632140 0.262843 0.272333 3.218880 1.043412
-0.972457 -0.972457 -2.813432 -2.813432 0.263080 0.271302 3.216559 1.039305
-0.946241 -0.946241 -2.449098 -2.449098 0.270398 0.274231 3.196310 1.034345
-0.998088 -0.998088 -1.024257 -1.024257 0.263870 0.268529 3.218880 1.037331
-0.993403 -0.993403 -1.272622 -1.272622 0.264799 0.272741 3.218880 1.045206
-0.988087 -0.988087 -0.872938 -0.872938 0.269215 0.267595 3.213762 1.038472
-0.959936 -0.959936 -1.541138 -1.541138 0.264806 0.266411 3.205930 1.033447
-0.951398 -0.951398 -3.239123 -3.239123 0.269063 0.276155 3.207240 1.038029
-0.998573 -0.998573 -2.039808 -2.039808 0.269399 0.276304 3.218880 1.037769
-1.034320 -1.034320 -1.122956 -1.122956 0.261924 0.271785 3.204284 1.047504
-1.014445 -1.014445 -0.874581 -0.874581 0.261469 0.268823 3.197652 1.046010
-1.011246 -1.011246 -0.806607 -0.806607 0.264381 0.265462 3.218880 1.043107
-0.985214 -0.985214 -1.610730 -1.610730 0.259113 0.268095 3.218222 1.046792
-1.046655 -1.046655 -1.322066 -1.322066 0.261040 0.274920 3.218880 1.049863
-0.983087 -0.983087 -1.691390 -1.691390 0.263120 0.273621 3.218880 1.048896
-1.036919 -1.036919 -1.314007 -1.314007 0.262432 0.273501 3.216058 1.046790
-1.011707 -1.011707 -1.978895 -1.978895 0.263054 0.273236 3.209559 1.038651
-1.000600 -1.000600 -1.215993 -1.215993 0.262088 0.268772 3.217846 1.044322
-0.944048 -0.944048 -1.305097 -1.305097 0.270515 0.268069 3.204070 1.035873
-0.986048 -0.986048 -2.243865 -2.243865 0.273370 0.278953 3.218880 1.035517
-1.089545 -1.089545 -1.407775 -1.407775 0.257772 0.275880 3.205604 1.045541
-0.981455 -0.981455 -1.629651 -1.629651 0.268453 0.275241 3.211860 1.038662
-0.898553 -0.898553 -1.404531 -1.404531 0.267431 0.262033 3.218880 1.032933
-0.973585 -0.973585 -1.376769 -1.376769 0.266314 0.269606 3.210000 1.040037
-0.979701 -0.979701 -1.277076 -1.277076 0.264840 0.265996 3.218880 1.039923
-0.918077 -0.918077 -1.368626 -1.368626 0.269217 0.261834 3.218670 1.028912
-0.989460 -0.989460 -1.499373 -1.499373 0.267701 0.273175 3.213158 1.040602
-0.973789 -0.973789 -3.393765 -3.393765 0.266368 0.273806 3.218880 1.033237
-1.048573 -1.048573 -0.813843 -0.813843 0.257092 0.267036 3.218880 1.045831
-0.942948 -0.942948 -1.434413 -1.434413 0.278015 0.275917 3.218880 1.034681
-0.929892 -0.929892 -1.663235 -1.663235 0.274084 0.270751 3.218025 1.028984
-0.927256 -0.927256 -2.144121 -2.144121 0.273103 0.273120 3.218880 1.034846
-0.956553 -0.956553 -1.245164 -1.245164 0.271477 0.265603 3.216967 1.037298
-0.976942 -0.976942 -1.451919 -1.451919 0.265182 0.267911 3.218880 1.036669
-0.968429 -0.968429 -1.264578 -1.264578 0.267495 0.269770 3.207421 1.038201
-0.959307 -0.959307 -0.983410 -0.983410 0.266990 0.264196 3.200163 1.037765
-0.967193 -0.967193 -0.933530 -0.933530 0.272806 0.268091 3.218880 1.037983
-0.962065 -0.962065 -1.312195 -1.312195 0.270606 0.271448 3.218663 1.042084
-0.943282 -0.943282 -1.408726 -1.408726 0.269303 0.265137 3.212806 1.033019
-0.968875 -0.968875 -1.501042 -1.501042 0.266725 0.271760 3.207515 1.036794
-0.961074 -0.961074 -1.613542 -1.613542 0.262820 0.265614 3.218250 1.040031
-0.920295 -0.920295 -1.193121 -1.193121 0.269733 0.263269 3.218880 1.036608
-1.000256 -1.000256 -1.077861 -1.077861 0.265845 0.266950 3.194037 1.031787
-1.032550 -1.032550 -1.695627 -1.695627 0.259476 0.275596 3.197205 1.044993
-0.950059 -0.950059 -1.563716 -1.563716 0.272702 0.272917 3.218880 1.037361
-0.975409 -0.975409 -1.587134 -1.587134 0.270314 0.269692 3.218880 1.033164
-0.952555 -0.952555 -1.604105 -1.604105 0.271053 0.268285 3.218880 1.033826
-0.995171 -0.995171 -1.006449 -1.006449 0.258574 0.261842 3.218880 1.039981
-0.982108 -0.982108 -1.268962 -1.268962 0.264602 0.271037 3.218880 1.043284
-1.058948 -1.058948 -2.498428 -2.498428 0.257501 0.276574 3.218778 1.047555
-0.962478 -0.962478 -4.602326 -4.602326 0.271436 0.277057 3.218880 1.031644
-0.984699 -0.984699 -4.861014 -4.861014 0.262243 0.277620 3.215126 1.044183
-0.943140 -0.943140 -2.563826 -2.563826 0.264310 0.270722 3.218880 1.047087
-1.021897 -1.021897 -0.966699 -0.966699 0.265412 0.268321 3.195156 1.040901
-1.052021 -1.052021 -1.053236 -1.053236 0.258087 0.269299 3.200809 1.041528
-0.992416 -0.992416 -2.209293 -2.209293 0.259814 0.270030 3.217992 1.045650
-0.994613 -0.994613 -0.916883 -0.916883 0.265502 0.265263 3.201601 1.037010
-1.039552 -1.039552 -1.169281 -1.169281 0.257191 0.273229 3.218880 1.049547
-1.066658 -1.066658 -2.200685 -2.200685 0.261273 0.289625 3.160179 1.050844
-0.959393 -0.959393 -2.379347 -2.379347 0.270580 0.271891 3.215044 1.031192
-0.973518 -0.973518 -1.280739 -1.280739 0.261703 0.264930 3.218880 1.039397
-1.005505 -1.005505 -0.969867 -0.969867 0.264769 0.265090 3.218880 1.036783
-1.003363 -1.003363 -1.782921 -1.782921 0.262267 0.267971 3.218880 1.041093
-1.044995 -1.044995 -0.836149 -0.836149 0.255500 0.264841 3.216895 1.041652
-0.916506 -0.916506 -2.716327 -2.716327 0.271082 0.272545 3.218560 1.037455
-0.986392 -0.986392 -1.491197 -1.491197 0.267696 0.269939 3.213308 1.036386
-1.003443 -1.003443 -1.045672 -1.045672 0.266840 0.269671 3.218880 1.039354
-0.984540 -0.984540 -1.692274 -1.692274 0.267038 0.269912 3.218880 1.033788
-0.972426 -0.972426 -2.136263 -2.136263 0.267765 0.272835 3.195345 1.037457
-0.981109 -0.981109 -1.292863 -1.292863 0.269301 0.276092 3.205065 1.044316
-0.967142 -0.967142 -1.641819 -1.641819 0.271244 0.275550 3.216616 1.042897
-1.055093 -1.055093 -1.174512 -1.174512 0.260047 0.272339 3.217255 1.046138
-1.021055 -1.021055 -1.457573 -1.457573 0.264018 0.274578 3.192898 1.045091
-1.024898 -1.024898 -1.312039 -1.312039 0.263719 0.270793 3.218486 1.043960
-1.029885 -1.029885 -1.883583 -1.883583 0.262826 0.276260 3.218615 1.043563
-1.071946 -1.071946 -1.406940 -1.406940 0.256919 0.276509 3.182471 1.050615
-1.028714 -1.028714 -1.002813 -1.002813 0.265964 0.270720 3.191835 1.032499
-1.049291 -1.049291 -0.942541 -0.942541 0.261344 0.269570 3.218554 1.044374
-1.013540 -1.013540 -0.891235 -0.891235 0.265331 0.267195 3.203286 1.032440
-0.988730 -0.988730 -1.224491 -1.224491 0.267310 0.268550 3.215292 1.039687
-0.967982 -0.967982 -1.103351 -1.103351 0.272566 0.269620 3.199440 1.028227
-1.013599 -1.013599 -1.158152 -1.158152 0.265514 0.273424 3.218880 1.043739
-0.945960 -0.945960 -1.213680 -1.213680 0.267944 0.265498 3.210525 1.034962
-0.974694 -0.974694 -1.539104 -1.539104 0.262802 0.265204 3.218880 1.037525
-0.991102 -0.991102 -1.728984 -1.728984 0.260968 0.272116 3.214553 1.038164
-1.033699 -1.033699 -1.476204 -1.476204 0.261892 0.275553 3.216597 1.044486
-0.991130 -0.991130 -1.137849 -1.137849 0.264172 0.267985 3.198204 1.033319
-0.999453 -0.999453 -1.287336 -1.287336 0.262612 0.267551 3.206864 1.041738
-0.959616 -0.959616 -1.834976 -1.834976 0.272649 0.277256 3.198928 1.036466
