-0.986046 -0.986046 -2.032271 -2.032271 0.265707 0.274945 3.214787 1.050752
-0.968404 -0.968404 -1.035520 -1.035520 0.268640 0.267535 3.198536 1.037860
-0.950194 -0.950194 -1.773288 -1.773288 0.269725 0.270423 3.217997 1.028347
-0.976586 -0.976586 -2.323503 -2.323503 0.261318 0.275109 3.217626 1.045024
-1.006568 -1.006568 -2.123375 -2.123375 0.259949 0.273568 3.212796 1.041001
-0.998136 -0.998136 -1.171535 -1.171535 0.264970 0.267013 3.217573 1.037826
-0.977605 -0.977605 -2.035990 -2.035990 0.275296 0.280169 3.213043 1.030724
-0.976244 -0.976244 -1.160117 -1.160117 0.274328 0.277617 3.218880 1.042938
-0.974173 -0.974173 -1.752375 -1.752375 0.266236 0.270253 3.211730 1.035125
-0.979119 -0.979119 -1.136563 -1.136563 0.267429 0.270652 3.199493 1.039236
-1.011085 -1.011085 -1.008037 -1.008037 0.262381 0.267494 3.218856 1.042855
-0.969440 -0.969440 -1.786884 -1.786884 0.267497 0.270766 3.208006 1.035829
-1.009779 -1.009779 -1.355033 -1.355033 0.266486 0.276961 3.218880 1.048427
-0.999419 -0.999419 -1.359069 -1.359069 0.262007 0.265455 3.218880 1.041371
-0.995714 -0.995714 -1.384541 -1.384541 0.266013 0.271281 3.192267 1.042823
-1.023156 -1.023156 -1.366663 -1.366663 0.255731 0.266523 3.218880 1.045908
-1.011534 -1.011534 -1.132703 -1.132703 0.260708 0.265990 3.203447 1.039525
-1.012562 -1.012562 -1.318612 -1.318612 0.266864 0.272327 3.214860 1.038552
-1.030409 -1.030409 -1.023558 -1.023558 0.267363 0.272214 3.206016 1.036503
-1.056261 -1.056261 -1.058197 -1.058197 0.265218 0.272316 3.213992 1.045288
-1.035423 -1.035423 -1.563198 -1.563198 0.264335 0.277922 3.218880 1.044106
-1.009913 -1.009913 -1.268184 -1.268184 0.266682 0.269590 3.218860 1.036514
-1.059642 -1.059642 -1.294343 -1.294343 0.266473 0.278556 3.200703 1.040133
-0.935164 -0.935164 -1.582648 -1.582648 0.266730 0.261727 3.216839 1.022774
-0.989985 -0.989985 -1.486951 -1.486951 0.267910 0.273659 3.218700 1.040855
-1.035223 -1.035223 -1.136306 -1.136306 0.266931 0.273413 3.213980 1.042458
-0.887661 -0.887661 -3.525427 -3.525427 0.272132 0.272304 3.218880 1.036718
-0.998077 -0.998077 -0.979776 -0.979776 0.266878 0.267377 3.204592 1.033940
-1.054947 -1.054947 -0.948793 -0.948793 0.260087 0.267435 3.216811 1.041995
-1.034148 -1.034148 -1.018083 -1.018083 0.258110 0.267928 3.216997 1.044989
-0.986031 -0.986031 -1.435873 -1.435873 0.269143 0.274754 3.214016 1.038079
-0.977586 -0.977586 -1.516002 -1.516002 0.268678 0.271782 3.218880 1.034871
-0.976373 -0.976373 -1.897453 -1.897453 0.268984 0.275150 3.206984 1.041408
-0.939178 -0.939178 -1.887759 -1.887759 0.269693 0.268834 3.208609 1.036723
-0.971934 -0.971934 -2.084863 -2.084863 0.265455 0.269367 3.212986 1.033743
-0.960290 -0.960290 -1.757575 -1.757575 0.266097 0.270529 3.218880 1.038710
-1.008039 -1.008039 -1.105770 -1.105770 0.264349 0.269845 3.214646 1.046355
-0.954546 -0.954546 -1.551008 -1.551008 0.268638 0.272012 3.209851 1.036031
-0.949025 -0.949025 -1.475121 -1.475121 0.268941 0.267533 3.218880 1.038900
-0.967362 -0.967362 -1.970052 -1.970052 0.265482 0.269163 3.217983 1.040194
-0.978729 -0.978729 -1.801582 -1.801582 0.267640 0.276560 3.218880 1.050638
-0.999597 -0.999597 -2.263684 -2.263684 0.263829 0.276499 3.206787 1.040927
-0.964357 -0.964357 -1.617903 -1.617903 0.263660 0.267700 3.216849 1.037933
-0.951880 -0.951880 -1.451829 -1.451829 0.264693 0.267357 3.218395 1.041492
-0.950104 -0.950104 -0.977784 -0.977784 0.267811 0.264130 3.218880 1.036910
-1.028706 -1.028706 -1.856924 -1.856924 0.265616 0.284157 3.167304 1.043950
-1.020635 -1.020635 -0.914261 -0.914261 0.257505 0.263472 3.201043 1.042518
-0.977430 -0.977430 -1.509377 -1.509377 0.259101 0.268817 3.217820 1.047579
-0.941323 -0.941323 -1.894247 -1.894247 0.264974 0.266864 3.218880 1.042096
-0.926135 -0.926135 -2.023505 -2.023505 0.266467 0.271789 3.218880 1.036257
-0.997581 -0.997581 -1.287461 -1.287461 0.265218 0.269500 3.196938 1.045404
-1.049721 -1.049721 -0.966629 -0.966629 0.260536 0.266783 3.213615 1.039638
-0.944956 -0.944956 -0.919816 -0.919816 0.269701 0.263643 3.207298 1.034638
-0.934235 -0.934235 -1.324307 -1.324307 0.270346 0.268686 3.218880 1.041887
-0.914406 -0.914406 -1.343558 -1.343558 0.270977 0.266047 3.218197 1.031596
-1.013856 -1.013856 -1.573203 -1.573203 0.263788 0.269354 3.218880 1.036940
-1.018542 -1.018542 -2.212857 -2.212857 0.260886 0.274757 3.196651 1.040524
-0.965940 -0.965940 -1.823264 -1.823264 0.265960 0.268771 3.218880 1.035214
-0.980767 -0.980767 -1.726529 -1.726529 0.265937 0.270208 3.218880 1.038459
-0.888038 -0.888038 -1.458731 -1.458731 0.277563 0.271071 3.218880 1.041678
-0.902112 -0.902112 -1.751657 -1.751657 0.271593 0.268354 3.195258 1.030948
-0.993162 -0.993162 -1.486534 -1.486534 0.265983 0.269587 3.218880 1.040938
-0.947332 -0.947332 -1.837894 -1.837894 0.272227 0.271436 3.218137 1.033113
-0.908020 -0.908020 -2.208935 -2.208935 0.275784 0.272198 3.218880 1.027901
-0.954024 -0.954024 -1.742010 -1.742010 0.265421 0.271546 3.218880 1.047579
-1.043278 -1.043278 -1.256941 -1.256941 0.260200 0.271266 3.214321 1.045632
-0.998490 -0.998490 -1.093594 -1.093594 0.264285 0.269115 3.218880 1.041584
-1.002914 -1.002914 -1.493478 -1.493478 0.260680 0.269822 3.218880 1.039560
-0.920064 -0.920064 -1.492565 -1.492565 0.268474 0.262232 3.217413 1.038979
-1.014372 -1.014372 -1.408663 -1.408663 0.257189 0.266204 3.191148 1.039661
-0.953017 -0.953017 -1.527094 -1.527094 0.272904 0.270177 3.207280 1.032609
-0.916490 -0.916490 -1.845381 -1.845381 0.274451 0.269899 3.218880 1.029148
-0.987583 -0.987583 -1.171411 -1.171411 0.268466 0.267455 3.198959 1.028902
-1.009408 -1.009408 -0.998358 -0.998358 0.264301 0.270088 3.197973 1.040306
-1.000260 -1.000260 -1.230242 -1.230242 0.264050 0.270442 3.218809 1.039192
-0.960354 -0.960354 -3.298371 -3.298371 0.268451 0.280611 3.218880 1.039308
-0.976932 -0.976932 -2.309233 -2.309233 0.267957 0.275823 3.216415 1.034826
-1.002010 -1.002010 -1.819713 -1.819713 0.258760 0.272439 3.210541 1.045000
-0.991059 -0.991059 -2.276974 -2.276974 0.261327 0.277177 3.215798 1.048554
-1.008471 -1.008471 -1.109060 -1.109060 0.264972 0.264957 3.212902 1.036930
-0.988326 -0.988326 -1.031480 -1.031480 0.263813 0.267026 3.212483 1.039898
-1.029655 -1.029655 -0.975311 -0.975311 0.262041 0.272705 3.217776 1.048876
-1.054371 -1.054371 -1.156678 -1.156678 0.258860 0.270334 3.218321 1.043951
-0.950183 -0.950183 -1.655401 -1.655401 0.269393 0.271880 3.218880 1.041695
-0.986636 -0.986636 -1.835738 -1.835738 0.267150 0.273211 3.218880 1.040432
-1.013240 -1.013240 -1.259174 -1.259174 0.266256 0.271739 3.211081 1.041836
-0.968225 -0.968225 -1.097792 -1.097792 0.269022 0.267674 3.208134 1.035068
-0.934811 -0.934811 -1.521448 -1.521448 0.276658 0.272615 3.218880 1.026981
-0.958566 -0.958566 -2.181458 -2.181458 0.264175 0.271662 3.218880 1.044919
-0.977022 -0.977022 -4.104269 -4.104269 0.267165 0.277630 3.218880 1.036695
-0.926736 -0.926736 -3.699867 -3.699867 0.268731 0.274268 3.218880 1.035100
-1.015946 -1.015946 -2.045650 -2.045650 0.263979 0.272951 3.218880 1.036608
-1.016321 -1.016321 -0.738388 -0.738388 0.268119 0.266695 3.218385 1.034064
-0.955193 -0.955193 -1.488482 -1.488482 0.260725 0.265337 3.218880 1.043264
-0.936542 -0.936542 -1.671676 -1.671676 0.268165 0.265752 3.217079 1.031928
-1.047472 -1.047472 -1.367388 -1.367388 0.265045 0.273988 3.209747 1.035463
-1.005091 -1.005091 -1.186972 -1.186972 0.266010 0.268948 3.218481 1.037581
-1.074973 -1.074973 -1.126914 -1.126914 0.262446 0.272562 3.191403 1.041092
-0.990432 -0.990432 -1.591434 -1.591434 0.262916 0.271564 3.218880 1.044671
-0.931249 -0.931249 -1.530594 -1.530594 0.266190 0.265327 3.202128 1.031365
-0.997645 -0.997645 -1.652350 -1.652350 0.259401 0.269485 3.218111 1.041513
-1.025171 -1.025171 -1.390515 -1.390515 0.263695 0.270188 3.206216 1.035720
-1.011136 -1.011136 -1.648237 -1.648237 0.256194 0.265651 3.218880 1.048469
-0.921752 -0.921752 -1.104483 -1.104483 0.273816 0.265774 3.212195 1.036216
-0.961245 -0.961245 -0.950921 -0.950921 0.267652 0.263606 3.218664 1.040883
-1.023093 -1.023093 -1.421179 -1.421179 0.259523 0.268065 3.210538 1.042562
-0.944025 -0.944025 -1.204229 -1.204229 0.275869 0.276268 3.199628 1.037678
-1.006123 -1.006123 -1.737507 -1.737507 0.266597 0.274578 3.218880 1.039541
-1.032285 -1.032285 -1.360394 -1.360394 0.260834 0.266881 3.218880 1.041959
-0.997123 -0.997123 -1.152179 -1.152179 0.262542 0.265557 3.216703 1.039909
-1.029515 -1.029515 -1.360765 -1.360765 0.261091 0.273356 3.218049 1.045932
-1.019814 -1.019814 -1.008358 -1.008358 0.264302 0.267917 3.218880 1.040032
-0.986769 -0.986769 -0.917617 -0.917617 0.266045 0.265171 3.218760 1.038631
-0.975768 -0.975768 -1.198418 -1.198418 0.264719 0.263765 3.218880 1.034985
-0.928952 -0.928952 -1.750673 -1.750673 0.272421 0.267738 3.201639 1.025073
-0.873560 -0.873560 -1.769584 -1.769584 0.274627 0.264775 3.218880 1.026028
-0.992204 -0.992204 -1.499573 -1.499573 0.266828 0.272400 3.218880 1.038526
-0.955557 -0.955557 -1.854101 -1.854101 0.268453 0.271774 3.218880 1.038559
-0.971213 -0.971213 -1.554089 -1.554089 0.264388 0.268893 3.215336 1.046518
-1.010887 -1.010887 -1.986581 -1.986581 0.266911 0.277949 3.215280 1.043220
-0.993311 -0.993311 -2.070283 -2.070283 0.263369 0.275362 3.218880 1.040954
-0.878971 -0.878971 -1.591936 -1.591936 0.277593 0.265438 3.218880 1.029927
-0.886285 -0.886285 -2.149607 -2.149607 0.275322 0.268573 3.218880 1.027465
-0.922107 -0.922107 -3.499770 -3.499770 0.265298 0.273158 3.218880 1.040805
-1.062879 -1.062879 -0.974667 -0.974667 0.260385 0.272378 3.180739 1.040007
-0.954273 -0.954273 -0.853173 -0.853173 0.269416 0.261332 3.160802 1.020820
-0.974634 -0.974634 -1.738603 -1.738603 0.265987 0.272046 3.201903 1.043186
-0.989702 -0.989702 -1.729395 -1.729395 0.263503 0.272961 3.194506 1.045121
-0.968452 -0.968452 -1.757802 -1.757802 0.262036 0.270267 3.218880 1.042337
-1.034356 -1.034356 -1.268639 -1.268639 0.261991 0.271859 3.201713 1.043831
-1.011878 -1.011878 -1.466562 -1.466562 0.261424 0.272146 3.218880 1.044865
-1.036115 -1.036115 -1.466507 -1.466507 0.259577 0.269739 3.218880 1.044175
