-0.922911 -0.922911 -2.109926 -2.109926 0.267441 0.266593 3.217961 1.035793
-1.015073 -1.015073 -1.362842 -1.362842 0.260459 0.270512 3.218880 1.047703
-1.004828 -1.004828 -1.110595 -1.110595 0.265925 0.269347 3.218880 1.047255
-1.006460 -1.006460 -1.571299 -1.571299 0.268329 0.276165 3.218880 1.038726
-1.020422 -1.020422 -1.288142 -1.288142 0.263432 0.269838 3.218844 1.041062
-0.977492 -0.977492 -2.083827 -2.083827 0.266101 0.274610 3.218880 1.045029
-1.007197 -1.007197 -1.433998 -1.433998 0.263353 0.274013 3.217641 1.044586
-0.983719 -0.983719 -1.784579 -1.784579 0.261997 0.271600 3.218880 1.048411
-0.967600 -0.967600 -1.218644 -1.218644 0.265871 0.264946 3.201299 1.036542
-1.001770 -1.001770 -1.224797 -1.224797 0.267807 0.275237 3.218788 1.045075
-0.977099 -0.977099 -1.121448 -1.121448 0.266667 0.269145 3.215388 1.041158
-0.962863 -0.962863 -1.624642 -1.624642 0.260903 0.265324 3.200066 1.036754
-0.987876 -0.987876 -1.263524 -1.263524 0.261325 0.267577 3.203654 1.045094
-1.034624 -1.034624 -1.185087 -1.185087 0.259783 0.273719 3.200526 1.046317
-0.960607 -0.960607 -1.484263 -1.484263 0.266176 0.267072 3.217856 1.041431
-0.961159 -0.961159 -1.191598 -1.191598 0.266984 0.268906 3.218880 1.040974
-0.956944 -0.956944 -1.250566 -1.250566 0.272319 0.271633 3.207767 1.035630
-1.006040 -1.006040 -0.859932 -0.859932 0.267137 0.266594 3.218880 1.042114
-0.990034 -0.990034 -1.586302 -1.586302 0.265866 0.273958 3.218880 1.038457
-0.997922 -0.997922 -1.090014 -1.090014 0.270656 0.269533 3.195255 1.034866
-1.003974 -1.003974 -1.505096 -1.505096 0.264669 0.272525 3.207827 1.041078
-0.986957 -0.986957 -1.406737 -1.406737 0.264686 0.269671 3.218880 1.041368
-0.996305 -0.996305 -1.210687 -1.210687 0.270180 0.272569 3.218880 1.039904
-1.013255 -1.013255 -2.129984 -2.129984 0.269324 0.281611 3.218880 1.048944
-1.024638 -1.024638 -1.433668 -1.433668 0.265850 0.275421 3.218774 1.040910
-1.039643 -1.039643 -0.889565 -0.889565 0.260463 0.270418 3.187235 1.042736
-1.046041 -1.046041 -1.707956 -1.707956 0.260923 0.278943 3.217972 1.046782
-0.993782 -0.993782 -1.659501 -1.659501 0.262205 0.268895 3.200947 1.040995
-0.963185 -0.963185 -1.828265 -1.828265 0.261553 0.266792 3.214346 1.042228
-0.913642 -0.913642 -2.370481 -2.370481 0.269132 0.269618 3.215247 1.033001
-0.947226 -0.947226 -1.037640 -1.037640 0.275933 0.269086 3.212473 1.032403
-0.990769 -0.990769 -1.256159 -1.256159 0.263417 0.266352 3.218880 1.038884
-1.022432 -1.022432 -1.233618 -1.233618 0.263421 0.271033 3.212860 1.037263
-0.926510 -0.926510 -1.339522 -1.339522 0.268176 0.264704 3.218880 1.038373
-1.012441 -1.012441 -1.097235 -1.097235 0.264325 0.269595 3.218880 1.045065
-1.005585 -1.005585 -0.639970 -0.639970 0.267390 0.265303 3.218880 1.040224
-1.049257 -1.049257 -1.785708 -1.785708 0.263037 0.281544 3.217671 1.053363
-1.030323 -1.030323 -0.984612 -0.984612 0.259624 0.272104 3.190667 1.046848
-1.062238 -1.062238 -1.083833 -1.083833 0.257416 0.271558 3.213102 1.046169
-1.007013 -1.007013 -1.640593 -1.640593 0.261248 0.268597 3.206280 1.040027
-0.919219 -0.919219 -1.557933 -1.557933 0.268246 0.266348 3.218880 1.037327
-0.989914 -0.989914 -0.780642 -0.780642 0.265236 0.263427 3.209746 1.035686
-0.963465 -0.963465 -2.118977 -2.118977 0.266561 0.270262 3.218880 1.037399
-0.982424 -0.982424 -2.370462 -2.370462 0.269789 0.276831 3.197491 1.038860
-0.950210 -0.950210 -2.183675 -2.183675 0.263356 0.271259 3.218880 1.049406
-1.006763 -1.006763 -1.070925 -1.070925 0.262322 0.268996 3.218720 1.047638
-0.897993 -0.897993 -2.961427 -2.961427 0.277288 0.278372 3.218880 1.039293
-0.980354 -0.980354 -1.372961 -1.372961 0.265360 0.268025 3.218038 1.041903
-0.924049 -0.924049 -1.637932 -1.637932 0.274298 0.267698 3.218880 1.032975
-1.032680 -1.032680 -0.985251 -0.985251 0.267330 0.276730 3.218880 1.048894
-1.022838 -1.022838 -1.455430 -1.455430 0.267576 0.273225 3.218880 1.040995
-0.946490 -0.946490 -1.466866 -1.466866 0.268509 0.267730 3.215701 1.036888
-0.990473 -0.990473 -1.978721 -1.978721 0.263233 0.273560 3.218297 1.041995
-0.998609 -0.998609 -1.619169 -1.619169 0.267099 0.272311 3.218880 1.035819
-1.058223 -1.058223 -0.943884 -0.943884 0.264071 0.271010 3.206477 1.039019
-0.976001 -0.976001 -1.067843 -1.067843 0.271019 0.269004 3.218837 1.037743
-1.033532 -1.033532 -1.637261 -1.637261 0.264829 0.274514 3.218880 1.042708
-1.024739 -1.024739 -1.071985 -1.071985 0.264770 0.271142 3.214522 1.044260
-0.939099 -0.939099 -1.645677 -1.645677 0.266362 0.265530 3.218880 1.040478
-0.922122 -0.922122 -1.344561 -1.344561 0.276586 0.270779 3.215643 1.029433
-0.942684 -0.942684 -1.492420 -1.492420 0.267823 0.265551 3.218880 1.036092
-0.988491 -0.988491 -1.422616 -1.422616 0.267095 0.271421 3.200318 1.037455
-1.011768 -1.011768 -1.390478 -1.390478 0.266427 0.272826 3.218880 1.047413
-0.944912 -0.944912 -1.304188 -1.304188 0.272060 0.274945 3.188989 1.038700
-1.013831 -1.013831 -0.982375 -0.982375 0.262896 0.266957 3.218880 1.043664
-0.979559 -0.979559 -1.334434 -1.334434 0.269435 0.274766 3.190724 1.036313
-1.008156 -1.008156 -0.897866 -0.897866 0.266816 0.271770 3.215714 1.049279
-1.003494 -1.003494 -1.186015 -1.186015 0.265931 0.269743 3.217553 1.041344
-1.028428 -1.028428 -1.084304 -1.084304 0.260023 0.265939 3.217542 1.041553
-1.017486 -1.017486 -1.497830 -1.497830 0.264411 0.276592 3.218880 1.051698
-1.009792 -1.009792 -1.509426 -1.509426 0.264110 0.274281 3.215487 1.046639
-0.929828 -0.929828 -2.491118 -2.491118 0.272645 0.273899 3.218880 1.036199
-0.998370 -0.998370 -0.909482 -0.909482 0.262178 0.264171 3.207327 1.045021
-1.023770 -1.023770 -1.288175 -1.288175 0.265433 0.274483 3.215318 1.046627
-1.026334 -1.026334 -1.469283 -1.469283 0.262129 0.272778 3.218591 1.043749
-0.949892 -0.949892 -1.017892 -1.017892 0.273435 0.265907 3.195529 1.034777
-0.977084 -0.977084 -0.963457 -0.963457 0.267375 0.265872 3.206734 1.036342
-1.036487 -1.036487 -0.810457 -0.810457 0.256431 0.263499 3.213523 1.044312
-1.005945 -1.005945 -1.102197 -1.102197 0.258560 0.263723 3.218880 1.044909
-0.925629 -0.925629 -2.916959 -2.916959 0.275696 0.280246 3.184062 1.037887
-1.029905 -1.029905 -0.675453 -0.675453 0.263647 0.267214 3.193738 1.045397
-0.946044 -0.946044 -1.771521 -1.771521 0.267803 0.270396 3.217718 1.040784
-0.971455 -0.971455 -1.127392 -1.127392 0.268788 0.268636 3.218803 1.042898
-0.988338 -0.988338 -1.757568 -1.757568 0.271227 0.277786 3.202712 1.036572
-0.986039 -0.986039 -1.634968 -1.634968 0.268144 0.275248 3.218880 1.045478
-0.949403 -0.949403 -1.591313 -1.591313 0.275601 0.274676 3.188585 1.035247
-0.960788 -0.960788 -1.535151 -1.535151 0.271299 0.272062 3.203546 1.039860
-0.949188 -0.949188 -1.233372 -1.233372 0.274833 0.269278 3.218880 1.032706
-0.966998 -0.966998 -1.462046 -1.462046 0.266769 0.268231 3.218880 1.036875
-0.887436 -0.887436 -2.051563 -2.051563 0.277986 0.277625 3.218880 1.038684
-0.961283 -0.961283 -2.038836 -2.038836 0.276903 0.276067 3.204528 1.023760
-0.930427 -0.930427 -1.936434 -1.936434 0.267975 0.268352 3.218880 1.036770
-0.960288 -0.960288 -1.829520 -1.829520 0.268137 0.275965 3.218880 1.041153
-0.946758 -0.946758 -1.328697 -1.328697 0.272073 0.270958 3.202026 1.038760
-0.943142 -0.943142 -1.879446 -1.879446 0.270012 0.271563 3.218880 1.035047
-1.019380 -1.019380 -1.759383 -1.759383 0.265646 0.277327 3.200617 1.045482
-1.022539 -1.022539 -1.036193 -1.036193 0.267741 0.270890 3.200385 1.037182
-0.994482 -0.994482 -1.136896 -1.136896 0.266154 0.270199 3.218285 1.045621
-1.015915 -1.015915 -1.590468 -1.590468 0.263928 0.274314 3.218431 1.046993
-1.065104 -1.065104 -1.052878 -1.052878 0.259599 0.270971 3.218880 1.046324
-1.076147 -1.076147 -1.195360 -1.195360 0.253114 0.270686 3.215257 1.047117
-1.054955 -1.054955 -1.140145 -1.140145 0.267400 0.274934 3.218880 1.037496
-0.996056 -0.996056 -1.494157 -1.494157 0.266622 0.269611 3.218880 1.039201
-1.015471 -1.015471 -1.267536 -1.267536 0.260517 0.267003 3.194646 1.040237
-1.020840 -1.020840 -1.355873 -1.355873 0.262240 0.274204 3.198895 1.043467
-0.925377 -0.925377 -1.877920 -1.877920 0.268615 0.267327 3.190249 1.034077
-0.988698 -0.988698 -1.319368 -1.319368 0.265991 0.267192 3.218713 1.036515
-1.017140 -1.017140 -1.340408 -1.340408 0.266314 0.275852 3.216831 1.035652
-0.938538 -0.938538 -1.641352 -1.641352 0.269291 0.266841 3.216865 1.030942
-0.931416 -0.931416 -1.430511 -1.430511 0.266340 0.265366 3.218880 1.034783
-0.958414 -0.958414 -1.848689 -1.848689 0.269248 0.275124 3.218880 1.032632
-0.948490 -0.948490 -1.237852 -1.237852 0.264619 0.261983 3.218048 1.037739
-0.986860 -0.986860 -1.611723 -1.611723 0.264540 0.273332 3.218880 1.045205
-0.937871 -0.937871 -2.681567 -2.681567 0.263793 0.270177 3.218880 1.041841
-0.972528 -0.972528 -1.584292 -1.584292 0.263540 0.265440 3.218880 1.040716
-0.989276 -0.989276 -1.921406 -1.921406 0.260564 0.271909 3.197304 1.043306
-0.996455 -0.996455 -1.398478 -1.398478 0.268460 0.277695 3.211389 1.041986
-1.002266 -1.002266 -1.281421 -1.281421 0.265508 0.273994 3.214089 1.039696
-1.059183 -1.059183 -1.347633 -1.347633 0.261390 0.274685 3.210807 1.043588
-0.994974 -0.994974 -1.876558 -1.876558 0.261861 0.269888 3.218880 1.040085
-0.969771 -0.969771 -1.201462 -1.201462 0.267977 0.268802 3.203198 1.043348
-1.046091 -1.046091 -1.124727 -1.124727 0.262795 0.272806 3.218592 1.045786
-1.011738 -1.011738 -1.883740 -1.883740 0.267710 0.276854 3.208557 1.041475
-0.978004 -0.978004 -2.004224 -2.004224 0.260944 0.270377 3.193836 1.040490
-0.983947 -0.983947 -2.464550 -2.464550 0.259526 0.272724 3.218880 1.043732
-0.924098 -0.924098 -2.030558 -2.030558 0.270369 0.267831 3.218880 1.034214
-0.912798 -0.912798 -2.188565 -2.188565 0.274067 0.271066 3.218880 1.029166
-1.053719 -1.053719 -1.482829 -1.482829 0.263999 0.275538 3.218880 1.041264
-0.977153 -0.977153 -1.465034 -1.465034 0.269107 0.269400 3.218880 1.037427
-0.967618 -0.967618 -0.905012 -0.905012 0.266689 0.260783 3.168611 1.029344
-1.033610 -1.033610 -1.825897 -1.825897 0.261046 0.272992 3.218880 1.043462
-1.075035 -1.075035 -1.037917 -1.037917 0.260561 0.272203 3.215006 1.047138
