-0.926869 -0.926869 -2.825867 -2.825867 0.270437 0.274236 3.218880 1.035492
-1.002617 -1.002617 -2.753057 -2.753057 0.267584 0.278155 3.195835 1.038494
-1.011639 -1.011639 -1.240625 -1.240625 0.267226 0.273960 3.218880 1.041528
-0.979880 -0.979880 -1.905288 -1.905288 0.264943 0.272294 3.218557 1.048601
-0.967224 -0.967224 -1.700811 -1.700811 0.265143 0.270673 3.194127 1.035340
-1.004150 -1.004150 -3.810501 -3.810501 0.261896 0.276616 3.218880 1.044113
-0.963637 -0.963637 -2.396210 -2.396210 0.267911 0.273532 3.218501 1.038357
-1.055246 -1.055246 -1.370748 -1.370748 0.260772 0.273151 3.218506 1.038674
-0.943191 -0.943191 -1.560369 -1.560369 0.267563 0.266023 3.218880 1.030999
-1.020121 -1.020121 -1.734469 -1.734469 0.260101 0.272522 3.214889 1.043664
-1.056164 -1.056164 -0.928936 -0.928936 0.261537 0.271836 3.209071 1.040275
-0.978029 -0.978029 -1.469280 -1.469280 0.268100 0.269721 3.212235 1.036744
-0.972555 -0.972555 -1.545704 -1.545704 0.272355 0.274269 3.188874 1.034972
-1.069178 -1.069178 -1.993350 -1.993350 0.264466 0.280830 3.218880 1.052306
-0.977649 -0.977649 -2.116010 -2.116010 0.262696 0.270810 3.218880 1.039817
-0.990745 -0.990745 -1.020771 -1.020771 0.267129 0.271273 3.210628 1.040786
-0.989129 -0.989129 -1.233218 -1.233218 0.266236 0.270538 3.218311 1.045211
-0.987845 -0.987845 -1.591574 -1.591574 0.267983 0.273358 3.218880 1.044759
-1.019728 -1.019728 -1.045422 -1.045422 0.264896 0.272319 3.214091 1.041987
-1.029572 -1.029572 -1.377785 -1.377785 0.258808 0.269657 3.213586 1.038447
-0.957221 -0.957221 -1.845054 -1.845054 0.272205 0.274962 3.206832 1.030479
-0.992927 -0.992927 -1.215536 -1.215536 0.267788 0.268295 3.218880 1.040323
-0.986380 -0.986380 -2.101853 -2.101853 0.261966 0.273897 3.218880 1.044560
-0.966370 -0.966370 -1.463250 -1.463250 0.269135 0.269364 3.218087 1.038354
-0.984910 -0.984910 -1.172060 -1.172060 0.269507 0.270124 3.195096 1.032905
-0.965976 -0.965976 -1.981844 -1.981844 0.264676 0.273665 3.199255 1.040805
-0.925359 -0.925359 -1.637270 -1.637270 0.280673 0.278542 3.218777 1.036925
-1.093468 -1.093468 -1.066952 -1.066952 0.254650 0.271240 3.207227 1.049883
-1.035670 -1.035670 -1.267944 -1.267944 0.257198 0.268302 3.218880 1.046668
-1.056472 -1.056472 -0.753398 -0.753398 0.261020 0.264073 3.218880 1.037521
-1.049079 -1.049079 -1.145956 -1.145956 0.264767 0.274810 3.203715 1.046850
-0.990470 -0.990470 -1.331639 -1.331639 0.264996 0.270701 3.191233 1.044346
-0.976869 -0.976869 -1.433039 -1.433039 0.265863 0.269563 3.211778 1.036569
-1.063489 -1.063489 -0.929654 -0.929654 0.262368 0.275448 3.198665 1.043486
-1.021263 -1.021263 -1.271832 -1.271832 0.267586 0.271107 3.211727 1.037115
-1.029855 -1.029855 -1.130610 -1.130610 0.261909 0.271048 3.206521 1.043984
-0.996715 -0.996715 -1.306974 -1.306974 0.268336 0.272229 3.207954 1.038904
-0.983472 -0.983472 -1.726650 -1.726650 0.267389 0.270752 3.218880 1.038170
-1.010519 -1.010519 -1.407055 -1.407055 0.259338 0.268208 3.212224 1.039578
-0.984459 -0.984459 -0.974115 -0.974115 0.265352 0.263485 3.218880 1.041378
-1.005225 -1.005225 -0.886233 -0.886233 0.267116 0.266122 3.218880 1.040561
-1.019249 -1.019249 -1.640043 -1.640043 0.263783 0.277927 3.213424 1.047091
-1.012929 -1.012929 -1.757276 -1.757276 0.266799 0.274727 3.218729 1.046443
-0.955696 -0.955696 -1.641055 -1.641055 0.266665 0.269090 3.218812 1.035992
-0.952588 -0.952588 -2.251984 -2.251984 0.269764 0.272830 3.211160 1.037065
-1.055586 -1.055586 -0.779006 -0.779006 0.262497 0.271243 3.215719 1.049827
-1.046614 -1.046614 -1.082549 -1.082549 0.262417 0.270266 3.212647 1.047872
-1.009511 -1.009511 -0.992322 -0.992322 0.267448 0.270405 3.184399 1.034217
-0.947520 -0.947520 -2.015425 -2.015425 0.270535 0.276492 3.195680 1.038792
-1.004222 -1.004222 -1.572466 -1.572466 0.263422 0.269610 3.200355 1.034360
-0.989787 -0.989787 -1.705059 -1.705059 0.260261 0.270282 3.191570 1.038156
-0.915573 -0.915573 -2.105493 -2.105493 0.275331 0.272625 3.203899 1.032346
-0.964576 -0.964576 -1.908645 -1.908645 0.271682 0.271863 3.218880 1.031830
-0.953115 -0.953115 -1.894243 -1.894243 0.270068 0.274346 3.218880 1.031312
-1.038429 -1.038429 -1.348605 -1.348605 0.263455 0.274147 3.199480 1.043347
-1.010860 -1.010860 -1.196550 -1.196550 0.266019 0.270082 3.212155 1.040729
-0.968283 -0.968283 -1.763753 -1.763753 0.265520 0.268509 3.218110 1.035059
-0.914734 -0.914734 -1.621228 -1.621228 0.275314 0.272025 3.218880 1.037973
-0.967148 -0.967148 -2.179088 -2.179088 0.272553 0.277190 3.200868 1.036460
-0.978687 -0.978687 -1.846751 -1.846751 0.263605 0.270093 3.218880 1.036226
-1.011657 -1.011657 -1.395117 -1.395117 0.266528 0.274756 3.218397 1.043676
-1.011415 -1.011415 -1.772952 -1.772952 0.262179 0.270667 3.218371 1.040197
-0.999321 -0.999321 -1.189374 -1.189374 0.262940 0.266518 3.218880 1.043565
-0.967923 -0.967923 -2.001084 -2.001084 0.271282 0.278386 3.208294 1.039485
-1.070297 -1.070297 -0.986217 -0.986217 0.263163 0.274234 3.201254 1.045155
-0.981587 -0.981587 -1.549800 -1.549800 0.270039 0.270529 3.218880 1.031398
-0.933019 -0.933019 -1.731517 -1.731517 0.266650 0.269198 3.218880 1.042314
-1.024003 -1.024003 -0.520549 -0.520549 0.266965 0.269478 3.191408 1.039031
-0.990637 -0.990637 -1.611612 -1.611612 0.264185 0.270547 3.218880 1.042292
-1.020391 -1.020391 -1.488041 -1.488041 0.269958 0.276818 3.170580 1.031567
-1.008601 -1.008601 -1.590836 -1.590836 0.263776 0.272076 3.216271 1.043419
-0.952166 -0.952166 -1.173210 -1.173210 0.273089 0.268628 3.217716 1.033131
-0.950485 -0.950485 -1.669470 -1.669470 0.274124 0.273039 3.187387 1.030312
-0.954315 -0.954315 -1.589464 -1.589464 0.271754 0.273410 3.217335 1.040462
-0.957483 -0.957483 -2.064569 -2.064569 0.265916 0.273135 3.218880 1.046791
-0.900831 -0.900831 -1.598640 -1.598640 0.268625 0.266507 3.207356 1.032727
-0.956380 -0.956380 -1.090485 -1.090485 0.263688 0.259485 3.190950 1.032583
-1.042483 -1.042483 -1.169584 -1.169584 0.256274 0.268602 3.196752 1.044243
-1.034951 -1.034951 -1.918697 -1.918697 0.263647 0.279540 3.218880 1.044899
-1.037161 -1.037161 -1.360132 -1.360132 0.265337 0.275028 3.218880 1.043967
-1.007674 -1.007674 -1.427804 -1.427804 0.267215 0.277126 3.218880 1.044363
-1.024754 -1.024754 -0.872805 -0.872805 0.266579 0.266783 3.218781 1.036116
-0.955451 -0.955451 -1.251277 -1.251277 0.278493 0.273776 3.205994 1.032152
-0.994013 -0.994013 -1.108088 -1.108088 0.274754 0.274437 3.212056 1.037818
-0.984520 -0.984520 -2.041405 -2.041405 0.269022 0.277847 3.218880 1.046572
-0.924443 -0.924443 -1.692813 -1.692813 0.272032 0.272905 3.218880 1.036001
-0.948854 -0.948854 -1.717996 -1.717996 0.271451 0.267439 3.199774 1.018979
-1.038412 -1.038412 -1.333676 -1.333676 0.261113 0.269010 3.218880 1.039094
-1.019739 -1.019739 -0.929841 -0.929841 0.264381 0.271288 3.186047 1.041307
-1.019230 -1.019230 -1.042362 -1.042362 0.261957 0.266715 3.215083 1.041356
-0.989424 -0.989424 -1.048184 -1.048184 0.269131 0.269062 3.215073 1.038969
-0.982069 -0.982069 -0.971946 -0.971946 0.269339 0.266439 3.197316 1.039896
-0.986885 -0.986885 -1.298984 -1.298984 0.265533 0.271792 3.218880 1.048921
-1.003284 -1.003284 -1.130261 -1.130261 0.264939 0.267852 3.218692 1.041220
-0.925635 -0.925635 -1.965366 -1.965366 0.273415 0.268699 3.218597 1.033005
-0.966392 -0.966392 -1.269980 -1.269980 0.271636 0.270152 3.217919 1.033568
-0.991174 -0.991174 -0.785451 -0.785451 0.269157 0.267723 3.218808 1.042039
-0.912909 -0.912909 -1.351734 -1.351734 0.269436 0.262983 3.218880 1.031563
-0.960193 -0.960193 -1.946164 -1.946164 0.267980 0.272626 3.214456 1.037405
-0.976175 -0.976175 -1.338292 -1.338292 0.269257 0.272707 3.218652 1.037727
-0.956436 -0.956436 -1.774721 -1.774721 0.267855 0.271740 3.218880 1.038264
-0.956831 -0.956831 -1.608396 -1.608396 0.266525 0.270883 3.218503 1.039445
-0.945641 -0.945641 -1.899433 -1.899433 0.267466 0.272339 3.218880 1.039776
-0.920849 -0.920849 -2.965430 -2.965430 0.269697 0.274295 3.218880 1.042601
-0.949405 -0.949405 -1.100775 -1.100775 0.269288 0.267876 3.214822 1.038966
-0.952141 -0.952141 -1.300102 -1.300102 0.269124 0.268118 3.218247 1.041521
-1.004951 -1.004951 -1.095943 -1.095943 0.267177 0.271876 3.203101 1.034422
-0.895012 -0.895012 -1.489258 -1.489258 0.275982 0.270159 3.218880 1.029832
-0.932051 -0.932051 -1.265083 -1.265083 0.272200 0.268292 3.218880 1.036330
-0.993658 -0.993658 -0.993671 -0.993671 0.269484 0.267090 3.218673 1.032793
-0.999830 -0.999830 -1.193774 -1.193774 0.267669 0.272508 3.218880 1.044007
-1.004140 -1.004140 -1.319598 -1.319598 0.269652 0.272585 3.207053 1.034422
-0.911850 -0.911850 -2.695792 -2.695792 0.273961 0.271051 3.218880 1.028104
-1.083594 -1.083594 -0.654504 -0.654504 0.260968 0.270432 3.218746 1.046605
-0.943173 -0.943173 -1.011399 -1.011399 0.272051 0.263738 3.208192 1.034543
-0.996426 -0.996426 -1.704456 -1.704456 0.262040 0.269225 3.217401 1.037724
-1.026385 -1.026385 -1.263447 -1.263447 0.267082 0.273328 3.203966 1.035481
-1.002685 -1.002685 -1.617511 -1.617511 0.264408 0.273800 3.218785 1.042777
-0.966620 -0.966620 -1.489855 -1.489855 0.273963 0.271775 3.218880 1.032365
-0.950399 -0.950399 -2.248174 -2.248174 0.272588 0.278475 3.218880 1.035825
-0.936189 -0.936189 -2.130527 -2.130527 0.275270 0.273733 3.218880 1.028484
-0.918586 -0.918586 -2.332498 -2.332498 0.270105 0.273075 3.218880 1.036274
-0.957430 -0.957430 -1.029680 -1.029680 0.277355 0.274388 3.204136 1.040694
-0.968054 -0.968054 -1.707708 -1.707708 0.267856 0.279666 3.187358 1.034959
-0.974806 -0.974806 -1.257686 -1.257686 0.269663 0.268622 3.218741 1.033326
-0.974694 -0.974694 -1.045955 -1.045955 0.265678 0.269347 3.213354 1.046609
-0.953192 -0.953192 -1.464039 -1.464039 0.274206 0.272332 3.212951 1.027212
-1.014443 -1.014443 -1.030845 -1.030845 0.266462 0.271584 3.182174 1.037972
-0.983989 -0.983989 -1.328507 -1.328507 0.265319 0.270656 3.218880 1.043696
-1.029153 -1.029153 -1.208336 -1.208336 0.263885 0.271791 3.218561 1.048133
-1.041877 -1.041877 -0.916985 -0.916985 0.266763 0.271426 3.203042 1.040918
-1.031724 -1.031724 -1.371408 -1.371408 0.262802 0.273946 3.218880 1.043077
