-0.989476 -0.989476 -0.943934 -0.943934 0.265689 0.264125 3.213303 1.036843
-1.012713 -1.012713 -2.207983 -2.207983 0.265963 0.278012 3.218880 1.041968
-0.961582 -0.961582 -1.340925 -1.340925 0.266247 0.268546 3.218880 1.039569
-0.930232 -0.930232 -2.766428 -2.766428 0.267143 0.271633 3.218880 1.031344
-0.953141 -0.953141 -1.582569 -1.582569 0.266290 0.267480 3.218880 1.036542
-0.976468 -0.976468 -1.595945 -1.595945 0.269227 0.277378 3.218880 1.041493
-1.026679 -1.026679 -1.185733 -1.185733 0.262966 0.269564 3.218880 1.042334
-1.055836 -1.055836 -1.829378 -1.829378 0.255703 0.270339 3.208771 1.039628
-1.041583 -1.041583 -0.827833 -0.827833 0.268256 0.271202 3.218880 1.041163
-1.001701 -1.001701 -1.496353 -1.496353 0.264519 0.274910 3.218880 1.048603
-1.045300 -1.045300 -1.418545 -1.418545 0.260493 0.270489 3.218880 1.041798
-1.013809 -1.013809 -1.227035 -1.227035 0.263345 0.267067 3.216205 1.034173
-0.940980 -0.940980 -1.145819 -1.145819 0.270384 0.267766 3.204881 1.038591
-0.936223 -0.936223 -1.533443 -1.533443 0.263991 0.264276 3.218650 1.047030
-0.955364 -0.955364 -3.906366 -3.906366 0.265529 0.278976 3.218455 1.043718
-1.009150 -1.009150 -3.180598 -3.180598 0.264037 0.279293 3.218341 1.046100
-1.080955 -1.080955 -2.403313 -2.403313 0.255352 0.277516 3.218880 1.045183
-1.007045 -1.007045 -1.713847 -1.713847 0.265471 0.274270 3.218880 1.043216
-0.921566 -0.921566 -1.327766 -1.327766 0.279961 0.269392 3.218327 1.036592
-1.035778 -1.035778 -0.928351 -0.928351 0.262672 0.265531 3.218029 1.039536
-1.031266 -1.031266 -1.255790 -1.255790 0.260372 0.270450 3.194083 1.039678
-1.003189 -1.003189 -1.173642 -1.173642 0.269394 0.272441 3.218880 1.040525
-1.044900 -1.044900 -0.926534 -0.926534 0.261679 0.271258 3.215479 1.038402
-1.006043 -1.006043 -1.702739 -1.702739 0.259635 0.272374 3.207871 1.047137
-0.986959 -0.986959 -1.255853 -1.255853 0.258585 0.263865 3.212593 1.044378
-0.961728 -0.961728 -1.206591 -1.206591 0.269243 0.267531 3.218880 1.038237
-0.968555 -0.968555 -1.268191 -1.268191 0.270748 0.269752 3.218880 1.038685
-0.979235 -0.979235 -1.434018 -1.434018 0.270560 0.270232 3.218880 1.034167
-1.045557 -1.045557 -1.098332 -1.098332 0.263811 0.275262 3.218880 1.048083
-0.908997 -0.908997 -1.645423 -1.645423 0.276252 0.274299 3.218880 1.032913
-0.975140 -0.975140 -1.803495 -1.803495 0.269514 0.272256 3.218880 1.028826
-0.990235 -0.990235 -1.917936 -1.917936 0.267753 0.274018 3.214885 1.034246
-1.003774 -1.003774 -1.314349 -1.314349 0.265190 0.273106 3.208432 1.040839
-0.971331 -0.971331 -1.400420 -1.400420 0.263818 0.267187 3.218880 1.037397
-0.936389 -0.936389 -1.479339 -1.479339 0.267826 0.269987 3.198641 1.039135
-0.997066 -0.997066 -0.900218 -0.900218 0.263171 0.266092 3.196723 1.044773
-0.970507 -0.970507 -1.426559 -1.426559 0.271320 0.269912 3.218880 1.035237
-0.934830 -0.934830 -1.379264 -1.379264 0.270538 0.265652 3.213265 1.034117
-1.056456 -1.056456 -1.513761 -1.513761 0.254835 0.272574 3.204736 1.049144
-1.052013 -1.052013 -0.902138 -0.902138 0.262660 0.269603 3.205772 1.044223
-0.955474 -0.955474 -1.670022 -1.670022 0.272085 0.272768 3.213224 1.034506
-0.976527 -0.976527 -1.646830 -1.646830 0.269153 0.277054 3.169826 1.038383
-0.933301 -0.933301 -1.823894 -1.823894 0.270482 0.269465 3.213440 1.028268
-0.994025 -0.994025 -1.469279 -1.469279 0.266551 0.273209 3.217483 1.041190
-0.969913 -0.969913 -1.874199 -1.874199 0.266408 0.268176 3.218880 1.035509
-0.961970 -0.961970 -1.355170 -1.355170 0.272132 0.272256 3.218880 1.033989
-0.972557 -0.972557 -1.310890 -1.310890 0.267490 0.268696 3.218880 1.038862
-1.064511 -1.064511 -0.793198 -0.793198 0.263036 0.271810 3.216032 1.049115
-1.041162 -1.041162 -1.116057 -1.116057 0.257540 0.272044 3.194823 1.049995
-1.014653 -1.014653 -0.907239 -0.907239 0.267072 0.268618 3.183245 1.033879
-0.984381 -0.984381 -1.513051 -1.513051 0.264868 0.268989 3.192333 1.032614
-1.016621 -1.016621 -1.466862 -1.466862 0.264548 0.268623 3.218880 1.036674
-1.007803 -1.007803 -1.091112 -1.091112 0.261164 0.267443 3.216532 1.043038
-1.008321 -1.008321 -0.866078 -0.866078 0.271716 0.270940 3.214519 1.039410
-0.949505 -0.949505 -1.545866 -1.545866 0.271552 0.267931 3.213171 1.028567
-0.952622 -0.952622 -1.336464 -1.336464 0.267891 0.269764 3.218880 1.039594
-0.993035 -0.993035 -1.646101 -1.646101 0.262416 0.265597 3.218880 1.036562
-0.961520 -0.961520 -1.313940 -1.313940 0.266982 0.266113 3.218642 1.034791
-1.081740 -1.081740 -1.259682 -1.259682 0.261446 0.278179 3.199884 1.045636
-1.054051 -1.054051 -2.023691 -2.023691 0.261594 0.277297 3.218880 1.041950
-0.957302 -0.957302 -2.146486 -2.146486 0.268866 0.272794 3.218880 1.038947
-1.008385 -1.008385 -1.067492 -1.067492 0.266413 0.267422 3.218880 1.041119
-0.936772 -0.936772 -1.210090 -1.210090 0.269720 0.262082 3.211073 1.029830
-0.944713 -0.944713 -1.725516 -1.725516 0.272886 0.271820 3.218880 1.033490
-1.021008 -1.021008 -1.700535 -1.700535 0.259344 0.272848 3.217097 1.050292
-0.973920 -0.973920 -1.105308 -1.105308 0.265293 0.265029 3.218263 1.037958
-0.985684 -0.985684 -1.275805 -1.275805 0.260731 0.264961 3.218880 1.040213
-0.995278 -0.995278 -1.697815 -1.697815 0.262843 0.269986 3.218880 1.038890
-0.943742 -0.943742 -1.501905 -1.501905 0.269468 0.267392 3.198196 1.035030
-1.032606 -1.032606 -0.750896 -0.750896 0.259843 0.257923 3.212524 1.036293
-0.990816 -0.990816 -2.042319 -2.042319 0.265104 0.276366 3.216381 1.042166
-1.010312 -1.010312 -1.596193 -1.596193 0.258971 0.272053 3.217276 1.044238
-1.013308 -1.013308 -0.981511 -0.981511 0.258794 0.264183 3.218880 1.042057
-0.987355 -0.987355 -1.204760 -1.204760 0.262626 0.263207 3.218880 1.037772
-0.983019 -0.983019 -1.119089 -1.119089 0.266794 0.267880 3.208411 1.038620
-1.009688 -1.009688 -1.293937 -1.293937 0.260068 0.266990 3.218880 1.038363
-0.988992 -0.988992 -1.464684 -1.464684 0.268200 0.270652 3.218880 1.036541
-0.946588 -0.946588 -1.750830 -1.750830 0.268943 0.269122 3.218880 1.035051
-1.007720 -1.007720 -1.641562 -1.641562 0.263796 0.275653 3.203417 1.047281
-0.933939 -0.933939 -2.432538 -2.432538 0.268677 0.274356 3.212720 1.041190
-0.951778 -0.951778 -0.833438 -0.833438 0.270101 0.262160 3.200955 1.035171
-1.036099 -1.036099 -1.048164 -1.048164 0.261704 0.271037 3.218880 1.047457
-1.028785 -1.028785 -1.330136 -1.330136 0.264196 0.272516 3.218880 1.043290
-0.977628 -0.977628 -1.081576 -1.081576 0.269021 0.267933 3.171027 1.028284
-1.002255 -1.002255 -1.151042 -1.151042 0.263787 0.267916 3.218294 1.043715
-0.950336 -0.950336 -1.572930 -1.572930 0.270710 0.273382 3.218880 1.037673
-1.010106 -1.010106 -0.926103 -0.926103 0.265870 0.270089 3.211586 1.039908
-0.988714 -0.988714 -1.490533 -1.490533 0.272654 0.282457 3.218880 1.046890
-0.979628 -0.979628 -1.634700 -1.634700 0.268213 0.277382 3.218880 1.043575
-0.998280 -0.998280 -0.867486 -0.867486 0.269278 0.270088 3.218880 1.046968
-1.038222 -1.038222 -0.948712 -0.948712 0.265560 0.272498 3.217469 1.047398
-0.995454 -0.995454 -1.518455 -1.518455 0.269667 0.272859 3.201821 1.037785
-0.946721 -0.946721 -2.453516 -2.453516 0.272591 0.275211 3.218880 1.039221
-0.995530 -0.995530 -1.123139 -1.123139 0.267909 0.270763 3.213517 1.041366
-0.941525 -0.941525 -2.237233 -2.237233 0.267437 0.270156 3.218880 1.039243
-1.002162 -1.002162 -1.258139 -1.258139 0.266011 0.269825 3.212226 1.041225
-0.984183 -0.984183 -1.289307 -1.289307 0.270767 0.275490 3.218880 1.045273
-1.031433 -1.031433 -1.695096 -1.695096 0.259002 0.273655 3.218880 1.049333
-0.935860 -0.935860 -1.045726 -1.045726 0.273797 0.270406 3.193659 1.035647
-0.926403 -0.926403 -1.575081 -1.575081 0.278732 0.276600 3.218880 1.031365
-0.961351 -0.961351 -1.192501 -1.192501 0.273798 0.272442 3.196832 1.032785
-0.973433 -0.973433 -1.284257 -1.284257 0.272474 0.275017 3.218880 1.043128
-0.930661 -0.930661 -1.715193 -1.715193 0.268692 0.267532 3.218880 1.035228
-0.954784 -0.954784 -1.672213 -1.672213 0.269023 0.272799 3.218880 1.036366
-1.022202 -1.022202 -1.412025 -1.412025 0.265708 0.276935 3.193083 1.041469
-1.020465 -1.020465 -1.545922 -1.545922 0.267125 0.276814 3.180608 1.036039
-1.009410 -1.009410 -3.073776 -3.073776 0.259393 0.278805 3.218880 1.043027
-0.939276 -0.939276 -3.105420 -3.105420 0.266081 0.274637 3.218880 1.042364
-0.919288 -0.919288 -1.959504 -1.959504 0.272730 0.270367 3.196720 1.032449
-1.054141 -1.054141 -1.383749 -1.383749 0.262443 0.276226 3.211622 1.047151
-1.034247 -1.034247 -1.414663 -1.414663 0.266649 0.278030 3.218880 1.050993
-0.983223 -0.983223 -1.306286 -1.306286 0.267352 0.270579 3.206618 1.041587
-0.983045 -0.983045 -0.992284 -0.992284 0.264632 0.263608 3.218880 1.032437
-1.013846 -1.013846 -3.942873 -3.942873 0.257357 0.276493 3.218880 1.046640
-0.998392 -0.998392 -4.891866 -4.891866 0.256655 0.274224 3.218880 1.049418
-0.976639 -0.976639 -3.700850 -3.700850 0.266458 0.276609 3.218880 1.036823
-0.949964 -0.949964 -1.320563 -1.320563 0.270221 0.267902 3.198493 1.031587
-1.003861 -1.003861 -2.346397 -2.346397 0.266331 0.278042 3.215622 1.037552
-1.002235 -1.002235 -0.823654 -0.823654 0.262831 0.262138 3.205764 1.041109
-1.018948 -1.018948 -0.936060 -0.936060 0.262976 0.262583 3.215998 1.037087
-0.975819 -0.975819 -1.301676 -1.301676 0.265909 0.267681 3.196602 1.029212
-0.979653 -0.979653 -1.263068 -1.263068 0.264670 0.266213 3.218216 1.035276
-0.962244 -0.962244 -1.697347 -1.697347 0.268596 0.277451 3.218842 1.050181
-1.037472 -1.037472 -1.081444 -1.081444 0.265586 0.269627 3.201621 1.032348
-0.929031 -0.929031 -2.438084 -2.438084 0.262098 0.272285 3.218880 1.044699
-0.953897 -0.953897 -2.484540 -2.484540 0.262446 0.274218 3.200338 1.040676
-1.023850 -1.023850 -1.276036 -1.276036 0.258329 0.266459 3.200927 1.040421
-0.924478 -0.924478 -2.827544 -2.827544 0.268961 0.269223 3.207808 1.031153
-0.959158 -0.959158 -1.558309 -1.558309 0.264851 0.266339 3.216692 1.038075
-0.985687 -0.985687 -1.616341 -1.616341 0.266100 0.269609 3.194467 1.034721
-1.059806 -1.059806 -1.091847 -1.091847 0.264411 0.274064 3.196813 1.039528
-0.975215 -0.975215 -1.094010 -1.094010 0.269099 0.266294 3.217969 1.032501
