-0.950396 -0.950396 -2.168796 -2.168796 0.266139 0.269201 3.218880 1.033812
-1.033395 -1.033395 -1.588885 -1.588885 0.254083 0.271076 3.218625 1.050962
-0.961422 -0.961422 -1.285399 -1.285399 0.268678 0.267903 3.216431 1.037723
-0.932814 -0.932814 -1.729814 -1.729814 0.273605 0.271247 3.218880 1.032836
-0.935511 -0.935511 -2.707907 -2.707907 0.263377 0.270739 3.218880 1.037084
-0.998095 -0.998095 -1.163980 -1.163980 0.259600 0.262647 3.217261 1.039333
-0.987911 -0.987911 -1.379141 -1.379141 0.264950 0.270100 3.218880 1.043452
-1.022087 -1.022087 -0.815515 -0.815515 0.265613 0.268094 3.189332 1.037035
-1.013645 -1.013645 -1.041991 -1.041991 0.263540 0.268611 3.207090 1.042407
-1.009082 -1.009082 -1.383018 -1.383018 0.259794 0.267595 3.218084 1.043079
-1.081801 -1.081801 -0.995847 -0.995847 0.262876 0.272534 3.193522 1.038272
-1.026238 -1.026238 -1.204798 -1.204798 0.264256 0.269555 3.218880 1.037612
-0.926840 -0.926840 -1.138830 -1.138830 0.272889 0.264987 3.218677 1.032291
-0.997108 -0.997108 -1.463854 -1.463854 0.263275 0.269845 3.214739 1.041924
-0.964650 -0.964650 -1.853643 -1.853643 0.269419 0.272945 3.218880 1.035961
-0.938543 -0.938543 -1.851467 -1.851467 0.264500 0.269325 3.214336 1.039037
-0.931242 -0.931242 -2.210745 -2.210745 0.272785 0.274496 3.215532 1.039768
-0.906672 -0.906672 -1.169916 -1.169916 0.272420 0.262424 3.218880 1.030618
-0.939658 -0.939658 -1.518868 -1.518868 0.274472 0.272433 3.218880 1.037144
-0.943743 -0.943743 -1.507462 -1.507462 0.275237 0.275815 3.218880 1.040747
-0.956573 -0.956573 -0.744280 -0.744280 0.275271 0.262637 3.218880 1.026063
-0.977419 -0.977419 -1.483736 -1.483736 0.262912 0.269217 3.218764 1.044894
-1.017705 -1.017705 -1.655683 -1.655683 0.268046 0.276409 3.203581 1.036932
-1.037455 -1.037455 -1.235067 -1.235067 0.264944 0.276470 3.218528 1.045239
-1.087685 -1.087685 -1.100123 -1.100123 0.259000 0.276017 3.218880 1.047913
-0.980443 -0.980443 -1.094531 -1.094531 0.272163 0.269109 3.218880 1.036771
-1.003817 -1.003817 -1.412508 -1.412508 0.266440 0.270284 3.212547 1.041726
-1.024614 -1.024614 -1.067612 -1.067612 0.268373 0.272623 3.213900 1.042178
-0.955319 -0.955319 -2.487048 -2.487048 0.266727 0.269257 3.188117 1.034605
-0.951670 -0.951670 -2.739400 -2.739400 0.266669 0.273300 3.218880 1.042654
-0.946149 -0.946149 -0.912504 -0.912504 0.267038 0.262349 3.203594 1.032690
-0.937021 -0.937021 -2.077034 -2.077034 0.264477 0.271476 3.217524 1.045342
-0.987706 -0.987706 -1.097656 -1.097656 0.266559 0.267443 3.215053 1.038055
-0.936948 -0.936948 -1.359614 -1.359614 0.263682 0.263841 3.218781 1.039891
-1.021882 -1.021882 -1.270245 -1.270245 0.262974 0.269754 3.213046 1.044765
-0.966426 -0.966426 -1.343449 -1.343449 0.266127 0.267165 3.198902 1.037306
-0.902256 -0.902256 -2.618518 -2.618518 0.278136 0.280018 3.218880 1.034196
-0.969324 -0.969324 -0.953118 -0.953118 0.265315 0.260366 3.218880 1.040706
-0.956616 -0.956616 -1.895902 -1.895902 0.268930 0.270158 3.212508 1.040619
-0.950064 -0.950064 -2.240561 -2.240561 0.268665 0.269604 3.218880 1.029485
-0.961665 -0.961665 -2.095718 -2.095718 0.266780 0.274508 3.218880 1.044444
-1.023153 -1.023153 -1.916217 -1.916217 0.266379 0.279093 3.218198 1.039779
-1.035943 -1.035943 -1.281377 -1.281377 0.263251 0.272595 3.218880 1.044272
-1.010449 -1.010449 -1.954298 -1.954298 0.262685 0.271264 3.213623 1.044690
-0.968732 -0.968732 -3.487105 -3.487105 0.266261 0.276277 3.218880 1.047675
-0.989899 -0.989899 -2.388655 -2.388655 0.258954 0.273924 3.201703 1.044835
-1.005538 -1.005538 -1.217285 -1.217285 0.264733 0.271013 3.218880 1.042061
-0.964744 -0.964744 -1.503664 -1.503664 0.271337 0.270850 3.195158 1.028755
-0.981523 -0.981523 -1.018274 -1.018274 0.269393 0.268442 3.193426 1.033429
-0.985989 -0.985989 -1.185643 -1.185643 0.259817 0.263383 3.218750 1.044702
-1.063670 -1.063670 -1.331204 -1.331204 0.259619 0.277114 3.218276 1.051544
-0.959153 -0.959153 -2.703243 -2.703243 0.267730 0.275194 3.218880 1.034674
-1.042398 -1.042398 -2.066794 -2.066794 0.259382 0.273673 3.218880 1.048875
-1.084331 -1.084331 -0.784287 -0.784287 0.256310 0.270370 3.196567 1.045305
-1.068890 -1.068890 -0.949036 -0.949036 0.259394 0.269863 3.217809 1.045465
-1.023639 -1.023639 -1.775474 -1.775474 0.255112 0.272491 3.218880 1.048910
-0.991400 -0.991400 -1.581279 -1.581279 0.263895 0.274191 3.218880 1.046259
-0.991415 -0.991415 -1.987114 -1.987114 0.263800 0.269378 3.218880 1.034165
-0.979915 -0.979915 -1.561181 -1.561181 0.262506 0.265977 3.209788 1.043409
-0.999794 -0.999794 -0.945973 -0.945973 0.272495 0.273089 3.190726 1.032579
-1.013258 -1.013258 -1.637136 -1.637136 0.260380 0.271515 3.204445 1.040465
-1.022387 -1.022387 -1.107448 -1.107448 0.259235 0.270005 3.199812 1.045143
-0.966304 -0.966304 -1.755131 -1.755131 0.269173 0.269514 3.218880 1.035999
-0.994485 -0.994485 -1.320949 -1.320949 0.264087 0.268321 3.197184 1.035784
-1.007393 -1.007393 -1.201437 -1.201437 0.264424 0.270761 3.209395 1.040775
-0.987396 -0.987396 -1.099507 -1.099507 0.268312 0.267982 3.210686 1.032849
-1.023245 -1.023245 -1.182329 -1.182329 0.269974 0.277715 3.197996 1.035405
-0.971109 -0.971109 -2.234685 -2.234685 0.265342 0.277481 3.213778 1.044012
-0.888820 -0.888820 -3.803137 -3.803137 0.268558 0.275097 3.218880 1.038212
-0.935401 -0.935401 -3.922102 -3.922102 0.267819 0.274263 3.209659 1.032896
-0.943725 -0.943725 -1.198226 -1.198226 0.277445 0.275209 3.178148 1.038489
-0.988333 -0.988333 -0.899464 -0.899464 0.269772 0.267682 3.211189 1.035884
-0.979096 -0.979096 -1.400786 -1.400786 0.266240 0.267808 3.218880 1.035165
-0.996983 -0.996983 -1.877074 -1.877074 0.264432 0.274082 3.218880 1.044370
-1.046600 -1.046600 -1.018478 -1.018478 0.263052 0.271909 3.208595 1.045682
-0.933296 -0.933296 -1.718437 -1.718437 0.270367 0.273348 3.218880 1.042254
-0.986638 -0.986638 -1.502789 -1.502789 0.263918 0.270778 3.201424 1.038450
-0.980186 -0.980186 -1.028141 -1.028141 0.271115 0.269991 3.193543 1.036728
-0.985862 -0.985862 -1.180756 -1.180756 0.266091 0.269966 3.218880 1.044144
-0.920133 -0.920133 -1.041902 -1.041902 0.275639 0.263971 3.218880 1.031929
-0.957076 -0.957076 -1.705412 -1.705412 0.265666 0.270359 3.218880 1.040630
-0.937041 -0.937041 -1.127189 -1.127189 0.272910 0.270717 3.211723 1.036096
-0.929584 -0.929584 -3.664274 -3.664274 0.274480 0.282075 3.218880 1.042038
-0.948484 -0.948484 -2.544707 -2.544707 0.268203 0.281063 3.218880 1.053285
-0.941496 -0.941496 -1.468033 -1.468033 0.266105 0.267378 3.218880 1.036552
-0.991475 -0.991475 -1.590009 -1.590009 0.265603 0.274373 3.197988 1.039690
-1.043216 -1.043216 -1.366209 -1.366209 0.264732 0.273198 3.205516 1.044740
-1.035872 -1.035872 -0.840288 -0.840288 0.268933 0.275446 3.211237 1.044306
-0.932914 -0.932914 -1.550914 -1.550914 0.266276 0.266648 3.218880 1.042923
-1.098654 -1.098654 -1.002340 -1.002340 0.255148 0.274285 3.214110 1.052573
-1.021901 -1.021901 -1.047417 -1.047417 0.267764 0.270390 3.218880 1.041021
-0.932468 -0.932468 -2.145112 -2.145112 0.272353 0.276114 3.218880 1.041294
-0.962143 -0.962143 -1.220998 -1.220998 0.267991 0.265458 3.218880 1.038272
-1.058987 -1.058987 -0.985321 -0.985321 0.259594 0.275118 3.218880 1.052605
-1.061089 -1.061089 -0.857840 -0.857840 0.259816 0.269764 3.218020 1.044163
-0.904021 -0.904021 -1.878743 -1.878743 0.272994 0.270740 3.218868 1.038120
-0.966393 -0.966393 -1.458891 -1.458891 0.267761 0.265151 3.216881 1.031487
-0.947544 -0.947544 -1.695855 -1.695855 0.259166 0.265306 3.218880 1.047418
-1.031793 -1.031793 -0.690967 -0.690967 0.258903 0.259862 3.205836 1.037789
-0.973893 -0.973893 -1.782974 -1.782974 0.266527 0.271597 3.216681 1.039381
-1.037363 -1.037363 -1.005802 -1.005802 0.260411 0.268897 3.218880 1.041504
-0.945681 -0.945681 -1.680608 -1.680608 0.272485 0.275064 3.218880 1.038451
-0.968213 -0.968213 -1.509745 -1.509745 0.273490 0.275150 3.218880 1.037738
-1.013513 -1.013513 -2.130754 -2.130754 0.267101 0.278011 3.218880 1.042978
-0.957495 -0.957495 -1.657811 -1.657811 0.267750 0.271261 3.218880 1.047736
-0.980128 -0.980128 -1.842699 -1.842699 0.271927 0.277056 3.216238 1.038531
-1.053011 -1.053011 -1.029733 -1.029733 0.261521 0.267210 3.218156 1.037585
-1.034544 -1.034544 -1.759444 -1.759444 0.261912 0.278453 3.218527 1.049004
-1.033886 -1.033886 -0.802396 -0.802396 0.269756 0.271427 3.202850 1.030959
-1.015043 -1.015043 -1.287166 -1.287166 0.264399 0.273024 3.218880 1.045284
-0.901900 -0.901900 -2.233975 -2.233975 0.270925 0.268427 3.218880 1.033616
-0.946070 -0.946070 -1.239153 -1.239153 0.274058 0.270597 3.203103 1.029806
-0.922485 -0.922485 -1.477719 -1.477719 0.275039 0.271460 3.208872 1.035368
-1.009737 -1.009737 -1.485297 -1.485297 0.264584 0.271548 3.216626 1.036486
-1.030296 -1.030296 -1.365374 -1.365374 0.259962 0.270231 3.218880 1.041705
-0.980030 -0.980030 -1.147698 -1.147698 0.269052 0.268418 3.218880 1.035676
-1.059370 -1.059370 -0.923628 -0.923628 0.261037 0.266165 3.218880 1.042979
-0.997371 -0.997371 -1.559041 -1.559041 0.266219 0.273283 3.213999 1.044429
-1.012410 -1.012410 -1.400741 -1.400741 0.263763 0.273795 3.218880 1.047191
-0.904068 -0.904068 -2.543886 -2.543886 0.269124 0.268736 3.218880 1.034973
-0.972497 -0.972497 -1.146829 -1.146829 0.270540 0.270678 3.202170 1.036259
-1.040362 -1.040362 -1.145197 -1.145197 0.260262 0.272392 3.210127 1.043775
-1.007191 -1.007191 -1.875838 -1.875838 0.265218 0.272313 3.205360 1.034641
-1.008319 -1.008319 -0.968994 -0.968994 0.265929 0.268141 3.218880 1.042467
-0.989779 -0.989779 -1.370362 -1.370362 0.264284 0.270220 3.211959 1.037955
-0.975745 -0.975745 -1.661197 -1.661197 0.269497 0.268461 3.218880 1.034764
-0.900576 -0.900576 -2.212602 -2.212602 0.278675 0.272894 3.218880 1.022867
-0.940886 -0.940886 -2.225793 -2.225793 0.271022 0.272225 3.218880 1.037198
-0.945938 -0.945938 -1.355033 -1.355033 0.270320 0.267448 3.207701 1.036695
-0.999033 -0.999033 -1.143517 -1.143517 0.261659 0.267624 3.214654 1.043300
-1.007808 -1.007808 -0.942930 -0.942930 0.266127 0.267169 3.217085 1.035031
-0.947925 -0.947925 -1.478980 -1.478980 0.267420 0.269603 3.218830 1.045092
