-1.077319 -1.077319 -0.949259 -0.949259 0.261677 0.275283 3.201471 1.051164
-0.975480 -0.975480 -1.154244 -1.154244 0.267167 0.265195 3.206229 1.036624
-0.954877 -0.954877 -1.931948 -1.931948 0.269035 0.271345 3.218880 1.034646
-0.840666 -0.840666 -2.894082 -2.894082 0.282352 0.272240 3.218880 1.028848
-0.963187 -0.963187 -1.060978 -1.060978 0.271558 0.269878 3.217032 1.037315
-0.963111 -0.963111 -2.191379 -2.191379 0.263844 0.270135 3.210811 1.034188
-1.033485 -1.033485 -1.269754 -1.269754 0.260851 0.266671 3.204590 1.037258
-1.017191 -1.017191 -1.384304 -1.384304 0.259035 0.264313 3.218880 1.039134
-0.977485 -0.977485 -1.689469 -1.689469 0.266960 0.275385 3.218880 1.046054
-0.928866 -0.928866 -1.394021 -1.394021 0.265225 0.264853 3.218880 1.038538
-0.987751 -0.987751 -1.152107 -1.152107 0.264709 0.264935 3.218880 1.042035
-0.942061 -0.942061 -2.133513 -2.133513 0.261994 0.263574 3.218880 1.037118
-1.037262 -1.037262 -1.262007 -1.262007 0.258770 0.265911 3.218880 1.035764
-1.022969 -1.022969 -1.254041 -1.254041 0.258675 0.270056 3.218880 1.037555
-0.959674 -0.959674 -1.722636 -1.722636 0.267594 0.270726 3.218880 1.040641
-0.952323 -0.952323 -1.340089 -1.340089 0.271650 0.269786 3.196293 1.026386
-0.968844 -0.968844 -0.993512 -0.993512 0.278552 0.269526 3.209407 1.027659
-0.944235 -0.944235 -1.661279 -1.661279 0.266943 0.266618 3.218880 1.034888
-1.005888 -1.005888 -0.702629 -0.702629 0.268156 0.266862 3.212190 1.037013
-0.995940 -0.995940 -1.360867 -1.360867 0.267507 0.270967 3.187009 1.039561
-0.962659 -0.962659 -2.076198 -2.076198 0.269035 0.275354 3.218880 1.037921
-1.005843 -1.005843 -2.008099 -2.008099 0.259598 0.274518 3.201808 1.048588
-0.926107 -0.926107 -1.418647 -1.418647 0.271354 0.268180 3.218880 1.034204
-0.956543 -0.956543 -1.293655 -1.293655 0.266452 0.266688 3.218880 1.039128
-0.941758 -0.941758 -1.326188 -1.326188 0.270051 0.265970 3.191565 1.031025
-0.943269 -0.943269 -1.225679 -1.225679 0.270889 0.267980 3.218880 1.035958
-0.969531 -0.969531 -1.446347 -1.446347 0.264722 0.265333 3.218880 1.035451
-0.936760 -0.936760 -2.210619 -2.210619 0.267889 0.269947 3.218880 1.040761
-0.987751 -0.987751 -2.170015 -2.170015 0.265214 0.274327 3.188313 1.037086
-0.931496 -0.931496 -2.230695 -2.230695 0.266532 0.274953 3.218880 1.044054
-1.029873 -1.029873 -0.987773 -0.987773 0.268076 0.272305 3.213960 1.044728
-0.949554 -0.949554 -1.399063 -1.399063 0.268717 0.274716 3.216200 1.046110
-1.023916 -1.023916 -0.999570 -0.999570 0.265562 0.274373 3.215664 1.046017
-0.982230 -0.982230 -1.400299 -1.400299 0.272236 0.275336 3.210257 1.041444
-1.008703 -1.008703 -1.429172 -1.429172 0.268727 0.275771 3.216154 1.044896
-1.010378 -1.010378 -1.170162 -1.170162 0.265066 0.269218 3.185911 1.034665
-1.007073 -1.007073 -1.019540 -1.019540 0.265194 0.269353 3.201371 1.038052
-0.977627 -0.977627 -1.281025 -1.281025 0.268248 0.268511 3.209334 1.038798
-0.992371 -0.992371 -1.459282 -1.459282 0.262045 0.267349 3.207532 1.040745
-0.988655 -0.988655 -1.992106 -1.992106 0.263078 0.270120 3.218693 1.041072
-0.965859 -0.965859 -1.354455 -1.354455 0.267131 0.266987 3.204184 1.036003
-0.961979 -0.961979 -1.555559 -1.555559 0.265635 0.264206 3.218880 1.036696
-0.993148 -0.993148 -2.074589 -2.074589 0.265416 0.270575 3.218880 1.040210
-0.932754 -0.932754 -1.725088 -1.725088 0.268169 0.266552 3.217697 1.032890
-0.956881 -0.956881 -1.578275 -1.578275 0.263538 0.265949 3.218716 1.040293
-1.046528 -1.046528 -1.185998 -1.185998 0.255534 0.269342 3.208292 1.049476
-1.004088 -1.004088 -2.209792 -2.209792 0.259523 0.273733 3.218880 1.041109
-1.023324 -1.023324 -0.864867 -0.864867 0.263175 0.270466 3.217213 1.042477
-0.984737 -0.984737 -1.100923 -1.100923 0.261197 0.264569 3.218880 1.038649
-1.004994 -1.004994 -1.579201 -1.579201 0.262244 0.268244 3.218164 1.036099
-0.960579 -0.960579 -1.433872 -1.433872 0.260525 0.262285 3.218657 1.043438
-0.969687 -0.969687 -1.368973 -1.368973 0.265832 0.265669 3.218880 1.035847
-1.002257 -1.002257 -2.093462 -2.093462 0.260778 0.271568 3.218880 1.046641
-0.907934 -0.907934 -1.507750 -1.507750 0.275927 0.269114 3.218880 1.030202
-1.004206 -1.004206 -1.467603 -1.467603 0.262631 0.272883 3.210406 1.042519
-1.027931 -1.027931 -0.960719 -0.960719 0.266884 0.270065 3.199282 1.033653
-1.022343 -1.022343 -1.669285 -1.669285 0.264300 0.275468 3.218880 1.042439
-1.028649 -1.028649 -1.491333 -1.491333 0.261874 0.271309 3.203719 1.043591
-0.984619 -0.984619 -1.935481 -1.935481 0.266774 0.275221 3.218880 1.044466
-1.043506 -1.043506 -1.306533 -1.306533 0.262493 0.274812 3.218880 1.051404
-0.928547 -0.928547 -1.270310 -1.270310 0.271924 0.269003 3.218880 1.037736
-0.964381 -0.964381 -2.004034 -2.004034 0.267136 0.272276 3.215763 1.043469
-0.904586 -0.904586 -1.511149 -1.511149 0.275212 0.269992 3.192141 1.036573
-0.956835 -0.956835 -2.185454 -2.185454 0.267080 0.273425 3.184903 1.031992
-0.917206 -0.917206 -1.473350 -1.473350 0.272805 0.266047 3.218880 1.026958
-0.987400 -0.987400 -1.383123 -1.383123 0.265817 0.270637 3.218880 1.036316
-0.950856 -0.950856 -2.518093 -2.518093 0.265905 0.270618 3.218880 1.034969
-0.947680 -0.947680 -2.492630 -2.492630 0.271926 0.278428 3.215590 1.035261
-0.991651 -0.991651 -1.121540 -1.121540 0.270162 0.270111 3.218880 1.038211
-0.995062 -0.995062 -1.556386 -1.556386 0.262517 0.267574 3.218880 1.038722
-0.928256 -0.928256 -1.584908 -1.584908 0.274856 0.270945 3.210950 1.040923
-0.893838 -0.893838 -2.491263 -2.491263 0.276947 0.270053 3.218880 1.023157
-0.986590 -0.986590 -1.431313 -1.431313 0.267933 0.270570 3.218880 1.037495
-0.971822 -0.971822 -1.618420 -1.618420 0.265657 0.267643 3.217492 1.036357
-0.982307 -0.982307 -1.848149 -1.848149 0.267083 0.274287 3.213136 1.039420
-0.979004 -0.979004 -1.762483 -1.762483 0.267338 0.277200 3.218880 1.050438
-0.982810 -0.982810 -1.199796 -1.199796 0.273529 0.272141 3.210055 1.034029
-0.979191 -0.979191 -1.528912 -1.528912 0.267991 0.268514 3.199224 1.034780
-0.907146 -0.907146 -1.404001 -1.404001 0.272304 0.265005 3.217809 1.035919
-1.017413 -1.017413 -1.901266 -1.901266 0.266319 0.276983 3.218880 1.042659
-1.066155 -1.066155 -1.378834 -1.378834 0.262608 0.278066 3.218880 1.049682
-1.068403 -1.068403 -0.911065 -0.911065 0.262748 0.270929 3.198449 1.038649
-1.000017 -1.000017 -0.855078 -0.855078 0.271665 0.268169 3.202338 1.031681
-0.994140 -0.994140 -1.519488 -1.519488 0.264753 0.268396 3.218880 1.039720
-0.998333 -0.998333 -1.011760 -1.011760 0.264812 0.264791 3.206217 1.036083
-0.977206 -0.977206 -1.658441 -1.658441 0.270933 0.273406 3.212617 1.036218
-0.994925 -0.994925 -1.770883 -1.770883 0.269761 0.273503 3.218880 1.034489
-0.997807 -0.997807 -1.316337 -1.316337 0.263614 0.268662 3.218880 1.037783
-0.963096 -0.963096 -1.511996 -1.511996 0.266201 0.269482 3.218880 1.038404
-0.972126 -0.972126 -2.053354 -2.053354 0.266928 0.270977 3.215444 1.038813
-0.987624 -0.987624 -1.385134 -1.385134 0.266134 0.270149 3.217473 1.042304
-1.060670 -1.060670 -1.146125 -1.146125 0.261173 0.274456 3.196609 1.045948
-1.038820 -1.038820 -0.855862 -0.855862 0.261053 0.267501 3.218880 1.040826
-0.974601 -0.974601 -1.308806 -1.308806 0.263470 0.266369 3.218880 1.041144
-0.976650 -0.976650 -1.158877 -1.158877 0.268428 0.265654 3.200418 1.035527
-0.926709 -0.926709 -2.259756 -2.259756 0.271233 0.270916 3.218880 1.037972
-0.986448 -0.986448 -1.447420 -1.447420 0.270881 0.273975 3.218533 1.036169
-1.036907 -1.036907 -1.317550 -1.317550 0.264058 0.270920 3.206569 1.041980
-1.048706 -1.048706 -1.005567 -1.005567 0.261606 0.270367 3.208127 1.041871
-0.995677 -0.995677 -2.354005 -2.354005 0.261987 0.271354 3.213271 1.041087
-1.046951 -1.046951 -1.127876 -1.127876 0.258782 0.268886 3.218880 1.047171
-0.916309 -0.916309 -1.984675 -1.984675 0.268059 0.267845 3.218880 1.031580
-1.048372 -1.048372 -1.255258 -1.255258 0.259586 0.270507 3.199767 1.041006
-0.977986 -0.977986 -1.390190 -1.390190 0.268504 0.268122 3.218880 1.037298
-1.048492 -1.048492 -0.907107 -0.907107 0.266604 0.273158 3.207010 1.040422
-0.982222 -0.982222 -1.021981 -1.021981 0.271346 0.270252 3.218880 1.037628
-1.046986 -1.046986 -2.170337 -2.170337 0.257762 0.278963 3.218148 1.050131
-0.984066 -0.984066 -1.293315 -1.293315 0.264939 0.269564 3.216628 1.040697
-1.009724 -1.009724 -1.716814 -1.716814 0.263141 0.273509 3.218880 1.047524
-0.981320 -0.981320 -1.118916 -1.118916 0.269739 0.275181 3.218609 1.046905
-1.013305 -1.013305 -0.820392 -0.820392 0.256138 0.260515 3.197928 1.039253
-0.961353 -0.961353 -2.116198 -2.116198 0.270230 0.276391 3.210555 1.036009
-1.066458 -1.066458 -0.969151 -0.969151 0.260250 0.271035 3.218067 1.044510
-0.971528 -0.971528 -1.577939 -1.577939 0.266794 0.271729 3.218739 1.042146
-1.105145 -1.105145 -1.538605 -1.538605 0.258845 0.278841 3.218880 1.046699
-1.027105 -1.027105 -3.324176 -3.324176 0.266953 0.281057 3.218880 1.043108
-1.044749 -1.044749 -1.108722 -1.108722 0.268630 0.276300 3.218880 1.045404
-1.014207 -1.014207 -1.449364 -1.449364 0.265714 0.270529 3.201879 1.036282
-0.986974 -0.986974 -1.128672 -1.128672 0.265439 0.270698 3.193981 1.040560
-0.977569 -0.977569 -1.142206 -1.142206 0.264723 0.266326 3.202113 1.035720
-0.991712 -0.991712 -1.168279 -1.168279 0.271484 0.274764 3.218861 1.043130
-0.962937 -0.962937 -0.904986 -0.904986 0.274518 0.270937 3.218880 1.038693
-0.969910 -0.969910 -1.623393 -1.623393 0.268810 0.271305 3.218880 1.033982
-1.004029 -1.004029 -1.754358 -1.754358 0.263140 0.278082 3.218880 1.046525
-0.956805 -0.956805 -2.336803 -2.336803 0.264564 0.270534 3.218880 1.034221
-0.985514 -0.985514 -1.493029 -1.493029 0.268221 0.270305 3.218880 1.033705
-0.970736 -0.970736 -1.490993 -1.490993 0.270592 0.272258 3.218581 1.034877
-1.019079 -1.019079 -1.180392 -1.180392 0.262447 0.267689 3.214418 1.034380
-0.953225 -0.953225 -1.428357 -1.428357 0.270919 0.269479 3.210881 1.033554
-0.964034 -0.964034 -1.088134 -1.088134 0.274451 0.268190 3.212463 1.026153
-0.998669 -0.998669 -2.238047 -2.238047 0.266436 0.277611 3.218717 1.039484
-1.080148 -1.080148 -1.739946 -1.739946 0.254538 0.275640 3.218880 1.050088
