-0.946747 -0.946747 -2.332830 -2.332830 0.264507 0.271844 3.218880 1.043670
-0.873404 -0.873404 -3.769319 -3.769319 0.269787 0.271059 3.218880 1.036446
-0.930668 -0.930668 -4.237998 -4.237998 0.274755 0.280316 3.218880 1.037608
-0.958175 -0.958175 -3.759516 -3.759516 0.267372 0.274155 3.218880 1.030890
-0.977902 -0.977902 -2.706839 -2.706839 0.267972 0.280787 3.216255 1.047234
-0.923181 -0.923181 -1.512197 -1.512197 0.269579 0.268100 3.218880 1.036936
-0.950678 -0.950678 -1.258636 -1.258636 0.267217 0.263936 3.218415 1.033512
-0.920889 -0.920889 -1.697269 -1.697269 0.267472 0.262710 3.218880 1.031300
-1.046375 -1.046375 -0.744327 -0.744327 0.261920 0.266363 3.214479 1.038726
-0.957288 -0.957288 -0.998756 -0.998756 0.272233 0.263752 3.204667 1.033525
-0.951436 -0.951436 -1.279260 -1.279260 0.270938 0.269417 3.204277 1.036035
-0.990559 -0.990559 -1.235866 -1.235866 0.267249 0.275473 3.218880 1.045565
-0.939437 -0.939437 -1.345434 -1.345434 0.270295 0.268237 3.218880 1.039412
-0.977569 -0.977569 -1.664607 -1.664607 0.269788 0.273098 3.203906 1.039348
-0.985416 -0.985416 -1.439948 -1.439948 0.266950 0.273303 3.218880 1.037804
-0.950798 -0.950798 -1.707146 -1.707146 0.270409 0.269645 3.212225 1.034612
-1.007508 -1.007508 -1.064719 -1.064719 0.267676 0.270950 3.217181 1.041328
-1.006073 -1.006073 -1.127920 -1.127920 0.263967 0.269417 3.218880 1.042744
-0.973924 -0.973924 -1.066178 -1.066178 0.273407 0.269838 3.201194 1.033472
-0.961036 -0.961036 -2.078709 -2.078709 0.274268 0.279945 3.218880 1.039051
-1.043061 -1.043061 -1.044896 -1.044896 0.261878 0.274918 3.200241 1.048604
-1.016084 -1.016084 -1.145439 -1.145439 0.263884 0.269321 3.200228 1.041704
-1.021720 -1.021720 -1.496834 -1.496834 0.267318 0.276381 3.206333 1.051029
-0.973265 -0.973265 -1.806998 -1.806998 0.267847 0.274966 3.218880 1.040728
-0.953764 -0.953764 -2.088444 -2.088444 0.265732 0.272810 3.218880 1.044031
-0.965775 -0.965775 -1.626718 -1.626718 0.265621 0.268517 3.218880 1.036727
-1.030268 -1.030268 -0.927894 -0.927894 0.267171 0.275282 3.190644 1.040983
-0.974637 -0.974637 -1.492565 -1.492565 0.265964 0.270624 3.217898 1.041430
-1.032239 -1.032239 -1.370415 -1.370415 0.255902 0.266685 3.218880 1.045203
-1.073385 -1.073385 -0.983678 -0.983678 0.255544 0.270067 3.217635 1.046902
-1.039497 -1.039497 -0.951388 -0.951388 0.262838 0.272135 3.216374 1.047557
-1.080826 -1.080826 -0.810955 -0.810955 0.262668 0.268347 3.218880 1.043981
-1.034054 -1.034054 -1.090003 -1.090003 0.265394 0.276491 3.218880 1.045308
-0.942230 -0.942230 -2.285887 -2.285887 0.270569 0.274288 3.213754 1.036300
-0.976933 -0.976933 -1.445697 -1.445697 0.265286 0.271897 3.217407 1.046676
-0.950828 -0.950828 -1.367564 -1.367564 0.269661 0.267618 3.207849 1.036534
-1.000058 -1.000058 -1.059579 -1.059579 0.274458 0.272942 3.203243 1.032789
-0.967865 -0.967865 -1.063518 -1.063518 0.268168 0.270435 3.218837 1.045774
-1.036245 -1.036245 -0.825858 -0.825858 0.262964 0.268906 3.209755 1.045957
-1.015985 -1.015985 -1.339131 -1.339131 0.263709 0.272959 3.212438 1.039794
-0.970863 -0.970863 -1.135318 -1.135318 0.266903 0.265264 3.211146 1.029400
-0.967551 -0.967551 -1.436878 -1.436878 0.263630 0.266597 3.218880 1.037708
-1.018632 -1.018632 -1.599522 -1.599522 0.259492 0.267690 3.218608 1.042385
-0.913896 -0.913896 -2.843897 -2.843897 0.269048 0.272303 3.213779 1.041529
-0.962696 -0.962696 -1.681368 -1.681368 0.268175 0.275033 3.183433 1.039015
-0.915201 -0.915201 -1.919278 -1.919278 0.271650 0.273154 3.218880 1.040281
-1.000724 -1.000724 -1.417507 -1.417507 0.263319 0.272153 3.218818 1.042232
-0.987305 -0.987305 -1.454522 -1.454522 0.268332 0.272919 3.218880 1.043970
-1.035831 -1.035831 -1.832010 -1.832010 0.253577 0.270143 3.202403 1.046653
-1.009105 -1.009105 -1.214249 -1.214249 0.257451 0.266244 3.218532 1.047940
-0.997489 -0.997489 -2.382672 -2.382672 0.265924 0.277179 3.218880 1.040834
-0.989418 -0.989418 -1.427069 -1.427069 0.263899 0.270426 3.218880 1.039838
-0.965323 -0.965323 -1.238176 -1.238176 0.269530 0.266703 3.217956 1.027750
-0.932129 -0.932129 -1.473111 -1.473111 0.275662 0.271845 3.218880 1.035426
-0.973537 -0.973537 -1.489234 -1.489234 0.269963 0.272890 3.218880 1.039941
-0.937644 -0.937644 -1.541257 -1.541257 0.270609 0.268878 3.218612 1.038139
-0.927880 -0.927880 -1.817758 -1.817758 0.275056 0.272324 3.218785 1.032671
-0.979543 -0.979543 -1.196147 -1.196147 0.270353 0.263858 3.218744 1.033102
-1.008241 -1.008241 -0.936824 -0.936824 0.269839 0.272223 3.186787 1.038613
-1.014608 -1.014608 -1.128445 -1.128445 0.263890 0.265370 3.218256 1.036005
-0.993015 -0.993015 -1.402169 -1.402169 0.268933 0.270933 3.218880 1.034235
-0.954010 -0.954010 -1.760190 -1.760190 0.267439 0.272388 3.218880 1.038079
-1.006769 -1.006769 -1.407887 -1.407887 0.263884 0.274012 3.189863 1.037433
-1.056452 -1.056452 -0.807203 -0.807203 0.261828 0.269032 3.218439 1.045308
-0.987306 -0.987306 -1.308187 -1.308187 0.266268 0.268431 3.197327 1.032546
-0.986207 -0.986207 -1.866518 -1.866518 0.265043 0.274988 3.218880 1.044977
-0.992520 -0.992520 -1.147555 -1.147555 0.270444 0.271479 3.204527 1.032537
-0.995482 -0.995482 -1.316724 -1.316724 0.270034 0.274431 3.213368 1.040999
-0.935279 -0.935279 -1.790217 -1.790217 0.271234 0.272169 3.211195 1.043073
-0.941671 -0.941671 -2.313614 -2.313614 0.261762 0.266599 3.218880 1.032168
-1.008649 -1.008649 -2.137724 -2.137724 0.269613 0.279567 3.218880 1.038532
-0.908778 -0.908778 -1.546933 -1.546933 0.272632 0.266262 3.206402 1.036931
-1.005222 -1.005222 -0.976652 -0.976652 0.264588 0.269763 3.211742 1.051283
-0.902500 -0.902500 -1.867644 -1.867644 0.265593 0.264032 3.218863 1.039764
-0.989471 -0.989471 -1.717483 -1.717483 0.261784 0.269017 3.213118 1.043898
-1.024753 -1.024753 -1.216624 -1.216624 0.262175 0.272136 3.209527 1.045400
-0.953678 -0.953678 -1.507128 -1.507128 0.264875 0.264327 3.218880 1.034590
-1.023546 -1.023546 -1.062955 -1.062955 0.260211 0.269259 3.218880 1.044119
-0.987155 -0.987155 -0.988899 -0.988899 0.261471 0.264770 3.218490 1.039591
-1.036994 -1.036994 -0.891765 -0.891765 0.265097 0.268739 3.218880 1.044322
-0.915882 -0.915882 -1.243961 -1.243961 0.269908 0.263214 3.206178 1.035631
-1.004433 -1.004433 -1.321322 -1.321322 0.264752 0.273622 3.218647 1.044638
-0.970056 -0.970056 -1.977718 -1.977718 0.269433 0.276176 3.218880 1.040199
-0.946634 -0.946634 -2.436019 -2.436019 0.270513 0.273806 3.218835 1.036718
-0.919703 -0.919703 -1.864657 -1.864657 0.270459 0.266848 3.218880 1.033401
-1.039923 -1.039923 -0.896416 -0.896416 0.268585 0.276015 3.201746 1.040556
-0.909858 -0.909858 -2.806293 -2.806293 0.266403 0.270762 3.218880 1.042630
-0.941687 -0.941687 -1.904588 -1.904588 0.276319 0.275969 3.218880 1.042678
-0.960731 -0.960731 -1.702850 -1.702850 0.262556 0.267975 3.218212 1.042502
-0.987991 -0.987991 -0.926008 -0.926008 0.266645 0.261024 3.214436 1.031181
-0.948971 -0.948971 -2.103254 -2.103254 0.267770 0.271858 3.218572 1.037482
-0.958940 -0.958940 -1.308500 -1.308500 0.268659 0.270240 3.218880 1.043620
-0.994603 -0.994603 -2.879124 -2.879124 0.261844 0.276700 3.214615 1.043160
-1.041465 -1.041465 -0.852902 -0.852902 0.263735 0.269458 3.218880 1.041149
-0.985287 -0.985287 -1.639942 -1.639942 0.265336 0.270908 3.198972 1.036736
-0.971816 -0.971816 -1.170328 -1.170328 0.270723 0.269439 3.199711 1.040334
-0.925058 -0.925058 -1.163540 -1.163540 0.278002 0.266010 3.212352 1.021469
-0.986728 -0.986728 -1.225789 -1.225789 0.270051 0.270260 3.214603 1.038810
-1.012380 -1.012380 -0.922266 -0.922266 0.265532 0.266241 3.210873 1.034886
-0.958485 -0.958485 -1.718449 -1.718449 0.267116 0.271297 3.217824 1.038729
-0.940226 -0.940226 -2.550315 -2.550315 0.270283 0.276256 3.218880 1.038910
-1.014826 -1.014826 -1.266101 -1.266101 0.260653 0.269063 3.218632 1.045600
-1.005626 -1.005626 -1.522242 -1.522242 0.260877 0.268355 3.217621 1.045630
-0.997860 -0.997860 -1.035507 -1.035507 0.268956 0.269481 3.218880 1.037352
-0.986836 -0.986836 -1.148380 -1.148380 0.266524 0.269451 3.214815 1.042066
-1.040380 -1.040380 -1.522512 -1.522512 0.260527 0.275810 3.218880 1.049916
-0.941423 -0.941423 -1.373751 -1.373751 0.271490 0.271206 3.218880 1.037479
-1.019393 -1.019393 -2.093210 -2.093210 0.262360 0.276933 3.217763 1.039357
-0.960601 -0.960601 -1.001409 -1.001409 0.268318 0.263174 3.211260 1.033755
-1.032483 -1.032483 -0.889750 -0.889750 0.267984 0.276465 3.218880 1.042817
-1.056856 -1.056856 -1.058007 -1.058007 0.259027 0.272616 3.209914 1.048074
-1.094197 -1.094197 -1.417343 -1.417343 0.252257 0.275468 3.217986 1.053252
-1.043688 -1.043688 -0.617597 -0.617597 0.262982 0.262228 3.199966 1.036222
-1.010676 -1.010676 -1.380140 -1.380140 0.263909 0.270423 3.218880 1.041701
-0.950255 -0.950255 -1.891838 -1.891838 0.271272 0.277246 3.218880 1.042822
-0.910937 -0.910937 -2.671243 -2.671243 0.270044 0.273772 3.218880 1.039047
-0.993346 -0.993346 -1.439008 -1.439008 0.261320 0.268792 3.215968 1.046724
-0.931570 -0.931570 -1.168170 -1.168170 0.274371 0.268632 3.218880 1.036203
-0.979313 -0.979313 -0.897232 -0.897232 0.275421 0.268701 3.218880 1.035368
-0.986426 -0.986426 -0.803485 -0.803485 0.268277 0.267856 3.218880 1.041663
-1.017140 -1.017140 -1.033126 -1.033126 0.264357 0.272043 3.213936 1.041108
-1.019221 -1.019221 -1.685741 -1.685741 0.262380 0.274425 3.218880 1.050805
-0.956852 -0.956852 -1.489853 -1.489853 0.268905 0.269880 3.210494 1.036448
-0.948486 -0.948486 -1.504962 -1.504962 0.265976 0.267291 3.218880 1.036306
-0.994504 -0.994504 -1.804190 -1.804190 0.257620 0.269464 3.200334 1.034028
-0.978171 -0.978171 -1.389093 -1.389093 0.262519 0.270708 3.189387 1.039661
-1.000774 -1.000774 -1.228737 -1.228737 0.268846 0.274182 3.218880 1.038511
-1.023486 -1.023486 -0.590818 -0.590818 0.264664 0.263269 3.213561 1.037504
-0.954430 -0.954430 -1.776797 -1.776797 0.266673 0.269091 3.195104 1.034713
-1.084018 -1.084018 -1.122105 -1.122105 0.256125 0.270722 3.216109 1.045239
-0.929302 -0.929302 -2.180100 -2.180100 0.273586 0.273096 3.216829 1.024471
-0.940680 -0.940680 -1.213167 -1.213167 0.276064 0.265482 3.218636 1.029755
-0.979512 -0.979512 -1.271336 -1.271336 0.273260 0.272708 3.167984 1.031187
