-0.921337 -0.921337 -1.544096 -1.544096 0.265429 0.262697 3.218880 1.032904
-0.990616 -0.990616 -1.150534 -1.150534 0.268373 0.270782 3.218880 1.042432
-0.908894 -0.908894 -1.782833 -1.782833 0.273384 0.275672 3.218880 1.049357
-0.985678 -0.985678 -1.939747 -1.939747 0.265540 0.271464 3.218880 1.036934
-1.018959 -1.018959 -1.294453 -1.294453 0.264921 0.271973 3.218880 1.049733
-0.894195 -0.894195 -1.642933 -1.642933 0.280205 0.268238 3.198969 1.021810
-0.948259 -0.948259 -2.701408 -2.701408 0.269190 0.273476 3.218880 1.044140
-1.019451 -1.019451 -2.087293 -2.087293 0.262375 0.272740 3.216813 1.039837
-0.935173 -0.935173 -1.910187 -1.910187 0.263135 0.265854 3.218880 1.040233
-0.969840 -0.969840 -3.256331 -3.256331 0.261975 0.276465 3.218880 1.043841
-0.920412 -0.920412 -2.825873 -2.825873 0.266939 0.269501 3.218880 1.033043
-1.049584 -1.049584 -1.151900 -1.151900 0.261694 0.274523 3.211196 1.044367
-1.037385 -1.037385 -1.093149 -1.093149 0.265136 0.274645 3.218384 1.042507
-1.033489 -1.033489 -1.211748 -1.211748 0.269783 0.275134 3.218001 1.045421
-0.891935 -0.891935 -1.404245 -1.404245 0.282329 0.269800 3.213693 1.028480
-0.901868 -0.901868 -1.355948 -1.355948 0.271026 0.265029 3.187306 1.030527
-0.954575 -0.954575 -2.263527 -2.263527 0.275154 0.277367 3.204053 1.032412
-1.003883 -1.003883 -1.647493 -1.647493 0.261568 0.268603 3.213431 1.040447
-1.043615 -1.043615 -1.639303 -1.639303 0.261187 0.277178 3.218880 1.047176
-1.023799 -1.023799 -0.784655 -0.784655 0.259004 0.261728 3.218880 1.040689
-0.938790 -0.938790 -1.914244 -1.914244 0.267358 0.275524 3.218880 1.038937
-0.993817 -0.993817 -1.219857 -1.219857 0.263875 0.267872 3.218880 1.036905
-0.973287 -0.973287 -1.218379 -1.218379 0.264350 0.269581 3.218880 1.045386
-1.034771 -1.034771 -1.229333 -1.229333 0.264770 0.275516 3.217560 1.045380
-0.906559 -0.906559 -1.746504 -1.746504 0.269096 0.265634 3.197371 1.027052
-0.943890 -0.943890 -1.943383 -1.943383 0.274328 0.273383 3.218880 1.035122
-0.936231 -0.936231 -1.677115 -1.677115 0.272061 0.273680 3.218880 1.036740
-1.030210 -1.030210 -1.436342 -1.436342 0.265900 0.275511 3.218148 1.051305
-1.031596 -1.031596 -1.279621 -1.279621 0.262035 0.272460 3.203313 1.048942
-0.978599 -0.978599 -1.673654 -1.673654 0.262984 0.268977 3.218321 1.044084
-0.994223 -0.994223 -1.936105 -1.936105 0.266522 0.275071 3.201192 1.040801
-0.954628 -0.954628 -1.750095 -1.750095 0.268523 0.269611 3.218880 1.035241
-0.996152 -0.996152 -2.022467 -2.022467 0.263711 0.272792 3.218880 1.038555
-1.037646 -1.037646 -1.252909 -1.252909 0.268822 0.278848 3.175689 1.041966
-0.962451 -0.962451 -1.318475 -1.318475 0.270125 0.273148 3.218880 1.037721
-0.968368 -0.968368 -1.215488 -1.215488 0.269622 0.267079 3.218880 1.032917
-1.006272 -1.006272 -1.619574 -1.619574 0.264591 0.270042 3.208882 1.037064
-0.920975 -0.920975 -2.455422 -2.455422 0.276470 0.276629 3.218880 1.045497
-1.086070 -1.086070 -1.478401 -1.478401 0.257671 0.274736 3.218880 1.047902
-1.050707 -1.050707 -2.099728 -2.099728 0.260210 0.276874 3.217766 1.044962
-1.007351 -1.007351 -1.923001 -1.923001 0.261382 0.273395 3.215042 1.047129
-1.012865 -1.012865 -2.043358 -2.043358 0.263234 0.274526 3.218287 1.041551
-0.983895 -0.983895 -1.350868 -1.350868 0.262568 0.266644 3.209691 1.036346
-1.048231 -1.048231 -1.338711 -1.338711 0.255816 0.271219 3.218880 1.052658
-0.953419 -0.953419 -1.147812 -1.147812 0.266056 0.264049 3.217686 1.032746
-0.967992 -0.967992 -1.474884 -1.474884 0.263077 0.269521 3.218880 1.044559
-0.954445 -0.954445 -1.419911 -1.419911 0.272159 0.268931 3.218824 1.034310
-0.969697 -0.969697 -1.260574 -1.260574 0.268861 0.267360 3.217955 1.035471
-0.988953 -0.988953 -1.057287 -1.057287 0.266708 0.266400 3.217912 1.039192
-0.968808 -0.968808 -1.494207 -1.494207 0.269400 0.272521 3.214368 1.038471
-1.050694 -1.050694 -1.372730 -1.372730 0.262960 0.277047 3.218880 1.046151
-1.019705 -1.019705 -1.333659 -1.333659 0.262811 0.269905 3.218410 1.042136
-0.924380 -0.924380 -2.795475 -2.795475 0.270189 0.272527 3.218229 1.035373
-0.977696 -0.977696 -1.968572 -1.968572 0.266227 0.270564 3.218112 1.037633
-1.018649 -1.018649 -1.462757 -1.462757 0.262993 0.270228 3.207908 1.033667
-0.958571 -0.958571 -1.347273 -1.347273 0.269654 0.272565 3.218815 1.042629
-1.081132 -1.081132 -0.743308 -0.743308 0.256935 0.269763 3.217016 1.049928
-0.965440 -0.965440 -1.506633 -1.506633 0.271573 0.270725 3.218880 1.028920
-1.029749 -1.029749 -1.226916 -1.226916 0.262568 0.267996 3.218880 1.038913
-1.023842 -1.023842 -0.715585 -0.715585 0.271535 0.274884 3.187166 1.032305
-1.009491 -1.009491 -1.775561 -1.775561 0.264897 0.275623 3.209325 1.041509
-1.045224 -1.045224 -1.788781 -1.788781 0.259912 0.274595 3.211988 1.045712
-1.007144 -1.007144 -1.276171 -1.276171 0.266417 0.277285 3.194924 1.043641
-0.984730 -0.984730 -2.175950 -2.175950 0.268635 0.278813 3.195031 1.039189
-0.993910 -0.993910 -3.033227 -3.033227 0.264271 0.274176 3.200343 1.035433
-0.978305 -0.978305 -1.323682 -1.323682 0.269255 0.269668 3.218559 1.033843
-0.928794 -0.928794 -1.348775 -1.348775 0.264732 0.257458 3.218880 1.035345
-0.979050 -0.979050 -1.093556 -1.093556 0.265122 0.265745 3.203851 1.037250
-0.964695 -0.964695 -1.761568 -1.761568 0.268002 0.272470 3.218880 1.042354
-1.068172 -1.068172 -1.142224 -1.142224 0.263712 0.276242 3.199546 1.040052
-0.971049 -0.971049 -1.212842 -1.212842 0.267675 0.269821 3.197929 1.037649
-0.911249 -0.911249 -3.147606 -3.147606 0.273464 0.275409 3.218880 1.037183
-0.946474 -0.946474 -4.677007 -4.677007 0.265922 0.272841 3.218880 1.034789
-1.085629 -1.085629 -1.627793 -1.627793 0.257221 0.276894 3.191333 1.045838
-0.976094 -0.976094 -1.574481 -1.574481 0.270070 0.274543 3.205453 1.035706
-0.993724 -0.993724 -1.874992 -1.874992 0.266037 0.279284 3.218880 1.050253
-0.991512 -0.991512 -1.915484 -1.915484 0.267172 0.275351 3.217899 1.040520
-0.954727 -0.954727 -1.604786 -1.604786 0.267765 0.267897 3.218880 1.029734
-0.964626 -0.964626 -2.490544 -2.490544 0.266232 0.276237 3.218581 1.044024
-0.964614 -0.964614 -1.704065 -1.704065 0.265978 0.272023 3.218742 1.048354
-0.957700 -0.957700 -1.782280 -1.782280 0.272439 0.276966 3.218880 1.042661
-1.047227 -1.047227 -0.951048 -0.951048 0.268561 0.271141 3.218541 1.035355
-0.993141 -0.993141 -1.640412 -1.640412 0.266514 0.272667 3.218815 1.043686
-0.964195 -0.964195 -3.178078 -3.178078 0.262371 0.275754 3.216212 1.041343
-0.989166 -0.989166 -1.774956 -1.774956 0.259955 0.272800 3.218880 1.045739
-0.961250 -0.961250 -1.413231 -1.413231 0.266013 0.266858 3.214666 1.035595
-0.993789 -0.993789 -1.171651 -1.171651 0.263985 0.269718 3.218880 1.047038
-1.016775 -1.016775 -0.987534 -0.987534 0.261938 0.267563 3.209352 1.039337
-0.962966 -0.962966 -1.207770 -1.207770 0.267477 0.269603 3.190744 1.038538
-0.886942 -0.886942 -1.811047 -1.811047 0.274817 0.271553 3.218880 1.040339
-0.954021 -0.954021 -1.289092 -1.289092 0.271088 0.269558 3.214819 1.033471
-1.000855 -1.000855 -1.394916 -1.394916 0.259226 0.263989 3.218572 1.040019
-1.041728 -1.041728 -1.087068 -1.087068 0.260163 0.268128 3.211414 1.044921
-0.959657 -0.959657 -1.644607 -1.644607 0.263433 0.268540 3.205831 1.037794
-1.023669 -1.023669 -1.580428 -1.580428 0.263279 0.270923 3.214687 1.040461
-1.074466 -1.074466 -1.017456 -1.017456 0.256996 0.272421 3.218880 1.052696
-1.006908 -1.006908 -1.166003 -1.166003 0.261069 0.267224 3.197810 1.031547
-1.019557 -1.019557 -1.445138 -1.445138 0.258829 0.268860 3.218880 1.043925
-0.994815 -0.994815 -1.538409 -1.538409 0.260293 0.268056 3.218880 1.042509
-0.992248 -0.992248 -1.309889 -1.309889 0.268016 0.272692 3.185720 1.034310
-0.999536 -0.999536 -2.432100 -2.432100 0.262392 0.275401 3.218880 1.042799
-0.998920 -0.998920 -1.249203 -1.249203 0.262281 0.266100 3.210725 1.035061
-0.993893 -0.993893 -1.759697 -1.759697 0.264408 0.275934 3.218880 1.039417
-0.994870 -0.994870 -1.183256 -1.183256 0.260571 0.265560 3.215998 1.041535
-0.988064 -0.988064 -1.077289 -1.077289 0.266646 0.267584 3.218619 1.040468
-1.051576 -1.051576 -2.263861 -2.263861 0.259063 0.280194 3.211255 1.050075
-0.923098 -0.923098 -1.874299 -1.874299 0.271670 0.270840 3.217078 1.032534
-0.955399 -0.955399 -2.066878 -2.066878 0.268086 0.275614 3.211106 1.039964
-1.019263 -1.019263 -0.983329 -0.983329 0.266786 0.270434 3.185569 1.036631
-0.917219 -0.917219 -1.536424 -1.536424 0.272779 0.270235 3.218880 1.032666
-1.000909 -1.000909 -1.302456 -1.302456 0.270226 0.274955 3.218504 1.042587
-0.960745 -0.960745 -1.183577 -1.183577 0.262169 0.266341 3.214996 1.044862
-1.042525 -1.042525 -1.655377 -1.655377 0.254539 0.273322 3.218880 1.052024
-0.985527 -0.985527 -1.034142 -1.034142 0.268500 0.267508 3.210022 1.031499
-1.016890 -1.016890 -0.660234 -0.660234 0.270889 0.266224 3.215339 1.037093
-0.974582 -0.974582 -1.510837 -1.510837 0.263658 0.269161 3.218465 1.037307
-0.960044 -0.960044 -1.819106 -1.819106 0.267767 0.274359 3.218880 1.032901
-1.006163 -1.006163 -1.179252 -1.179252 0.267448 0.272882 3.218880 1.039674
-1.020092 -1.020092 -1.468574 -1.468574 0.261359 0.271141 3.218880 1.039539
-0.984496 -0.984496 -1.027737 -1.027737 0.262216 0.263259 3.218880 1.040042
-1.043174 -1.043174 -1.303103 -1.303103 0.259107 0.272648 3.214617 1.045828
-1.029952 -1.029952 -1.506832 -1.506832 0.263004 0.276320 3.210659 1.044797
-1.009412 -1.009412 -0.950994 -0.950994 0.265532 0.270583 3.218880 1.049877
-1.001335 -1.001335 -1.395754 -1.395754 0.263600 0.269165 3.218880 1.039584
-0.990522 -0.990522 -1.400484 -1.400484 0.267092 0.274118 3.218880 1.044243
-1.026311 -1.026311 -1.913634 -1.913634 0.266859 0.278269 3.218880 1.042815
-0.964825 -0.964825 -2.153843 -2.153843 0.274197 0.279264 3.218880 1.038482
-0.972733 -0.972733 -1.536414 -1.536414 0.267878 0.270490 3.200828 1.034528
-0.914254 -0.914254 -1.340533 -1.340533 0.271987 0.260324 3.215144 1.028487
-0.974606 -0.974606 -1.163855 -1.163855 0.262184 0.270521 3.209435 1.050358
-0.977978 -0.977978 -1.321575 -1.321575 0.264971 0.268203 3.192760 1.034885
-0.964413 -0.964413 -1.365919 -1.365919 0.263965 0.269204 3.216962 1.043525
