-1.035293 -1.035293 -1.754416 -1.754416 0.265168 0.278229 3.218272 1.043259
-1.000088 -1.000088 -1.529954 -1.529954 0.266893 0.272727 3.218880 1.041814
-0.960532 -0.960532 -1.059851 -1.059851 0.271566 0.267583 3.215211 1.033574
-0.918365 -0.918365 -1.839046 -1.839046 0.273976 0.271623 3.218880 1.035671
-1.063892 -1.063892 -1.575356 -1.575356 0.256495 0.274001 3.218765 1.045395
-0.990910 -0.990910 -1.252911 -1.252911 0.267614 0.270236 3.202674 1.037994
-1.029301 -1.029301 -1.219263 -1.219263 0.267433 0.276979 3.215539 1.046082
-0.970716 -0.970716 -1.531226 -1.531226 0.269599 0.272117 3.217268 1.039301
-1.001804 -1.001804 -1.813559 -1.813559 0.275027 0.280569 3.218880 1.037499
-0.982963 -0.982963 -1.351899 -1.351899 0.265128 0.271206 3.218880 1.043243
-0.991721 -0.991721 -1.342482 -1.342482 0.269279 0.274005 3.218880 1.041006
-1.032208 -1.032208 -1.278686 -1.278686 0.260060 0.271515 3.207642 1.040581
-0.958029 -0.958029 -1.363418 -1.363418 0.275049 0.271891 3.217280 1.030855
-0.916965 -0.916965 -2.640514 -2.640514 0.271352 0.273114 3.218719 1.036253
-0.935054 -0.935054 -1.478161 -1.478161 0.272565 0.269208 3.218880 1.035044
-0.972774 -0.972774 -1.894335 -1.894335 0.266520 0.274172 3.213123 1.041834
-0.987945 -0.987945 -1.448130 -1.448130 0.263669 0.271049 3.217390 1.043147
-0.962972 -0.962972 -1.388938 -1.388938 0.263633 0.261921 3.218880 1.040326
-0.982470 -0.982470 -1.440185 -1.440185 0.263195 0.270640 3.217494 1.042295
-1.012715 -1.012715 -1.544462 -1.544462 0.261297 0.272808 3.218880 1.043790
-1.005498 -1.005498 -1.553847 -1.553847 0.263738 0.271211 3.218599 1.044868
-0.984085 -0.984085 -1.422095 -1.422095 0.268152 0.275576 3.218225 1.047738
-1.001044 -1.001044 -1.269459 -1.269459 0.264006 0.269826 3.205189 1.040753
-1.026030 -1.026030 -0.812446 -0.812446 0.265630 0.271054 3.218880 1.044267
-0.983567 -0.983567 -1.937257 -1.937257 0.268179 0.278325 3.218880 1.044621
-0.986500 -0.986500 -1.207992 -1.207992 0.264105 0.271124 3.216774 1.042722
-0.972892 -0.972892 -1.478088 -1.478088 0.264687 0.268702 3.214147 1.039820
-1.060691 -1.060691 -1.605076 -1.605076 0.254905 0.274763 3.204348 1.052105
-0.985419 -0.985419 -1.621579 -1.621579 0.270123 0.272540 3.218880 1.038432
-0.964156 -0.964156 -1.531602 -1.531602 0.266901 0.270497 3.192818 1.042246
-0.976117 -0.976117 -1.694530 -1.694530 0.265144 0.271912 3.218880 1.041032
-0.979575 -0.979575 -2.288943 -2.288943 0.260911 0.268514 3.218880 1.042900
-0.983375 -0.983375 -1.175832 -1.175832 0.260727 0.262808 3.218696 1.039377
-1.041777 -1.041777 -1.585168 -1.585168 0.260321 0.274721 3.187888 1.042659
-0.974938 -0.974938 -2.064705 -2.064705 0.269225 0.275435 3.218880 1.041806
-0.883773 -0.883773 -2.388591 -2.388591 0.273579 0.272899 3.218752 1.034007
-1.037279 -1.037279 -1.003923 -1.003923 0.267770 0.272459 3.218880 1.040830
-0.940800 -0.940800 -1.106963 -1.106963 0.272109 0.263726 3.193443 1.023398
-0.957472 -0.957472 -2.607454 -2.607454 0.267217 0.274403 3.218880 1.043060
-1.034957 -1.034957 -1.203121 -1.203121 0.262075 0.272708 3.213251 1.042309
-1.038498 -1.038498 -1.000503 -1.000503 0.261661 0.269332 3.218880 1.041927
-0.947367 -0.947367 -1.242760 -1.242760 0.268627 0.264391 3.218880 1.034533
-1.063251 -1.063251 -0.994307 -0.994307 0.268831 0.277645 3.215878 1.041061
-0.962413 -0.962413 -1.944357 -1.944357 0.265862 0.274358 3.218880 1.042963
-0.962373 -0.962373 -3.613106 -3.613106 0.276114 0.284890 3.218880 1.036909
-0.922370 -0.922370 -4.941728 -4.941728 0.268850 0.275675 3.218880 1.037792
-0.933296 -0.933296 -4.860998 -4.860998 0.263533 0.273500 3.218680 1.045525
-0.998258 -0.998258 -1.658830 -1.658830 0.263893 0.283139 3.181793 1.039135
-1.028458 -1.028458 -0.836927 -0.836927 0.259686 0.265851 3.189499 1.040068
-0.992700 -0.992700 -0.625329 -0.625329 0.265358 0.258337 3.195233 1.036286
-0.965494 -0.965494 -0.982518 -0.982518 0.267295 0.259269 3.214487 1.034655
-0.938751 -0.938751 -2.109845 -2.109845 0.271535 0.269618 3.218880 1.033016
-0.944978 -0.944978 -1.426658 -1.426658 0.272806 0.271830 3.218880 1.033262
-0.960139 -0.960139 -1.740316 -1.740316 0.269659 0.274672 3.218880 1.045538
-0.989461 -0.989461 -2.115548 -2.115548 0.264326 0.279227 3.200693 1.041435
-0.964790 -0.964790 -1.610320 -1.610320 0.266030 0.270284 3.210838 1.039785
-0.967057 -0.967057 -1.483690 -1.483690 0.268139 0.273550 3.218880 1.042361
-1.009940 -1.009940 -1.162366 -1.162366 0.261651 0.263694 3.203257 1.037244
-0.963147 -0.963147 -2.111702 -2.111702 0.270514 0.271544 3.199855 1.030693
-1.063642 -1.063642 -0.787879 -0.787879 0.265628 0.268253 3.207412 1.034062
-0.928580 -0.928580 -2.037278 -2.037278 0.270591 0.269828 3.215077 1.033583
-0.977123 -0.977123 -1.257799 -1.257799 0.265772 0.269768 3.218880 1.044369
-0.962672 -0.962672 -1.469890 -1.469890 0.265213 0.267670 3.211968 1.036624
-1.027484 -1.027484 -1.554359 -1.554359 0.254541 0.267146 3.217546 1.050020
-1.068109 -1.068109 -1.208030 -1.208030 0.264144 0.274024 3.218880 1.052941
-0.997663 -0.997663 -1.546718 -1.546718 0.267986 0.273637 3.218880 1.034783
-0.959123 -0.959123 -1.565065 -1.565065 0.265916 0.269492 3.212611 1.039954
-0.996257 -0.996257 -1.168432 -1.168432 0.271665 0.270247 3.218880 1.031323
-1.060654 -1.060654 -0.661970 -0.661970 0.258363 0.266096 3.166152 1.041937
-1.016680 -1.016680 -1.056667 -1.056667 0.261152 0.266539 3.218755 1.043526
-1.006112 -1.006112 -1.460301 -1.460301 0.270766 0.277784 3.218739 1.050012
-0.981769 -0.981769 -1.593048 -1.593048 0.261042 0.266392 3.213494 1.033116
-1.000837 -1.000837 -1.245326 -1.245326 0.271431 0.276773 3.218533 1.039810
-0.979717 -0.979717 -1.848908 -1.848908 0.269363 0.275040 3.198634 1.040886
-0.992123 -0.992123 -1.376659 -1.376659 0.265408 0.272241 3.214996 1.038301
-0.982587 -0.982587 -1.323203 -1.323203 0.268568 0.270025 3.218841 1.041215
-1.019018 -1.019018 -1.228882 -1.228882 0.259257 0.264519 3.218880 1.043654
-0.914629 -0.914629 -2.513646 -2.513646 0.273058 0.276092 3.218880 1.041297
-0.958052 -0.958052 -0.682146 -0.682146 0.267544 0.260875 3.212164 1.036546
-0.897978 -0.897978 -1.328694 -1.328694 0.271185 0.260450 3.218880 1.031530
-0.935955 -0.935955 -1.227729 -1.227729 0.267034 0.263109 3.218657 1.039393
-0.998533 -0.998533 -0.852602 -0.852602 0.263583 0.268096 3.178868 1.047625
-1.058881 -1.058881 -0.873593 -0.873593 0.262768 0.276181 3.217274 1.049492
-1.013585 -1.013585 -1.806141 -1.806141 0.262282 0.270662 3.218880 1.038648
-0.990967 -0.990967 -1.790885 -1.790885 0.260185 0.273100 3.193792 1.046802
-1.030694 -1.030694 -0.932639 -0.932639 0.261770 0.269044 3.213412 1.039543
-1.047546 -1.047546 -1.073544 -1.073544 0.267447 0.274100 3.216410 1.040434
-0.937258 -0.937258 -1.763929 -1.763929 0.273499 0.271182 3.218880 1.036312
-1.005654 -1.005654 -1.014336 -1.014336 0.265126 0.271492 3.218880 1.043585
-1.047578 -1.047578 -1.133950 -1.133950 0.263402 0.272892 3.216574 1.046594
-1.045958 -1.045958 -1.732876 -1.732876 0.259248 0.272273 3.217278 1.041283
-1.050465 -1.050465 -1.994097 -1.994097 0.258538 0.275856 3.218150 1.047766
-1.090739 -1.090739 -0.831958 -0.831958 0.258658 0.269122 3.173720 1.037119
-0.975251 -0.975251 -2.121745 -2.121745 0.263646 0.273941 3.218880 1.043928
-0.938250 -0.938250 -1.560182 -1.560182 0.270199 0.267096 3.218880 1.036288
-1.000646 -1.000646 -1.132565 -1.132565 0.263746 0.269251 3.185514 1.037559
-0.929967 -0.929967 -1.289639 -1.289639 0.274478 0.267841 3.193605 1.024920
-0.960615 -0.960615 -1.166689 -1.166689 0.269902 0.265939 3.217511 1.033513
-0.998296 -0.998296 -1.319203 -1.319203 0.265019 0.268360 3.211320 1.040458
-1.056696 -1.056696 -1.032568 -1.032568 0.256527 0.268451 3.215269 1.046303
-1.009136 -1.009136 -1.386514 -1.386514 0.263348 0.271837 3.170804 1.040338
-1.037518 -1.037518 -1.788387 -1.788387 0.253096 0.269792 3.218530 1.042761
-1.037974 -1.037974 -1.113662 -1.113662 0.263151 0.271596 3.209357 1.044538
-0.966325 -0.966325 -1.036182 -1.036182 0.274155 0.270063 3.218880 1.038357
-0.969822 -0.969822 -2.056614 -2.056614 0.267125 0.269843 3.218584 1.035456
-1.013293 -1.013293 -1.423477 -1.423477 0.265177 0.273536 3.215235 1.046283
-1.011379 -1.011379 -0.971962 -0.971962 0.267737 0.272335 3.217011 1.042311
-1.029589 -1.029589 -0.979228 -0.979228 0.263423 0.267630 3.215665 1.040669
-1.082348 -1.082348 -1.715829 -1.715829 0.255632 0.276954 3.199969 1.053363
-0.969220 -0.969220 -1.209863 -1.209863 0.265853 0.267490 3.218880 1.040511
-0.969363 -0.969363 -1.375425 -1.375425 0.268602 0.271716 3.218880 1.035960
-0.941450 -0.941450 -0.967967 -0.967967 0.271087 0.266050 3.218880 1.045681
-1.016096 -1.016096 -1.194745 -1.194745 0.263325 0.271804 3.218541 1.043576
-0.928388 -0.928388 -2.081338 -2.081338 0.266730 0.267538 3.215029 1.031230
-1.055429 -1.055429 -0.967767 -0.967767 0.261962 0.271301 3.209384 1.042849
-0.983645 -0.983645 -1.183806 -1.183806 0.264140 0.269787 3.204831 1.045680
-0.951350 -0.951350 -1.709011 -1.709011 0.268242 0.270098 3.209984 1.037917
-0.987018 -0.987018 -0.980019 -0.980019 0.269517 0.270651 3.218538 1.040956
-1.022341 -1.022341 -1.035832 -1.035832 0.263903 0.270150 3.214443 1.046921
-0.998736 -0.998736 -1.436163 -1.436163 0.268170 0.273573 3.218510 1.043492
-1.011986 -1.011986 -1.433687 -1.433687 0.259744 0.268811 3.218880 1.039639
-0.977533 -0.977533 -1.492846 -1.492846 0.263497 0.268253 3.213577 1.039219
-1.024874 -1.024874 -1.771260 -1.771260 0.259625 0.271417 3.218880 1.041916
-0.976756 -0.976756 -1.414565 -1.414565 0.268023 0.266576 3.218880 1.034193
-1.000349 -1.000349 -1.077080 -1.077080 0.264179 0.262390 3.218880 1.041229
-1.066380 -1.066380 -0.881448 -0.881448 0.263326 0.273075 3.191810 1.047016
-1.007920 -1.007920 -1.390786 -1.390786 0.260177 0.268441 3.213888 1.048013
-0.996904 -0.996904 -1.736210 -1.736210 0.263467 0.269636 3.218880 1.038223
-0.887792 -0.887792 -3.454164 -3.454164 0.268590 0.266728 3.218880 1.028795
-0.946453 -0.946453 -3.704050 -3.704050 0.263053 0.277878 3.202275 1.039223
-0.947936 -0.947936 -2.658365 -2.658365 0.271294 0.276461 3.218880 1.039802
-0.974530 -0.974530 -2.046018 -2.046018 0.268419 0.274019 3.218259 1.030231
