-1.012145 -1.012145 -1.020693 -1.020693 0.265848 0.266606 3.210361 1.038177
-1.013373 -1.013373 -2.065772 -2.065772 0.265776 0.279439 3.218880 1.046454
-0.940309 -0.940309 -2.361194 -2.361194 0.268833 0.277397 3.218624 1.039651
-1.008505 -1.008505 -1.755504 -1.755504 0.265328 0.275079 3.202174 1.042136
-0.973454 -0.973454 -1.654793 -1.654793 0.271130 0.273077 3.218880 1.041486
-1.006389 -1.006389 -1.188013 -1.188013 0.265258 0.267242 3.215961 1.038455
-1.009754 -1.009754 -2.515375 -2.515375 0.262566 0.276872 3.218880 1.043174
-0.962660 -0.962660 -1.501773 -1.501773 0.258395 0.265663 3.218880 1.041947
-0.976600 -0.976600 -1.179750 -1.179750 0.270015 0.271980 3.206608 1.033610
-1.024913 -1.024913 -1.164700 -1.164700 0.262155 0.269056 3.218880 1.041566
-0.958003 -0.958003 -1.268738 -1.268738 0.275970 0.278506 3.218880 1.040489
-0.978668 -0.978668 -1.382333 -1.382333 0.265061 0.267085 3.218880 1.039453
-1.001520 -1.001520 -2.128333 -2.128333 0.268033 0.274429 3.218880 1.031499
-1.029663 -1.029663 -1.091463 -1.091463 0.259970 0.268415 3.218880 1.047031
-0.952385 -0.952385 -1.344826 -1.344826 0.274201 0.275205 3.218778 1.040304
-0.929676 -0.929676 -1.276301 -1.276301 0.273935 0.266653 3.218880 1.028805
-0.979486 -0.979486 -1.294674 -1.294674 0.267190 0.268799 3.210327 1.033587
-1.007012 -1.007012 -1.394121 -1.394121 0.264344 0.270255 3.218761 1.040441
-1.007479 -1.007479 -1.236116 -1.236116 0.266266 0.274927 3.204133 1.041789
-1.019154 -1.019154 -0.961247 -0.961247 0.263855 0.264968 3.218880 1.038116
-0.974908 -0.974908 -1.622361 -1.622361 0.269977 0.277221 3.218880 1.042684
-1.044085 -1.044085 -1.626002 -1.626002 0.251954 0.270015 3.185730 1.045687
-1.038285 -1.038285 -1.010529 -1.010529 0.263422 0.270319 3.213878 1.044721
-0.991531 -0.991531 -1.008370 -1.008370 0.262265 0.263617 3.218880 1.036442
-0.944820 -0.944820 -1.145786 -1.145786 0.281575 0.276991 3.218880 1.043967
-0.930032 -0.930032 -1.690578 -1.690578 0.271525 0.271705 3.218880 1.040005
-0.966867 -0.966867 -1.425311 -1.425311 0.265307 0.270273 3.217755 1.040576
-0.948916 -0.948916 -1.283857 -1.283857 0.269536 0.266951 3.218880 1.033177
-0.937191 -0.937191 -1.263254 -1.263254 0.272287 0.267419 3.180194 1.026046
-1.041959 -1.041959 -2.055308 -2.055308 0.268374 0.277711 3.218880 1.037515
-0.951201 -0.951201 -1.336571 -1.336571 0.266412 0.266787 3.218880 1.040437
-0.919974 -0.919974 -1.663940 -1.663940 0.275303 0.269422 3.218880 1.029022
-0.991658 -0.991658 -1.501088 -1.501088 0.268359 0.268236 3.215474 1.022712
-1.009935 -1.009935 -1.354605 -1.354605 0.263237 0.271590 3.218880 1.035681
-1.007421 -1.007421 -1.168251 -1.168251 0.266168 0.273020 3.218880 1.043360
-1.032933 -1.032933 -1.425169 -1.425169 0.262884 0.273299 3.218880 1.046257
-1.099292 -1.099292 -1.223566 -1.223566 0.253784 0.270667 3.216797 1.050382
-1.073745 -1.073745 -1.532557 -1.532557 0.255201 0.276024 3.218880 1.053318
-0.959630 -0.959630 -1.898767 -1.898767 0.272294 0.275718 3.218880 1.035904
-0.995714 -0.995714 -1.472381 -1.472381 0.268968 0.274179 3.203846 1.041867
-0.940115 -0.940115 -1.411602 -1.411602 0.272323 0.272523 3.210157 1.039727
-0.930687 -0.930687 -1.967015 -1.967015 0.276185 0.276349 3.218880 1.040482
-1.076909 -1.076909 -1.773695 -1.773695 0.253868 0.273240 3.218880 1.052967
-0.959726 -0.959726 -1.124123 -1.124123 0.270243 0.267227 3.218880 1.032631
-0.882677 -0.882677 -2.170372 -2.170372 0.275391 0.270857 3.218880 1.026922
-0.929218 -0.929218 -1.295778 -1.295778 0.266814 0.265343 3.218880 1.037933
-0.968135 -0.968135 -1.110068 -1.110068 0.266741 0.270618 3.218880 1.040579
-0.967798 -0.967798 -1.876807 -1.876807 0.268046 0.274354 3.197133 1.033470
-0.966897 -0.966897 -1.694991 -1.694991 0.268720 0.273406 3.218880 1.039744
-1.043844 -1.043844 -1.416098 -1.416098 0.264191 0.273834 3.218707 1.042039
-1.033440 -1.033440 -1.313565 -1.313565 0.260524 0.273340 3.218880 1.046278
-0.983650 -0.983650 -1.223934 -1.223934 0.267633 0.272331 3.218349 1.043364
-1.044341 -1.044341 -1.055953 -1.055953 0.263575 0.270488 3.201838 1.040563
-0.982181 -0.982181 -1.692414 -1.692414 0.262235 0.268519 3.218880 1.043771
-1.010752 -1.010752 -1.563977 -1.563977 0.267174 0.275603 3.218880 1.039862
-1.048377 -1.048377 -0.870976 -0.870976 0.267047 0.270122 3.216065 1.038453
-1.010666 -1.010666 -1.576875 -1.576875 0.263823 0.274371 3.218880 1.044860
-1.019683 -1.019683 -1.155254 -1.155254 0.265835 0.270182 3.203892 1.035451
-1.045508 -1.045508 -1.347617 -1.347617 0.261422 0.273780 3.218760 1.042396
-0.972001 -0.972001 -1.393728 -1.393728 0.266136 0.271032 3.218880 1.040865
-1.057990 -1.057990 -0.870759 -0.870759 0.258950 0.270099 3.205973 1.045682
-1.082566 -1.082566 -0.931525 -0.931525 0.255502 0.267658 3.218880 1.049373
-0.953494 -0.953494 -1.817095 -1.817095 0.265798 0.268758 3.211579 1.040737
-1.029951 -1.029951 -0.960803 -0.960803 0.259902 0.264344 3.218880 1.044094
-0.998237 -0.998237 -1.597717 -1.597717 0.261823 0.275358 3.207763 1.046913
-0.930371 -0.930371 -1.869376 -1.869376 0.269739 0.267307 3.218880 1.035879
-1.045702 -1.045702 -1.173207 -1.173207 0.259953 0.271340 3.218024 1.050419
-1.021840 -1.021840 -1.552558 -1.552558 0.257746 0.270307 3.218819 1.044661
-1.009046 -1.009046 -0.986459 -0.986459 0.262177 0.263472 3.214435 1.035080
-1.017910 -1.017910 -0.952645 -0.952645 0.263759 0.267292 3.218880 1.044506
-0.963581 -0.963581 -1.412210 -1.412210 0.266609 0.269075 3.218880 1.042328
-0.988046 -0.988046 -1.385603 -1.385603 0.265048 0.268760 3.218880 1.040841
-1.014899 -1.014899 -1.480500 -1.480500 0.260385 0.267949 3.214432 1.035926
-0.987458 -0.987458 -2.194548 -2.194548 0.261533 0.269933 3.194811 1.035277
-0.968585 -0.968585 -1.976335 -1.976335 0.267098 0.271239 3.218880 1.041342
-0.935771 -0.935771 -2.348647 -2.348647 0.268109 0.275423 3.208638 1.042941
-1.007862 -1.007862 -1.358016 -1.358016 0.264876 0.272694 3.200658 1.044044
-1.027150 -1.027150 -1.401679 -1.401679 0.258223 0.270653 3.211477 1.045591
-0.969587 -0.969587 -1.820461 -1.820461 0.268429 0.273974 3.218072 1.046181
-0.943901 -0.943901 -1.081253 -1.081253 0.267513 0.260848 3.218880 1.033390
-0.966237 -0.966237 -2.482742 -2.482742 0.263231 0.270539 3.214338 1.039069
-0.979772 -0.979772 -1.950829 -1.950829 0.264929 0.274509 3.201098 1.038257
-1.037411 -1.037411 -1.080386 -1.080386 0.265368 0.270243 3.218880 1.037835
-1.036786 -1.036786 -1.730400 -1.730400 0.260608 0.271269 3.218880 1.042911
-1.045914 -1.045914 -0.993588 -0.993588 0.264836 0.272229 3.199426 1.046213
-0.921625 -0.921625 -1.963432 -1.963432 0.275817 0.271582 3.218880 1.027583
-0.960318 -0.960318 -0.871704 -0.871704 0.272961 0.267743 3.218764 1.036713
-1.000470 -1.000470 -1.806698 -1.806698 0.268215 0.279499 3.218880 1.046842
-0.922696 -0.922696 -1.576454 -1.576454 0.280728 0.274160 3.218880 1.032427
-0.976425 -0.976425 -1.475245 -1.475245 0.272266 0.276908 3.218880 1.040814
-0.993738 -0.993738 -1.504018 -1.504018 0.267657 0.269581 3.218431 1.037497
-0.931444 -0.931444 -2.607588 -2.607588 0.277749 0.275775 3.218390 1.027777
-0.953553 -0.953553 -4.281850 -4.281850 0.269073 0.277390 3.216889 1.039295
-0.971531 -0.971531 -2.936862 -2.936862 0.273101 0.279078 3.218880 1.034517
-1.030845 -1.030845 -0.772452 -0.772452 0.264827 0.269262 3.190483 1.040172
-1.056098 -1.056098 -0.787349 -0.787349 0.263355 0.268262 3.205581 1.040204
-0.981098 -0.981098 -0.969278 -0.969278 0.269262 0.264766 3.196792 1.024940
-0.959864 -0.959864 -1.614225 -1.614225 0.269921 0.271345 3.218880 1.038461
-0.981329 -0.981329 -1.470388 -1.470388 0.265609 0.270127 3.218880 1.038529
-0.961002 -0.961002 -2.112801 -2.112801 0.267156 0.273006 3.216960 1.041121
-0.982406 -0.982406 -1.225198 -1.225198 0.265172 0.269517 3.208027 1.043401
-1.084399 -1.084399 -1.081849 -1.081849 0.267842 0.283684 3.194370 1.047488
-1.029006 -1.029006 -1.370426 -1.370426 0.261440 0.274311 3.218880 1.051673
-0.937419 -0.937419 -1.317526 -1.317526 0.270123 0.266678 3.209655 1.028919
-0.942660 -0.942660 -1.738799 -1.738799 0.272280 0.271644 3.210568 1.032867
-0.906126 -0.906126 -1.553673 -1.553673 0.273463 0.272126 3.218880 1.044590
-0.982712 -0.982712 -2.129569 -2.129569 0.261991 0.270787 3.217045 1.036967
-0.979363 -0.979363 -1.216265 -1.216265 0.268443 0.268004 3.218880 1.036478
-0.911118 -0.911118 -1.650230 -1.650230 0.272170 0.264988 3.209362 1.025837
-0.973449 -0.973449 -1.154850 -1.154850 0.265844 0.266542 3.194384 1.035514
-0.945770 -0.945770 -1.620002 -1.620002 0.271606 0.268121 3.187387 1.030397
-0.961949 -0.961949 -1.457749 -1.457749 0.266749 0.269342 3.218880 1.041433
-0.957460 -0.957460 -1.962220 -1.962220 0.266078 0.272838 3.214577 1.038062
-0.900866 -0.900866 -2.252225 -2.252225 0.275730 0.272161 3.218880 1.028507
-0.939591 -0.939591 -1.914737 -1.914737 0.278295 0.274618 3.211772 1.026555
-1.026878 -1.026878 -1.067237 -1.067237 0.264562 0.273684 3.218393 1.048277
-1.050655 -1.050655 -1.185318 -1.185318 0.264653 0.272438 3.218880 1.044649
-0.999446 -0.999446 -1.541959 -1.541959 0.270263 0.272614 3.217694 1.035516
-1.053554 -1.053554 -2.125275 -2.125275 0.266138 0.281421 3.209178 1.042248
-1.002917 -1.002917 -1.743642 -1.743642 0.260069 0.271766 3.218880 1.049402
-0.968062 -0.968062 -1.303797 -1.303797 0.263098 0.267425 3.218880 1.045874
-1.037841 -1.037841 -1.369139 -1.369139 0.260722 0.272690 3.209335 1.041445
-1.045131 -1.045131 -1.201074 -1.201074 0.263704 0.275161 3.183297 1.043658
-1.026462 -1.026462 -1.211745 -1.211745 0.263770 0.270345 3.197716 1.039819
-0.982761 -0.982761 -1.194747 -1.194747 0.271898 0.273367 3.201152 1.037560
-1.004006 -1.004006 -1.763428 -1.763428 0.266389 0.274209 3.218880 1.039699
-0.996152 -0.996152 -1.957963 -1.957963 0.265729 0.275921 3.218880 1.051854
-0.998705 -0.998705 -1.404498 -1.404498 0.263569 0.268019 3.218880 1.038962
-1.012917 -1.012917 -0.695047 -0.695047 0.268635 0.262419 3.215207 1.029361
-1.021665 -1.021665 -1.633738 -1.633738 0.260864 0.271493 3.218880 1.041675
-1.004442 -1.004442 -2.317201 -2.317201 0.262613 0.277197 3.199815 1.047755
-0.950115 -0.950115 -1.952610 -1.952610 0.271068 0.269946 3.203665 1.029981
