-0.937231 -0.937231 -1.874375 -1.874375 0.272800 0.273214 3.211168 1.035047
-0.967510 -0.967510 -2.155157 -2.155157 0.266144 0.278531 3.218880 1.045108
-0.922250 -0.922250 -2.327401 -2.327401 0.273333 0.276432 3.211699 1.036526
-0.956411 -0.956411 -2.496741 -2.496741 0.266912 0.274827 3.218451 1.041644
-0.956104 -0.956104 -1.405030 -1.405030 0.269524 0.274976 3.186108 1.038844
-1.011616 -1.011616 -1.138547 -1.138547 0.257435 0.266009 3.218415 1.045891
-1.008085 -1.008085 -1.708203 -1.708203 0.262406 0.271551 3.205692 1.040817
-0.918356 -0.918356 -2.448021 -2.448021 0.267030 0.274337 3.218880 1.036964
-0.959134 -0.959134 -1.478415 -1.478415 0.268978 0.268280 3.204554 1.032121
-1.015748 -1.015748 -1.164479 -1.164479 0.264423 0.271378 3.217705 1.038894
-1.040889 -1.040889 -1.226730 -1.226730 0.258633 0.267437 3.218389 1.043839
-0.983818 -0.983818 -1.556709 -1.556709 0.266308 0.271032 3.197288 1.037893
-0.957876 -0.957876 -1.528601 -1.528601 0.270546 0.274731 3.202428 1.035187
-1.015637 -1.015637 -3.143826 -3.143826 0.257513 0.276216 3.206466 1.048384
-0.956795 -0.956795 -0.990161 -0.990161 0.270171 0.267784 3.215709 1.040777
-1.004119 -1.004119 -1.830502 -1.830502 0.266785 0.279205 3.209326 1.040713
-1.017537 -1.017537 -1.429942 -1.429942 0.266557 0.271145 3.209585 1.038173
-1.060083 -1.060083 -1.688149 -1.688149 0.261997 0.277750 3.182580 1.038787
-0.960481 -0.960481 -1.851420 -1.851420 0.278463 0.280616 3.218880 1.037459
-0.986917 -0.986917 -1.969472 -1.969472 0.267453 0.275492 3.208059 1.044525
-0.949845 -0.949845 -1.419228 -1.419228 0.270302 0.271935 3.218585 1.043836
-0.990078 -0.990078 -1.248852 -1.248852 0.266991 0.270384 3.189757 1.038158
-1.040360 -1.040360 -1.091054 -1.091054 0.261842 0.273066 3.216844 1.048288
-1.051475 -1.051475 -1.318651 -1.318651 0.261688 0.273897 3.216814 1.046244
-0.992180 -0.992180 -1.189379 -1.189379 0.265842 0.267002 3.218880 1.040739
-0.990373 -0.990373 -1.094014 -1.094014 0.265659 0.269811 3.218880 1.040595
-0.995550 -0.995550 -1.369603 -1.369603 0.270756 0.277847 3.218880 1.040226
-0.995908 -0.995908 -1.207660 -1.207660 0.259431 0.267383 3.211800 1.042110
-0.980030 -0.980030 -0.804212 -0.804212 0.267309 0.263636 3.218880 1.038323
-0.957151 -0.957151 -1.254928 -1.254928 0.271696 0.266082 3.218880 1.026513
-0.990747 -0.990747 -0.797177 -0.797177 0.268442 0.267659 3.151791 1.030805
-1.068670 -1.068670 -0.937851 -0.937851 0.263847 0.273909 3.204107 1.041756
-1.027102 -1.027102 -1.254097 -1.254097 0.271286 0.276364 3.218880 1.039536
-1.017085 -1.017085 -1.475318 -1.475318 0.265927 0.273260 3.218880 1.039598
-0.986543 -0.986543 -1.703148 -1.703148 0.269593 0.279837 3.218880 1.049605
-1.036798 -1.036798 -0.940463 -0.940463 0.263674 0.266712 3.213039 1.038173
-0.941949 -0.941949 -1.720263 -1.720263 0.268182 0.269663 3.218880 1.039510
-0.999517 -0.999517 -1.184206 -1.184206 0.268618 0.269633 3.218880 1.039755
-0.974690 -0.974690 -1.588558 -1.588558 0.272139 0.271929 3.218880 1.032461
-0.950564 -0.950564 -1.710502 -1.710502 0.267814 0.266755 3.206657 1.033277
-1.002727 -1.002727 -2.005867 -2.005867 0.263696 0.277384 3.197410 1.039049
-0.982262 -0.982262 -1.797756 -1.797756 0.271441 0.276617 3.218880 1.040268
-1.020400 -1.020400 -1.741726 -1.741726 0.266395 0.278176 3.218880 1.052433
-0.982479 -0.982479 -1.009674 -1.009674 0.265597 0.265531 3.217388 1.036208
-1.058156 -1.058156 -1.289643 -1.289643 0.259299 0.275760 3.218880 1.053151
-1.033950 -1.033950 -1.037176 -1.037176 0.263376 0.266620 3.218880 1.043547
-1.044023 -1.044023 -1.200861 -1.200861 0.260507 0.272785 3.212223 1.047362
-0.930031 -0.930031 -2.256543 -2.256543 0.274089 0.275143 3.218880 1.032086
-1.015661 -1.015661 -1.374970 -1.374970 0.264311 0.269357 3.207679 1.037782
-0.982986 -0.982986 -1.748890 -1.748890 0.261598 0.269980 3.217550 1.045384
-0.990920 -0.990920 -0.957553 -0.957553 0.262909 0.263207 3.200185 1.040275
-0.971181 -0.971181 -1.971734 -1.971734 0.265319 0.273016 3.215036 1.032257
-0.986772 -0.986772 -0.815698 -0.815698 0.269788 0.269460 3.192848 1.042622
-0.951736 -0.951736 -1.186685 -1.186685 0.264809 0.262862 3.218044 1.035387
-0.928342 -0.928342 -1.590587 -1.590587 0.272067 0.268061 3.218641 1.026967
-0.933535 -0.933535 -1.005388 -1.005388 0.272229 0.265588 3.218880 1.032638
-1.024325 -1.024325 -1.389126 -1.389126 0.264609 0.273380 3.218880 1.046207
-0.944090 -0.944090 -2.106458 -2.106458 0.265401 0.272668 3.216277 1.041484
-1.033907 -1.033907 -1.180932 -1.180932 0.268092 0.278091 3.217755 1.042466
-1.031940 -1.031940 -1.160503 -1.160503 0.265296 0.274109 3.218880 1.047041
-1.024926 -1.024926 -2.065297 -2.065297 0.254758 0.271924 3.218880 1.050400
-0.968895 -0.968895 -2.146574 -2.146574 0.264446 0.274064 3.218590 1.045243
-0.981136 -0.981136 -2.090438 -2.090438 0.264516 0.272932 3.218880 1.041986
-1.028071 -1.028071 -0.943736 -0.943736 0.265211 0.270470 3.218880 1.043576
-1.035854 -1.035854 -0.858980 -0.858980 0.264590 0.265349 3.213670 1.040208
-1.009165 -1.009165 -1.353143 -1.353143 0.268957 0.276386 3.218880 1.038992
-1.089526 -1.089526 -0.928983 -0.928983 0.259192 0.273159 3.200710 1.045549
-1.033606 -1.033606 -1.271586 -1.271586 0.261574 0.273290 3.218880 1.045085
-0.969463 -0.969463 -1.273603 -1.273603 0.267939 0.269549 3.195260 1.035736
-0.980146 -0.980146 -1.078019 -1.078019 0.268419 0.273386 3.218880 1.046970
-1.041888 -1.041888 -1.459794 -1.459794 0.264827 0.275726 3.211456 1.047268
-1.014226 -1.014226 -2.168818 -2.168818 0.264800 0.274201 3.218880 1.038655
-0.955684 -0.955684 -1.501886 -1.501886 0.262673 0.261222 3.214909 1.039324
-0.978435 -0.978435 -1.925445 -1.925445 0.258746 0.265398 3.218880 1.038329
-0.982928 -0.982928 -1.281241 -1.281241 0.261798 0.269487 3.200433 1.047407
-1.026210 -1.026210 -1.561183 -1.561183 0.259953 0.271731 3.218599 1.044962
-0.958650 -0.958650 -2.620922 -2.620922 0.268043 0.273331 3.202096 1.038055
-0.903468 -0.903468 -1.622830 -1.622830 0.273126 0.268939 3.218546 1.037721
-0.982057 -0.982057 -1.615292 -1.615292 0.268837 0.277260 3.218662 1.045861
-1.031960 -1.031960 -1.868588 -1.868588 0.261074 0.272979 3.209146 1.039228
-0.975306 -0.975306 -1.210714 -1.210714 0.265743 0.265581 3.218705 1.036248
-0.999056 -0.999056 -1.047683 -1.047683 0.270239 0.272969 3.197651 1.035016
-1.077101 -1.077101 -0.814865 -0.814865 0.259178 0.265465 3.218506 1.038932
-1.082027 -1.082027 -1.196875 -1.196875 0.262806 0.279979 3.217302 1.049938
-0.996007 -0.996007 -0.830422 -0.830422 0.270461 0.266924 3.218880 1.045177
-0.968998 -0.968998 -1.097931 -1.097931 0.264700 0.263454 3.218454 1.037534
-0.966052 -0.966052 -1.001559 -1.001559 0.270157 0.265255 3.180444 1.022182
-1.077862 -1.077862 -0.804245 -0.804245 0.259638 0.272558 3.218880 1.049075
-0.978029 -0.978029 -1.526896 -1.526896 0.267981 0.270222 3.213865 1.039864
-0.928541 -0.928541 -1.629419 -1.629419 0.274285 0.270682 3.218880 1.031213
-0.963462 -0.963462 -0.997274 -0.997274 0.271865 0.266985 3.205856 1.031380
-0.947827 -0.947827 -1.253450 -1.253450 0.269081 0.273040 3.212009 1.041165
-0.996262 -0.996262 -1.025626 -1.025626 0.273180 0.274381 3.198769 1.040503
-0.961806 -0.961806 -1.998298 -1.998298 0.266585 0.273691 3.210271 1.037462
-0.944544 -0.944544 -2.475502 -2.475502 0.268038 0.274007 3.218880 1.041707
-0.952229 -0.952229 -3.028167 -3.028167 0.266901 0.278501 3.196537 1.043053
-0.964379 -0.964379 -2.026230 -2.026230 0.264557 0.270627 3.190626 1.036390
-1.016873 -1.016873 -1.572478 -1.572478 0.260343 0.272559 3.218880 1.044214
-0.954452 -0.954452 -1.064220 -1.064220 0.266739 0.263369 3.218761 1.032926
-0.961873 -0.961873 -2.151430 -2.151430 0.264115 0.270842 3.218880 1.038256
-0.983960 -0.983960 -1.509280 -1.509280 0.262593 0.267769 3.218880 1.039015
-0.988392 -0.988392 -1.336247 -1.336247 0.265253 0.270173 3.218776 1.043228
-0.990692 -0.990692 -1.075711 -1.075711 0.269345 0.268376 3.191613 1.037662
-0.996631 -0.996631 -1.114048 -1.114048 0.262315 0.268602 3.217409 1.046301
-1.056086 -1.056086 -0.763389 -0.763389 0.263720 0.269652 3.218260 1.042895
-1.005591 -1.005591 -1.450888 -1.450888 0.271002 0.277675 3.218870 1.043562
-1.007855 -1.007855 -1.876772 -1.876772 0.265157 0.271917 3.210300 1.039051
-0.965380 -0.965380 -0.979574 -0.979574 0.271688 0.266239 3.218880 1.032161
-1.043035 -1.043035 -0.753340 -0.753340 0.264693 0.269112 3.218880 1.043589
-0.929927 -0.929927 -2.551089 -2.551089 0.268879 0.268321 3.218880 1.032526
-0.948115 -0.948115 -3.121261 -3.121261 0.271201 0.273084 3.218880 1.029719
-0.912761 -0.912761 -1.253586 -1.253586 0.268195 0.260216 3.216745 1.031307
-0.947157 -0.947157 -1.619266 -1.619266 0.270736 0.271100 3.218880 1.031787
-0.970091 -0.970091 -1.418339 -1.418339 0.270003 0.272180 3.192251 1.033214
-0.924822 -0.924822 -1.520488 -1.520488 0.270581 0.266541 3.218880 1.032804
-0.969256 -0.969256 -2.544827 -2.544827 0.261612 0.273373 3.218880 1.044131
-0.905896 -0.905896 -2.875194 -2.875194 0.268077 0.269074 3.218880 1.029444
-1.009456 -1.009456 -1.036395 -1.036395 0.265942 0.268335 3.210695 1.040148
-1.004764 -1.004764 -3.330471 -3.330471 0.261913 0.280784 3.216198 1.050410
-0.947308 -0.947308 -3.765121 -3.765121 0.266596 0.275931 3.218880 1.042289
-0.932264 -0.932264 -4.775787 -4.775787 0.269739 0.280627 3.218880 1.040380
-0.919277 -0.919277 -2.409538 -2.409538 0.274996 0.280248 3.217740 1.046659
-0.936578 -0.936578 -2.558031 -2.558031 0.272228 0.275673 3.218880 1.032518
-0.976861 -0.976861 -0.916290 -0.916290 0.270495 0.265500 3.214456 1.037340
-0.903054 -0.903054 -1.085047 -1.085047 0.275959 0.265033 3.218880 1.031036
-1.034652 -1.034652 -0.967551 -0.967551 0.262932 0.267243 3.217692 1.037490
-1.058454 -1.058454 -0.687757 -0.687757 0.260204 0.267171 3.212471 1.038347
-0.963937 -0.963937 -2.482273 -2.482273 0.266164 0.276458 3.218880 1.045592
-1.039924 -1.039924 -1.180459 -1.180459 0.262740 0.272826 3.213199 1.041017
-1.040713 -1.040713 -1.097464 -1.097464 0.264772 0.272852 3.200782 1.038571
-0.967563 -0.967563 -1.364837 -1.364837 0.269613 0.270775 3.211775 1.032072
-0.985208 -0.985208 -1.312436 -1.312436 0.263666 0.265440 3.212471 1.035616
