-0.988856 -0.988856 -1.417471 -1.417471 0.265175 0.270422 3.216226 1.044145
-1.038815 -1.038815 -1.352120 -1.352120 0.266209 0.274837 3.196633 1.037763
-1.003753 -1.003753 -1.459617 -1.459617 0.258696 0.270419 3.213795 1.048992
-0.915702 -0.915702 -1.336301 -1.336301 0.271604 0.266630 3.195821 1.033253
-0.995322 -0.995322 -1.947460 -1.947460 0.264594 0.272883 3.218880 1.041184
-0.995209 -0.995209 -1.358784 -1.358784 0.265531 0.271882 3.200576 1.041480
-0.977587 -0.977587 -1.506935 -1.506935 0.267957 0.269466 3.218880 1.037947
-0.951289 -0.951289 -1.118775 -1.118775 0.268459 0.262748 3.218880 1.029471
-0.934534 -0.934534 -2.062300 -2.062300 0.269169 0.271882 3.208544 1.042511
-0.981155 -0.981155 -2.521136 -2.521136 0.260137 0.267893 3.218880 1.040661
-0.978464 -0.978464 -1.588203 -1.588203 0.270306 0.272550 3.218880 1.035307
-0.892982 -0.892982 -1.800488 -1.800488 0.271401 0.263313 3.218880 1.026519
-0.987632 -0.987632 -1.808277 -1.808277 0.263607 0.270605 3.211133 1.038926
-0.931616 -0.931616 -1.270639 -1.270639 0.271619 0.268488 3.199242 1.029781
-0.932393 -0.932393 -1.400484 -1.400484 0.272762 0.266705 3.218880 1.031656
-1.026278 -1.026278 -1.269463 -1.269463 0.268703 0.276059 3.218880 1.037337
-0.964592 -0.964592 -1.210971 -1.210971 0.271503 0.270704 3.207310 1.029886
-0.954983 -0.954983 -1.500741 -1.500741 0.273276 0.266640 3.218880 1.026935
-0.928820 -0.928820 -1.686805 -1.686805 0.276751 0.271782 3.218880 1.033308
-0.973109 -0.973109 -1.200689 -1.200689 0.273671 0.274861 3.218880 1.041954
-1.032488 -1.032488 -2.025630 -2.025630 0.259173 0.273820 3.206965 1.042287
-0.991632 -0.991632 -1.953053 -1.953053 0.270367 0.274803 3.218277 1.034253
-0.987539 -0.987539 -1.118197 -1.118197 0.273497 0.279539 3.212745 1.041748
-1.007845 -1.007845 -0.868900 -0.868900 0.273615 0.270874 3.187474 1.033592
-0.931439 -0.931439 -1.873323 -1.873323 0.270135 0.268099 3.203938 1.031582
-1.031355 -1.031355 -0.751570 -0.751570 0.264698 0.267552 3.177431 1.043376
-0.989193 -0.989193 -0.918425 -0.918425 0.264482 0.263679 3.211274 1.038093
-1.009915 -1.009915 -0.891870 -0.891870 0.261054 0.263132 3.208563 1.041417
-0.996347 -0.996347 -1.250478 -1.250478 0.266500 0.268310 3.218303 1.039202
-0.985467 -0.985467 -1.218115 -1.218115 0.274780 0.273726 3.218848 1.034651
-0.951220 -0.951220 -1.609515 -1.609515 0.272826 0.274587 3.218880 1.038750
-0.976486 -0.976486 -1.612903 -1.612903 0.273241 0.278228 3.218880 1.040963
-0.979695 -0.979695 -1.624825 -1.624825 0.269335 0.267645 3.218880 1.034491
-1.013623 -1.013623 -1.574741 -1.574741 0.263151 0.267698 3.210323 1.034302
-1.006687 -1.006687 -1.096046 -1.096046 0.261257 0.264742 3.218331 1.035857
-1.016093 -1.016093 -1.318522 -1.318522 0.263001 0.268770 3.214985 1.038631
-0.973178 -0.973178 -1.069344 -1.069344 0.270596 0.269681 3.218398 1.033669
-1.012742 -1.012742 -1.328213 -1.328213 0.262110 0.269151 3.201805 1.039083
-1.007528 -1.007528 -1.401497 -1.401497 0.259069 0.268058 3.194752 1.039185
-0.998446 -0.998446 -1.380137 -1.380137 0.267346 0.271183 3.218880 1.037723
-1.057308 -1.057308 -1.725748 -1.725748 0.258100 0.276357 3.218880 1.047284
-1.118424 -1.118424 -1.019699 -1.019699 0.251552 0.272077 3.218583 1.053021
-1.057791 -1.057791 -0.876079 -0.876079 0.261618 0.271707 3.200364 1.048366
-1.037553 -1.037553 -0.927821 -0.927821 0.265747 0.270197 3.218880 1.043259
-0.959563 -0.959563 -1.226157 -1.226157 0.265716 0.263232 3.211304 1.035417
-0.959699 -0.959699 -1.753130 -1.753130 0.268841 0.270929 3.218880 1.037504
-0.967651 -0.967651 -1.650590 -1.650590 0.271159 0.276366 3.215033 1.042244
-1.011364 -1.011364 -1.050539 -1.050539 0.269058 0.270248 3.216527 1.039261
-1.006381 -1.006381 -1.507150 -1.507150 0.264185 0.272822 3.181997 1.036216
-1.042833 -1.042833 -1.497934 -1.497934 0.256080 0.267550 3.218705 1.042284
-1.042045 -1.042045 -1.848814 -1.848814 0.257168 0.276576 3.218880 1.048345
-1.007584 -1.007584 -1.617439 -1.617439 0.263387 0.274490 3.218527 1.043711
-0.990065 -0.990065 -1.204828 -1.204828 0.270891 0.273033 3.210503 1.038767
-0.984015 -0.984015 -1.798334 -1.798334 0.263600 0.277006 3.199121 1.047225
-0.898805 -0.898805 -1.263868 -1.263868 0.271926 0.262041 3.214820 1.029244
-0.885815 -0.885815 -1.466212 -1.466212 0.273795 0.260179 3.216807 1.026526
-0.914427 -0.914427 -2.505289 -2.505289 0.268572 0.268372 3.218880 1.034319
-0.948138 -0.948138 -1.849994 -1.849994 0.267293 0.273146 3.218880 1.041292
-0.936057 -0.936057 -1.401112 -1.401112 0.272452 0.271264 3.218880 1.033826
-0.965914 -0.965914 -1.924861 -1.924861 0.260831 0.270571 3.218880 1.047845
-1.018353 -1.018353 -0.976035 -0.976035 0.270349 0.273266 3.218880 1.043056
-1.001629 -1.001629 -2.945108 -2.945108 0.263195 0.275043 3.218669 1.046809
-1.031471 -1.031471 -1.253374 -1.253374 0.261663 0.270928 3.175418 1.039654
-1.050054 -1.050054 -0.891286 -0.891286 0.267462 0.274217 3.191726 1.040818
-0.997701 -0.997701 -1.415547 -1.415547 0.258444 0.264364 3.218880 1.040353
-0.984085 -0.984085 -1.638218 -1.638218 0.263242 0.269849 3.210779 1.040731
-1.079850 -1.079850 -2.338111 -2.338111 0.255533 0.271164 3.216963 1.043331
-1.059915 -1.059915 -0.802610 -0.802610 0.264034 0.269667 3.206563 1.041171
-0.971730 -0.971730 -1.266263 -1.266263 0.263887 0.266836 3.218880 1.043101
-0.949807 -0.949807 -1.980440 -1.980440 0.265071 0.272161 3.211977 1.045558
-0.985761 -0.985761 -2.161298 -2.161298 0.261624 0.271911 3.217859 1.039859
-0.960638 -0.960638 -1.929423 -1.929423 0.263857 0.270795 3.205833 1.037545
-0.971505 -0.971505 -1.864928 -1.864928 0.269972 0.276118 3.218632 1.041130
-0.955752 -0.955752 -2.278649 -2.278649 0.270013 0.276350 3.218548 1.041165
-0.971360 -0.971360 -1.247632 -1.247632 0.262584 0.262622 3.202149 1.030959
-0.957171 -0.957171 -1.317599 -1.317599 0.265715 0.265195 3.212015 1.039903
-0.967453 -0.967453 -2.106999 -2.106999 0.267136 0.272933 3.218880 1.038126
-0.953695 -0.953695 -1.165475 -1.165475 0.269402 0.267861 3.218880 1.040367
-0.966536 -0.966536 -1.163010 -1.163010 0.272754 0.269776 3.218584 1.031722
-1.024445 -1.024445 -0.984968 -0.984968 0.267370 0.269187 3.208993 1.035261
-1.037643 -1.037643 -0.695103 -0.695103 0.262755 0.266319 3.208807 1.040859
-0.953646 -0.953646 -1.844701 -1.844701 0.269183 0.274686 3.218880 1.040328
-0.985153 -0.985153 -1.073174 -1.073174 0.265996 0.265783 3.209662 1.029067
-0.977435 -0.977435 -1.699933 -1.699933 0.266992 0.268312 3.214147 1.040364
-1.013533 -1.013533 -1.461609 -1.461609 0.268149 0.277667 3.218880 1.046395
-0.992524 -0.992524 -0.970123 -0.970123 0.266878 0.267558 3.217141 1.042498
-0.965938 -0.965938 -1.562210 -1.562210 0.264101 0.268420 3.211667 1.034996
-1.028970 -1.028970 -1.900413 -1.900413 0.262884 0.273179 3.211540 1.038831
-0.974489 -0.974489 -1.603904 -1.603904 0.263634 0.268907 3.199552 1.035120
-0.995015 -0.995015 -0.959587 -0.959587 0.266948 0.265381 3.203195 1.037620
-1.055084 -1.055084 -1.133615 -1.133615 0.265757 0.274954 3.200580 1.048316
-0.963906 -0.963906 -1.788788 -1.788788 0.273260 0.277492 3.218880 1.037310
-0.967099 -0.967099 -1.863712 -1.863712 0.267249 0.278796 3.207824 1.043390
-1.009005 -1.009005 -1.190618 -1.190618 0.265341 0.270933 3.194310 1.034854
-0.986355 -0.986355 -1.216342 -1.216342 0.267654 0.273871 3.213856 1.044173
-1.018703 -1.018703 -0.837273 -0.837273 0.263057 0.264037 3.217381 1.037741
-0.969529 -0.969529 -1.413316 -1.413316 0.271413 0.269709 3.218880 1.034104
-0.965391 -0.965391 -1.325283 -1.325283 0.271752 0.268999 3.218880 1.032606
-0.943580 -0.943580 -1.178311 -1.178311 0.269935 0.266472 3.208205 1.033198
-1.016276 -1.016276 -1.188739 -1.188739 0.257632 0.268136 3.218880 1.046525
-0.996420 -0.996420 -1.568528 -1.568528 0.262903 0.272485 3.210791 1.043189
-0.948716 -0.948716 -1.641833 -1.641833 0.266654 0.269621 3.218759 1.042263
-0.991758 -0.991758 -1.297424 -1.297424 0.263125 0.267969 3.209944 1.042807
-1.000401 -1.000401 -1.764538 -1.764538 0.261158 0.273876 3.217705 1.049105
-0.963947 -0.963947 -1.533144 -1.533144 0.270442 0.275601 3.218880 1.050307
-0.987135 -0.987135 -1.349906 -1.349906 0.268767 0.272766 3.218103 1.040527
-1.027831 -1.027831 -1.649525 -1.649525 0.261869 0.271367 3.218880 1.041644
-1.008816 -1.008816 -1.207926 -1.207926 0.268248 0.272821 3.218798 1.040847
-1.008013 -1.008013 -1.197278 -1.197278 0.265877 0.276049 3.211667 1.053061
-1.011306 -1.011306 -0.844031 -0.844031 0.261711 0.260579 3.218880 1.040622
-1.015191 -1.015191 -1.446761 -1.446761 0.263082 0.270761 3.213103 1.040664
-0.988637 -0.988637 -1.035571 -1.035571 0.269192 0.268633 3.218880 1.034146
-0.933903 -0.933903 -1.659448 -1.659448 0.269304 0.269668 3.218880 1.040014
-1.004048 -1.004048 -1.242037 -1.242037 0.265551 0.273188 3.217513 1.045645
-1.001019 -1.001019 -1.387845 -1.387845 0.262585 0.271837 3.207177 1.047242
-1.000737 -1.000737 -1.290556 -1.290556 0.267691 0.276782 3.218880 1.046519
-0.969876 -0.969876 -1.387491 -1.387491 0.267197 0.269857 3.213591 1.042530
-0.959012 -0.959012 -1.750468 -1.750468 0.268220 0.269524 3.201943 1.028784
-1.010887 -1.010887 -2.309561 -2.309561 0.260598 0.274663 3.209243 1.041924
-0.999402 -0.999402 -0.766452 -0.766452 0.270228 0.269985 3.213950 1.040409
-1.005702 -1.005702 -1.531408 -1.531408 0.269197 0.270712 3.189183 1.019011
-1.032297 -1.032297 -1.534857 -1.534857 0.263253 0.273983 3.218713 1.041135
-0.964104 -0.964104 -2.666976 -2.666976 0.263586 0.274588 3.203226 1.043189
-1.049434 -1.049434 -0.959647 -0.959647 0.262134 0.268658 3.218880 1.041261
-1.025216 -1.025216 -2.836482 -2.836482 0.262681 0.279430 3.213593 1.045491
-1.010381 -1.010381 -1.317017 -1.317017 0.268869 0.270142 3.218396 1.036257
-0.968109 -0.968109 -2.294605 -2.294605 0.266027 0.277327 3.217763 1.040649
-1.023928 -1.023928 -1.621293 -1.621293 0.265660 0.274030 3.218880 1.039546
-1.031409 -1.031409 -1.426904 -1.426904 0.262865 0.275832 3.217983 1.041564
-1.052979 -1.052979 -1.240914 -1.240914 0.262081 0.269276 3.198036 1.036400
-0.929945 -0.929945 -1.011564 -1.011564 0.274836 0.267538 3.218880 1.030961
-1.006419 -1.006419 -1.031023 -1.031023 0.265694 0.268288 3.217295 1.042310
