-1.015532 -1.015532 -1.571949 -1.571949 0.267550 0.280806 3.218880 1.050518
-0.922404 -0.922404 -2.078099 -2.078099 0.268832 0.271063 3.218880 1.035854
-0.986142 -0.986142 -1.409514 -1.409514 0.270078 0.271254 3.217612 1.034280
-0.971817 -0.971817 -1.288458 -1.288458 0.269839 0.270280 3.212716 1.040432
-0.988002 -0.988002 -1.308785 -1.308785 0.267839 0.271370 3.218880 1.042671
-1.050562 -1.050562 -1.552474 -1.552474 0.254016 0.269039 3.202323 1.045561
-1.030765 -1.030765 -1.595163 -1.595163 0.265599 0.276787 3.207922 1.043938
-0.999748 -0.999748 -1.037355 -1.037355 0.276203 0.272119 3.215555 1.027448
-1.044468 -1.044468 -1.265307 -1.265307 0.265623 0.274002 3.218880 1.043226
-0.938870 -0.938870 -1.503684 -1.503684 0.275402 0.271694 3.195394 1.027226
-0.946109 -0.946109 -1.346312 -1.346312 0.279519 0.272178 3.218880 1.031030
-0.950097 -0.950097 -1.735241 -1.735241 0.272767 0.272543 3.218880 1.032602
-1.032950 -1.032950 -1.893076 -1.893076 0.260244 0.274621 3.218880 1.046659
-1.069879 -1.069879 -0.878658 -0.878658 0.266093 0.270759 3.218880 1.040856
-1.069205 -1.069205 -1.740430 -1.740430 0.256555 0.271117 3.218592 1.046597
-1.066156 -1.066156 -1.213952 -1.213952 0.264769 0.273195 3.218880 1.040956
-0.948640 -0.948640 -1.149413 -1.149413 0.271728 0.269011 3.215560 1.037828
-0.955622 -0.955622 -1.431177 -1.431177 0.271794 0.274700 3.218880 1.043373
-0.947044 -0.947044 -1.338228 -1.338228 0.267178 0.264934 3.218506 1.032693
-0.976288 -0.976288 -1.102467 -1.102467 0.272303 0.273344 3.204754 1.036710
-0.998883 -0.998883 -1.409499 -1.409499 0.267247 0.273368 3.207680 1.035949
-1.017309 -1.017309 -1.855295 -1.855295 0.256224 0.272736 3.206487 1.039187
-1.008532 -1.008532 -1.805090 -1.805090 0.261103 0.267343 3.209572 1.033506
-1.065310 -1.065310 -1.339549 -1.339549 0.256597 0.273083 3.190470 1.046267
-1.012633 -1.012633 -0.999972 -0.999972 0.264152 0.268076 3.218880 1.040320
-0.985171 -0.985171 -2.177528 -2.177528 0.264513 0.275059 3.218880 1.036983
-1.009679 -1.009679 -1.362570 -1.362570 0.264363 0.270791 3.218880 1.040987
-0.999020 -0.999020 -1.493470 -1.493470 0.262563 0.269853 3.218880 1.039027
-0.990754 -0.990754 -1.017885 -1.017885 0.268039 0.271205 3.218880 1.040218
-0.958916 -0.958916 -1.286086 -1.286086 0.268497 0.268778 3.193625 1.032096
-0.954207 -0.954207 -1.783309 -1.783309 0.269357 0.268183 3.218880 1.033013
-0.991035 -0.991035 -1.200660 -1.200660 0.269501 0.271174 3.202748 1.035238
-0.983563 -0.983563 -1.107113 -1.107113 0.267774 0.270629 3.174469 1.029755
-0.944169 -0.944169 -1.537359 -1.537359 0.272312 0.271599 3.218880 1.038626
-0.966071 -0.966071 -1.765922 -1.765922 0.265685 0.269910 3.218880 1.044410
-0.967469 -0.967469 -1.202036 -1.202036 0.264459 0.264861 3.218538 1.033389
-1.001414 -1.001414 -1.032393 -1.032393 0.266551 0.267746 3.215425 1.036820
-1.034108 -1.034108 -0.914644 -0.914644 0.258356 0.263508 3.218238 1.044931
-1.041137 -1.041137 -2.782440 -2.782440 0.261364 0.280314 3.218880 1.047888
-0.928005 -0.928005 -1.836239 -1.836239 0.265849 0.267883 3.218880 1.038548
-0.986569 -0.986569 -0.789208 -0.789208 0.263947 0.264130 3.193734 1.039182
-1.068839 -1.068839 -1.132504 -1.132504 0.258046 0.272900 3.191889 1.042757
-1.055121 -1.055121 -0.987705 -0.987705 0.265633 0.271152 3.213013 1.039671
-1.015323 -1.015323 -1.405559 -1.405559 0.264063 0.275722 3.218758 1.052287
-1.004954 -1.004954 -1.455751 -1.455751 0.262659 0.268742 3.218880 1.043549
-0.994455 -0.994455 -1.187774 -1.187774 0.263209 0.269836 3.218423 1.045281
-0.982224 -0.982224 -2.184284 -2.184284 0.270976 0.278085 3.218880 1.044974
-1.058123 -1.058123 -1.162261 -1.162261 0.262630 0.274319 3.199081 1.048275
-0.966188 -0.966188 -1.173909 -1.173909 0.264907 0.264894 3.196402 1.032120
-0.923181 -0.923181 -1.303707 -1.303707 0.265940 0.261518 3.218880 1.032293
-0.972101 -0.972101 -0.857255 -0.857255 0.269553 0.263643 3.192595 1.033640
-0.860965 -0.860965 -2.150868 -2.150868 0.275392 0.272284 3.218880 1.034389
-0.969617 -0.969617 -2.102624 -2.102624 0.270143 0.278585 3.218880 1.041136
-0.978590 -0.978590 -0.880042 -0.880042 0.270300 0.268811 3.210901 1.036922
-0.951967 -0.951967 -1.214409 -1.214409 0.268247 0.266256 3.212581 1.035313
-0.958416 -0.958416 -1.623495 -1.623495 0.262953 0.267743 3.218880 1.045683
-0.911963 -0.911963 -1.130833 -1.130833 0.270418 0.259760 3.218880 1.034393
-0.995453 -0.995453 -1.519995 -1.519995 0.270400 0.274471 3.218134 1.036020
-0.972168 -0.972168 -1.807187 -1.807187 0.264100 0.268949 3.212312 1.039489
-0.970806 -0.970806 -2.078664 -2.078664 0.266296 0.275432 3.205313 1.041864
-0.959279 -0.959279 -1.533527 -1.533527 0.270448 0.272764 3.216554 1.044433
-1.001898 -1.001898 -1.812802 -1.812802 0.266688 0.273834 3.198602 1.037588
-1.002155 -1.002155 -1.328161 -1.328161 0.263396 0.270533 3.218880 1.051212
-0.976206 -0.976206 -1.279506 -1.279506 0.267639 0.272953 3.190346 1.040774
-0.983461 -0.983461 -1.238748 -1.238748 0.264844 0.268373 3.218880 1.039032
-0.950204 -0.950204 -1.328294 -1.328294 0.269125 0.268703 3.218880 1.033699
-0.930868 -0.930868 -1.046587 -1.046587 0.274417 0.265281 3.218880 1.036962
-0.972085 -0.972085 -1.339467 -1.339467 0.270372 0.270352 3.218880 1.035695
-0.906335 -0.906335 -1.424769 -1.424769 0.275414 0.268859 3.218880 1.031743
-0.967061 -0.967061 -1.438463 -1.438463 0.271741 0.273103 3.190029 1.035117
-0.937962 -0.937962 -2.107393 -2.107393 0.271268 0.274626 3.218880 1.039086
-0.938671 -0.938671 -1.933491 -1.933491 0.270443 0.272514 3.218659 1.032305
-0.994163 -0.994163 -1.760179 -1.760179 0.271808 0.276539 3.208535 1.039180
-1.084310 -1.084310 -0.960337 -0.960337 0.259307 0.273341 3.192714 1.047847
-1.048647 -1.048647 -0.709749 -0.709749 0.260945 0.265365 3.208496 1.042551
-0.985058 -0.985058 -1.267506 -1.267506 0.261303 0.264960 3.217761 1.041708
-0.908248 -0.908248 -1.996973 -1.996973 0.274853 0.273673 3.218880 1.036220
-0.933639 -0.933639 -1.866053 -1.866053 0.269135 0.270922 3.216362 1.039658
-0.924382 -0.924382 -1.621360 -1.621360 0.272003 0.268414 3.218401 1.035092
-0.981822 -0.981822 -1.653907 -1.653907 0.270636 0.277033 3.208641 1.041645
-0.977051 -0.977051 -1.042693 -1.042693 0.268309 0.268569 3.211347 1.037546
-0.945085 -0.945085 -1.654951 -1.654951 0.266586 0.266866 3.218870 1.039433
-0.967950 -0.967950 -2.101281 -2.101281 0.272465 0.279539 3.206282 1.039084
-0.948828 -0.948828 -1.853047 -1.853047 0.275692 0.272996 3.200377 1.026410
-0.933837 -0.933837 -1.584367 -1.584367 0.274263 0.270490 3.218187 1.035845
-0.929090 -0.929090 -1.999272 -1.999272 0.275281 0.275162 3.218880 1.035644
-0.957900 -0.957900 -2.772077 -2.772077 0.267421 0.272353 3.195713 1.031615
-0.966692 -0.966692 -1.365687 -1.365687 0.270516 0.269417 3.218880 1.035314
-1.006108 -1.006108 -0.923526 -0.923526 0.271061 0.270253 3.210093 1.035150
-0.941630 -0.941630 -1.334274 -1.334274 0.266453 0.265972 3.218880 1.035783
-1.006065 -1.006065 -1.215550 -1.215550 0.262773 0.268741 3.200009 1.038996
-1.006065 -1.006065 -1.215550 -1.215550 0.263933 0.270387 3.218880 1.046653
-0.987910 -0.987910 -1.285383 -1.285383 0.265567 0.271034 3.218880 1.037183
-0.881420 -0.881420 -1.285262 -1.285262 0.272504 0.258676 3.218880 1.023766
-0.873691 -0.873691 -1.214196 -1.214196 0.274259 0.264318 3.207819 1.035438
-0.879189 -0.879189 -2.726673 -2.726673 0.273145 0.273572 3.218880 1.038819
-0.965905 -0.965905 -1.656005 -1.656005 0.266170 0.268988 3.216397 1.040238
-0.898510 -0.898510 -1.799502 -1.799502 0.272771 0.265554 3.218880 1.030483
-0.979694 -0.979694 -1.151924 -1.151924 0.264809 0.263202 3.218880 1.035310
-0.981422 -0.981422 -1.098873 -1.098873 0.268286 0.265848 3.218880 1.036889
-1.012559 -1.012559 -1.506174 -1.506174 0.268035 0.273927 3.218880 1.043953
-1.047175 -1.047175 -1.061718 -1.061718 0.264313 0.274859 3.218120 1.046591
-0.959178 -0.959178 -1.321052 -1.321052 0.267314 0.270948 3.209733 1.038350
-0.992582 -0.992582 -1.064202 -1.064202 0.270931 0.271952 3.195027 1.036020
-0.981380 -0.981380 -2.384956 -2.384956 0.269378 0.277405 3.218880 1.040035
-0.981499 -0.981499 -1.332757 -1.332757 0.267953 0.271165 3.218328 1.041287
-0.997816 -0.997816 -1.060339 -1.060339 0.265331 0.269211 3.210678 1.042960
-0.953069 -0.953069 -2.465726 -2.465726 0.260930 0.270849 3.218832 1.049910
-0.971629 -0.971629 -2.495846 -2.495846 0.266781 0.271095 3.218759 1.035529
-0.942238 -0.942238 -1.294364 -1.294364 0.270030 0.269207 3.213541 1.037943
-0.984494 -0.984494 -1.241139 -1.241139 0.268653 0.269957 3.211333 1.038326
-0.992540 -0.992540 -1.322808 -1.322808 0.268418 0.271548 3.192645 1.037361
-0.994748 -0.994748 -1.225300 -1.225300 0.262042 0.264285 3.214493 1.037897
-1.021252 -1.021252 -1.037356 -1.037356 0.266113 0.278578 3.192866 1.051283
-1.014405 -1.014405 -1.176734 -1.176734 0.262832 0.269049 3.175107 1.037623
-0.990743 -0.990743 -1.653368 -1.653368 0.267339 0.278470 3.195568 1.041978
-0.948468 -0.948468 -2.031279 -2.031279 0.267369 0.270081 3.218880 1.033075
-0.937287 -0.937287 -1.858691 -1.858691 0.265202 0.267392 3.206874 1.029537
-0.920686 -0.920686 -1.907578 -1.907578 0.272071 0.272171 3.218880 1.037272
-1.015375 -1.015375 -1.121206 -1.121206 0.262951 0.267114 3.218880 1.038715
-0.931884 -0.931884 -1.481855 -1.481855 0.267021 0.265077 3.218880 1.037750
-0.987959 -0.987959 -1.241191 -1.241191 0.271878 0.275496 3.184147 1.038028
-0.978162 -0.978162 -1.300932 -1.300932 0.271365 0.273854 3.218880 1.041627
-0.971015 -0.971015 -1.269463 -1.269463 0.269090 0.268095 3.218880 1.031318
-1.022081 -1.022081 -1.422507 -1.422507 0.263225 0.274526 3.217903 1.043095
-0.978679 -0.978679 -1.226114 -1.226114 0.267491 0.268115 3.218880 1.038065
-1.034189 -1.034189 -0.879122 -0.879122 0.262611 0.265133 3.218880 1.037273
-1.070441 -1.070441 -1.112887 -1.112887 0.260707 0.275761 3.218880 1.047979
-1.029731 -1.029731 -0.705339 -0.705339 0.266188 0.267733 3.212612 1.044197
-1.086260 -1.086260 -1.009322 -1.009322 0.262826 0.282676 3.205938 1.053108
-1.028058 -1.028058 -1.130569 -1.130569 0.266634 0.270791 3.210625 1.042025
-1.046954 -1.046954 -0.992861 -0.992861 0.264644 0.270340 3.188584 1.038308
