-0.989845 -0.989845 -0.951395 -0.951395 0.262516 0.264868 3.211337 1.044217
-0.941647 -0.941647 -3.483307 -3.483307 0.267100 0.274953 3.217912 1.041078
-0.905132 -0.905132 -1.542620 -1.542620 0.277589 0.270860 3.198350 1.025695
-0.901664 -0.901664 -1.371240 -1.371240 0.274543 0.264338 3.218880 1.031951
-0.913380 -0.913380 -1.782504 -1.782504 0.273656 0.270638 3.205624 1.036456
-1.024914 -1.024914 -1.436660 -1.436660 0.255286 0.270916 3.214898 1.053185
-1.012914 -1.012914 -1.440674 -1.440674 0.263071 0.274028 3.218880 1.046102
-1.016214 -1.016214 -0.848151 -0.848151 0.270298 0.269503 3.215432 1.035409
-1.022501 -1.022501 -1.441204 -1.441204 0.261621 0.270042 3.218603 1.043434
-1.034693 -1.034693 -0.908072 -0.908072 0.265813 0.270668 3.213615 1.044685
-0.926205 -0.926205 -2.946415 -2.946415 0.271528 0.275306 3.208633 1.033127
-0.921777 -0.921777 -3.053956 -3.053956 0.273676 0.277758 3.218880 1.038707
-0.934793 -0.934793 -2.210199 -2.210199 0.267120 0.267750 3.166334 1.023156
-0.976514 -0.976514 -2.439999 -2.439999 0.265031 0.270017 3.218704 1.034313
-0.943897 -0.943897 -1.639237 -1.639237 0.269370 0.274124 3.218880 1.043874
-0.999485 -0.999485 -1.500050 -1.500050 0.258039 0.269038 3.215240 1.044550
-0.967031 -0.967031 -2.123709 -2.123709 0.266491 0.273027 3.218880 1.043017
-0.951638 -0.951638 -1.147525 -1.147525 0.268960 0.266266 3.211469 1.033172
-0.946940 -0.946940 -1.671695 -1.671695 0.268708 0.273903 3.218880 1.045971
-0.959409 -0.959409 -1.438674 -1.438674 0.266318 0.267831 3.217049 1.037976
-0.978544 -0.978544 -1.158269 -1.158269 0.265816 0.267091 3.218880 1.043154
-0.968279 -0.968279 -1.597281 -1.597281 0.265871 0.271312 3.201603 1.037755
-0.996781 -0.996781 -1.114241 -1.114241 0.268647 0.270277 3.198728 1.039424
-1.055843 -1.055843 -1.228431 -1.228431 0.260218 0.277719 3.218880 1.052990
-0.973631 -0.973631 -1.452412 -1.452412 0.265901 0.267933 3.218352 1.039196
-0.998614 -0.998614 -1.691829 -1.691829 0.260048 0.269657 3.211432 1.044855
-0.966797 -0.966797 -1.831906 -1.831906 0.267418 0.278580 3.206348 1.041340
-1.012657 -1.012657 -1.002395 -1.002395 0.263418 0.267002 3.218880 1.038880
-0.951058 -0.951058 -2.340909 -2.340909 0.270128 0.274038 3.218880 1.037893
-0.967765 -0.967765 -2.086609 -2.086609 0.265693 0.273051 3.218880 1.046802
-1.097717 -1.097717 -0.816924 -0.816924 0.267585 0.276348 3.196378 1.044431
-0.951239 -0.951239 -1.086778 -1.086778 0.264250 0.264663 3.194741 1.038050
-1.001214 -1.001214 -1.084707 -1.084707 0.263349 0.265200 3.200724 1.036368
-0.929665 -0.929665 -1.074441 -1.074441 0.281499 0.268535 3.217141 1.023816
-0.971126 -0.971126 -1.425446 -1.425446 0.262796 0.266323 3.217826 1.040217
-0.955077 -0.955077 -1.444423 -1.444423 0.269404 0.272455 3.218880 1.036428
-0.935795 -0.935795 -2.578637 -2.578637 0.273089 0.279227 3.218880 1.039460
-1.000892 -1.000892 -0.988058 -0.988058 0.264527 0.270381 3.218880 1.047505
-0.958708 -0.958708 -2.150139 -2.150139 0.262177 0.268353 3.218880 1.037242
-1.052538 -1.052538 -1.467857 -1.467857 0.257468 0.272253 3.203465 1.044685
-0.976467 -0.976467 -1.072508 -1.072508 0.266226 0.264299 3.205318 1.032618
-0.932826 -0.932826 -2.159390 -2.159390 0.272533 0.275486 3.204628 1.028760
-0.952568 -0.952568 -1.879074 -1.879074 0.266040 0.273255 3.218880 1.041561
-0.957532 -0.957532 -2.138283 -2.138283 0.270564 0.274154 3.216642 1.035916
-0.896142 -0.896142 -2.200305 -2.200305 0.279058 0.279681 3.218880 1.039814
-0.974226 -0.974226 -1.009658 -1.009658 0.271580 0.272706 3.214008 1.038040
-0.964101 -0.964101 -1.290837 -1.290837 0.265728 0.268387 3.218880 1.039131
-0.880600 -0.880600 -1.985218 -1.985218 0.272065 0.268905 3.218880 1.035965
-0.984155 -0.984155 -2.039529 -2.039529 0.267623 0.276808 3.205550 1.041062
-1.053166 -1.053166 -1.260941 -1.260941 0.262571 0.271510 3.218880 1.046661
-0.940107 -0.940107 -3.288006 -3.288006 0.268368 0.275717 3.218880 1.039342
-1.002059 -1.002059 -1.525349 -1.525349 0.266096 0.273443 3.218880 1.044395
-1.028371 -1.028371 -0.689464 -0.689464 0.261685 0.268319 3.192828 1.042878
-1.001395 -1.001395 -1.043050 -1.043050 0.263473 0.268842 3.216721 1.042219
-1.032397 -1.032397 -0.931674 -0.931674 0.259136 0.267009 3.207991 1.045946
-0.975587 -0.975587 -2.291771 -2.291771 0.259200 0.272195 3.203797 1.041150
-0.932107 -0.932107 -1.418255 -1.418255 0.269593 0.270062 3.215302 1.034789
-1.038660 -1.038660 -1.473851 -1.473851 0.264760 0.275377 3.218880 1.042004
-1.032318 -1.032318 -1.200747 -1.200747 0.261438 0.270212 3.214615 1.041660
-1.030377 -1.030377 -2.123629 -2.123629 0.260862 0.272761 3.218880 1.041083
-1.010515 -1.010515 -1.746747 -1.746747 0.262863 0.277271 3.218880 1.048096
-0.971738 -0.971738 -1.520953 -1.520953 0.273608 0.276649 3.201948 1.038797
-0.965912 -0.965912 -1.012792 -1.012792 0.267364 0.263730 3.215032 1.038111
-1.013882 -1.013882 -0.988746 -0.988746 0.268026 0.268535 3.218880 1.037042
-1.023084 -1.023084 -1.499931 -1.499931 0.262101 0.275682 3.218880 1.046343
-1.025189 -1.025189 -1.581876 -1.581876 0.262283 0.274713 3.207499 1.039251
-0.938804 -0.938804 -1.129787 -1.129787 0.271188 0.269925 3.218880 1.045076
-0.957887 -0.957887 -1.887287 -1.887287 0.265314 0.267693 3.218496 1.030533
-0.992588 -0.992588 -1.695078 -1.695078 0.270040 0.279410 3.207619 1.039616
-0.966996 -0.966996 -1.388025 -1.388025 0.267325 0.269704 3.202699 1.038964
-0.995800 -0.995800 -1.050284 -1.050284 0.268225 0.269277 3.210058 1.037841
-0.997096 -0.997096 -2.282629 -2.282629 0.265015 0.279893 3.218436 1.047409
-0.937184 -0.937184 -1.934106 -1.934106 0.265264 0.268377 3.203055 1.039118
-0.965983 -0.965983 -2.502308 -2.502308 0.264466 0.271874 3.194815 1.032341
-0.961858 -0.961858 -1.139102 -1.139102 0.271215 0.265268 3.218725 1.031769
-0.986292 -0.986292 -1.390186 -1.390186 0.265546 0.271758 3.209504 1.040873
-0.997750 -0.997750 -1.047032 -1.047032 0.266256 0.267155 3.218880 1.041910
-0.999781 -0.999781 -1.059049 -1.059049 0.269995 0.272005 3.211411 1.042546
-1.004336 -1.004336 -0.976680 -0.976680 0.270627 0.269986 3.218508 1.034722
-0.964755 -0.964755 -1.808640 -1.808640 0.264721 0.269888 3.154706 1.031644
-1.028147 -1.028147 -1.101640 -1.101640 0.261498 0.268445 3.215579 1.039876
-0.974374 -0.974374 -2.207050 -2.207050 0.263919 0.275952 3.218880 1.044908
-0.923164 -0.923164 -1.235332 -1.235332 0.269946 0.261717 3.218880 1.033105
-0.948205 -0.948205 -1.895797 -1.895797 0.270452 0.275808 3.218784 1.038421
-0.998186 -0.998186 -1.441210 -1.441210 0.264057 0.268563 3.190018 1.031241
-0.984895 -0.984895 -1.607908 -1.607908 0.266713 0.274166 3.192710 1.042164
-0.995362 -0.995362 -1.361267 -1.361267 0.266810 0.272499 3.207297 1.042565
-1.038889 -1.038889 -1.453854 -1.453854 0.265591 0.273479 3.208015 1.037214
-0.978900 -0.978900 -1.585683 -1.585683 0.264084 0.268451 3.217252 1.040076
-1.000635 -1.000635 -1.538783 -1.538783 0.260531 0.268718 3.201912 1.037140
-1.014259 -1.014259 -1.149284 -1.149284 0.266963 0.270674 3.218880 1.039288
-0.941739 -0.941739 -1.169790 -1.169790 0.264798 0.259495 3.218880 1.036334
-1.050515 -1.050515 -1.218821 -1.218821 0.260449 0.277210 3.186750 1.044607
-0.968553 -0.968553 -1.443090 -1.443090 0.267081 0.267791 3.218880 1.036630
-1.015493 -1.015493 -1.199451 -1.199451 0.259350 0.264686 3.206263 1.036950
-1.013518 -1.013518 -1.197340 -1.197340 0.260564 0.268282 3.197161 1.042010
-0.991029 -0.991029 -1.601779 -1.601779 0.263587 0.271114 3.218880 1.040052
-1.007597 -1.007597 -1.451114 -1.451114 0.261331 0.269813 3.218880 1.048690
-0.904390 -0.904390 -1.669046 -1.669046 0.269683 0.264110 3.208499 1.028568
-0.892466 -0.892466 -2.634388 -2.634388 0.273280 0.274002 3.218880 1.035780
-0.935846 -0.935846 -2.486657 -2.486657 0.272112 0.278889 3.218880 1.036379
-0.979940 -0.979940 -0.931188 -0.931188 0.268154 0.266200 3.218880 1.044416
-0.930772 -0.930772 -1.389599 -1.389599 0.271604 0.265077 3.203925 1.022281
-0.960646 -0.960646 -2.114087 -2.114087 0.268101 0.275599 3.218880 1.043537
-1.011621 -1.011621 -0.792715 -0.792715 0.271650 0.270761 3.217012 1.040978
-0.968746 -0.968746 -2.069737 -2.069737 0.267473 0.272826 3.218745 1.035664
-0.986782 -0.986782 -1.462629 -1.462629 0.257100 0.268061 3.210532 1.048840
-0.991472 -0.991472 -1.170261 -1.170261 0.264644 0.267154 3.207110 1.038906
-0.998036 -0.998036 -1.215234 -1.215234 0.263444 0.268434 3.218880 1.041030
-0.922582 -0.922582 -3.696600 -3.696600 0.272407 0.280113 3.218880 1.043331
-0.988558 -0.988558 -1.347848 -1.347848 0.262453 0.269971 3.218880 1.041753
-0.912258 -0.912258 -1.176182 -1.176182 0.274436 0.264729 3.218880 1.030179
-0.993447 -0.993447 -1.080105 -1.080105 0.265792 0.267796 3.205672 1.041568
-0.938863 -0.938863 -1.585428 -1.585428 0.269408 0.268740 3.211053 1.042716
-0.873527 -0.873527 -2.384501 -2.384501 0.276979 0.274917 3.216081 1.037846
-0.933574 -0.933574 -2.666557 -2.666557 0.266253 0.269944 3.209075 1.038493
-0.985716 -0.985716 -1.920160 -1.920160 0.264056 0.272290 3.196128 1.034461
-0.961887 -0.961887 -1.719864 -1.719864 0.269200 0.273095 3.218880 1.040405
-0.948000 -0.948000 -1.528246 -1.528246 0.273105 0.270942 3.218880 1.035667
-0.981367 -0.981367 -1.709038 -1.709038 0.267834 0.276204 3.215667 1.039938
-1.011357 -1.011357 -0.879253 -0.879253 0.266908 0.268252 3.193350 1.032503
-0.993215 -0.993215 -1.096136 -1.096136 0.267315 0.269220 3.218880 1.040981
-0.954865 -0.954865 -1.504360 -1.504360 0.271511 0.269357 3.212301 1.034571
-1.009678 -1.009678 -2.783126 -2.783126 0.262449 0.276824 3.215952 1.046552
-1.013537 -1.013537 -2.925366 -2.925366 0.261900 0.282238 3.214240 1.050504
-1.106818 -1.106818 -1.642652 -1.642652 0.255691 0.275175 3.218880 1.053363
-1.015670 -1.015670 -1.120123 -1.120123 0.268767 0.275951 3.218880 1.045527
-0.991652 -0.991652 -1.220830 -1.220830 0.263482 0.266566 3.213568 1.037122
-1.010504 -1.010504 -1.154310 -1.154310 0.265830 0.270527 3.215098 1.034305
-1.031979 -1.031979 -1.052190 -1.052190 0.261068 0.268129 3.218830 1.044148
-1.054081 -1.054081 -1.142362 -1.142362 0.263459 0.273444 3.217130 1.048072
-0.958543 -0.958543 -3.619920 -3.619920 0.269760 0.275379 3.218880 1.037147
