-0.959941 -0.959941 -2.223908 -2.223908 0.267169 0.274056 3.218880 1.041233
-0.993219 -0.993219 -1.375837 -1.375837 0.262773 0.265414 3.218880 1.036031
-1.022466 -1.022466 -1.163272 -1.163272 0.263114 0.268744 3.191886 1.038663
-1.046697 -1.046697 -1.196111 -1.196111 0.264738 0.274352 3.178331 1.032191
-1.084348 -1.084348 -1.046901 -1.046901 0.258254 0.269975 3.203145 1.040210
-0.977665 -0.977665 -2.047996 -2.047996 0.265811 0.275603 3.192123 1.045028
-0.962051 -0.962051 -1.999458 -1.999458 0.264468 0.271864 3.218880 1.041214
-0.971133 -0.971133 -0.926839 -0.926839 0.273005 0.269850 3.191605 1.034154
-0.945490 -0.945490 -1.296414 -1.296414 0.263081 0.262372 3.218880 1.039758
-0.982889 -0.982889 -1.016735 -1.016735 0.268681 0.266992 3.218880 1.037741
-0.959572 -0.959572 -1.890889 -1.890889 0.267816 0.271610 3.218880 1.036363
-1.058417 -1.058417 -0.973266 -0.973266 0.263076 0.276840 3.186049 1.041202
-0.986819 -0.986819 -1.623684 -1.623684 0.263337 0.270080 3.218880 1.036157
-1.003865 -1.003865 -1.494378 -1.494378 0.265700 0.279670 3.218787 1.046390
-1.007765 -1.007765 -1.169148 -1.169148 0.263420 0.267211 3.213751 1.038773
-0.985543 -0.985543 -1.468433 -1.468433 0.267066 0.270825 3.218173 1.036631
-0.941646 -0.941646 -1.218150 -1.218150 0.270969 0.266667 3.218880 1.035201
-0.944151 -0.944151 -1.965893 -1.965893 0.265204 0.270129 3.218880 1.040906
-0.942609 -0.942609 -1.410684 -1.410684 0.269817 0.270981 3.218880 1.037456
-0.941633 -0.941633 -1.711026 -1.711026 0.272646 0.274526 3.218880 1.038400
-0.948214 -0.948214 -1.105878 -1.105878 0.277161 0.273421 3.218880 1.035880
-0.976502 -0.976502 -1.078512 -1.078512 0.269073 0.267962 3.192373 1.036168
-0.978168 -0.978168 -1.180703 -1.180703 0.263747 0.264607 3.214178 1.036992
-0.978168 -0.978168 -1.180703 -1.180703 0.266049 0.266808 3.203617 1.039243
-0.983224 -0.983224 -1.155886 -1.155886 0.258241 0.264396 3.210106 1.042524
-0.984111 -0.984111 -1.953177 -1.953177 0.267231 0.277319 3.218880 1.045060
-1.038377 -1.038377 -0.795933 -0.795933 0.267225 0.270353 3.218880 1.040177
-0.945050 -0.945050 -0.986079 -0.986079 0.270394 0.264471 3.212873 1.033726
-1.000941 -1.000941 -1.420586 -1.420586 0.261194 0.268046 3.212076 1.038145
-0.901707 -0.901707 -1.815025 -1.815025 0.270243 0.266671 3.218880 1.035821
-0.940702 -0.940702 -1.060061 -1.060061 0.271501 0.264131 3.218880 1.032459
-0.971248 -0.971248 -1.374855 -1.374855 0.268384 0.271412 3.218880 1.043042
-0.944911 -0.944911 -2.654829 -2.654829 0.275174 0.278584 3.205707 1.031405
-0.956024 -0.956024 -0.809414 -0.809414 0.274424 0.265421 3.213142 1.035379
-0.982886 -0.982886 -0.915069 -0.915069 0.264815 0.263303 3.206440 1.039256
-0.960569 -0.960569 -1.277445 -1.277445 0.270005 0.267143 3.211026 1.032699
-1.049558 -1.049558 -0.902975 -0.902975 0.258416 0.265517 3.202705 1.041381
-0.979973 -0.979973 -1.951763 -1.951763 0.260001 0.268655 3.218880 1.037314
-0.999183 -0.999183 -1.020377 -1.020377 0.266558 0.268845 3.218562 1.042442
-1.044918 -1.044918 -0.935848 -0.935848 0.270474 0.280748 3.205942 1.045663
-1.050001 -1.050001 -0.778581 -0.778581 0.268019 0.267500 3.218452 1.035862
-0.982875 -0.982875 -1.469506 -1.469506 0.264808 0.268856 3.218880 1.036878
-0.979771 -0.979771 -1.582956 -1.582956 0.266311 0.274082 3.218880 1.047017
-0.943426 -0.943426 -2.809648 -2.809648 0.271565 0.279719 3.204375 1.046519
-0.990510 -0.990510 -3.035400 -3.035400 0.261318 0.276056 3.214131 1.044205
-1.009515 -1.009515 -2.947778 -2.947778 0.260273 0.276998 3.218880 1.041929
-1.002219 -1.002219 -1.566704 -1.566704 0.269147 0.275906 3.193140 1.037082
-0.994451 -0.994451 -1.175388 -1.175388 0.266548 0.270288 3.218880 1.040562
-0.974438 -0.974438 -1.306350 -1.306350 0.269230 0.267261 3.217929 1.033427
-0.975576 -0.975576 -1.289908 -1.289908 0.264629 0.270683 3.198422 1.041717
-0.904009 -0.904009 -1.634679 -1.634679 0.268823 0.265266 3.218773 1.036789
-1.007555 -1.007555 -1.207913 -1.207913 0.265794 0.271388 3.218880 1.044229
-0.982154 -0.982154 -1.356405 -1.356405 0.267831 0.269883 3.218451 1.035635
-0.981428 -0.981428 -1.372025 -1.372025 0.269245 0.273966 3.218880 1.049555
-0.962557 -0.962557 -1.323404 -1.323404 0.269145 0.268987 3.218880 1.033683
-0.956553 -0.956553 -1.462912 -1.462912 0.271698 0.267455 3.212583 1.033411
-0.976011 -0.976011 -1.249871 -1.249871 0.270936 0.271474 3.217832 1.039691
-0.980122 -0.980122 -1.986446 -1.986446 0.267148 0.273010 3.217867 1.037603
-1.023616 -1.023616 -1.263371 -1.263371 0.264521 0.271347 3.202243 1.036509
-1.003007 -1.003007 -1.421545 -1.421545 0.264094 0.271190 3.218880 1.040707
-0.964357 -0.964357 -1.866700 -1.866700 0.269133 0.277253 3.218880 1.047795
-1.004746 -1.004746 -0.876579 -0.876579 0.266953 0.267037 3.218417 1.037305
-1.033935 -1.033935 -0.850232 -0.850232 0.258200 0.263595 3.216405 1.040203
-1.001780 -1.001780 -0.825759 -0.825759 0.268360 0.270072 3.218880 1.041516
-0.997435 -0.997435 -1.731452 -1.731452 0.263031 0.275662 3.211847 1.049500
-0.967048 -0.967048 -1.205900 -1.205900 0.265573 0.267960 3.218880 1.039338
-0.967958 -0.967958 -1.648289 -1.648289 0.267152 0.266237 3.218880 1.030157
-0.918442 -0.918442 -1.705624 -1.705624 0.276611 0.274316 3.211822 1.032669
-1.005878 -1.005878 -1.204809 -1.204809 0.271504 0.272863 3.202423 1.036514
-1.017526 -1.017526 -1.194414 -1.194414 0.264198 0.270620 3.183360 1.033187
-0.950809 -0.950809 -1.346869 -1.346869 0.268897 0.271572 3.196567 1.032118
-0.955826 -0.955826 -1.751521 -1.751521 0.270867 0.274338 3.178500 1.036385
-0.980777 -0.980777 -1.257131 -1.257131 0.269524 0.271173 3.218880 1.037683
-0.948432 -0.948432 -1.554954 -1.554954 0.264585 0.263251 3.218880 1.028543
-1.071509 -1.071509 -1.356041 -1.356041 0.260128 0.267207 3.218880 1.034670
-0.947423 -0.947423 -1.774142 -1.774142 0.260988 0.266857 3.218880 1.040446
-0.939562 -0.939562 -2.356372 -2.356372 0.263500 0.267558 3.218880 1.038441
-1.047875 -1.047875 -1.622918 -1.622918 0.257849 0.270134 3.211534 1.039395
-0.927392 -0.927392 -1.594894 -1.594894 0.277270 0.271806 3.218880 1.030759
-1.017320 -1.017320 -1.626476 -1.626476 0.261826 0.273696 3.218880 1.039183
-1.076992 -1.076992 -1.313847 -1.313847 0.258476 0.276019 3.178305 1.041908
-1.026944 -1.026944 -0.964597 -0.964597 0.262177 0.267252 3.207620 1.042419
-0.999669 -0.999669 -0.861926 -0.861926 0.269830 0.269962 3.217542 1.040958
-1.049242 -1.049242 -0.934104 -0.934104 0.262059 0.265311 3.204321 1.031771
-1.010299 -1.010299 -1.271061 -1.271061 0.269985 0.278281 3.213686 1.046735
-0.976816 -0.976816 -2.046700 -2.046700 0.265880 0.272945 3.218442 1.042178
-0.980912 -0.980912 -1.058478 -1.058478 0.260794 0.261869 3.217699 1.045304
-0.987357 -0.987357 -1.445404 -1.445404 0.262823 0.268070 3.207886 1.040702
-1.032917 -1.032917 -1.225907 -1.225907 0.262915 0.270050 3.208501 1.042445
-0.985147 -0.985147 -1.627915 -1.627915 0.265708 0.269085 3.218880 1.040573
-0.950175 -0.950175 -2.240406 -2.240406 0.267363 0.269547 3.218605 1.039635
-0.988033 -0.988033 -1.985201 -1.985201 0.265841 0.277464 3.214987 1.049088
-1.011577 -1.011577 -1.557339 -1.557339 0.264782 0.269851 3.218061 1.034511
-0.996163 -0.996163 -1.328383 -1.328383 0.263029 0.268239 3.211573 1.036906
-0.946159 -0.946159 -1.842684 -1.842684 0.268581 0.268924 3.206103 1.031232
-0.941224 -0.941224 -2.055957 -2.055957 0.267351 0.271607 3.198543 1.034956
-0.989361 -0.989361 -1.922751 -1.922751 0.266228 0.276083 3.218880 1.039013
-1.029126 -1.029126 -1.670106 -1.670106 0.258186 0.272965 3.218646 1.048638
-0.961068 -0.961068 -1.577061 -1.577061 0.266905 0.265504 3.218880 1.031675
-0.987108 -0.987108 -1.252258 -1.252258 0.267995 0.269494 3.213502 1.037236
-1.013316 -1.013316 -1.410532 -1.410532 0.268456 0.278196 3.217676 1.046259
-1.002145 -1.002145 -0.846779 -0.846779 0.267872 0.267305 3.218581 1.046700
-1.092161 -1.092161 -0.842737 -0.842737 0.262108 0.276126 3.188484 1.043811
-0.998268 -0.998268 -1.918054 -1.918054 0.267512 0.274326 3.218880 1.042349
-0.987183 -0.987183 -1.052850 -1.052850 0.263707 0.262370 3.218880 1.033906
-0.950760 -0.950760 -2.083256 -2.083256 0.270044 0.271890 3.218880 1.037283
-1.009263 -1.009263 -1.705691 -1.705691 0.264919 0.281413 3.211477 1.049411
-0.999282 -0.999282 -1.322660 -1.322660 0.268391 0.274561 3.218880 1.046773
-1.019068 -1.019068 -1.134728 -1.134728 0.265475 0.267461 3.176576 1.029859
-0.975447 -0.975447 -1.315188 -1.315188 0.268800 0.267869 3.197625 1.031470
-0.950282 -0.950282 -1.526944 -1.526944 0.268114 0.270627 3.218577 1.038154
-0.989179 -0.989179 -1.156482 -1.156482 0.261688 0.265967 3.190405 1.038244
-1.033237 -1.033237 -1.675287 -1.675287 0.257547 0.273409 3.218880 1.052202
-0.923544 -0.923544 -4.143642 -4.143642 0.265282 0.272119 3.197936 1.037328
-0.932331 -0.932331 -4.487688 -4.487688 0.267689 0.276075 3.218776 1.043179
-0.930320 -0.930320 -2.740566 -2.740566 0.268842 0.273576 3.218311 1.032727
-0.943540 -0.943540 -2.236312 -2.236312 0.265550 0.269920 3.218880 1.045577
-1.052628 -1.052628 -1.463551 -1.463551 0.261421 0.275691 3.184120 1.041922
-1.004157 -1.004157 -1.766065 -1.766065 0.263644 0.273246 3.218880 1.046663
-1.013235 -1.013235 -1.910005 -1.910005 0.260146 0.273524 3.218880 1.046959
-0.912045 -0.912045 -2.578919 -2.578919 0.272398 0.272943 3.218880 1.035195
-0.927239 -0.927239 -1.565049 -1.565049 0.274367 0.274087 3.218880 1.032706
-1.030352 -1.030352 -1.368205 -1.368205 0.259794 0.268859 3.217959 1.038982
-0.952352 -0.952352 -1.385261 -1.385261 0.267982 0.266760 3.216346 1.038821
-0.917943 -0.917943 -2.025789 -2.025789 0.276010 0.273838 3.218728 1.028526
-0.938477 -0.938477 -1.677148 -1.677148 0.270218 0.269627 3.218880 1.040305
-0.927515 -0.927515 -1.984312 -1.984312 0.275913 0.277879 3.199160 1.037000
-0.926907 -0.926907 -1.700448 -1.700448 0.278253 0.271740 3.217022 1.026540
-0.935141 -0.935141 -1.306088 -1.306088 0.272074 0.265800 3.218880 1.032587
-0.976991 -0.976991 -1.510700 -1.510700 0.269810 0.274813 3.215444 1.039136
-0.989552 -0.989552 -1.672006 -1.672006 0.267077 0.268420 3.214479 1.036369
-0.962537 -0.962537 -2.044567 -2.044567 0.261022 0.269418 3.218880 1.040320
