-0.953895 -0.953895 -1.225657 -1.225657 0.274205 0.270901 3.218520 1.037813
-0.979338 -0.979338 -1.298695 -1.298695 0.261147 0.264954 3.208233 1.041667
-0.978246 -0.978246 -1.269581 -1.269581 0.266280 0.265837 3.208557 1.038897
-0.939318 -0.939318 -2.132447 -2.132447 0.267684 0.269735 3.218880 1.042554
-0.976197 -0.976197 -2.262842 -2.262842 0.267771 0.275336 3.218797 1.038691
-0.950120 -0.950120 -1.626685 -1.626685 0.269508 0.267370 3.218880 1.036197
-0.970076 -0.970076 -2.177817 -2.177817 0.261485 0.270281 3.218880 1.040854
-0.921414 -0.921414 -1.043682 -1.043682 0.268209 0.258874 3.209107 1.033335
-0.925161 -0.925161 -1.600026 -1.600026 0.271028 0.272076 3.213233 1.044304
-0.912308 -0.912308 -1.665453 -1.665453 0.278357 0.271738 3.212382 1.034032
-1.011312 -1.011312 -2.856610 -2.856610 0.267195 0.281287 3.218880 1.046684
-1.005059 -1.005059 -1.020176 -1.020176 0.265871 0.268577 3.217815 1.044393
-1.059992 -1.059992 -1.167258 -1.167258 0.259318 0.268271 3.201221 1.039042
-0.973089 -0.973089 -1.661865 -1.661865 0.264977 0.270754 3.206465 1.038547
-0.995177 -0.995177 -1.107922 -1.107922 0.269338 0.269485 3.218880 1.034690
-1.023672 -1.023672 -1.564612 -1.564612 0.257573 0.270533 3.195518 1.040223
-0.953040 -0.953040 -2.002908 -2.002908 0.265084 0.271377 3.218443 1.043621
-0.919165 -0.919165 -1.779584 -1.779584 0.268852 0.263608 3.218880 1.031003
-0.955480 -0.955480 -1.996475 -1.996475 0.266926 0.279725 3.218215 1.043111
-0.982352 -0.982352 -0.993512 -0.993512 0.267771 0.268772 3.216134 1.043843
-1.019814 -1.019814 -0.826478 -0.826478 0.264274 0.269125 3.208541 1.042984
-0.991682 -0.991682 -1.216876 -1.216876 0.261576 0.266179 3.218880 1.039755
-0.947842 -0.947842 -1.298599 -1.298599 0.270389 0.269008 3.218880 1.041075
-1.003199 -1.003199 -1.071172 -1.071172 0.268399 0.269721 3.211754 1.029722
-0.941870 -0.941870 -1.915747 -1.915747 0.272991 0.274758 3.218880 1.037041
-0.928720 -0.928720 -1.211424 -1.211424 0.265298 0.263031 3.206659 1.034189
-1.066380 -1.066380 -0.671842 -0.671842 0.255318 0.266279 3.216521 1.048515
-1.042189 -1.042189 -0.859611 -0.859611 0.262434 0.270613 3.204486 1.041337
-0.964867 -0.964867 -0.912032 -0.912032 0.264983 0.258469 3.206950 1.028614
-0.927827 -0.927827 -1.598730 -1.598730 0.274657 0.267041 3.218880 1.027828
-0.991261 -0.991261 -1.075409 -1.075409 0.263178 0.264743 3.208642 1.034915
-0.968652 -0.968652 -1.431785 -1.431785 0.268850 0.271095 3.193658 1.030590
-0.972096 -0.972096 -1.285940 -1.285940 0.266906 0.266868 3.216556 1.034705
-1.027619 -1.027619 -1.446477 -1.446477 0.261887 0.274271 3.214468 1.047452
-1.110172 -1.110172 -0.623114 -0.623114 0.262284 0.270596 3.218880 1.043958
-0.950259 -0.950259 -1.170228 -1.170228 0.279324 0.274237 3.188734 1.029450
-0.935670 -0.935670 -1.580856 -1.580856 0.270258 0.270670 3.218880 1.034907
-1.012751 -1.012751 -1.224467 -1.224467 0.265761 0.268922 3.218575 1.040945
-1.022022 -1.022022 -1.745768 -1.745768 0.254579 0.265931 3.196194 1.039455
-1.039812 -1.039812 -0.822294 -0.822294 0.254943 0.258717 3.218784 1.040006
-1.015214 -1.015214 -1.328037 -1.328037 0.267638 0.274812 3.198476 1.038413
-0.997312 -0.997312 -1.934767 -1.934767 0.260565 0.274626 3.198425 1.043550
-1.002144 -1.002144 -1.242903 -1.242903 0.263961 0.268882 3.218880 1.043275
-0.959179 -0.959179 -1.397016 -1.397016 0.270835 0.270163 3.218880 1.033194
-0.953787 -0.953787 -1.758094 -1.758094 0.268508 0.269839 3.213874 1.037032
-1.055576 -1.055576 -1.178117 -1.178117 0.257689 0.272255 3.196789 1.047209
-1.008820 -1.008820 -0.961517 -0.961517 0.269293 0.268285 3.218269 1.035564
-1.016561 -1.016561 -2.070405 -2.070405 0.261523 0.276193 3.218234 1.047996
-0.943245 -0.943245 -1.885453 -1.885453 0.265597 0.268982 3.218880 1.037416
-0.970185 -0.970185 -2.555392 -2.555392 0.267633 0.275240 3.218504 1.037144
-0.925123 -0.925123 -2.032731 -2.032731 0.272228 0.274002 3.218880 1.033544
-0.947202 -0.947202 -1.902697 -1.902697 0.261599 0.263587 3.218880 1.032447
-0.935938 -0.935938 -3.561612 -3.561612 0.264041 0.272952 3.215360 1.037939
-0.980307 -0.980307 -2.492916 -2.492916 0.264083 0.271067 3.218060 1.038297
-1.000284 -1.000284 -2.695658 -2.695658 0.262826 0.275642 3.218880 1.042845
-0.894543 -0.894543 -1.516568 -1.516568 0.269258 0.266010 3.214103 1.037208
-0.990816 -0.990816 -1.145910 -1.145910 0.265466 0.266356 3.218880 1.038514
-0.895301 -0.895301 -1.528160 -1.528160 0.273455 0.266783 3.218880 1.039373
-1.052587 -1.052587 -0.888776 -0.888776 0.261657 0.265001 3.202139 1.034724
-0.951591 -0.951591 -2.204912 -2.204912 0.265211 0.270701 3.217910 1.038260
-0.994724 -0.994724 -3.077707 -3.077707 0.263402 0.273591 3.215867 1.042283
-1.039231 -1.039231 -0.884873 -0.884873 0.262767 0.269948 3.218880 1.048145
-1.070499 -1.070499 -0.891383 -0.891383 0.263785 0.274193 3.188689 1.044306
-1.004531 -1.004531 -1.341532 -1.341532 0.265190 0.273390 3.214569 1.047733
-0.923026 -0.923026 -1.705691 -1.705691 0.275717 0.273263 3.209137 1.030264
-1.078357 -1.078357 -1.231149 -1.231149 0.257171 0.277473 3.194669 1.051064
-0.919599 -0.919599 -2.079620 -2.079620 0.269774 0.271543 3.218880 1.036918
-0.940922 -0.940922 -2.520655 -2.520655 0.266285 0.269531 3.218316 1.035256
-0.910722 -0.910722 -2.277621 -2.277621 0.275470 0.277116 3.218880 1.038165
-0.931442 -0.931442 -0.850866 -0.850866 0.269956 0.258243 3.218880 1.035670
-0.928610 -0.928610 -1.558165 -1.558165 0.269561 0.267891 3.213850 1.034801
-0.933363 -0.933363 -1.533995 -1.533995 0.272882 0.269716 3.208112 1.030325
-0.955536 -0.955536 -1.796418 -1.796418 0.266778 0.270087 3.214444 1.042994
-0.939208 -0.939208 -1.600854 -1.600854 0.275190 0.271256 3.218639 1.035064
-0.919816 -0.919816 -1.717029 -1.717029 0.275052 0.272286 3.218880 1.035024
-0.983818 -0.983818 -1.579309 -1.579309 0.268076 0.273817 3.218880 1.038389
-0.961149 -0.961149 -1.641086 -1.641086 0.270222 0.271747 3.204699 1.035035
-1.047041 -1.047041 -1.060682 -1.060682 0.259656 0.264499 3.208676 1.038094
-0.907044 -0.907044 -2.234476 -2.234476 0.273478 0.269572 3.218880 1.028888
-0.954403 -0.954403 -1.968677 -1.968677 0.260915 0.270911 3.218880 1.043228
-1.013824 -1.013824 -1.486556 -1.486556 0.265496 0.275379 3.217510 1.042345
-0.964972 -0.964972 -1.487214 -1.487214 0.271562 0.270699 3.218880 1.028621
-0.992376 -0.992376 -2.207288 -2.207288 0.262067 0.280048 3.209199 1.052674
-1.002003 -1.002003 -1.885633 -1.885633 0.269469 0.275039 3.218880 1.038551
-0.907975 -0.907975 -2.099719 -2.099719 0.275201 0.270524 3.217376 1.030172
-0.909092 -0.909092 -2.400665 -2.400665 0.274165 0.270729 3.218880 1.030295
-0.930568 -0.930568 -1.840132 -1.840132 0.265485 0.266403 3.218880 1.039498
-0.991762 -0.991762 -1.553335 -1.553335 0.265749 0.278053 3.215885 1.046108
-0.961433 -0.961433 -1.060865 -1.060865 0.272805 0.268235 3.218880 1.035647
-0.984906 -0.984906 -1.904016 -1.904016 0.270214 0.274201 3.207421 1.036789
-0.943312 -0.943312 -1.681798 -1.681798 0.267154 0.263135 3.218490 1.034907
-0.999818 -0.999818 -1.276525 -1.276525 0.267259 0.271056 3.217619 1.038883
-0.947306 -0.947306 -1.720319 -1.720319 0.267888 0.267602 3.218880 1.038651
-0.997558 -0.997558 -1.357055 -1.357055 0.268451 0.273412 3.203670 1.041386
-0.966716 -0.966716 -1.315041 -1.315041 0.269069 0.269003 3.198968 1.036674
-0.969330 -0.969330 -1.979268 -1.979268 0.265000 0.270048 3.209360 1.035835
-1.005679 -1.005679 -1.417479 -1.417479 0.265819 0.273794 3.186942 1.042593
-0.986739 -0.986739 -0.880662 -0.880662 0.263628 0.268036 3.192101 1.046627
-0.971930 -0.971930 -0.982322 -0.982322 0.271141 0.267377 3.213273 1.036635
-1.050725 -1.050725 -1.182301 -1.182301 0.259588 0.272085 3.218312 1.050538
-1.021298 -1.021298 -0.782658 -0.782658 0.269640 0.271481 3.191319 1.035519
-1.029957 -1.029957 -1.100799 -1.100799 0.259529 0.268075 3.218880 1.040846
-1.044318 -1.044318 -1.621274 -1.621274 0.260872 0.274291 3.218285 1.044936
-0.973532 -0.973532 -0.812624 -0.812624 0.268418 0.266214 3.204185 1.037729
-0.923999 -0.923999 -0.996830 -0.996830 0.271348 0.263241 3.218495 1.035323
-0.998397 -0.998397 -1.065831 -1.065831 0.268596 0.273179 3.192051 1.038869
-1.014934 -1.014934 -1.166321 -1.166321 0.261416 0.264344 3.218133 1.037053
-0.965116 -0.965116 -1.267032 -1.267032 0.272423 0.269428 3.218880 1.029228
-0.981608 -0.981608 -1.615573 -1.615573 0.262634 0.270696 3.215756 1.043972
-1.051591 -1.051591 -0.973271 -0.973271 0.261739 0.270109 3.193608 1.035468
-0.998291 -0.998291 -1.353162 -1.353162 0.264872 0.269041 3.218880 1.034577
-1.083668 -1.083668 -0.833979 -0.833979 0.260807 0.271552 3.218880 1.047196
-0.982090 -0.982090 -0.769853 -0.769853 0.272045 0.271553 3.214407 1.041159
-0.944040 -0.944040 -1.708171 -1.708171 0.270781 0.270927 3.218372 1.040012
-0.845784 -0.845784 -3.290576 -3.290576 0.278408 0.268595 3.218423 1.022704
-1.017662 -1.017662 -1.714921 -1.714921 0.264586 0.279616 3.199461 1.048018
-0.947278 -0.947278 -1.992773 -1.992773 0.274777 0.276902 3.218880 1.042720
-0.984252 -0.984252 -1.367919 -1.367919 0.274281 0.274751 3.218753 1.039532
-1.030725 -1.030725 -2.489466 -2.489466 0.261885 0.276730 3.210560 1.044083
-0.983632 -0.983632 -1.208070 -1.208070 0.268559 0.270220 3.218880 1.040143
-1.022099 -1.022099 -1.774029 -1.774029 0.263697 0.278679 3.206017 1.049695
-1.042077 -1.042077 -0.679282 -0.679282 0.279480 0.278161 3.212636 1.041810
-1.030275 -1.030275 -1.333468 -1.333468 0.274086 0.281901 3.218880 1.038559
-0.972411 -0.972411 -2.026646 -2.026646 0.268866 0.274310 3.205141 1.038400
-0.957149 -0.957149 -2.542482 -2.542482 0.271101 0.275092 3.218880 1.035900
-0.929509 -0.929509 -1.760599 -1.760599 0.267708 0.264774 3.218880 1.030765
-0.996344 -0.996344 -1.639604 -1.639604 0.264368 0.274307 3.218880 1.050821
-1.018504 -1.018504 -1.666551 -1.666551 0.264424 0.275050 3.218880 1.044760
-1.055818 -1.055818 -1.085183 -1.085183 0.260583 0.272959 3.214425 1.047815
-1.103963 -1.103963 -0.838960 -0.838960 0.253918 0.268644 3.218880 1.045792
-0.936329 -0.936329 -1.543591 -1.543591 0.271098 0.268375 3.205516 1.031839
-1.013415 -1.013415 -1.034871 -1.034871 0.273079 0.276271 3.202261 1.042348
