-1.063452 -1.063452 -1.117600 -1.117600 0.259888 0.270858 3.215891 1.043045
-0.950717 -0.950717 -2.059464 -2.059464 0.269372 0.272105 3.218880 1.036580
-0.980523 -0.980523 -1.397034 -1.397034 0.265816 0.271431 3.200224 1.038148
-0.956720 -0.956720 -1.095325 -1.095325 0.263777 0.261294 3.218880 1.033020
-1.011271 -1.011271 -0.894915 -0.894915 0.264138 0.266899 3.218880 1.045547
-1.025963 -1.025963 -1.356517 -1.356517 0.262107 0.272392 3.208214 1.042023
-0.964343 -0.964343 -1.694786 -1.694786 0.272251 0.277801 3.218329 1.038291
-0.896079 -0.896079 -1.388746 -1.388746 0.278814 0.265218 3.218636 1.027165
-1.051631 -1.051631 -0.882206 -0.882206 0.263204 0.271918 3.208573 1.044646
-1.058185 -1.058185 -1.450483 -1.450483 0.261836 0.274191 3.206633 1.043166
-0.941274 -0.941274 -2.108261 -2.108261 0.267410 0.269190 3.218880 1.036528
-0.987106 -0.987106 -1.391700 -1.391700 0.262643 0.271626 3.218880 1.049517
-0.988343 -0.988343 -0.951486 -0.951486 0.268995 0.266777 3.189013 1.033947
-1.009723 -1.009723 -2.428072 -2.428072 0.262681 0.275157 3.218472 1.042533
-0.985419 -0.985419 -1.830757 -1.830757 0.265752 0.272216 3.218880 1.043904
-1.063012 -1.063012 -1.469200 -1.469200 0.263264 0.276422 3.208216 1.039476
-1.079588 -1.079588 -0.892260 -0.892260 0.256511 0.271075 3.218444 1.042822
-0.989239 -0.989239 -1.096016 -1.096016 0.263343 0.265786 3.218880 1.045507
-0.979458 -0.979458 -1.075841 -1.075841 0.265150 0.265376 3.207678 1.033435
-1.043930 -1.043930 -1.486328 -1.486328 0.267149 0.282140 3.218880 1.043061
-0.934126 -0.934126 -1.586496 -1.586496 0.270721 0.273706 3.216149 1.042495
-0.949579 -0.949579 -3.416924 -3.416924 0.269443 0.277053 3.218880 1.035521
-0.898906 -0.898906 -1.755758 -1.755758 0.268926 0.266284 3.218880 1.037116
-1.017673 -1.017673 -1.952727 -1.952727 0.264362 0.277297 3.218880 1.048597
-1.006487 -1.006487 -0.910538 -0.910538 0.274643 0.273097 3.218880 1.036932
-0.931071 -0.931071 -1.740990 -1.740990 0.273484 0.274261 3.218880 1.035761
-0.956612 -0.956612 -1.875020 -1.875020 0.265764 0.269459 3.218754 1.039361
-0.961675 -0.961675 -1.489061 -1.489061 0.264293 0.268884 3.218880 1.043794
-1.009572 -1.009572 -1.433539 -1.433539 0.266662 0.274327 3.218880 1.043254
-0.941162 -0.941162 -1.654636 -1.654636 0.266820 0.269494 3.218880 1.039152
-1.013691 -1.013691 -1.072266 -1.072266 0.262455 0.268141 3.218880 1.044804
-1.008238 -1.008238 -0.998130 -0.998130 0.265214 0.266523 3.218880 1.038746
-1.024102 -1.024102 -1.112609 -1.112609 0.266394 0.276454 3.218880 1.047344
-0.978429 -0.978429 -1.678222 -1.678222 0.265263 0.269425 3.218880 1.039195
-0.979787 -0.979787 -1.103034 -1.103034 0.264788 0.264204 3.217097 1.042041
-0.945428 -0.945428 -1.539655 -1.539655 0.268688 0.265013 3.213583 1.026800
-0.940126 -0.940126 -1.928770 -1.928770 0.269196 0.270256 3.217786 1.042385
-0.992162 -0.992162 -1.798594 -1.798594 0.259858 0.269077 3.218386 1.044676
-1.027331 -1.027331 -1.815625 -1.815625 0.259260 0.272542 3.192712 1.045349
-1.006812 -1.006812 -1.117824 -1.117824 0.269688 0.272489 3.205914 1.042807
-0.935655 -0.935655 -1.105462 -1.105462 0.267144 0.261215 3.216741 1.035789
-0.995827 -0.995827 -1.110215 -1.110215 0.266434 0.268129 3.218880 1.038518
-1.027709 -1.027709 -1.113498 -1.113498 0.262634 0.265022 3.218880 1.043066
-1.033437 -1.033437 -1.478091 -1.478091 0.256741 0.269971 3.218880 1.045615
-0.944149 -0.944149 -1.779551 -1.779551 0.269157 0.270395 3.218880 1.033218
-0.910922 -0.910922 -1.693255 -1.693255 0.275869 0.269808 3.218880 1.030823
-0.996620 -0.996620 -1.772458 -1.772458 0.266142 0.279480 3.196529 1.041535
-0.997635 -0.997635 -1.534565 -1.534565 0.264813 0.270452 3.218880 1.036643
-0.966425 -0.966425 -1.334492 -1.334492 0.265955 0.267042 3.218880 1.039607
-0.983820 -0.983820 -2.040002 -2.040002 0.264984 0.275816 3.218597 1.046271
-1.053459 -1.053459 -1.581456 -1.581456 0.265908 0.275320 3.218880 1.045166
-1.017048 -1.017048 -1.076979 -1.076979 0.265402 0.267871 3.218679 1.040562
-0.959009 -0.959009 -1.205809 -1.205809 0.269539 0.269734 3.217370 1.040913
-0.942592 -0.942592 -1.329829 -1.329829 0.265503 0.264984 3.218880 1.036582
-1.091064 -1.091064 -1.138467 -1.138467 0.257545 0.275471 3.213345 1.048805
-0.963796 -0.963796 -0.929996 -0.929996 0.264739 0.259082 3.215120 1.029931
-0.990688 -0.990688 -1.717006 -1.717006 0.263159 0.270073 3.217917 1.043989
-1.031962 -1.031962 -2.011103 -2.011103 0.259741 0.274815 3.218880 1.049216
-1.019406 -1.019406 -1.521331 -1.521331 0.267809 0.272200 3.209996 1.034713
-0.996785 -0.996785 -1.377853 -1.377853 0.262627 0.267677 3.209414 1.039729
-0.948452 -0.948452 -2.378732 -2.378732 0.266700 0.269187 3.218880 1.033858
-0.940247 -0.940247 -1.933226 -1.933226 0.270853 0.272976 3.218880 1.033348
-1.017632 -1.017632 -1.785662 -1.785662 0.264734 0.274148 3.218880 1.038448
-1.040408 -1.040408 -1.203668 -1.203668 0.260016 0.269367 3.218880 1.047069
-1.041790 -1.041790 -0.728305 -0.728305 0.262859 0.264090 3.216933 1.037685
-1.043845 -1.043845 -1.093120 -1.093120 0.266028 0.274377 3.218880 1.040687
-0.993572 -0.993572 -1.128472 -1.128472 0.267244 0.271373 3.189256 1.032938
-0.987192 -0.987192 -0.885195 -0.885195 0.269170 0.266880 3.202645 1.035214
-1.019243 -1.019243 -0.947551 -0.947551 0.265652 0.267058 3.209996 1.041200
-1.037869 -1.037869 -1.659950 -1.659950 0.259899 0.269870 3.218880 1.040437
-1.018294 -1.018294 -1.196911 -1.196911 0.262195 0.270456 3.199492 1.040158
-0.970412 -0.970412 -1.047853 -1.047853 0.266088 0.264990 3.209921 1.035564
-1.024726 -1.024726 -0.955836 -0.955836 0.266364 0.271159 3.195284 1.040135
-0.993276 -0.993276 -1.032931 -1.032931 0.266998 0.268080 3.208346 1.040667
-1.011839 -1.011839 -1.469637 -1.469637 0.266540 0.275300 3.207571 1.042057
-1.013940 -1.013940 -0.868602 -0.868602 0.261128 0.259759 3.215871 1.038037
-0.959190 -0.959190 -2.410717 -2.410717 0.271327 0.279223 3.216878 1.037670
-0.889313 -0.889313 -2.385282 -2.385282 0.277591 0.272114 3.211204 1.026744
-0.989759 -0.989759 -1.976197 -1.976197 0.262905 0.274297 3.218202 1.042071
-0.991598 -0.991598 -1.569083 -1.569083 0.263058 0.269375 3.201122 1.035779
-1.010281 -1.010281 -1.006444 -1.006444 0.264810 0.269646 3.218880 1.041974
-0.968229 -0.968229 -1.458095 -1.458095 0.264045 0.265175 3.218842 1.037723
-0.968118 -0.968118 -0.732992 -0.732992 0.274466 0.268066 3.202262 1.030627
-0.992243 -0.992243 -0.928160 -0.928160 0.267502 0.266614 3.202508 1.032794
-0.988573 -0.988573 -1.795107 -1.795107 0.261090 0.269118 3.199605 1.044416
-0.991881 -0.991881 -1.062656 -1.062656 0.261904 0.265084 3.207148 1.037970
-0.940251 -0.940251 -1.446291 -1.446291 0.267354 0.268610 3.218880 1.041578
-0.953812 -0.953812 -1.186982 -1.186982 0.264818 0.263057 3.218206 1.039975
-1.035997 -1.035997 -1.378536 -1.378536 0.266712 0.276047 3.218880 1.042039
-1.023066 -1.023066 -1.720998 -1.720998 0.259890 0.270038 3.218880 1.041463
-0.957637 -0.957637 -1.721630 -1.721630 0.272386 0.272008 3.214097 1.037830
-1.045640 -1.045640 -0.991337 -0.991337 0.262381 0.266944 3.218880 1.037713
-1.027966 -1.027966 -1.697147 -1.697147 0.262020 0.274057 3.218880 1.043347
-1.025498 -1.025498 -1.269684 -1.269684 0.259250 0.268177 3.218880 1.041271
-0.981053 -0.981053 -2.146144 -2.146144 0.261953 0.275029 3.218880 1.047489
-0.935759 -0.935759 -1.105624 -1.105624 0.266809 0.262069 3.218880 1.039476
-0.991412 -0.991412 -1.637531 -1.637531 0.261729 0.271508 3.218880 1.049425
-1.043025 -1.043025 -1.752540 -1.752540 0.258147 0.273863 3.203517 1.047058
-0.921372 -0.921372 -2.992495 -2.992495 0.267939 0.272433 3.212330 1.037398
-0.955256 -0.955256 -2.290798 -2.290798 0.265835 0.273914 3.218880 1.045271
-0.986609 -0.986609 -2.184461 -2.184461 0.263132 0.272808 3.218671 1.041355
-1.046507 -1.046507 -1.142026 -1.142026 0.262484 0.271470 3.218880 1.038569
-0.932251 -0.932251 -1.685728 -1.685728 0.272929 0.273909 3.218880 1.043878
-0.911318 -0.911318 -2.420977 -2.420977 0.272333 0.271464 3.218880 1.031487
-0.966175 -0.966175 -0.931500 -0.931500 0.271913 0.265509 3.212017 1.027555
-0.986220 -0.986220 -1.474679 -1.474679 0.259658 0.268115 3.218880 1.046706
-1.038048 -1.038048 -1.454136 -1.454136 0.259713 0.271262 3.218880 1.045057
-0.996574 -0.996574 -1.775960 -1.775960 0.268377 0.272415 3.198792 1.033982
-0.944278 -0.944278 -1.879049 -1.879049 0.259985 0.264240 3.218310 1.040694
-0.973344 -0.973344 -1.648210 -1.648210 0.267166 0.268469 3.218880 1.040184
-1.025039 -1.025039 -1.341251 -1.341251 0.263266 0.274753 3.209917 1.043743
-1.014269 -1.014269 -0.929144 -0.929144 0.265724 0.272548 3.218545 1.047793
-1.002695 -1.002695 -1.371504 -1.371504 0.262637 0.270239 3.204274 1.039509
-0.959261 -0.959261 -2.300290 -2.300290 0.266985 0.273193 3.216591 1.039026
-0.999568 -0.999568 -1.891281 -1.891281 0.259701 0.272152 3.218880 1.047444
-0.887864 -0.887864 -1.883575 -1.883575 0.273263 0.264772 3.218880 1.030914
-1.056850 -1.056850 -1.497608 -1.497608 0.262918 0.275318 3.217640 1.041155
-0.963422 -0.963422 -3.202449 -3.202449 0.269199 0.277238 3.218880 1.035869
-1.010287 -1.010287 -2.360806 -2.360806 0.261129 0.276164 3.214681 1.041038
-0.976894 -0.976894 -1.032396 -1.032396 0.272634 0.271588 3.177129 1.024425
-0.987867 -0.987867 -0.994657 -0.994657 0.275336 0.269943 3.215860 1.031608
-0.928908 -0.928908 -1.142581 -1.142581 0.270849 0.267400 3.210712 1.037764
-1.001677 -1.001677 -2.081588 -2.081588 0.264333 0.275548 3.210052 1.042768
-0.926392 -0.926392 -2.762755 -2.762755 0.270719 0.275121 3.218880 1.038249
-0.977082 -0.977082 -2.130334 -2.130334 0.262138 0.271877 3.218880 1.043166
-1.034640 -1.034640 -1.209532 -1.209532 0.258690 0.268141 3.218563 1.045107
-1.004744 -1.004744 -1.576170 -1.576170 0.265380 0.273107 3.218880 1.043751
-0.931093 -0.931093 -2.130862 -2.130862 0.264465 0.269789 3.218880 1.042284
-0.984634 -0.984634 -2.299460 -2.299460 0.264448 0.274770 3.211210 1.042299
-1.009310 -1.009310 -0.869768 -0.869768 0.269587 0.270879 3.218673 1.045501
-0.965464 -0.965464 -1.366485 -1.366485 0.265738 0.269009 3.182488 1.038502
-0.957354 -0.957354 -2.195465 -2.195465 0.266915 0.274458 3.218880 1.040585
