-0.979563 -0.979563 -1.264773 -1.264773 0.263490 0.265795 3.216663 1.040866
-1.012490 -1.012490 -0.823434 -0.823434 0.262768 0.265835 3.202228 1.039474
-1.008650 -1.008650 -1.125762 -1.125762 0.266150 0.269925 3.195542 1.036716
-0.963374 -0.963374 -1.121970 -1.121970 0.271240 0.266422 3.218880 1.032033
-1.016248 -1.016248 -1.583963 -1.583963 0.267545 0.278564 3.218880 1.046300
-0.897313 -0.897313 -1.828336 -1.828336 0.276509 0.270474 3.218880 1.035117
-1.036065 -1.036065 -1.237385 -1.237385 0.264281 0.271108 3.215882 1.043607
-0.930844 -0.930844 -1.586881 -1.586881 0.271886 0.267257 3.218880 1.032838
-0.968162 -0.968162 -1.423156 -1.423156 0.261033 0.263516 3.218880 1.036859
-1.006113 -1.006113 -0.765137 -0.765137 0.261499 0.262458 3.181348 1.035737
-1.023796 -1.023796 -1.569060 -1.569060 0.263490 0.272382 3.218697 1.045556
-0.913122 -0.913122 -4.541532 -4.541532 0.272957 0.276498 3.218880 1.029368
-0.981139 -0.981139 -3.310311 -3.310311 0.271855 0.277972 3.218880 1.034879
-1.010078 -1.010078 -1.506828 -1.506828 0.257308 0.272274 3.218880 1.050535
-0.953379 -0.953379 -1.412718 -1.412718 0.269892 0.266532 3.211513 1.034509
-1.029474 -1.029474 -1.381665 -1.381665 0.264238 0.269343 3.218579 1.040453
-0.986106 -0.986106 -1.435581 -1.435581 0.269527 0.272462 3.210296 1.037024
-1.031716 -1.031716 -1.564600 -1.564600 0.265882 0.274672 3.174064 1.037029
-1.053529 -1.053529 -1.177956 -1.177956 0.264111 0.277105 3.199885 1.049707
-0.981783 -0.981783 -1.741054 -1.741054 0.271137 0.275129 3.218880 1.040426
-1.020412 -1.020412 -1.650426 -1.650426 0.266999 0.274240 3.208478 1.038810
-0.958954 -0.958954 -1.524702 -1.524702 0.269416 0.268009 3.217480 1.037027
-0.953104 -0.953104 -0.984966 -0.984966 0.273127 0.270571 3.210178 1.037749
-0.958154 -0.958154 -1.078526 -1.078526 0.271591 0.268274 3.218880 1.035083
-0.965375 -0.965375 -1.102334 -1.102334 0.264901 0.262400 3.212496 1.039219
-0.999890 -0.999890 -2.194883 -2.194883 0.265202 0.279323 3.218880 1.044536
-0.991670 -0.991670 -0.861901 -0.861901 0.271548 0.268495 3.215576 1.033383
-0.980670 -0.980670 -1.350418 -1.350418 0.270319 0.269541 3.218880 1.035091
-0.995106 -0.995106 -1.210859 -1.210859 0.271867 0.272267 3.191813 1.024238
-1.013872 -1.013872 -1.580395 -1.580395 0.266654 0.277131 3.218880 1.041770
-1.025535 -1.025535 -1.311689 -1.311689 0.270013 0.282035 3.218880 1.050158
-1.006815 -1.006815 -1.199865 -1.199865 0.264724 0.264678 3.216501 1.033808
-0.954663 -0.954663 -1.937852 -1.937852 0.265837 0.271192 3.218880 1.040801
-0.989825 -0.989825 -1.342172 -1.342172 0.267586 0.268849 3.218880 1.038112
-0.967143 -0.967143 -2.067702 -2.067702 0.263216 0.271424 3.218799 1.041400
-0.977382 -0.977382 -1.543424 -1.543424 0.263488 0.269614 3.218880 1.043416
-0.973196 -0.973196 -1.334080 -1.334080 0.272148 0.274084 3.218880 1.041349
-0.943281 -0.943281 -2.484563 -2.484563 0.264468 0.270263 3.218880 1.038959
-1.002505 -1.002505 -2.953810 -2.953810 0.267299 0.280212 3.218880 1.040476
-1.056855 -1.056855 -1.456530 -1.456530 0.255352 0.269547 3.190636 1.043530
-0.935673 -0.935673 -1.523400 -1.523400 0.268168 0.269051 3.218880 1.047498
-1.030434 -1.030434 -1.393923 -1.393923 0.261142 0.273817 3.214963 1.045383
-0.964506 -0.964506 -1.439055 -1.439055 0.268820 0.270367 3.210328 1.036398
-0.995394 -0.995394 -1.478896 -1.478896 0.268432 0.277900 3.216540 1.043996
-0.992875 -0.992875 -1.356163 -1.356163 0.270845 0.275446 3.218880 1.041500
-1.009855 -1.009855 -2.097107 -2.097107 0.265952 0.274198 3.198367 1.038895
-1.003181 -1.003181 -1.733785 -1.733785 0.262958 0.274071 3.211952 1.042739
-0.956125 -0.956125 -1.898919 -1.898919 0.266410 0.271864 3.218880 1.043437
-0.957846 -0.957846 -1.851961 -1.851961 0.268907 0.272778 3.192745 1.039031
-0.938167 -0.938167 -1.688434 -1.688434 0.267421 0.269046 3.194884 1.037747
-1.021304 -1.021304 -1.422524 -1.422524 0.258864 0.273516 3.211019 1.050497
-1.039702 -1.039702 -1.562496 -1.562496 0.264569 0.272522 3.211176 1.039220
-0.993766 -0.993766 -1.633776 -1.633776 0.260970 0.269763 3.218880 1.044399
-1.064840 -1.064840 -1.400869 -1.400869 0.264212 0.277533 3.218458 1.043039
-0.992223 -0.992223 -0.779261 -0.779261 0.268110 0.264329 3.206972 1.034091
-0.978556 -0.978556 -3.470787 -3.470787 0.260107 0.276092 3.218880 1.041165
-0.977733 -0.977733 -2.082355 -2.082355 0.263030 0.265299 3.200855 1.028205
-0.967459 -0.967459 -2.303724 -2.303724 0.264459 0.272327 3.212489 1.039714
-0.981728 -0.981728 -1.530371 -1.530371 0.270908 0.275053 3.215467 1.034917
-1.010029 -1.010029 -1.240637 -1.240637 0.265505 0.269825 3.217193 1.037931
-0.969593 -0.969593 -1.093598 -1.093598 0.268009 0.266196 3.214816 1.037551
-0.991247 -0.991247 -1.610635 -1.610635 0.260407 0.270630 3.218880 1.043485
-0.982151 -0.982151 -1.802242 -1.802242 0.266786 0.278026 3.218880 1.045346
-0.992297 -0.992297 -1.073546 -1.073546 0.269854 0.269067 3.218880 1.031860
-0.926253 -0.926253 -1.283588 -1.283588 0.270644 0.265358 3.217495 1.033138
-0.997675 -0.997675 -1.441065 -1.441065 0.268815 0.274454 3.213101 1.040837
-1.003150 -1.003150 -1.232910 -1.232910 0.264924 0.269173 3.215902 1.038894
-1.064167 -1.064167 -0.980912 -0.980912 0.267377 0.276927 3.218880 1.045724
-0.907428 -0.907428 -1.893672 -1.893672 0.273885 0.269748 3.218880 1.030830
-0.978428 -0.978428 -1.958150 -1.958150 0.265677 0.272857 3.218880 1.037390
-0.951290 -0.951290 -1.314415 -1.314415 0.271477 0.265419 3.217557 1.031602
-1.049627 -1.049627 -1.350663 -1.350663 0.261000 0.271956 3.211748 1.041908
-1.023661 -1.023661 -1.623173 -1.623173 0.264489 0.274024 3.211180 1.043270
-0.994837 -0.994837 -1.309628 -1.309628 0.269467 0.269973 3.218206 1.032405
-0.993416 -0.993416 -1.513581 -1.513581 0.264343 0.269181 3.218724 1.044307
-0.990918 -0.990918 -1.458703 -1.458703 0.261336 0.268445 3.217044 1.041562
-1.014256 -1.014256 -1.238739 -1.238739 0.260826 0.271493 3.204884 1.046471
-1.038912 -1.038912 -0.939373 -0.939373 0.267617 0.270947 3.206506 1.029988
-0.970379 -0.970379 -1.221436 -1.221436 0.262428 0.262211 3.218663 1.031996
-0.985843 -0.985843 -1.330442 -1.330442 0.266150 0.274738 3.205395 1.047436
-1.051594 -1.051594 -1.498404 -1.498404 0.261931 0.273353 3.217854 1.038334
-0.945158 -0.945158 -2.539283 -2.539283 0.270010 0.275444 3.218880 1.038869
-1.035991 -1.035991 -1.689260 -1.689260 0.257371 0.273234 3.205306 1.043182
-0.944759 -0.944759 -1.444020 -1.444020 0.270125 0.269677 3.218880 1.034840
-0.991402 -0.991402 -1.237651 -1.237651 0.267644 0.265342 3.211261 1.034014
-0.974792 -0.974792 -1.272213 -1.272213 0.268631 0.268515 3.208347 1.032914
-0.993384 -0.993384 -1.318457 -1.318457 0.260841 0.267315 3.190204 1.039058
-1.029110 -1.029110 -1.350154 -1.350154 0.264833 0.271442 3.218880 1.041087
-0.975972 -0.975972 -1.302966 -1.302966 0.266894 0.267453 3.216765 1.031010
-1.005227 -1.005227 -1.209952 -1.209952 0.265057 0.273897 3.218518 1.039919
-0.887651 -0.887651 -1.685426 -1.685426 0.280155 0.268790 3.218880 1.028322
-0.881382 -0.881382 -1.652968 -1.652968 0.273750 0.264981 3.218880 1.029373
-0.966081 -0.966081 -0.972428 -0.972428 0.272434 0.266993 3.218880 1.033294
-0.982893 -0.982893 -1.323236 -1.323236 0.266367 0.270032 3.200141 1.039441
-0.969004 -0.969004 -1.095069 -1.095069 0.266692 0.267647 3.200184 1.041885
-1.002228 -1.002228 -1.167652 -1.167652 0.259845 0.266095 3.218880 1.042158
-0.953369 -0.953369 -1.444383 -1.444383 0.266572 0.268332 3.195527 1.031632
-1.032511 -1.032511 -0.802232 -0.802232 0.264164 0.267724 3.189347 1.038612
-0.989545 -0.989545 -1.218151 -1.218151 0.264924 0.270210 3.218880 1.041872
-0.991966 -0.991966 -1.309620 -1.309620 0.265429 0.273646 3.215838 1.044410
-0.922743 -0.922743 -1.488865 -1.488865 0.268095 0.264977 3.218880 1.029462
-1.004205 -1.004205 -0.724102 -0.724102 0.268729 0.268672 3.218880 1.045242
-0.931462 -0.931462 -1.208987 -1.208987 0.273304 0.268221 3.218880 1.032676
-0.927968 -0.927968 -1.793808 -1.793808 0.271750 0.267265 3.218529 1.029856
-1.040681 -1.040681 -0.838358 -0.838358 0.267185 0.268458 3.206244 1.039169
-1.016301 -1.016301 -1.133361 -1.133361 0.263771 0.270292 3.206122 1.044501
-1.040546 -1.040546 -1.193827 -1.193827 0.262884 0.276652 3.217957 1.044810
-1.032774 -1.032774 -1.318527 -1.318527 0.256155 0.267497 3.218155 1.044402
-1.018993 -1.018993 -0.864886 -0.864886 0.266496 0.267432 3.218708 1.039135
-0.876405 -0.876405 -1.728315 -1.728315 0.267907 0.262511 3.218880 1.036134
-0.938547 -0.938547 -1.364256 -1.364256 0.270359 0.269451 3.205998 1.036728
-0.987700 -0.987700 -1.337139 -1.337139 0.262210 0.267870 3.188232 1.042650
-0.953071 -0.953071 -1.572928 -1.572928 0.267228 0.266922 3.218880 1.035739
-0.966472 -0.966472 -1.168955 -1.168955 0.266420 0.265811 3.210113 1.038223
-1.095996 -1.095996 -1.183767 -1.183767 0.255961 0.273158 3.218880 1.048009
-0.954641 -0.954641 -1.739068 -1.739068 0.269176 0.271227 3.218880 1.034707
-0.950537 -0.950537 -1.446562 -1.446562 0.273237 0.276358 3.218880 1.043392
-1.030119 -1.030119 -1.194395 -1.194395 0.257286 0.265638 3.216930 1.045514
-1.048276 -1.048276 -1.374500 -1.374500 0.260417 0.275145 3.189908 1.045094
-0.986334 -0.986334 -1.647750 -1.647750 0.263514 0.275475 3.208403 1.046834
-0.982725 -0.982725 -0.964927 -0.964927 0.264581 0.263281 3.197182 1.032520
-1.019299 -1.019299 -1.051878 -1.051878 0.256483 0.266505 3.217165 1.049458
-1.003407 -1.003407 -1.419284 -1.419284 0.260492 0.267491 3.218845 1.043472
-0.972008 -0.972008 -1.351172 -1.351172 0.262191 0.261840 3.218880 1.038308
-0.968844 -0.968844 -2.928796 -2.928796 0.267884 0.278049 3.218880 1.041837
-0.944499 -0.944499 -2.208267 -2.208267 0.268788 0.271986 3.218880 1.035025
-0.948383 -0.948383 -1.542846 -1.542846 0.263010 0.264946 3.218880 1.038039
-0.956847 -0.956847 -1.436570 -1.436570 0.266245 0.266333 3.218880 1.038983
-0.965175 -0.965175 -1.214419 -1.214419 0.267282 0.270544 3.218880 1.038385
-0.963824 -0.963824 -1.322732 -1.322732 0.266483 0.263165 3.218710 1.029070
-1.013549 -1.013549 -1.072699 -1.072699 0.261410 0.266644 3.211344 1.041663
-1.033526 -1.033526 -1.226425 -1.226425 0.264268 0.276121 3.218880 1.047046
