-0.915365 -0.915365 -1.947634 -1.947634 0.272100 0.274688 3.218880 1.040456
-0.997682 -0.997682 -1.129011 -1.129011 0.261741 0.267084 3.214873 1.037309
-1.006739 -1.006739 -2.059756 -2.059756 0.259804 0.274299 3.218880 1.049134
-1.033517 -1.033517 -1.413317 -1.413317 0.263382 0.277932 3.218482 1.045699
-1.002849 -1.002849 -1.302212 -1.302212 0.262032 0.268938 3.211784 1.039455
-1.021724 -1.021724 -1.601322 -1.601322 0.258951 0.271221 3.217862 1.048403
-1.025688 -1.025688 -2.282644 -2.282644 0.260771 0.278106 3.218623 1.051726
-1.020758 -1.020758 -1.045336 -1.045336 0.266111 0.271813 3.218880 1.046170
-0.987516 -0.987516 -1.240716 -1.240716 0.262207 0.268361 3.218880 1.040040
-0.957155 -0.957155 -1.777028 -1.777028 0.271972 0.269677 3.218880 1.029548
-0.970097 -0.970097 -1.974815 -1.974815 0.264633 0.274586 3.218880 1.043370
-1.088043 -1.088043 -1.519761 -1.519761 0.254499 0.275977 3.216337 1.050864
-0.999673 -0.999673 -1.432850 -1.432850 0.265742 0.270771 3.203228 1.038938
-0.995932 -0.995932 -2.876799 -2.876799 0.262820 0.283150 3.218880 1.052864
-1.064934 -1.064934 -1.866553 -1.866553 0.249576 0.274793 3.200259 1.053363
-0.937167 -0.937167 -2.419735 -2.419735 0.272607 0.274539 3.205469 1.031644
-0.950111 -0.950111 -2.397376 -2.397376 0.271110 0.273437 3.218880 1.037826
-1.056682 -1.056682 -1.080450 -1.080450 0.257138 0.271241 3.218880 1.047874
-0.927772 -0.927772 -2.500473 -2.500473 0.269249 0.272699 3.218880 1.037887
-0.960839 -0.960839 -1.258602 -1.258602 0.268305 0.266817 3.218345 1.039797
-0.960377 -0.960377 -1.565362 -1.565362 0.265656 0.271948 3.218880 1.038569
-1.042526 -1.042526 -0.857884 -0.857884 0.264429 0.269878 3.218880 1.041055
-1.030368 -1.030368 -0.613473 -0.613473 0.265841 0.268902 3.211202 1.038509
-0.970950 -0.970950 -1.022722 -1.022722 0.269218 0.264101 3.218880 1.031007
-1.026561 -1.026561 -1.236993 -1.236993 0.263272 0.271778 3.218880 1.041080
-1.062717 -1.062717 -0.875419 -0.875419 0.263003 0.270580 3.191598 1.037380
-1.023630 -1.023630 -1.040650 -1.040650 0.264256 0.272071 3.218800 1.048316
-0.947683 -0.947683 -1.584104 -1.584104 0.266300 0.266317 3.218577 1.038619
-0.992297 -0.992297 -1.140008 -1.140008 0.264935 0.266380 3.218762 1.036184
-0.892524 -0.892524 -3.195478 -3.195478 0.269036 0.268270 3.218880 1.032373
-0.914000 -0.914000 -2.629049 -2.629049 0.270323 0.272955 3.218661 1.037355
-1.044586 -1.044586 -1.062416 -1.062416 0.269555 0.287537 3.198795 1.047270
-1.013138 -1.013138 -1.153085 -1.153085 0.268772 0.271269 3.218880 1.033485
-0.969326 -0.969326 -1.494369 -1.494369 0.270580 0.274595 3.218880 1.037197
-0.976135 -0.976135 -1.559578 -1.559578 0.270468 0.276562 3.218524 1.041593
-0.932033 -0.932033 -2.507838 -2.507838 0.266827 0.269170 3.203239 1.029652
-0.901495 -0.901495 -2.462102 -2.462102 0.274219 0.271348 3.218880 1.031076
-0.912470 -0.912470 -2.298515 -2.298515 0.273888 0.272830 3.218880 1.033032
-0.990261 -0.990261 -1.610339 -1.610339 0.267312 0.274141 3.194067 1.033818
-0.953640 -0.953640 -1.004834 -1.004834 0.270111 0.266475 3.210635 1.034730
-0.982215 -0.982215 -1.415390 -1.415390 0.269185 0.267725 3.218645 1.031756
-1.010383 -1.010383 -1.874229 -1.874229 0.263210 0.273706 3.215751 1.042609
-1.004342 -1.004342 -1.151339 -1.151339 0.259222 0.268845 3.205203 1.048802
-0.968545 -0.968545 -1.558912 -1.558912 0.263540 0.266492 3.205422 1.038811
-0.959380 -0.959380 -1.223826 -1.223826 0.271877 0.272453 3.218880 1.040071
-0.971594 -0.971594 -1.356792 -1.356792 0.264722 0.266773 3.203293 1.037198
-0.942906 -0.942906 -1.135924 -1.135924 0.270135 0.266006 3.218880 1.035148
-0.937241 -0.937241 -1.764479 -1.764479 0.268814 0.269764 3.218880 1.033651
-0.973540 -0.973540 -1.612499 -1.612499 0.266540 0.269333 3.218880 1.037261
-0.977250 -0.977250 -0.926601 -0.926601 0.259492 0.259300 3.218880 1.038909
-0.998265 -0.998265 -1.339882 -1.339882 0.265088 0.274344 3.217093 1.044648
-1.037821 -1.037821 -1.702262 -1.702262 0.258969 0.276348 3.209087 1.046724
-1.002863 -1.002863 -1.229595 -1.229595 0.265208 0.272139 3.218880 1.040726
-1.007544 -1.007544 -2.099846 -2.099846 0.265462 0.278645 3.218880 1.042355
-1.061719 -1.061719 -0.753770 -0.753770 0.260562 0.266175 3.213206 1.041868
-0.990767 -0.990767 -1.150651 -1.150651 0.269660 0.269000 3.218880 1.038717
-0.998339 -0.998339 -1.596584 -1.596584 0.270182 0.277254 3.218880 1.045708
-0.931542 -0.931542 -1.666384 -1.666384 0.273814 0.269802 3.218880 1.035266
-0.890875 -0.890875 -1.925317 -1.925317 0.277225 0.269757 3.218880 1.032519
-0.919963 -0.919963 -1.395708 -1.395708 0.278982 0.270318 3.218880 1.032110
-1.029114 -1.029114 -1.312960 -1.312960 0.264133 0.273627 3.218880 1.050573
-0.929784 -0.929784 -2.600587 -2.600587 0.277217 0.279101 3.218524 1.041167
-0.874934 -0.874934 -1.979861 -1.979861 0.281739 0.271462 3.218880 1.024152
-1.012083 -1.012083 -2.005205 -2.005205 0.261651 0.269182 3.218880 1.042474
-0.924404 -0.924404 -1.665093 -1.665093 0.273924 0.269101 3.218880 1.031730
-0.903900 -0.903900 -1.364269 -1.364269 0.271540 0.264522 3.215449 1.034097
-1.011159 -1.011159 -1.653197 -1.653197 0.262421 0.274647 3.218543 1.039114
-0.995925 -0.995925 -1.386201 -1.386201 0.264674 0.269585 3.218880 1.033482
-1.024076 -1.024076 -1.735984 -1.735984 0.264791 0.278659 3.214976 1.040200
-0.969857 -0.969857 -1.239089 -1.239089 0.270280 0.271039 3.218880 1.035377
-1.005286 -1.005286 -0.999756 -0.999756 0.265871 0.268674 3.208509 1.039735
-0.996032 -0.996032 -0.984813 -0.984813 0.270320 0.270421 3.205295 1.038441
-0.953415 -0.953415 -1.516828 -1.516828 0.269042 0.269638 3.217721 1.036979
-0.946684 -0.946684 -1.440731 -1.440731 0.266929 0.267512 3.218880 1.039598
-0.947096 -0.947096 -1.718233 -1.718233 0.267362 0.269969 3.218831 1.034434
-0.906285 -0.906285 -1.287833 -1.287833 0.274955 0.271682 3.170000 1.019163
-0.991929 -0.991929 -0.916493 -0.916493 0.264778 0.267279 3.212538 1.045476
-0.999948 -0.999948 -1.465588 -1.465588 0.264493 0.273239 3.218880 1.045223
-0.960413 -0.960413 -1.027707 -1.027707 0.267696 0.260732 3.210926 1.029521
-0.997347 -0.997347 -1.233679 -1.233679 0.266598 0.267284 3.211488 1.038884
-0.990709 -0.990709 -1.438627 -1.438627 0.268654 0.269833 3.214803 1.037944
-0.958867 -0.958867 -1.225617 -1.225617 0.272378 0.270907 3.184800 1.029445
-0.901008 -0.901008 -1.871698 -1.871698 0.273082 0.270438 3.218880 1.039623
-0.990918 -0.990918 -1.270650 -1.270650 0.267391 0.268306 3.206727 1.036080
-0.975109 -0.975109 -1.872850 -1.872850 0.260689 0.271772 3.218880 1.048058
-0.959341 -0.959341 -2.460623 -2.460623 0.266425 0.273308 3.218880 1.037913
-1.017950 -1.017950 -1.581729 -1.581729 0.270733 0.281095 3.214399 1.044412
-0.877866 -0.877866 -3.738219 -3.738219 0.274782 0.274213 3.218471 1.028165
-1.003179 -1.003179 -0.950874 -0.950874 0.256724 0.259239 3.218579 1.033849
-1.088337 -1.088337 -2.397913 -2.397913 0.254969 0.276174 3.218880 1.052788
-1.112935 -1.112935 -1.215283 -1.215283 0.256557 0.278572 3.218880 1.052989
-0.967579 -0.967579 -1.105620 -1.105620 0.262884 0.264306 3.213285 1.038564
-0.903093 -0.903093 -1.500550 -1.500550 0.275651 0.267084 3.217400 1.028641
-1.050068 -1.050068 -1.698018 -1.698018 0.257293 0.278775 3.204891 1.049837
-1.046872 -1.046872 -0.957329 -0.957329 0.262160 0.272780 3.178355 1.040776
-0.999667 -0.999667 -1.631300 -1.631300 0.265023 0.271531 3.218790 1.041177
-1.025546 -1.025546 -1.914393 -1.914393 0.257081 0.272510 3.202156 1.040395
-1.020215 -1.020215 -1.451816 -1.451816 0.262669 0.274923 3.217555 1.046960
-1.083811 -1.083811 -0.985667 -0.985667 0.258196 0.274698 3.216829 1.052015
-1.079665 -1.079665 -0.923923 -0.923923 0.254160 0.267675 3.209849 1.049850
-1.009002 -1.009002 -1.360520 -1.360520 0.263747 0.271697 3.218350 1.039204
-0.954426 -0.954426 -1.760260 -1.760260 0.266685 0.269995 3.218409 1.038887
-0.978876 -0.978876 -1.117361 -1.117361 0.266653 0.267327 3.215558 1.036666
-0.908512 -0.908512 -1.865426 -1.865426 0.268858 0.267036 3.218880 1.036540
-0.971548 -0.971548 -0.899041 -0.899041 0.268820 0.263817 3.218880 1.038877
-0.974912 -0.974912 -1.140270 -1.140270 0.263073 0.268224 3.212422 1.047427
-1.005743 -1.005743 -1.531014 -1.531014 0.260984 0.268971 3.218880 1.045911
-1.000529 -1.000529 -1.266698 -1.266698 0.265466 0.271731 3.218880 1.037143
-0.933480 -0.933480 -1.629380 -1.629380 0.265100 0.262578 3.218880 1.035601
-0.973599 -0.973599 -2.110646 -2.110646 0.263312 0.273624 3.218880 1.044677
-1.007001 -1.007001 -1.369770 -1.369770 0.263953 0.272619 3.218488 1.047400
-0.943231 -0.943231 -1.289695 -1.289695 0.269107 0.269417 3.218880 1.039653
-1.040639 -1.040639 -1.295906 -1.295906 0.265315 0.272359 3.210872 1.036224
-1.029202 -1.029202 -1.717216 -1.717216 0.262445 0.274091 3.191057 1.040808
-1.054288 -1.054288 -0.873416 -0.873416 0.266134 0.270824 3.218880 1.033928
-0.924592 -0.924592 -1.598432 -1.598432 0.272979 0.269088 3.218880 1.031417
-0.994542 -0.994542 -1.451278 -1.451278 0.266231 0.275900 3.184078 1.037213
-0.978841 -0.978841 -1.387608 -1.387608 0.268368 0.270654 3.218880 1.038447
-1.002652 -1.002652 -1.320722 -1.320722 0.263946 0.274688 3.218682 1.044192
-1.005508 -1.005508 -0.902294 -0.902294 0.269030 0.264156 3.211221 1.027485
-0.989878 -0.989878 -1.320174 -1.320174 0.268332 0.272291 3.218880 1.041152
-0.981064 -0.981064 -1.006776 -1.006776 0.273613 0.272069 3.218880 1.033775
-1.003890 -1.003890 -1.249389 -1.249389 0.267441 0.273383 3.218880 1.042002
-0.993396 -0.993396 -1.807147 -1.807147 0.263040 0.274516 3.218880 1.041476
-0.989351 -0.989351 -1.166683 -1.166683 0.261668 0.266179 3.209333 1.048253
-0.926202 -0.926202 -1.296431 -1.296431 0.268370 0.265909 3.218880 1.033181
-1.065616 -1.065616 -0.972056 -0.972056 0.261670 0.271056 3.218880 1.045242
-0.931840 -0.931840 -2.112917 -2.112917 0.267521 0.269185 3.218880 1.036256
-0.951760 -0.951760 -1.236735 -1.236735 0.265039 0.262682 3.218576 1.039471
-0.915887 -0.915887 -1.651730 -1.651730 0.267141 0.268689 3.213364 1.046644
-0.965042 -0.965042 -1.566551 -1.566551 0.271545 0.273623 3.218880 1.038202
-1.046658 -1.046658 -1.781062 -1.781062 0.258948 0.273813 3.214808 1.044239
