-1.004086 -1.004086 -1.687222 -1.687222 0.263122 0.268245 3.218880 1.040178
-1.014879 -1.014879 -1.206621 -1.206621 0.266308 0.277105 3.218667 1.053307
-0.950775 -0.950775 -1.639693 -1.639693 0.267661 0.268517 3.218880 1.032434
-1.008813 -1.008813 -1.381235 -1.381235 0.267325 0.273507 3.217014 1.039324
-1.024650 -1.024650 -1.573071 -1.573071 0.259791 0.272537 3.217304 1.047773
-0.968954 -0.968954 -1.821718 -1.821718 0.272082 0.277562 3.218880 1.039101
-0.998096 -0.998096 -1.336235 -1.336235 0.268559 0.273479 3.218880 1.037856
-1.002926 -1.002926 -1.136065 -1.136065 0.264722 0.269748 3.216482 1.039731
-1.001522 -1.001522 -1.305719 -1.305719 0.261506 0.270809 3.217151 1.043735
-0.983324 -0.983324 -1.283293 -1.283293 0.269307 0.273770 3.218183 1.042812
-1.064863 -1.064863 -0.896548 -0.896548 0.255464 0.265487 3.200213 1.041692
-1.013060 -1.013060 -1.149820 -1.149820 0.256048 0.264502 3.203774 1.043637
-1.019754 -1.019754 -1.222881 -1.222881 0.263527 0.273146 3.218309 1.043627
-1.044426 -1.044426 -0.886925 -0.886925 0.262569 0.269029 3.216885 1.041257
-0.951893 -0.951893 -1.039502 -1.039502 0.271361 0.265635 3.218667 1.040471
-0.972041 -0.972041 -1.682932 -1.682932 0.264719 0.269539 3.218880 1.037165
-0.960632 -0.960632 -1.388134 -1.388134 0.270542 0.270899 3.210501 1.039607
-1.018816 -1.018816 -0.771870 -0.771870 0.263698 0.266684 3.218880 1.042243
-0.988158 -0.988158 -1.178672 -1.178672 0.265355 0.269595 3.217102 1.042687
-0.990743 -0.990743 -1.000153 -1.000153 0.269027 0.268398 3.218305 1.036170
-1.012904 -1.012904 -0.865968 -0.865968 0.260262 0.264179 3.218880 1.041111
-0.946678 -0.946678 -2.104958 -2.104958 0.266634 0.272247 3.206976 1.041283
-0.940116 -0.940116 -1.702328 -1.702328 0.266104 0.265319 3.199415 1.029617
-0.950751 -0.950751 -1.173061 -1.173061 0.272711 0.266305 3.218880 1.037505
-0.971993 -0.971993 -1.235440 -1.235440 0.266886 0.263833 3.218880 1.034979
-0.974903 -0.974903 -1.859873 -1.859873 0.268512 0.272819 3.218880 1.039745
-0.979486 -0.979486 -2.102707 -2.102707 0.267263 0.276517 3.218880 1.047724
-0.983313 -0.983313 -1.342593 -1.342593 0.262421 0.271283 3.193943 1.043055
-1.002129 -1.002129 -1.883291 -1.883291 0.269133 0.277713 3.218880 1.039596
-1.027571 -1.027571 -1.734264 -1.734264 0.265816 0.272629 3.218880 1.037048
-1.002340 -1.002340 -0.937572 -0.937572 0.263621 0.264709 3.212685 1.039619
-0.954096 -0.954096 -2.210682 -2.210682 0.264930 0.275469 3.218880 1.047639
-0.972467 -0.972467 -1.978988 -1.978988 0.264963 0.272999 3.218880 1.038169
-1.000773 -1.000773 -1.077178 -1.077178 0.265757 0.268491 3.210785 1.038266
-0.992503 -0.992503 -1.068788 -1.068788 0.269103 0.273946 3.203614 1.043947
-0.961601 -0.961601 -1.340856 -1.340856 0.264710 0.266450 3.218880 1.040112
-0.936064 -0.936064 -2.589844 -2.589844 0.267745 0.272666 3.214726 1.037115
-0.948791 -0.948791 -1.914076 -1.914076 0.263071 0.268586 3.210673 1.043449
-0.931211 -0.931211 -1.996709 -1.996709 0.274198 0.280405 3.193505 1.040485
-0.884381 -0.884381 -1.525492 -1.525492 0.272624 0.262864 3.218880 1.034761
-0.936723 -0.936723 -1.361172 -1.361172 0.261097 0.264361 3.214837 1.031588
-1.057199 -1.057199 -1.165281 -1.165281 0.261318 0.275403 3.213441 1.049329
-0.968279 -0.968279 -0.990967 -0.990967 0.273402 0.266493 3.213189 1.029772
-0.934223 -0.934223 -2.607869 -2.607869 0.271704 0.271208 3.218880 1.032309
-1.063252 -1.063252 -1.868660 -1.868660 0.251848 0.275699 3.213899 1.052907
-1.017351 -1.017351 -0.886804 -0.886804 0.265850 0.270425 3.207038 1.034684
-0.963590 -0.963590 -1.785393 -1.785393 0.265965 0.271000 3.218880 1.040017
-0.911772 -0.911772 -1.829065 -1.829065 0.270107 0.266638 3.191051 1.027907
-0.993009 -0.993009 -1.112488 -1.112488 0.267065 0.267330 3.206286 1.028214
-0.970454 -0.970454 -2.535515 -2.535515 0.266754 0.276646 3.218880 1.043683
-0.968331 -0.968331 -1.449328 -1.449328 0.273961 0.272374 3.211573 1.031173
-0.952738 -0.952738 -1.144066 -1.144066 0.273983 0.266710 3.218880 1.029519
-0.963550 -0.963550 -1.066667 -1.066667 0.265225 0.263603 3.214086 1.036465
-1.048954 -1.048954 -0.831077 -0.831077 0.265257 0.269255 3.203791 1.035602
-1.032713 -1.032713 -1.262176 -1.262176 0.258195 0.265860 3.217203 1.043728
-0.971884 -0.971884 -1.437939 -1.437939 0.268957 0.269815 3.201854 1.033712
-0.910882 -0.910882 -2.182898 -2.182898 0.274834 0.273656 3.201532 1.035050
-0.935224 -0.935224 -1.530506 -1.530506 0.276426 0.271923 3.216537 1.033626
-0.985894 -0.985894 -2.099935 -2.099935 0.269762 0.282262 3.218880 1.046571
-0.931572 -0.931572 -1.605165 -1.605165 0.277734 0.271320 3.218726 1.031305
-0.955685 -0.955685 -1.640332 -1.640332 0.270754 0.272229 3.218880 1.034926
-0.936304 -0.936304 -2.098785 -2.098785 0.274487 0.277855 3.218880 1.036414
-0.967566 -0.967566 -1.688575 -1.688575 0.272049 0.273173 3.218880 1.032536
-0.955452 -0.955452 -1.937758 -1.937758 0.268301 0.271975 3.218880 1.046527
-0.955645 -0.955645 -1.605740 -1.605740 0.267515 0.272130 3.214780 1.043301
-0.961193 -0.961193 -0.930609 -0.930609 0.278465 0.270285 3.200284 1.031577
-0.982343 -0.982343 -1.636097 -1.636097 0.265579 0.271739 3.218880 1.038153
-0.985895 -0.985895 -1.604615 -1.604615 0.266434 0.270623 3.216326 1.037703
-0.980946 -0.980946 -1.205929 -1.205929 0.267484 0.269012 3.218880 1.034156
-1.022719 -1.022719 -1.309249 -1.309249 0.263174 0.273948 3.218880 1.047343
-0.964610 -0.964610 -1.508336 -1.508336 0.262894 0.267362 3.218880 1.044794
-0.954435 -0.954435 -1.636529 -1.636529 0.267665 0.267126 3.211344 1.035691
-0.953414 -0.953414 -1.097323 -1.097323 0.268616 0.266996 3.201507 1.039073
-0.936686 -0.936686 -1.213164 -1.213164 0.271301 0.263979 3.218362 1.031268
-0.983069 -0.983069 -2.088387 -2.088387 0.263090 0.275097 3.218704 1.045804
-0.945720 -0.945720 -1.503962 -1.503962 0.273925 0.273600 3.218796 1.037718
-0.948866 -0.948866 -2.525442 -2.525442 0.267431 0.270811 3.218880 1.032712
-0.996118 -0.996118 -1.151716 -1.151716 0.271167 0.272163 3.218880 1.039305
-1.014113 -1.014113 -1.189776 -1.189776 0.265205 0.275560 3.215677 1.044227
-0.956785 -0.956785 -0.973320 -0.973320 0.270424 0.266048 3.218880 1.040619
-0.911415 -0.911415 -1.962535 -1.962535 0.270317 0.269904 3.218880 1.036573
-1.034345 -1.034345 -1.423258 -1.423258 0.261134 0.270809 3.218880 1.043792
-0.980431 -0.980431 -1.166737 -1.166737 0.268015 0.266888 3.218880 1.042978
-0.979624 -0.979624 -1.421612 -1.421612 0.268953 0.273788 3.218880 1.038021
-1.020653 -1.020653 -1.075633 -1.075633 0.259745 0.268879 3.218880 1.043021
-1.001341 -1.001341 -1.009117 -1.009117 0.267395 0.266400 3.212481 1.032365
-1.042887 -1.042887 -1.606468 -1.606468 0.259068 0.275208 3.203700 1.048676
-0.987461 -0.987461 -1.165839 -1.165839 0.260103 0.262683 3.218840 1.037727
-0.966030 -0.966030 -1.472614 -1.472614 0.268068 0.268909 3.218880 1.032505
-1.081137 -1.081137 -1.054922 -1.054922 0.262668 0.273845 3.218880 1.042116
-0.957230 -0.957230 -3.615540 -3.615540 0.267558 0.275356 3.218880 1.035531
-1.004503 -1.004503 -2.249042 -2.249042 0.259434 0.273938 3.218880 1.042251
-0.919090 -0.919090 -1.546602 -1.546602 0.270702 0.267725 3.218880 1.031822
-1.020750 -1.020750 -1.433109 -1.433109 0.263125 0.273490 3.212249 1.046362
-0.936316 -0.936316 -1.422013 -1.422013 0.271591 0.268229 3.218880 1.036866
-0.950599 -0.950599 -1.349974 -1.349974 0.269340 0.269142 3.193288 1.034425
-0.952095 -0.952095 -1.260398 -1.260398 0.267878 0.267496 3.217235 1.036181
-0.949098 -0.949098 -1.303265 -1.303265 0.277203 0.271782 3.218880 1.029921
-0.905121 -0.905121 -2.626005 -2.626005 0.276817 0.278072 3.211414 1.037028
-1.015930 -1.015930 -1.276751 -1.276751 0.262937 0.271101 3.190753 1.037643
-0.962301 -0.962301 -2.256788 -2.256788 0.265743 0.273619 3.197298 1.038708
-0.988988 -0.988988 -1.253088 -1.253088 0.262154 0.267873 3.192543 1.042419
-0.989636 -0.989636 -1.610881 -1.610881 0.263379 0.270638 3.218880 1.039787
-0.976426 -0.976426 -1.493096 -1.493096 0.263603 0.272104 3.215958 1.044117
-0.960335 -0.960335 -1.459891 -1.459891 0.267218 0.268479 3.192010 1.030571
-1.037461 -1.037461 -0.916664 -0.916664 0.263587 0.267706 3.215714 1.044231
-1.002444 -1.002444 -0.806314 -0.806314 0.268081 0.270388 3.211339 1.042661
-0.983320 -0.983320 -1.095155 -1.095155 0.266766 0.268809 3.211463 1.041499
-0.958423 -0.958423 -1.826679 -1.826679 0.265705 0.272158 3.218880 1.042155
-0.960310 -0.960310 -1.648218 -1.648218 0.268054 0.269137 3.218880 1.036838
-1.031397 -1.031397 -1.260363 -1.260363 0.260635 0.269729 3.218880 1.049186
-0.985677 -0.985677 -1.640529 -1.640529 0.267683 0.277134 3.218880 1.046274
-0.932420 -0.932420 -2.253677 -2.253677 0.270518 0.269934 3.218880 1.032817
-0.973973 -0.973973 -1.190017 -1.190017 0.266126 0.268270 3.216903 1.039200
-0.991587 -0.991587 -1.732827 -1.732827 0.263552 0.270891 3.194921 1.045338
-0.973542 -0.973542 -1.165903 -1.165903 0.270802 0.272264 3.207558 1.041354
-0.965374 -0.965374 -1.626484 -1.626484 0.265139 0.269331 3.214321 1.039073
-1.026972 -1.026972 -1.311874 -1.311874 0.264238 0.275096 3.212655 1.045050
-1.036303 -1.036303 -1.350041 -1.350041 0.258752 0.274496 3.218880 1.050567
-0.973135 -0.973135 -1.481014 -1.481014 0.266480 0.270427 3.198499 1.039180
-0.944320 -0.944320 -1.221475 -1.221475 0.268960 0.270076 3.209007 1.039104
-0.918526 -0.918526 -2.178822 -2.178822 0.271614 0.270952 3.218814 1.034332
-0.862499 -0.862499 -2.257113 -2.257113 0.283199 0.273883 3.218880 1.031324
-0.956989 -0.956989 -2.050232 -2.050232 0.268081 0.272298 3.217675 1.038057
-0.980924 -0.980924 -1.537964 -1.537964 0.267131 0.268347 3.200613 1.029723
-1.014537 -1.014537 -0.852001 -0.852001 0.266926 0.265658 3.218720 1.033180
-1.036299 -1.036299 -1.276143 -1.276143 0.261741 0.270812 3.218880 1.044532
-0.977516 -0.977516 -0.911874 -0.911874 0.277789 0.273953 3.217269 1.030731
-0.989083 -0.989083 -1.835168 -1.835168 0.263843 0.273290 3.218880 1.039678
-0.982071 -0.982071 -2.419256 -2.419256 0.262479 0.273602 3.218880 1.050995
-0.955535 -0.955535 -1.466881 -1.466881 0.265287 0.265913 3.218880 1.038417
-0.942693 -0.942693 -1.683213 -1.683213 0.271084 0.272931 3.218880 1.037182
