-0.855337 -0.855337 -1.738778 -1.738778 0.275185 0.258888 3.218707 1.027064
-0.968712 -0.968712 -1.958433 -1.958433 0.263013 0.266832 3.218312 1.038403
-1.012283 -1.012283 -1.414630 -1.414630 0.259681 0.268566 3.217069 1.042775
-0.962504 -0.962504 -1.438979 -1.438979 0.268173 0.270556 3.217913 1.043050
-1.033063 -1.033063 -1.396433 -1.396433 0.264739 0.274132 3.218880 1.035256
-1.001091 -1.001091 -1.362165 -1.362165 0.267864 0.272518 3.183651 1.030128
-0.942000 -0.942000 -1.657521 -1.657521 0.272397 0.271905 3.218880 1.039060
-0.998409 -0.998409 -1.002290 -1.002290 0.267902 0.269346 3.202217 1.038506
-0.995052 -0.995052 -1.344861 -1.344861 0.265793 0.269175 3.209708 1.041639
-0.993277 -0.993277 -1.136205 -1.136205 0.261842 0.269045 3.186673 1.043055
-0.999394 -0.999394 -0.791409 -0.791409 0.267813 0.265711 3.210144 1.038374
-0.992256 -0.992256 -0.894205 -0.894205 0.272594 0.270274 3.198611 1.034926
-0.968069 -0.968069 -2.861971 -2.861971 0.273530 0.275155 3.218880 1.029665
-0.983990 -0.983990 -1.882868 -1.882868 0.265138 0.272753 3.218360 1.037627
-0.951923 -0.951923 -1.026309 -1.026309 0.272839 0.268817 3.218110 1.039053
-0.981037 -0.981037 -2.445747 -2.445747 0.265915 0.279559 3.212489 1.044939
-1.020544 -1.020544 -2.664928 -2.664928 0.260821 0.275206 3.218880 1.043742
-0.979792 -0.979792 -2.702431 -2.702431 0.263681 0.272557 3.218880 1.042370
-1.047115 -1.047115 -1.808124 -1.808124 0.258403 0.271555 3.218880 1.043877
-0.897721 -0.897721 -1.705537 -1.705537 0.274363 0.268728 3.218880 1.029276
-0.956610 -0.956610 -1.690602 -1.690602 0.270781 0.272525 3.218880 1.040476
-0.927153 -0.927153 -1.807297 -1.807297 0.277242 0.275401 3.201644 1.026855
-1.061013 -1.061013 -1.218598 -1.218598 0.263714 0.275458 3.210540 1.043345
-0.946767 -0.946767 -1.580213 -1.580213 0.268016 0.269402 3.218880 1.037928
-1.051203 -1.051203 -0.890251 -0.890251 0.266884 0.274339 3.218880 1.042506
-1.039772 -1.039772 -1.389037 -1.389037 0.260200 0.272953 3.204396 1.042220
-1.004459 -1.004459 -2.031067 -2.031067 0.266178 0.278783 3.218880 1.048356
-1.032923 -1.032923 -0.673129 -0.673129 0.268187 0.266530 3.218880 1.035649
-1.067609 -1.067609 -1.155456 -1.155456 0.263795 0.274553 3.218763 1.042883
-1.009528 -1.009528 -1.010585 -1.010585 0.267786 0.267922 3.171276 1.031097
-0.982679 -0.982679 -1.503528 -1.503528 0.265080 0.270012 3.217879 1.040081
-1.009827 -1.009827 -1.191331 -1.191331 0.266690 0.268659 3.183171 1.030278
-1.009525 -1.009525 -1.682714 -1.682714 0.261165 0.273454 3.218880 1.043621
-0.936920 -0.936920 -3.273329 -3.273329 0.268947 0.275164 3.217062 1.033521
-0.984161 -0.984161 -1.505726 -1.505726 0.267059 0.264111 3.218880 1.025418
-1.042534 -1.042534 -0.912716 -0.912716 0.261303 0.267387 3.218880 1.044318
-1.016994 -1.016994 -1.575204 -1.575204 0.264866 0.272304 3.218880 1.042408
-1.019292 -1.019292 -1.762739 -1.762739 0.257104 0.272508 3.218880 1.048699
-1.004502 -1.004502 -1.114552 -1.114552 0.265163 0.263465 3.189247 1.028977
-1.019158 -1.019158 -1.284469 -1.284469 0.260052 0.267678 3.209117 1.050813
-1.016769 -1.016769 -1.216298 -1.216298 0.261689 0.266280 3.176632 1.033505
-0.988874 -0.988874 -1.686994 -1.686994 0.268182 0.274815 3.218880 1.040362
-0.989565 -0.989565 -2.709138 -2.709138 0.261750 0.276522 3.218880 1.046529
-0.963648 -0.963648 -1.316348 -1.316348 0.273652 0.274974 3.209721 1.035434
-1.022087 -1.022087 -1.241518 -1.241518 0.263409 0.270483 3.206810 1.040440
-0.974702 -0.974702 -1.891496 -1.891496 0.264276 0.270797 3.218880 1.040946
-0.967640 -0.967640 -1.532778 -1.532778 0.262006 0.269822 3.194221 1.043364
-1.025404 -1.025404 -2.412541 -2.412541 0.252376 0.271509 3.217364 1.049207
-1.025900 -1.025900 -1.061386 -1.061386 0.269609 0.270734 3.210555 1.034766
-1.017690 -1.017690 -1.062631 -1.062631 0.269866 0.273063 3.200133 1.036017
-0.958773 -0.958773 -1.369238 -1.369238 0.261913 0.267060 3.218880 1.042821
-0.987327 -0.987327 -1.020312 -1.020312 0.261243 0.264081 3.197911 1.034172
-1.029497 -1.029497 -1.389195 -1.389195 0.260437 0.275266 3.218880 1.050812
-1.011065 -1.011065 -0.738685 -0.738685 0.270907 0.273759 3.211262 1.046520
-0.974557 -0.974557 -1.085688 -1.085688 0.267328 0.262911 3.216273 1.033656
-0.969849 -0.969849 -2.016111 -2.016111 0.266335 0.276391 3.218880 1.045463
-0.985979 -0.985979 -1.336831 -1.336831 0.269493 0.273271 3.218729 1.035753
-1.030707 -1.030707 -1.603141 -1.603141 0.258282 0.271461 3.218880 1.044765
-0.968818 -0.968818 -1.133112 -1.133112 0.267780 0.262719 3.200974 1.029758
-1.041932 -1.041932 -1.080792 -1.080792 0.262235 0.272439 3.218880 1.042681
-1.035983 -1.035983 -1.265363 -1.265363 0.270507 0.273735 3.203994 1.034640
-0.979982 -0.979982 -2.121880 -2.121880 0.265662 0.274859 3.218880 1.040578
-0.943657 -0.943657 -1.412802 -1.412802 0.268241 0.268018 3.218208 1.038075
-0.985988 -0.985988 -1.210888 -1.210888 0.266297 0.269577 3.218375 1.038251
-1.113211 -1.113211 -0.736861 -0.736861 0.258674 0.272568 3.218880 1.047911
-0.992619 -0.992619 -1.575558 -1.575558 0.263189 0.274277 3.164000 1.034713
-0.969665 -0.969665 -1.817282 -1.817282 0.266213 0.265978 3.209817 1.024161
-0.953040 -0.953040 -2.567584 -2.567584 0.271408 0.275672 3.218880 1.037761
-1.018592 -1.018592 -1.054964 -1.054964 0.269229 0.274764 3.209175 1.043539
-0.958945 -0.958945 -1.516523 -1.516523 0.272585 0.272900 3.218880 1.033302
-1.007030 -1.007030 -1.207337 -1.207337 0.264555 0.270077 3.202894 1.036613
-1.022230 -1.022230 -1.170221 -1.170221 0.259955 0.267144 3.218069 1.041109
-0.966358 -0.966358 -1.728550 -1.728550 0.266406 0.273994 3.218880 1.042963
-0.897167 -0.897167 -2.424470 -2.424470 0.273499 0.269611 3.218880 1.025709
-0.894530 -0.894530 -2.521188 -2.521188 0.273759 0.267544 3.218760 1.018851
-1.012960 -1.012960 -2.085653 -2.085653 0.261195 0.272479 3.218880 1.040294
-1.012880 -1.012880 -1.771768 -1.771768 0.260162 0.271550 3.218880 1.040984
-1.034542 -1.034542 -2.512371 -2.512371 0.256050 0.273688 3.218880 1.045268
-0.963005 -0.963005 -2.964975 -2.964975 0.270743 0.279399 3.217626 1.038007
-0.922524 -0.922524 -1.384805 -1.384805 0.272241 0.265887 3.218880 1.032008
-0.945431 -0.945431 -1.520887 -1.520887 0.269238 0.270737 3.218880 1.039893
-0.984195 -0.984195 -3.163713 -3.163713 0.264738 0.279906 3.218880 1.047805
-0.982091 -0.982091 -1.312761 -1.312761 0.268793 0.269559 3.218880 1.036767
-0.928102 -0.928102 -1.668682 -1.668682 0.272579 0.272424 3.218880 1.037743
-0.947349 -0.947349 -1.512786 -1.512786 0.268446 0.268367 3.214065 1.034076
-0.938637 -0.938637 -2.143587 -2.143587 0.270231 0.273808 3.218880 1.043128
-1.021485 -1.021485 -1.076830 -1.076830 0.262532 0.270841 3.174467 1.034955
-0.961290 -0.961290 -2.774374 -2.774374 0.272482 0.278452 3.218416 1.037173
-0.968607 -0.968607 -1.323049 -1.323049 0.264322 0.265608 3.217933 1.037737
-0.901992 -0.901992 -2.075028 -2.075028 0.275225 0.270128 3.204971 1.022123
-0.954675 -0.954675 -2.350370 -2.350370 0.265130 0.271345 3.214660 1.038813
-1.010036 -1.010036 -1.197127 -1.197127 0.269684 0.272589 3.214638 1.034598
-0.942532 -0.942532 -1.551375 -1.551375 0.268196 0.266483 3.218880 1.040662
-1.045627 -1.045627 -1.233676 -1.233676 0.263648 0.272636 3.218255 1.045882
-0.987903 -0.987903 -1.331951 -1.331951 0.268253 0.268684 3.214965 1.034832
-0.968737 -0.968737 -2.376510 -2.376510 0.267951 0.275810 3.218880 1.045737
-0.908535 -0.908535 -1.369433 -1.369433 0.274391 0.266755 3.218880 1.032331
-1.033264 -1.033264 -0.688147 -0.688147 0.265916 0.266512 3.188523 1.036833
-1.002814 -1.002814 -0.772971 -0.772971 0.266276 0.263845 3.218880 1.039599
-1.019384 -1.019384 -0.716712 -0.716712 0.264078 0.263370 3.218880 1.042684
-0.995053 -0.995053 -1.043817 -1.043817 0.266300 0.268121 3.212741 1.041456
-1.020751 -1.020751 -0.766306 -0.766306 0.268647 0.269970 3.207040 1.040995
-1.008304 -1.008304 -2.400534 -2.400534 0.257291 0.272312 3.210294 1.045843
-0.999210 -0.999210 -2.304233 -2.304233 0.268019 0.278895 3.211882 1.040578
-1.000664 -1.000664 -1.580818 -1.580818 0.270294 0.282945 3.218880 1.050220
-0.943526 -0.943526 -1.835661 -1.835661 0.269164 0.271981 3.218880 1.036602
-0.938860 -0.938860 -1.728613 -1.728613 0.273628 0.270984 3.218880 1.031345
-1.035663 -1.035663 -0.991091 -0.991091 0.260287 0.266850 3.204041 1.041491
-1.015417 -1.015417 -1.359473 -1.359473 0.266249 0.276041 3.209512 1.045550
-1.028103 -1.028103 -1.233069 -1.233069 0.266302 0.274569 3.198461 1.037086
-0.905043 -0.905043 -2.193191 -2.193191 0.272657 0.269980 3.218880 1.036024
-1.026995 -1.026995 -0.672506 -0.672506 0.264813 0.263914 3.212686 1.034993
-1.040152 -1.040152 -1.771468 -1.771468 0.265797 0.276156 3.217047 1.038281
-1.022473 -1.022473 -1.124644 -1.124644 0.269434 0.275520 3.218880 1.043493
-0.966282 -0.966282 -1.262242 -1.262242 0.267170 0.267294 3.218880 1.039665
-0.897045 -0.897045 -2.071334 -2.071334 0.275347 0.270398 3.218812 1.029524
-0.997347 -0.997347 -1.716484 -1.716484 0.264051 0.274040 3.218880 1.042190
-1.007437 -1.007437 -1.146872 -1.146872 0.269083 0.272888 3.210607 1.036956
-0.932938 -0.932938 -1.779593 -1.779593 0.267498 0.269768 3.217138 1.038611
-1.007551 -1.007551 -1.293302 -1.293302 0.266316 0.274988 3.210387 1.037436
-0.977834 -0.977834 -1.430248 -1.430248 0.263249 0.265983 3.206809 1.037935
-1.049198 -1.049198 -0.862836 -0.862836 0.259817 0.266895 3.218694 1.043278
-1.040302 -1.040302 -1.410852 -1.410852 0.257687 0.270739 3.218880 1.046128
-1.027046 -1.027046 -1.153584 -1.153584 0.258876 0.268592 3.218880 1.047282
-0.916956 -0.916956 -2.867807 -2.867807 0.272201 0.277013 3.214475 1.038606
-0.949362 -0.949362 -3.235196 -3.235196 0.263905 0.275018 3.218880 1.046051
-0.986328 -0.986328 -4.299119 -4.299119 0.263689 0.279845 3.218590 1.046817
-1.074048 -1.074048 -1.100510 -1.100510 0.263009 0.278153 3.186235 1.039516
-1.034301 -1.034301 -1.420664 -1.420664 0.265208 0.278456 3.211773 1.040449
-1.029718 -1.029718 -1.016005 -1.016005 0.263537 0.272698 3.163955 1.035598
-0.963796 -0.963796 -1.355101 -1.355101 0.272218 0.267102 3.214424 1.033218
-1.008593 -1.008593 -1.994314 -1.994314 0.267484 0.279243 3.203380 1.045267
