-1.036216 -1.036216 -1.340722 -1.340722 0.264215 0.274690 3.218426 1.044890
-0.962447 -0.962447 -2.071740 -2.071740 0.267167 0.275139 3.218609 1.041238
-0.970810 -0.970810 -1.379574 -1.379574 0.267285 0.266074 3.218880 1.030873
-1.058099 -1.058099 -0.610544 -0.610544 0.260342 0.263529 3.208229 1.041340
-0.986264 -0.986264 -2.374600 -2.374600 0.265449 0.274547 3.218880 1.041253
-1.021761 -1.021761 -1.490168 -1.490168 0.262581 0.268133 3.205058 1.035067
-0.912116 -0.912116 -1.800645 -1.800645 0.273840 0.267852 3.218880 1.025862
-0.964904 -0.964904 -1.438638 -1.438638 0.270035 0.274228 3.184799 1.035948
-1.053986 -1.053986 -1.959108 -1.959108 0.261897 0.277967 3.217318 1.049299
-1.068005 -1.068005 -0.953935 -0.953935 0.265199 0.273447 3.207113 1.038743
-1.100931 -1.100931 -1.016038 -1.016038 0.255945 0.274859 3.205373 1.053197
-1.017059 -1.017059 -1.324144 -1.324144 0.262994 0.269489 3.218880 1.043274
-0.967207 -0.967207 -2.139436 -2.139436 0.271310 0.276625 3.218523 1.039589
-0.882240 -0.882240 -1.759310 -1.759310 0.269668 0.264072 3.217996 1.031738
-0.986153 -0.986153 -1.957132 -1.957132 0.265534 0.276773 3.218880 1.044344
-0.983964 -0.983964 -2.073093 -2.073093 0.270612 0.283009 3.218880 1.048822
-1.027308 -1.027308 -1.646637 -1.646637 0.260813 0.274233 3.218880 1.045092
-0.928193 -0.928193 -0.966216 -0.966216 0.271944 0.264883 3.201059 1.031163
-1.034415 -1.034415 -1.123007 -1.123007 0.253600 0.264907 3.218880 1.045371
-1.032206 -1.032206 -0.808328 -0.808328 0.257093 0.264940 3.203947 1.043098
-0.992682 -0.992682 -1.088680 -1.088680 0.260745 0.264400 3.210533 1.037007
-1.026471 -1.026471 -1.218538 -1.218538 0.257926 0.266886 3.218880 1.040685
-0.959685 -0.959685 -1.675192 -1.675192 0.269196 0.273400 3.218820 1.036656
-0.955190 -0.955190 -1.668343 -1.668343 0.261644 0.260579 3.217461 1.034476
-0.991454 -0.991454 -0.688508 -0.688508 0.269741 0.262854 3.218880 1.034342
-0.972554 -0.972554 -1.754632 -1.754632 0.265139 0.272718 3.218880 1.037732
-0.986292 -0.986292 -2.017687 -2.017687 0.262512 0.271527 3.193386 1.031626
-0.933998 -0.933998 -1.481321 -1.481321 0.270097 0.266998 3.218880 1.030887
-0.991144 -0.991144 -1.646162 -1.646162 0.265563 0.273281 3.218880 1.039500
-0.995282 -0.995282 -1.311125 -1.311125 0.267056 0.271776 3.212726 1.039378
-0.948985 -0.948985 -1.388312 -1.388312 0.261971 0.266205 3.218669 1.037758
-0.982581 -0.982581 -0.978805 -0.978805 0.262679 0.260971 3.214853 1.036973
-1.017960 -1.017960 -1.106124 -1.106124 0.260006 0.272570 3.197372 1.046583
-1.000718 -1.000718 -1.137481 -1.137481 0.264492 0.267431 3.218068 1.042599
-0.905769 -0.905769 -2.471583 -2.471583 0.274230 0.274392 3.201752 1.027407
-0.913732 -0.913732 -1.843061 -1.843061 0.268981 0.266848 3.218183 1.040888
-1.052992 -1.052992 -0.764178 -0.764178 0.265470 0.270567 3.215644 1.039553
-1.055219 -1.055219 -1.391258 -1.391258 0.259737 0.273995 3.218021 1.045240
-0.999786 -0.999786 -1.136717 -1.136717 0.267432 0.268948 3.218880 1.039013
-0.991176 -0.991176 -1.116677 -1.116677 0.266364 0.266025 3.218114 1.030569
-0.966371 -0.966371 -1.153283 -1.153283 0.272181 0.269521 3.218880 1.037922
-0.958577 -0.958577 -1.146143 -1.146143 0.270980 0.267751 3.218880 1.037329
-0.947544 -0.947544 -0.773283 -0.773283 0.266224 0.258456 3.218880 1.035283
-0.986062 -0.986062 -2.188246 -2.188246 0.264089 0.272668 3.217389 1.040223
-1.005611 -1.005611 -0.985415 -0.985415 0.268746 0.269683 3.217641 1.037112
-0.965677 -0.965677 -1.531472 -1.531472 0.273624 0.275737 3.218880 1.038048
-1.028687 -1.028687 -0.997634 -0.997634 0.260846 0.265705 3.218525 1.045715
-0.988282 -0.988282 -1.796758 -1.796758 0.264692 0.265379 3.216062 1.033464
-0.958022 -0.958022 -2.737336 -2.737336 0.263545 0.267863 3.218493 1.030324
-1.010553 -1.010553 -1.139133 -1.139133 0.257607 0.269143 3.166293 1.036638
-1.033588 -1.033588 -1.185754 -1.185754 0.264265 0.272903 3.218179 1.045449
-0.986811 -0.986811 -1.156255 -1.156255 0.261786 0.267052 3.213311 1.039314
-0.985013 -0.985013 -1.670273 -1.670273 0.262608 0.271019 3.212190 1.039895
-0.916645 -0.916645 -1.542495 -1.542495 0.263741 0.260767 3.218880 1.034649
-0.983914 -0.983914 -1.450103 -1.450103 0.264238 0.268569 3.218880 1.042565
-0.965247 -0.965247 -1.373464 -1.373464 0.267635 0.267771 3.214060 1.039380
-0.977407 -0.977407 -1.640800 -1.640800 0.268111 0.268194 3.218880 1.032735
-0.966864 -0.966864 -1.141561 -1.141561 0.267430 0.267191 3.208021 1.039828
-0.962836 -0.962836 -1.934417 -1.934417 0.266429 0.270728 3.218880 1.048957
-0.986408 -0.986408 -1.264888 -1.264888 0.266208 0.270337 3.218880 1.043856
-0.985453 -0.985453 -1.232511 -1.232511 0.271666 0.272359 3.218880 1.035877
-0.969070 -0.969070 -1.535527 -1.535527 0.264936 0.267416 3.201353 1.037835
-0.955664 -0.955664 -1.776910 -1.776910 0.268010 0.272387 3.218880 1.045850
-0.986711 -0.986711 -1.370769 -1.370769 0.262036 0.265448 3.218880 1.041687
-0.907633 -0.907633 -1.992420 -1.992420 0.271309 0.270009 3.218880 1.032222
-1.044323 -1.044323 -1.135430 -1.135430 0.258822 0.266047 3.214228 1.042883
-1.054996 -1.054996 -1.096192 -1.096192 0.263071 0.272802 3.190266 1.043011
-1.016572 -1.016572 -1.332266 -1.332266 0.258778 0.265607 3.212949 1.039420
-1.039176 -1.039176 -0.829254 -0.829254 0.266370 0.270683 3.213657 1.043633
-0.977060 -0.977060 -1.982520 -1.982520 0.266949 0.276962 3.218880 1.047198
-1.008316 -1.008316 -3.669192 -3.669192 0.258997 0.275847 3.218880 1.044050
-0.938425 -0.938425 -2.649862 -2.649862 0.270849 0.277954 3.218880 1.039076
-0.956883 -0.956883 -1.292890 -1.292890 0.266659 0.266363 3.218880 1.038432
-0.929241 -0.929241 -1.309591 -1.309591 0.270080 0.265558 3.218880 1.033660
-0.923092 -0.923092 -2.214547 -2.214547 0.270880 0.271678 3.218828 1.032229
-0.945136 -0.945136 -1.572100 -1.572100 0.270081 0.264536 3.218880 1.027088
-0.983473 -0.983473 -3.111300 -3.111300 0.260016 0.272685 3.218880 1.040202
-0.931006 -0.931006 -3.605826 -3.605826 0.270147 0.277872 3.218880 1.040745
-1.031856 -1.031856 -1.736243 -1.736243 0.261760 0.278184 3.218623 1.048643
-1.009176 -1.009176 -1.293964 -1.293964 0.265183 0.268322 3.217320 1.041005
-0.940482 -0.940482 -1.325072 -1.325072 0.271247 0.269323 3.218880 1.040152
-0.972907 -0.972907 -2.389486 -2.389486 0.266811 0.273510 3.213432 1.034731
-0.879276 -0.879276 -1.837933 -1.837933 0.267822 0.264238 3.218880 1.036964
-0.907684 -0.907684 -2.422197 -2.422197 0.270698 0.269649 3.218880 1.036393
-1.011883 -1.011883 -1.319035 -1.319035 0.263756 0.271290 3.218845 1.043819
-1.046617 -1.046617 -1.007083 -1.007083 0.265887 0.274673 3.208435 1.041242
-0.963251 -0.963251 -1.629279 -1.629279 0.265272 0.270491 3.199297 1.037452
-0.959313 -0.959313 -2.824179 -2.824179 0.263809 0.272182 3.218880 1.041749
-0.938683 -0.938683 -2.408587 -2.408587 0.264186 0.276364 3.156062 1.035563
-0.949620 -0.949620 -3.225628 -3.225628 0.266088 0.275320 3.215580 1.041318
-0.918889 -0.918889 -4.570352 -4.570352 0.266766 0.272995 3.218880 1.040822
-0.995225 -0.995225 -3.027929 -3.027929 0.262941 0.274185 3.218880 1.037735
-0.967511 -0.967511 -3.725057 -3.725057 0.267603 0.277365 3.208388 1.036905
-0.970158 -0.970158 -1.780021 -1.780021 0.266487 0.270258 3.218880 1.036481
-1.020786 -1.020786 -1.044094 -1.044094 0.266874 0.271003 3.174938 1.037757
-1.006966 -1.006966 -1.124363 -1.124363 0.265819 0.268540 3.218020 1.036722
-0.878648 -0.878648 -1.665947 -1.665947 0.278377 0.265443 3.218880 1.027080
-0.944183 -0.944183 -1.338539 -1.338539 0.268569 0.266432 3.213181 1.035546
-0.969574 -0.969574 -1.299244 -1.299244 0.263593 0.267299 3.197492 1.042246
-0.915821 -0.915821 -1.014226 -1.014226 0.270011 0.261139 3.218880 1.033573
-1.103962 -1.103962 -0.917857 -0.917857 0.257009 0.272414 3.172597 1.043048
-1.070655 -1.070655 -1.043347 -1.043347 0.257244 0.274685 3.211674 1.051380
-0.913261 -0.913261 -1.868597 -1.868597 0.272468 0.265707 3.218880 1.024590
-0.952009 -0.952009 -2.409401 -2.409401 0.265877 0.274897 3.191728 1.037207
-0.925154 -0.925154 -1.650481 -1.650481 0.270442 0.273010 3.215210 1.042626
-0.997826 -0.997826 -1.397455 -1.397455 0.266086 0.272179 3.218880 1.042173
-0.980414 -0.980414 -1.302147 -1.302147 0.264890 0.267405 3.218287 1.037889
-0.912836 -0.912836 -0.960356 -0.960356 0.271458 0.264522 3.218880 1.039718
-0.921503 -0.921503 -1.067422 -1.067422 0.264805 0.259948 3.206673 1.033450
-1.063507 -1.063507 -1.726507 -1.726507 0.258038 0.273874 3.211505 1.045116
-0.931779 -0.931779 -2.330958 -2.330958 0.272933 0.274698 3.218874 1.036505
-0.968948 -0.968948 -1.841040 -1.841040 0.274365 0.281478 3.218880 1.042680
-1.025466 -1.025466 -1.265454 -1.265454 0.271437 0.274749 3.218880 1.034340
-0.995553 -0.995553 -1.589483 -1.589483 0.271279 0.273071 3.207909 1.034414
-1.048737 -1.048737 -1.053519 -1.053519 0.260705 0.270874 3.218880 1.048004
-0.988087 -0.988087 -1.534749 -1.534749 0.258284 0.266828 3.218394 1.043588
-1.058211 -1.058211 -1.178262 -1.178262 0.256353 0.267681 3.210715 1.042617
-1.048208 -1.048208 -1.473072 -1.473072 0.257987 0.270820 3.218880 1.044533
-0.941480 -0.941480 -1.782354 -1.782354 0.268155 0.270617 3.218880 1.043128
-0.913476 -0.913476 -1.887040 -1.887040 0.270362 0.267250 3.218021 1.033429
-0.950900 -0.950900 -1.536215 -1.536215 0.269456 0.264432 3.218866 1.033913
-1.050614 -1.050614 -2.611858 -2.611858 0.259780 0.280948 3.218880 1.049721
-0.997769 -0.997769 -1.346091 -1.346091 0.262680 0.268006 3.218754 1.044834
-0.951228 -0.951228 -1.479283 -1.479283 0.267973 0.269137 3.210927 1.037241
-0.930716 -0.930716 -2.063010 -2.063010 0.267895 0.273575 3.216473 1.040913
-0.990127 -0.990127 -1.128482 -1.128482 0.271131 0.271806 3.217652 1.037179
-0.950141 -0.950141 -1.031922 -1.031922 0.272718 0.269295 3.218880 1.039359
-0.995190 -0.995190 -1.391453 -1.391453 0.269202 0.276670 3.214397 1.039819
-0.969057 -0.969057 -1.550072 -1.550072 0.268795 0.270338 3.210642 1.037925
-0.976584 -0.976584 -2.117547 -2.117547 0.266415 0.276502 3.214698 1.043995
-0.947425 -0.947425 -2.260258 -2.260258 0.265113 0.269958 3.215120 1.042237
-0.970027 -0.970027 -1.734947 -1.734947 0.265875 0.269814 3.208683 1.037753
