-1.017574 -1.017574 -0.823457 -0.823457 0.311519 0.248537 3.218880 0.952680
-1.010395 -1.010395 -1.129957 -1.129957 0.304530 0.247669 3.218880 0.948220
-1.025585 -1.025585 -1.127815 -1.127815 0.313352 0.262657 3.218880 0.949853
-1.037452 -1.037452 -1.057045 -1.057045 0.303376 0.240499 3.218880 0.945720
-1.016550 -1.016550 -1.063084 -1.063084 0.301255 0.240013 3.218880 0.947321
-1.006359 -1.006359 -1.204630 -1.204630 0.307272 0.243568 3.218880 0.945095
-0.997549 -0.997549 -1.057716 -1.057716 0.299233 0.240002 3.218880 0.952923
-1.024270 -1.024270 -0.988775 -0.988775 0.295980 0.240000 3.218880 0.951974
-1.025650 -1.025650 -1.246261 -1.246261 0.301098 0.241157 3.218880 0.946325
-1.028532 -1.028532 -1.081700 -1.081700 0.298339 0.240000 3.218880 0.947954
-1.034420 -1.034420 -1.490158 -1.490158 0.314406 0.272174 3.218880 0.945474
-1.008749 -1.008749 -1.189424 -1.189424 0.301607 0.240000 3.218880 0.945040
-1.026685 -1.026685 -1.365041 -1.365041 0.312408 0.264264 3.218880 0.949131
-1.018915 -1.018915 -1.334696 -1.334696 0.297064 0.240000 3.218880 0.945006
-1.001103 -1.001103 -1.061525 -1.061525 0.314925 0.259105 3.218880 0.948756
-1.033706 -1.033706 -0.841805 -0.841805 0.316065 0.262329 3.209265 0.952533
-1.026949 -1.026949 -1.006619 -1.006619 0.309880 0.249466 3.218880 0.942481
-1.002515 -1.002515 -1.301711 -1.301711 0.301472 0.240000 3.218880 0.945448
-1.028880 -1.028880 -1.076447 -1.076447 0.303995 0.240000 3.218880 0.941379
-1.020449 -1.020449 -1.036113 -1.036113 0.299594 0.240000 3.218880 0.953494
-1.014527 -1.014527 -1.490358 -1.490358 0.319089 0.284261 3.218880 0.952387
-1.029882 -1.029882 -1.049241 -1.049241 0.304028 0.240031 3.218880 0.947090
-1.029395 -1.029395 -1.048910 -1.048910 0.297151 0.240000 3.218880 0.949726
-1.013766 -1.013766 -0.796679 -0.796679 0.303663 0.240000 3.218880 0.955490
-1.026779 -1.026779 -0.854963 -0.854963 0.298940 0.240000 3.218880 0.958016
-1.012404 -1.012404 -1.572528 -1.572528 0.303656 0.244650 3.218880 0.940908
-1.009114 -1.009114 -1.419630 -1.419630 0.307052 0.246262 3.218880 0.943380
-0.987009 -0.987009 -1.225478 -1.225478 0.301226 0.240000 3.218880 0.950767
-1.019765 -1.019765 -0.889713 -0.889713 0.302524 0.240000 3.218880 0.948082
-1.026640 -1.026640 -1.098888 -1.098888 0.308136 0.250531 3.218880 0.952720
-1.018237 -1.018237 -1.321915 -1.321915 0.316060 0.266953 3.218880 0.943188
-1.011799 -1.011799 -1.014620 -1.014620 0.304007 0.240317 3.218880 0.946776
-1.018585 -1.018585 -0.939467 -0.939467 0.301434 0.240000 3.218880 0.949565
-1.030066 -1.030066 -1.502641 -1.502641 0.306351 0.250640 3.218880 0.938018
-1.012926 -1.012926 -1.473875 -1.473875 0.318525 0.288295 3.217776 0.957388
-1.029224 -1.029224 -1.350081 -1.350081 0.312690 0.262988 3.218880 0.948644
-1.017722 -1.017722 -0.883231 -0.883231 0.302975 0.240000 3.218880 0.953849
-1.030241 -1.030241 -0.978739 -0.978739 0.299129 0.240000 3.218880 0.950199
-1.036610 -1.036610 -0.956389 -0.956389 0.298811 0.240000 3.218880 0.952093
-1.011685 -1.011685 -1.395056 -1.395056 0.297895 0.240000 3.218880 0.945256
-1.044870 -1.044870 -1.609179 -1.609179 0.315716 0.282576 3.218880 0.938456
-1.007549 -1.007549 -1.566691 -1.566691 0.306615 0.253691 3.218880 0.949688
-1.005934 -1.005934 -1.188058 -1.188058 0.300409 0.240000 3.218880 0.943007
-1.037368 -1.037368 -1.161369 -1.161369 0.293493 0.240000 3.218880 0.949402
-1.022785 -1.022785 -1.449372 -1.449372 0.309783 0.267148 3.218880 0.944487
-1.019037 -1.019037 -1.269574 -1.269574 0.304728 0.245099 3.218880 0.944046
-1.007302 -1.007302 -1.330671 -1.330671 0.301354 0.240000 3.218880 0.943603
-1.028595 -1.028595 -1.623434 -1.623434 0.294616 0.240000 3.218880 0.949839
-0.999905 -0.999905 -1.073249 -1.073249 0.300554 0.240000 3.218880 0.949830
-1.024151 -1.024151 -1.041554 -1.041554 0.317438 0.268273 3.218880 0.952692
-1.030275 -1.030275 -1.099517 -1.099517 0.299432 0.240000 3.218880 0.950015
-1.026890 -1.026890 -1.286609 -1.286609 0.305516 0.249777 3.218880 0.947567
-1.034047 -1.034047 -1.105043 -1.105043 0.297542 0.240000 3.218880 0.945939
-1.011096 -1.011096 -1.091804 -1.091804 0.301973 0.240041 3.218880 0.943783
-1.020615 -1.020615 -1.424524 -1.424524 0.312600 0.268648 3.218880 0.946269
-1.007256 -1.007256 -1.066485 -1.066485 0.302938 0.240000 3.218880 0.950257
-1.001298 -1.001298 -1.121365 -1.121365 0.302003 0.240000 3.218880 0.947430
-0.990764 -0.990764 -1.100966 -1.100966 0.304520 0.242787 3.218880 0.948063
-1.018521 -1.018521 -1.198320 -1.198320 0.312726 0.254900 3.218880 0.942213
-1.010420 -1.010420 -1.205584 -1.205584 0.299211 0.240043 3.218880 0.948053
-1.003222 -1.003222 -1.138456 -1.138456 0.310662 0.250693 3.218880 0.946407
-1.025807 -1.025807 -1.630596 -1.630596 0.316234 0.288862 3.218880 0.946385
-1.030664 -1.030664 -0.968301 -0.968301 0.304509 0.246218 3.218880 0.951723
-1.030374 -1.030374 -1.115420 -1.115420 0.300953 0.240000 3.218880 0.942884
-0.984773 -0.984773 -1.271256 -1.271256 0.307836 0.244738 3.218880 0.946529
-0.996556 -0.996556 -1.331086 -1.331086 0.297947 0.240000 3.218880 0.950702
-1.008656 -1.008656 -1.169342 -1.169342 0.300540 0.240000 3.218880 0.945676
-1.015771 -1.015771 -1.286049 -1.286049 0.305252 0.245023 3.218880 0.945277
-1.031314 -1.031314 -1.406722 -1.406722 0.300016 0.240000 3.218880 0.941368
-1.015964 -1.015964 -1.154238 -1.154238 0.302895 0.243656 3.218880 0.946628
-1.030701 -1.030701 -1.049287 -1.049287 0.299586 0.240000 3.218880 0.946845
-1.015019 -1.015019 -1.195112 -1.195112 0.300581 0.240000 3.218880 0.944839
-1.000183 -1.000183 -1.542194 -1.542194 0.297861 0.240000 3.218880 0.944459
-1.014987 -1.014987 -1.150477 -1.150477 0.298564 0.240011 3.218880 0.949625
-1.021399 -1.021399 -1.033148 -1.033148 0.300630 0.241358 3.218880 0.951908
-0.981438 -0.981438 -1.461020 -1.461020 0.307476 0.246874 3.218880 0.948315
-1.005532 -1.005532 -1.168524 -1.168524 0.300224 0.240939 3.218880 0.954991
-1.007571 -1.007571 -1.115128 -1.115128 0.304692 0.240995 3.218880 0.948971
-1.035070 -1.035070 -1.240838 -1.240838 0.311423 0.259110 3.218880 0.950504
-1.012158 -1.012158 -1.061511 -1.061511 0.304874 0.244876 3.218880 0.947380
-1.040939 -1.040939 -1.268341 -1.268341 0.299110 0.240222 3.218880 0.948250
-1.018766 -1.018766 -1.150637 -1.150637 0.303217 0.241370 3.218880 0.945404
-1.021076 -1.021076 -1.300288 -1.300288 0.302206 0.244137 3.218880 0.941161
-1.031365 -1.031365 -1.338289 -1.338289 0.300165 0.240000 3.218880 0.941017
-1.048153 -1.048153 -1.482752 -1.482752 0.308615 0.268637 3.218880 0.943588
-1.001881 -1.001881 -1.173658 -1.173658 0.301658 0.240000 3.218880 0.945460
-1.017596 -1.017596 -1.664425 -1.664425 0.317579 0.284012 3.218880 0.952809
-1.003760 -1.003760 -1.904210 -1.904210 0.298045 0.241439 3.218880 0.944082
-1.001616 -1.001616 -1.106735 -1.106735 0.304525 0.240000 3.218880 0.944854
-1.009534 -1.009534 -1.257075 -1.257075 0.298952 0.240000 3.218880 0.946640
-1.036592 -1.036592 -1.129080 -1.129080 0.297899 0.240000 3.218880 0.946269
