-1.013880 -1.013880 -1.303502 -1.303502 0.299108 0.240025 3.218880 0.948620
-1.005690 -1.005690 -1.241505 -1.241505 0.311514 0.256505 3.218880 0.951333
-1.021475 -1.021475 -1.426403 -1.426403 0.311461 0.264156 3.218880 0.948947
-1.023165 -1.023165 -1.278618 -1.278618 0.304489 0.241461 3.218880 0.944286
-1.044087 -1.044087 -1.027542 -1.027542 0.303009 0.240000 3.218880 0.944661
-1.013651 -1.013651 -1.112938 -1.112938 0.299930 0.240000 3.218880 0.950583
-1.016399 -1.016399 -1.393652 -1.393652 0.307148 0.261289 3.218880 0.943988
-1.021143 -1.021143 -1.448096 -1.448096 0.298796 0.240164 3.218880 0.943620
-1.016110 -1.016110 -1.038331 -1.038331 0.306306 0.242377 3.218880 0.948224
-1.023681 -1.023681 -1.434668 -1.434668 0.313131 0.271223 3.218880 0.944185
-1.012707 -1.012707 -1.379326 -1.379326 0.300191 0.240018 3.218880 0.941380
-0.998795 -0.998795 -1.211962 -1.211962 0.298358 0.240000 3.218880 0.954060
-1.005621 -1.005621 -1.028167 -1.028167 0.305597 0.241289 3.218880 0.949601
-1.004350 -1.004350 -1.332909 -1.332909 0.303442 0.241031 3.218880 0.948163
-1.029859 -1.029859 -0.824372 -0.824372 0.313770 0.245612 3.218880 0.944928
-1.004815 -1.004815 -1.045974 -1.045974 0.307314 0.242845 3.218880 0.949822
-1.034236 -1.034236 -1.385431 -1.385431 0.320017 0.291411 3.218880 0.948593
-1.036205 -1.036205 -1.299905 -1.299905 0.301560 0.240000 3.218880 0.937372
-1.023907 -1.023907 -1.095270 -1.095270 0.300856 0.240000 3.218880 0.944975
-1.009517 -1.009517 -1.498640 -1.498640 0.306072 0.248665 3.218880 0.945227
-0.989583 -0.989583 -1.324438 -1.324438 0.310886 0.256551 3.218880 0.946810
-1.033921 -1.033921 -1.033947 -1.033947 0.299499 0.240000 3.218880 0.950778
-1.011654 -1.011654 -1.245321 -1.245321 0.299007 0.240000 3.218880 0.947817
-1.020326 -1.020326 -1.257526 -1.257526 0.297717 0.240000 3.218880 0.945043
-1.029758 -1.029758 -1.543093 -1.543093 0.312453 0.288402 3.218880 0.938464
-1.041543 -1.041543 -1.002666 -1.002666 0.300371 0.240000 3.218880 0.948779
-1.046968 -1.046968 -1.356480 -1.356480 0.318875 0.281452 3.218866 0.949564
-0.990786 -0.990786 -1.098499 -1.098499 0.296745 0.240000 3.218880 0.952844
-1.013863 -1.013863 -0.970348 -0.970348 0.302300 0.240000 3.218880 0.953103
-1.018588 -1.018588 -1.359068 -1.359068 0.313351 0.262845 3.218880 0.946685
-1.031360 -1.031360 -1.303452 -1.303452 0.303328 0.242837 3.218880 0.952034
-0.976630 -0.976630 -1.049893 -1.049893 0.299897 0.240000 3.218880 0.957910
-1.028234 -1.028234 -1.129828 -1.129828 0.302884 0.243126 3.218880 0.948622
-1.001193 -1.001193 -1.122082 -1.122082 0.300949 0.240079 3.218880 0.947550
-1.027641 -1.027641 -1.215457 -1.215457 0.300326 0.240000 3.218880 0.944745
-1.036629 -1.036629 -1.591274 -1.591274 0.311725 0.273088 3.218880 0.950224
-1.015836 -1.015836 -0.988243 -0.988243 0.301052 0.240000 3.218880 0.948863
-1.023248 -1.023248 -1.060334 -1.060334 0.299013 0.240000 3.218880 0.956848
-1.002012 -1.002012 -1.244306 -1.244306 0.301042 0.240000 3.218880 0.944243
-1.012762 -1.012762 -1.057931 -1.057931 0.296989 0.240000 3.218880 0.960497
-1.034650 -1.034650 -1.518775 -1.518775 0.309178 0.269701 3.218880 0.941546
-1.037012 -1.037012 -1.109233 -1.109233 0.300138 0.240000 3.218880 0.949749
-0.992938 -0.992938 -1.285676 -1.285676 0.309334 0.250208 3.218880 0.947711
-1.017665 -1.017665 -1.011267 -1.011267 0.301745 0.240000 3.218880 0.949861
-1.044507 -1.044507 -1.211059 -1.211059 0.299107 0.240000 3.218880 0.943429
-1.015286 -1.015286 -1.338598 -1.338598 0.306936 0.246976 3.218880 0.949137
-1.006639 -1.006639 -1.418708 -1.418708 0.298916 0.240000 3.218880 0.944747
-1.010840 -1.010840 -1.135678 -1.135678 0.311342 0.252967 3.218880 0.948055
-1.016320 -1.016320 -1.137388 -1.137388 0.301233 0.242176 3.218880 0.949172
-1.019599 -1.019599 -1.370316 -1.370316 0.299658 0.240000 3.218880 0.950259
-1.015893 -1.015893 -1.589833 -1.589833 0.317018 0.290780 3.217601 0.945560
-0.996188 -0.996188 -1.233589 -1.233589 0.299923 0.240000 3.218880 0.949964
-1.056161 -1.056161 -1.164450 -1.164450 0.309565 0.264797 3.218770 0.946908
-1.045947 -1.045947 -1.156927 -1.156927 0.305303 0.263184 3.218880 0.951860
-1.020251 -1.020251 -1.161947 -1.161947 0.297734 0.240000 3.218880 0.950733
-1.063156 -1.063156 -0.973142 -0.973142 0.322201 0.296689 3.194202 0.942783
-0.990797 -0.990797 -1.287697 -1.287697 0.301582 0.240057 3.218880 0.946230
-1.014768 -1.014768 -1.071607 -1.071607 0.304045 0.240194 3.218880 0.945157
-1.006546 -1.006546 -0.849087 -0.849087 0.304198 0.240000 3.218880 0.957735
-1.025885 -1.025885 -1.155448 -1.155448 0.303711 0.240160 3.218880 0.945839
-1.012191 -1.012191 -1.126246 -1.126246 0.302993 0.240008 3.218880 0.945647
-1.013536 -1.013536 -1.393839 -1.393839 0.297487 0.240000 3.218880 0.947699
-1.024290 -1.024290 -1.326936 -1.326936 0.318929 0.293840 3.218880 0.954068
-1.032436 -1.032436 -1.348246 -1.348246 0.301624 0.240000 3.218880 0.940680
-1.028615 -1.028615 -1.169119 -1.169119 0.296154 0.240000 3.218880 0.951504
-0.994285 -0.994285 -1.284587 -1.284587 0.301888 0.241497 3.218880 0.950059
-1.030482 -1.030482 -1.374674 -1.374674 0.302099 0.240000 3.218880 0.944431
-1.049289 -1.049289 -1.050000 -1.050000 0.319217 0.289921 3.211845 0.950178
-1.026164 -1.026164 -0.912584 -0.912584 0.300071 0.240000 3.218880 0.949128
-1.001674 -1.001674 -0.837421 -0.837421 0.303249 0.240000 3.218880 0.952378
-1.024243 -1.024243 -1.372373 -1.372373 0.301132 0.240000 3.218880 0.939337
-1.046648 -1.046648 -1.179690 -1.179690 0.304868 0.252021 3.218880 0.953437
-1.024611 -1.024611 -1.056319 -1.056319 0.302421 0.241993 3.218880 0.952232
-1.042785 -1.042785 -1.780416 -1.780416 0.318510 0.306748 3.218880 0.948716
-1.004127 -1.004127 -1.307927 -1.307927 0.302516 0.240167 3.218880 0.939537
-1.024303 -1.024303 -1.320517 -1.320517 0.301621 0.240702 3.218880 0.941725
-0.990725 -0.990725 -1.006047 -1.006047 0.312764 0.247202 3.218880 0.953288
-1.032829 -1.032829 -1.363462 -1.363462 0.304998 0.247031 3.218880 0.941811
-1.012636 -1.012636 -1.094260 -1.094260 0.305499 0.241878 3.218880 0.944782
-1.029156 -1.029156 -1.199838 -1.199838 0.312872 0.256225 3.218880 0.939896
-1.033986 -1.033986 -1.300757 -1.300757 0.301846 0.243176 3.218701 0.947272
-1.012463 -1.012463 -1.485636 -1.485636 0.301200 0.240000 3.218880 0.935089
-1.044316 -1.044316 -1.054877 -1.054877 0.301643 0.240000 3.218880 0.948463
-1.002595 -1.002595 -1.329780 -1.329780 0.295890 0.240000 3.218880 0.951286
-1.032716 -1.032716 -1.236219 -1.236219 0.323292 0.295900 3.214826 0.947369
-1.033313 -1.033313 -1.322731 -1.322731 0.300292 0.240000 3.218880 0.946126
-1.006405 -1.006405 -1.406034 -1.406034 0.304768 0.250733 3.218880 0.948340
-1.003906 -1.003906 -1.533478 -1.533478 0.313200 0.273012 3.218880 0.939213
-1.038609 -1.038609 -1.255008 -1.255008 0.302342 0.241524 3.218880 0.942610
-1.038893 -1.038893 -1.543171 -1.543171 0.297398 0.242587 3.218880 0.947632
-1.007046 -1.007046 -1.533929 -1.533929 0.304308 0.249942 3.218880 0.943482
