-1.021018 -1.021018 -1.039318 -1.039318 0.300540 0.240000 3.218880 0.948745
-1.054549 -1.054549 -0.973526 -0.973526 0.300639 0.240000 3.218880 0.946181
-1.041357 -1.041357 -1.521164 -1.521164 0.316639 0.313677 3.218880 0.950011
-1.024327 -1.024327 -1.214007 -1.214007 0.297828 0.240000 3.218880 0.946142
-1.028215 -1.028215 -1.046898 -1.046898 0.319711 0.282104 3.214410 0.948270
-1.015054 -1.015054 -1.252134 -1.252134 0.299994 0.240000 3.218880 0.943897
-1.009371 -1.009371 -1.232707 -1.232707 0.300969 0.240000 3.218880 0.949386
-1.005638 -1.005638 -1.563990 -1.563990 0.300842 0.242178 3.218880 0.949483
-1.033897 -1.033897 -1.360022 -1.360022 0.303765 0.242278 3.218880 0.941833
-1.036929 -1.036929 -1.054575 -1.054575 0.297869 0.240000 3.218880 0.949816
-1.001812 -1.001812 -1.347486 -1.347486 0.297558 0.240019 3.218880 0.950413
-1.044086 -1.044086 -1.219772 -1.219772 0.295587 0.240000 3.218880 0.949183
-1.033784 -1.033784 -1.358089 -1.358089 0.316603 0.284580 3.218880 0.949583
-1.046895 -1.046895 -0.966742 -0.966742 0.300689 0.240015 3.218880 0.946574
-1.022123 -1.022123 -0.881276 -0.881276 0.302485 0.240000 3.218880 0.953655
-1.020258 -1.020258 -1.398273 -1.398273 0.303526 0.243054 3.218880 0.944425
-1.022538 -1.022538 -1.050504 -1.050504 0.306006 0.240554 3.218880 0.939915
-1.012645 -1.012645 -1.046096 -1.046096 0.306934 0.242431 3.218880 0.946745
-1.025062 -1.025062 -1.476160 -1.476160 0.312388 0.261482 3.218880 0.954830
-1.037007 -1.037007 -1.039691 -1.039691 0.303511 0.240028 3.218880 0.947791
-1.002913 -1.002913 -1.285288 -1.285288 0.299728 0.240000 3.218880 0.949610
-1.015672 -1.015672 -1.154374 -1.154374 0.299486 0.240001 3.218880 0.947923
-0.989450 -0.989450 -1.133357 -1.133357 0.298568 0.240000 3.218880 0.955076
-1.032809 -1.032809 -1.439153 -1.439153 0.316765 0.277794 3.218880 0.940534
-1.048038 -1.048038 -1.089346 -1.089346 0.302167 0.243582 3.218880 0.948786
-1.025095 -1.025095 -1.341378 -1.341378 0.304961 0.245295 3.218880 0.943593
-1.027321 -1.027321 -1.106833 -1.106833 0.306971 0.246873 3.218880 0.945883
-1.021310 -1.021310 -0.822131 -0.822131 0.303547 0.240000 3.218880 0.951092
-1.009796 -1.009796 -1.304245 -1.304245 0.310325 0.248053 3.218880 0.943174
-1.006494 -1.006494 -1.127424 -1.127424 0.305119 0.240888 3.218880 0.943054
-1.013225 -1.013225 -1.170476 -1.170476 0.302303 0.240548 3.218880 0.943808
-1.032941 -1.032941 -1.240141 -1.240141 0.303022 0.242736 3.218880 0.940639
-0.990983 -0.990983 -1.167291 -1.167291 0.302177 0.240710 3.218880 0.950254
-1.027825 -1.027825 -1.058364 -1.058364 0.310848 0.251933 3.218880 0.942803
-1.016012 -1.016012 -1.275431 -1.275431 0.298623 0.240330 3.218880 0.950484
-1.015403 -1.015403 -1.172348 -1.172348 0.308673 0.251290 3.218880 0.941103
-1.039261 -1.039261 -1.403996 -1.403996 0.297799 0.240953 3.218880 0.947099
-1.021581 -1.021581 -1.382890 -1.382890 0.318502 0.287458 3.218880 0.947257
-1.016171 -1.016171 -0.997387 -0.997387 0.306302 0.242543 3.218880 0.946093
-1.020606 -1.020606 -1.267972 -1.267972 0.304656 0.243497 3.218880 0.944750
-1.036558 -1.036558 -1.553452 -1.553452 0.321726 0.318853 3.211461 0.945445
-1.031092 -1.031092 -1.621499 -1.621499 0.313694 0.278651 3.218880 0.948089
-1.031529 -1.031529 -1.077997 -1.077997 0.301307 0.240000 3.218880 0.949082
-1.007064 -1.007064 -1.550950 -1.550950 0.299683 0.240797 3.218880 0.949200
-1.009262 -1.009262 -0.897339 -0.897339 0.304511 0.240539 3.218880 0.949232
-1.023938 -1.023938 -1.119624 -1.119624 0.301208 0.240000 3.218880 0.947159
-1.037423 -1.037423 -1.287353 -1.287353 0.301772 0.240258 3.218880 0.946304
-1.010893 -1.010893 -1.425264 -1.425264 0.297769 0.240000 3.218880 0.945741
-1.006699 -1.006699 -1.195695 -1.195695 0.300573 0.240000 3.218880 0.944766
-1.059811 -1.059811 -0.997136 -0.997136 0.303290 0.240000 3.218880 0.944257
-1.027637 -1.027637 -1.249803 -1.249803 0.299378 0.240040 3.218880 0.944176
-1.014935 -1.014935 -1.197620 -1.197620 0.299571 0.240000 3.218880 0.950888
-1.032709 -1.032709 -1.017293 -1.017293 0.305060 0.241830 3.218880 0.942947
-1.010510 -1.010510 -1.285462 -1.285462 0.299807 0.240000 3.218880 0.944249
-1.003746 -1.003746 -1.003531 -1.003531 0.308507 0.245253 3.218880 0.956630
-1.014249 -1.014249 -1.427000 -1.427000 0.310090 0.253943 3.218880 0.946549
-1.014453 -1.014453 -1.117846 -1.117846 0.300051 0.240032 3.218880 0.948960
-0.993021 -0.993021 -1.267198 -1.267198 0.307367 0.253110 3.218880 0.951178
-1.008560 -1.008560 -1.246659 -1.246659 0.308646 0.255034 3.218880 0.950812
-1.022247 -1.022247 -1.298445 -1.298445 0.305589 0.252180 3.218880 0.946068
-1.033157 -1.033157 -1.448465 -1.448465 0.318402 0.284151 3.218880 0.936781
-1.042601 -1.042601 -1.101755 -1.101755 0.321360 0.284834 3.218880 0.948291
-1.027852 -1.027852 -1.170905 -1.170905 0.300365 0.240000 3.218880 0.943310
-1.034485 -1.034485 -1.340175 -1.340175 0.297989 0.240000 3.218880 0.945730
-1.045327 -1.045327 -1.221322 -1.221322 0.313572 0.276751 3.217507 0.946904
-1.034278 -1.034278 -1.210754 -1.210754 0.303760 0.244679 3.218880 0.944507
-1.008250 -1.008250 -1.248615 -1.248615 0.301091 0.240567 3.218880 0.945157
-1.013322 -1.013322 -0.958806 -0.958806 0.304894 0.240000 3.218880 0.942649
-1.012071 -1.012071 -1.102581 -1.102581 0.298920 0.240000 3.218880 0.951780
-1.014450 -1.014450 -1.213367 -1.213367 0.302753 0.240023 3.218880 0.946017
-1.010943 -1.010943 -1.188400 -1.188400 0.296262 0.240000 3.218880 0.952554
-1.028494 -1.028494 -1.078749 -1.078749 0.303932 0.241516 3.218880 0.944514
-1.018108 -1.018108 -1.305408 -1.305408 0.310035 0.262057 3.218880 0.950210
-1.007561 -1.007561 -1.137576 -1.137576 0.300698 0.240000 3.218880 0.947727
-1.025006 -1.025006 -0.965458 -0.965458 0.304372 0.243084 3.218880 0.946972
-1.033497 -1.033497 -1.289547 -1.289547 0.310858 0.266462 3.218880 0.949184
-1.025714 -1.025714 -1.362913 -1.362913 0.303535 0.242701 3.218880 0.946223
-1.004927 -1.004927 -1.087649 -1.087649 0.302235 0.240010 3.218880 0.947295
-1.012459 -1.012459 -0.973159 -0.973159 0.317976 0.277805 3.196363 0.943363
-1.022935 -1.022935 -1.037003 -1.037003 0.299072 0.240000 3.218880 0.952368
-1.025053 -1.025053 -0.858512 -0.858512 0.303937 0.240010 3.218880 0.949101
-1.017990 -1.017990 -1.067325 -1.067325 0.300390 0.240000 3.218880 0.942907
-1.002685 -1.002685 -1.433520 -1.433520 0.320308 0.269664 3.218880 0.939207
-1.047283 -1.047283 -1.297281 -1.297281 0.298272 0.240000 3.218880 0.946034
-1.008630 -1.008630 -1.290973 -1.290973 0.301713 0.240429 3.218880 0.943157
-1.027033 -1.027033 -1.442520 -1.442520 0.300161 0.240000 3.218880 0.944430
-1.038143 -1.038143 -1.458769 -1.458769 0.302070 0.248507 3.218880 0.945221
-1.033276 -1.033276 -1.301557 -1.301557 0.301855 0.241646 3.218880 0.942419
-1.035221 -1.035221 -1.023417 -1.023417 0.304710 0.241683 3.218880 0.943853
-1.013058 -1.013058 -0.941510 -0.941510 0.300918 0.240000 3.218880 0.947790
-1.035260 -1.035260 -1.385561 -1.385561 0.299460 0.240007 3.218880 0.943456
