-1.021764 -1.021764 -1.131050 -1.131050 0.303483 0.240000 3.218880 0.946347
-1.027461 -1.027461 -0.951153 -0.951153 0.295450 0.240000 3.218880 0.954979
-1.056770 -1.056770 -1.152971 -1.152971 0.301491 0.242204 3.218880 0.944060
-1.012404 -1.012404 -1.050113 -1.050113 0.305079 0.240158 3.218880 0.951571
-1.042149 -1.042149 -1.261773 -1.261773 0.316509 0.283536 3.218880 0.949058
-1.019703 -1.019703 -1.224520 -1.224520 0.304266 0.243510 3.218880 0.941557
-1.024269 -1.024269 -1.022306 -1.022306 0.301524 0.240000 3.218880 0.947719
-1.039503 -1.039503 -0.969195 -0.969195 0.296343 0.240000 3.218880 0.953522
-1.013438 -1.013438 -1.054698 -1.054698 0.302264 0.240000 3.218880 0.945076
-1.034508 -1.034508 -1.225820 -1.225820 0.302097 0.240000 3.218880 0.946637
-0.997808 -0.997808 -1.358790 -1.358790 0.298229 0.240000 3.218880 0.947042
-0.999377 -0.999377 -1.028982 -1.028982 0.308252 0.241204 3.218880 0.944443
-1.024828 -1.024828 -1.138944 -1.138944 0.299079 0.240000 3.218880 0.947878
-1.030605 -1.030605 -1.077046 -1.077046 0.300202 0.240000 3.218880 0.948872
-1.046074 -1.046074 -0.862420 -0.862420 0.302998 0.240000 3.218880 0.946927
-1.020978 -1.020978 -1.109507 -1.109507 0.298971 0.240000 3.218880 0.952176
-1.014805 -1.014805 -1.216807 -1.216807 0.301223 0.240000 3.218880 0.939450
-1.016456 -1.016456 -1.479056 -1.479056 0.301462 0.242117 3.218880 0.945967
-1.008884 -1.008884 -1.072147 -1.072147 0.305558 0.244624 3.218880 0.952632
-1.053961 -1.053961 -1.159538 -1.159538 0.298586 0.240000 3.218880 0.944281
-1.039065 -1.039065 -1.027455 -1.027455 0.299567 0.240000 3.218880 0.952329
-1.001293 -1.001293 -1.158851 -1.158851 0.297328 0.240000 3.218880 0.950409
-1.015891 -1.015891 -0.980998 -0.980998 0.303751 0.240262 3.218880 0.947042
-1.012378 -1.012378 -0.866416 -0.866416 0.300003 0.240000 3.218880 0.956480
-1.015888 -1.015888 -1.191101 -1.191101 0.302703 0.240000 3.218880 0.941400
-0.996614 -0.996614 -1.077265 -1.077265 0.299319 0.240000 3.218880 0.945249
-1.000374 -1.000374 -1.123101 -1.123101 0.297396 0.240000 3.218880 0.946612
-0.979192 -0.979192 -1.336972 -1.336972 0.306930 0.244857 3.218880 0.940867
-1.010899 -1.010899 -1.200322 -1.200322 0.320912 0.285043 3.218880 0.949306
-1.043187 -1.043187 -0.981395 -0.981395 0.303680 0.240523 3.218880 0.940635
-0.990350 -0.990350 -1.487290 -1.487290 0.301198 0.240043 3.218880 0.944105
-1.016604 -1.016604 -1.197264 -1.197264 0.297307 0.240000 3.218880 0.957095
-1.029641 -1.029641 -0.908041 -0.908041 0.299892 0.240000 3.218880 0.955938
-1.019646 -1.019646 -0.960130 -0.960130 0.305284 0.241722 3.218880 0.948447
-1.022948 -1.022948 -1.113852 -1.113852 0.301722 0.240000 3.218880 0.948286
-1.026944 -1.026944 -1.116163 -1.116163 0.307711 0.247945 3.218880 0.942417
-1.037686 -1.037686 -1.374442 -1.374442 0.309538 0.279153 3.218880 0.950129
-1.024465 -1.024465 -1.019396 -1.019396 0.312344 0.250402 3.218880 0.945050
-1.028268 -1.028268 -1.327909 -1.327909 0.313308 0.276872 3.218880 0.954230
-1.009952 -1.009952 -1.437883 -1.437883 0.316753 0.290983 3.168259 0.939261
-1.007003 -1.007003 -1.327146 -1.327146 0.299472 0.240017 3.218880 0.944087
-1.007019 -1.007019 -1.622816 -1.622816 0.314562 0.278441 3.218880 0.950021
-1.050378 -1.050378 -1.092478 -1.092478 0.303713 0.240025 3.218880 0.944673
-1.025825 -1.025825 -1.039158 -1.039158 0.295213 0.240117 3.218880 0.954701
-1.007089 -1.007089 -1.413433 -1.413433 0.323983 0.291745 3.218880 0.943483
-1.017541 -1.017541 -1.164532 -1.164532 0.304434 0.242075 3.218880 0.945284
-1.018204 -1.018204 -0.988305 -0.988305 0.299676 0.240000 3.218880 0.952887
-1.020811 -1.020811 -1.082573 -1.082573 0.312237 0.257095 3.218880 0.944011
-1.026901 -1.026901 -0.970812 -0.970812 0.318441 0.277162 3.218194 0.951119
-1.040046 -1.040046 -1.107005 -1.107005 0.299698 0.240000 3.218880 0.945921
-1.020736 -1.020736 -1.087140 -1.087140 0.302767 0.240000 3.218880 0.945360
-1.017064 -1.017064 -1.189522 -1.189522 0.300952 0.240000 3.218880 0.948116
-1.023290 -1.023290 -1.241359 -1.241359 0.304644 0.243916 3.218880 0.944241
-1.028336 -1.028336 -1.257953 -1.257953 0.316916 0.267587 3.218880 0.946707
-1.010605 -1.010605 -1.060299 -1.060299 0.299758 0.240000 3.218880 0.951154
-1.041354 -1.041354 -1.034999 -1.034999 0.304841 0.240277 3.218880 0.940065
-1.018331 -1.018331 -1.168149 -1.168149 0.298967 0.240017 3.218880 0.949804
-1.031877 -1.031877 -1.224429 -1.224429 0.297466 0.240000 3.218880 0.950372
-1.011129 -1.011129 -1.179302 -1.179302 0.301092 0.240042 3.218880 0.945976
-1.045716 -1.045716 -1.088472 -1.088472 0.305680 0.249663 3.218880 0.944873
-1.017501 -1.017501 -1.053612 -1.053612 0.301429 0.240000 3.218880 0.945776
-1.041589 -1.041589 -1.087229 -1.087229 0.300571 0.240000 3.218880 0.945315
-1.005627 -1.005627 -1.293590 -1.293590 0.295854 0.240000 3.218880 0.952237
-1.024877 -1.024877 -1.022018 -1.022018 0.302787 0.240000 3.218880 0.949146
-1.020933 -1.020933 -0.948037 -0.948037 0.305329 0.241830 3.218880 0.947863
-1.005532 -1.005532 -1.258918 -1.258918 0.300596 0.240000 3.218880 0.947211
-1.029328 -1.029328 -1.435950 -1.435950 0.317537 0.292467 3.206462 0.943175
-0.985265 -0.985265 -1.058740 -1.058740 0.303641 0.240027 3.218880 0.948842
-1.044814 -1.044814 -1.487733 -1.487733 0.317348 0.295346 3.218842 0.951395
-1.020985 -1.020985 -1.234976 -1.234976 0.320918 0.281012 3.218264 0.951005
-1.012611 -1.012611 -1.237151 -1.237151 0.300432 0.240052 3.218880 0.950192
-1.025254 -1.025254 -1.189764 -1.189764 0.308711 0.250511 3.218880 0.949357
-1.023033 -1.023033 -1.349709 -1.349709 0.316309 0.268157 3.218880 0.943284
-1.004412 -1.004412 -1.308968 -1.308968 0.301496 0.240000 3.218880 0.941756
-1.011705 -1.011705 -1.240705 -1.240705 0.301344 0.240000 3.218880 0.946080
-1.047310 -1.047310 -1.469198 -1.469198 0.312201 0.273011 3.218880 0.946715
-1.028782 -1.028782 -1.115665 -1.115665 0.300011 0.240000 3.218880 0.951974
-1.037778 -1.037778 -1.149156 -1.149156 0.301842 0.240000 3.218880 0.953397
-1.036740 -1.036740 -1.400664 -1.400664 0.297017 0.240138 3.218880 0.950427
-1.008217 -1.008217 -1.309815 -1.309815 0.314035 0.285925 3.218880 0.952475
-0.998895 -0.998895 -0.926995 -0.926995 0.309573 0.245348 3.218880 0.948647
-1.025064 -1.025064 -1.187880 -1.187880 0.300839 0.240000 3.218880 0.945223
-0.999793 -0.999793 -0.993492 -0.993492 0.299779 0.240000 3.218880 0.955556
-1.008330 -1.008330 -1.120923 -1.120923 0.300204 0.240000 3.218880 0.954163
-1.040017 -1.040017 -1.356060 -1.356060 0.303970 0.248709 3.218880 0.945979
-1.018677 -1.018677 -1.276505 -1.276505 0.305467 0.243658 3.218880 0.941925
-0.975611 -0.975611 -1.162434 -1.162434 0.297553 0.240000 3.218880 0.957222
-1.024694 -1.024694 -1.185393 -1.185393 0.301914 0.241335 3.218880 0.948526
-1.020384 -1.020384 -1.174959 -1.174959 0.320631 0.288296 3.217767 0.949502
-1.026911 -1.026911 -0.915642 -0.915642 0.308993 0.250636 3.218880 0.956501
-0.993417 -0.993417 -1.048537 -1.048537 0.298900 0.240000 3.218880 0.954423
