-1.001157 -1.001157 -1.434730 -1.434730 0.305325 0.242304 3.218880 0.943508
-0.982942 -0.982942 -1.325679 -1.325679 0.299271 0.240000 3.218880 0.948206
-1.001097 -1.001097 -1.081728 -1.081728 0.300360 0.240000 3.218880 0.952251
-1.071011 -1.071011 -1.165041 -1.165041 0.314922 0.291563 3.208764 0.948841
-1.010947 -1.010947 -1.041701 -1.041701 0.301223 0.240000 3.218880 0.950381
-1.001999 -1.001999 -1.513043 -1.513043 0.305290 0.244496 3.218880 0.940396
-1.033782 -1.033782 -1.345934 -1.345934 0.311197 0.267063 3.218880 0.950459
-1.006370 -1.006370 -1.428859 -1.428859 0.305212 0.244499 3.218880 0.943127
-1.032595 -1.032595 -0.977010 -0.977010 0.301136 0.240000 3.218880 0.951436
-1.020472 -1.020472 -1.398118 -1.398118 0.314240 0.270163 3.218880 0.946722
-1.007161 -1.007161 -1.461976 -1.461976 0.304658 0.247080 3.218880 0.944625
-1.024981 -1.024981 -1.200250 -1.200250 0.296887 0.240000 3.218880 0.949605
-0.976548 -0.976548 -1.220843 -1.220843 0.306080 0.241630 3.218880 0.944732
-0.988764 -0.988764 -1.229878 -1.229878 0.302738 0.240000 3.218880 0.947960
-1.009566 -1.009566 -1.085295 -1.085295 0.299609 0.240000 3.218880 0.947320
-1.031764 -1.031764 -0.843350 -0.843350 0.303731 0.240000 3.218880 0.948653
-1.017395 -1.017395 -1.194731 -1.194731 0.305291 0.243424 3.218880 0.947754
-1.030026 -1.030026 -1.156161 -1.156161 0.300380 0.240000 3.218880 0.942523
-1.007378 -1.007378 -1.109942 -1.109942 0.298215 0.240000 3.218880 0.955817
-1.014686 -1.014686 -1.217521 -1.217521 0.303900 0.241379 3.218880 0.944544
-1.029945 -1.029945 -0.956355 -0.956355 0.304626 0.243025 3.218880 0.954087
-1.013254 -1.013254 -1.031327 -1.031327 0.302287 0.240000 3.218880 0.947427
-1.029990 -1.029990 -1.104174 -1.104174 0.303250 0.242909 3.218880 0.947882
-1.013924 -1.013924 -1.000120 -1.000120 0.303456 0.240000 3.218880 0.953134
-1.025929 -1.025929 -1.112441 -1.112441 0.299620 0.240000 3.218880 0.947601
-1.048901 -1.048901 -0.956584 -0.956584 0.301682 0.240027 3.218880 0.946806
-1.013694 -1.013694 -1.182889 -1.182889 0.306064 0.249293 3.218880 0.949284
-1.069531 -1.069531 -1.298932 -1.298932 0.297493 0.240273 3.218880 0.944540
-1.014385 -1.014385 -0.999553 -0.999553 0.300502 0.240004 3.218880 0.949617
-0.998281 -0.998281 -1.317886 -1.317886 0.299547 0.240000 3.218880 0.947706
-1.023845 -1.023845 -1.215186 -1.215186 0.304083 0.241632 3.218880 0.945357
-1.025308 -1.025308 -1.591866 -1.591866 0.312589 0.269956 3.218880 0.949549
-1.005613 -1.005613 -1.060485 -1.060485 0.301090 0.240149 3.218880 0.948826
-1.006509 -1.006509 -1.390703 -1.390703 0.301777 0.240000 3.218880 0.939284
-1.046473 -1.046473 -1.223769 -1.223769 0.299247 0.240023 3.218880 0.945495
-1.008755 -1.008755 -1.104222 -1.104222 0.306563 0.244534 3.218880 0.947714
-1.027764 -1.027764 -1.058378 -1.058378 0.305541 0.242098 3.218880 0.948563
-1.014700 -1.014700 -0.968014 -0.968014 0.298822 0.240000 3.218880 0.955099
-1.037729 -1.037729 -0.940292 -0.940292 0.299185 0.240000 3.218880 0.953649
-1.002137 -1.002137 -1.368589 -1.368589 0.299776 0.240000 3.218880 0.946712
-1.002340 -1.002340 -1.020691 -1.020691 0.301588 0.240012 3.218880 0.947965
-1.017797 -1.017797 -0.872948 -0.872948 0.306450 0.240000 3.218880 0.948701
-1.027363 -1.027363 -1.276141 -1.276141 0.298999 0.240643 3.218880 0.948964
-0.988440 -0.988440 -1.069543 -1.069543 0.297813 0.240000 3.218880 0.955669
-1.033878 -1.033878 -1.177879 -1.177879 0.299310 0.240000 3.218880 0.947990
-1.027115 -1.027115 -1.339568 -1.339568 0.300601 0.240465 3.218880 0.940907
-1.023225 -1.023225 -1.350728 -1.350728 0.300474 0.241900 3.218880 0.946252
-1.038306 -1.038306 -1.006031 -1.006031 0.296679 0.240000 3.218880 0.948547
-1.010951 -1.010951 -1.145668 -1.145668 0.302695 0.240000 3.218880 0.942690
-1.026864 -1.026864 -1.156765 -1.156765 0.299182 0.240000 3.218880 0.945561
-1.006635 -1.006635 -1.527109 -1.527109 0.300728 0.241512 3.218880 0.950777
-1.023994 -1.023994 -1.274617 -1.274617 0.300620 0.240435 3.218880 0.941594
-1.034215 -1.034215 -1.082365 -1.082365 0.301045 0.240000 3.218880 0.945616
-1.008699 -1.008699 -1.422751 -1.422751 0.308592 0.254368 3.218880 0.948368
-1.014708 -1.014708 -1.107154 -1.107154 0.305288 0.241046 3.218880 0.940206
-1.001615 -1.001615 -1.346886 -1.346886 0.297167 0.240000 3.218880 0.952973
-1.024236 -1.024236 -1.287082 -1.287082 0.310765 0.266907 3.218880 0.957337
-1.034925 -1.034925 -0.958916 -0.958916 0.301907 0.240000 3.218880 0.955043
-1.014566 -1.014566 -1.403654 -1.403654 0.308668 0.257515 3.218880 0.949680
-1.030437 -1.030437 -1.241133 -1.241133 0.305612 0.244340 3.218880 0.948074
-1.034997 -1.034997 -1.225063 -1.225063 0.296798 0.240000 3.218880 0.948894
-0.998998 -0.998998 -1.217768 -1.217768 0.302236 0.240000 3.218880 0.950632
-0.985338 -0.985338 -1.200380 -1.200380 0.300596 0.240000 3.218880 0.953614
-1.034402 -1.034402 -1.226723 -1.226723 0.302469 0.240389 3.218880 0.946484
-1.006749 -1.006749 -1.364324 -1.364324 0.302091 0.240619 3.218880 0.944471
-1.034610 -1.034610 -0.839884 -0.839884 0.301832 0.240000 3.218880 0.948809
-0.991612 -0.991612 -1.040117 -1.040117 0.298981 0.240000 3.218751 0.958510
-1.025741 -1.025741 -0.855631 -0.855631 0.302738 0.240000 3.218880 0.949321
-1.026497 -1.026497 -1.449540 -1.449540 0.314648 0.276887 3.218880 0.951569
-1.001421 -1.001421 -1.177169 -1.177169 0.308829 0.248604 3.218880 0.949735
-1.029391 -1.029391 -0.863367 -0.863367 0.304356 0.241351 3.218880 0.949163
-1.017645 -1.017645 -1.161808 -1.161808 0.302989 0.242721 3.218880 0.946874
-1.007512 -1.007512 -1.305835 -1.305835 0.305591 0.244369 3.218880 0.946589
-1.035417 -1.035417 -1.310500 -1.310500 0.299067 0.240011 3.218880 0.949625
-1.016141 -1.016141 -1.132004 -1.132004 0.301551 0.240000 3.218880 0.946105
-1.012072 -1.012072 -1.400326 -1.400326 0.306587 0.250637 3.218880 0.945906
-1.023856 -1.023856 -0.977043 -0.977043 0.302333 0.240000 3.218880 0.945357
-1.000120 -1.000120 -1.442507 -1.442507 0.307189 0.256211 3.218880 0.949908
-1.042223 -1.042223 -1.442936 -1.442936 0.312503 0.271024 3.218880 0.954372
-0.993791 -0.993791 -1.537937 -1.537937 0.301316 0.240000 3.218880 0.944024
-1.042773 -1.042773 -1.202658 -1.202658 0.298969 0.240000 3.218880 0.948136
-1.013356 -1.013356 -1.251491 -1.251491 0.302360 0.240161 3.218880 0.949038
-1.023408 -1.023408 -1.142805 -1.142805 0.297334 0.240000 3.218880 0.948054
-1.047599 -1.047599 -0.860781 -0.860781 0.297807 0.240000 3.218880 0.952399
-1.028136 -1.028136 -1.424627 -1.424627 0.323053 0.299021 3.218880 0.947075
-1.031999 -1.031999 -1.203338 -1.203338 0.300058 0.240000 3.218835 0.945820
-1.043076 -1.043076 -1.269401 -1.269401 0.309128 0.260104 3.218880 0.945411
-1.017246 -1.017246 -1.223403 -1.223403 0.303811 0.240484 3.218880 0.945334
-1.027108 -1.027108 -1.035908 -1.035908 0.301517 0.240000 3.218880 0.941706
-1.036242 -1.036242 -1.082456 -1.082456 0.303089 0.241262 3.218877 0.948761
-1.002662 -1.002662 -0.946824 -0.946824 0.299567 0.240000 3.218880 0.949493
