-1.025654 -1.025654 -1.321619 -1.321619 0.299363 0.240000 3.218880 0.944430
-1.021867 -1.021867 -1.019254 -1.019254 0.301306 0.240000 3.218880 0.945184
-0.987833 -0.987833 -1.448015 -1.448015 0.305906 0.248317 3.218880 0.952008
-1.008574 -1.008574 -1.313760 -1.313760 0.309418 0.249091 3.218880 0.945937
-1.031295 -1.031295 -1.353533 -1.353533 0.302961 0.244864 3.218880 0.939024
-1.061183 -1.061183 -1.185264 -1.185264 0.301441 0.250787 3.218880 0.946179
-1.010247 -1.010247 -1.078376 -1.078376 0.302445 0.240000 3.218880 0.942347
-1.015101 -1.015101 -1.171908 -1.171908 0.301345 0.240000 3.218880 0.947623
-1.014213 -1.014213 -1.093594 -1.093594 0.300384 0.240002 3.218880 0.950345
-1.027080 -1.027080 -1.353946 -1.353946 0.302316 0.240427 3.218880 0.944330
-1.007942 -1.007942 -1.062154 -1.062154 0.301415 0.240000 3.218880 0.951183
-1.020824 -1.020824 -1.298400 -1.298400 0.307303 0.251098 3.218880 0.941443
-1.029060 -1.029060 -1.452096 -1.452096 0.299780 0.240175 3.218880 0.941354
-1.029842 -1.029842 -1.228340 -1.228340 0.295069 0.240000 3.218880 0.947393
-1.018107 -1.018107 -1.201119 -1.201119 0.301145 0.240013 3.218880 0.947296
-1.024299 -1.024299 -0.957688 -0.957688 0.302967 0.240000 3.218880 0.951176
-1.051092 -1.051092 -1.102618 -1.102618 0.301409 0.243352 3.218880 0.950265
-1.029191 -1.029191 -0.994617 -0.994617 0.302043 0.240000 3.218880 0.953699
-1.029343 -1.029343 -1.124017 -1.124017 0.309128 0.256593 3.218880 0.952012
-1.004239 -1.004239 -1.004057 -1.004057 0.297082 0.240000 3.218880 0.960168
-1.037924 -1.037924 -1.084901 -1.084901 0.303458 0.241529 3.218880 0.941021
-1.004447 -1.004447 -1.282912 -1.282912 0.301564 0.240000 3.218880 0.952372
-0.977777 -0.977777 -1.055191 -1.055191 0.303335 0.240000 3.218880 0.949316
-1.028417 -1.028417 -1.278486 -1.278486 0.301244 0.240697 3.218880 0.942186
-1.025592 -1.025592 -1.132663 -1.132663 0.314377 0.271960 3.218880 0.951885
-1.019498 -1.019498 -1.212908 -1.212908 0.300178 0.240000 3.218880 0.951334
-1.031166 -1.031166 -1.327420 -1.327420 0.305682 0.244531 3.218880 0.940979
-1.009460 -1.009460 -1.299983 -1.299983 0.301539 0.241696 3.218880 0.946746
-1.017519 -1.017519 -1.398426 -1.398426 0.316352 0.283420 3.213865 0.950283
-1.035953 -1.035953 -1.116511 -1.116511 0.304052 0.240018 3.218880 0.939109
-1.040159 -1.040159 -1.528506 -1.528506 0.310196 0.276559 3.218880 0.950463
-1.046861 -1.046861 -1.124528 -1.124528 0.306379 0.246414 3.218880 0.942079
-1.000951 -1.000951 -0.847956 -0.847956 0.299934 0.240000 3.218880 0.955937
-1.021999 -1.021999 -1.650029 -1.650029 0.312475 0.274076 3.211917 0.946424
-0.998820 -0.998820 -1.251532 -1.251532 0.295822 0.240000 3.218880 0.951672
-1.001218 -1.001218 -1.162402 -1.162402 0.300883 0.240000 3.218880 0.948100
-1.008363 -1.008363 -1.328091 -1.328091 0.300585 0.240000 3.218880 0.946567
-1.024934 -1.024934 -1.165431 -1.165431 0.320233 0.288977 3.218880 0.949371
-1.009403 -1.009403 -1.215210 -1.215210 0.299952 0.240000 3.218880 0.949772
-1.056342 -1.056342 -1.537997 -1.537997 0.305912 0.260946 3.218880 0.943381
-1.031744 -1.031744 -1.192524 -1.192524 0.303058 0.243636 3.218880 0.943183
-0.989495 -0.989495 -1.270169 -1.270169 0.300275 0.240067 3.218880 0.944826
-1.016294 -1.016294 -1.377063 -1.377063 0.318787 0.295590 3.218880 0.949278
-1.011868 -1.011868 -1.415304 -1.415304 0.302949 0.242577 3.218880 0.940752
-1.036174 -1.036174 -0.999764 -0.999764 0.306027 0.244882 3.218880 0.948782
-1.011880 -1.011880 -1.085774 -1.085774 0.305604 0.240079 3.218880 0.947217
-1.025465 -1.025465 -1.325554 -1.325554 0.300867 0.240370 3.218880 0.943104
-1.007733 -1.007733 -1.308945 -1.308945 0.314782 0.266522 3.218880 0.949687
-0.990491 -0.990491 -1.143932 -1.143932 0.297893 0.240000 3.218880 0.955456
-1.012548 -1.012548 -1.027560 -1.027560 0.298127 0.240015 3.218880 0.953404
-1.038687 -1.038687 -1.428840 -1.428840 0.315755 0.280906 3.218880 0.950282
-1.007800 -1.007800 -1.112037 -1.112037 0.303182 0.240000 3.218880 0.950094
-1.008329 -1.008329 -1.209165 -1.209165 0.303629 0.240000 3.218880 0.942859
-0.999487 -0.999487 -1.371763 -1.371763 0.297045 0.240000 3.218880 0.951094
-1.025228 -1.025228 -1.146165 -1.146165 0.300292 0.240006 3.218880 0.943396
-1.009712 -1.009712 -1.159653 -1.159653 0.297683 0.240000 3.218880 0.948560
-0.995482 -0.995482 -1.127684 -1.127684 0.300489 0.240000 3.218880 0.948851
-1.033668 -1.033668 -1.030387 -1.030387 0.299357 0.240000 3.218880 0.947598
-1.012886 -1.012886 -0.993027 -0.993027 0.303553 0.244053 3.218814 0.953596
-1.027059 -1.027059 -1.491188 -1.491188 0.315274 0.272566 3.218880 0.940524
-1.031343 -1.031343 -1.307632 -1.307632 0.304071 0.240048 3.218880 0.942883
-1.013553 -1.013553 -1.203863 -1.203863 0.302923 0.240177 3.218880 0.948010
-1.016004 -1.016004 -1.238481 -1.238481 0.302284 0.240000 3.218880 0.943202
-1.005733 -1.005733 -1.219505 -1.219505 0.303994 0.240022 3.218880 0.946213
-1.033242 -1.033242 -1.271545 -1.271545 0.304027 0.246978 3.218880 0.947204
-1.020283 -1.020283 -1.220292 -1.220292 0.309701 0.273142 3.218880 0.939901
-1.045435 -1.045435 -0.907087 -0.907087 0.304261 0.240962 3.218880 0.945633
-1.036536 -1.036536 -1.366362 -1.366362 0.315008 0.280131 3.216850 0.949842
-1.039125 -1.039125 -1.594440 -1.594440 0.312691 0.269559 3.218880 0.944708
-1.041489 -1.041489 -1.062318 -1.062318 0.297474 0.240000 3.218880 0.949991
-1.031892 -1.031892 -1.084787 -1.084787 0.313230 0.268868 3.218880 0.945482
-1.028266 -1.028266 -1.234259 -1.234259 0.297414 0.240000 3.218880 0.946823
-1.018517 -1.018517 -1.262166 -1.262166 0.297578 0.240000 3.218880 0.946596
-1.027446 -1.027446 -1.423047 -1.423047 0.300671 0.243125 3.218880 0.943217
-0.995851 -0.995851 -1.064758 -1.064758 0.303533 0.240002 3.218880 0.943900
-1.022562 -1.022562 -0.967054 -0.967054 0.299960 0.240000 3.218880 0.957430
-1.004264 -1.004264 -1.119157 -1.119157 0.301512 0.240000 3.218880 0.946790
-0.991334 -0.991334 -0.934344 -0.934344 0.307983 0.241112 3.218880 0.947306
-1.024160 -1.024160 -1.214889 -1.214889 0.303342 0.241260 3.218880 0.938681
-1.017031 -1.017031 -1.090800 -1.090800 0.303398 0.240000 3.218880 0.950053
-0.995318 -0.995318 -1.121426 -1.121426 0.299795 0.240000 3.218880 0.954783
-1.040778 -1.040778 -1.169931 -1.169931 0.302355 0.241644 3.218880 0.946419
-1.012118 -1.012118 -0.851863 -0.851863 0.300052 0.240000 3.218880 0.951552
-1.021927 -1.021927 -1.100333 -1.100333 0.300758 0.240033 3.218880 0.940355
-1.022363 -1.022363 -1.046175 -1.046175 0.295066 0.240000 3.218880 0.951857
-1.033208 -1.033208 -1.151201 -1.151201 0.305670 0.244779 3.218880 0.942747
-1.025278 -1.025278 -0.994332 -0.994332 0.315802 0.263639 3.218880 0.945624
-1.018075 -1.018075 -1.109552 -1.109552 0.297472 0.240000 3.218880 0.950161
-1.027972 -1.027972 -1.053414 -1.053414 0.307639 0.243676 3.218880 0.942456
-1.043382 -1.043382 -1.805812 -1.805812 0.313818 0.296193 3.218880 0.949651
-1.012331 -1.012331 -1.198999 -1.198999 0.301112 0.240000 3.218880 0.946570
