-0.999664 -0.999664 -1.250235 -1.250235 0.296408 0.240000 3.218880 0.954393
-1.033011 -1.033011 -1.073626 -1.073626 0.299666 0.240000 3.218880 0.951068
-1.014195 -1.014195 -1.312150 -1.312150 0.298228 0.240000 3.218880 0.948612
-0.998995 -0.998995 -1.302383 -1.302383 0.299676 0.240000 3.218880 0.944484
-1.000160 -1.000160 -1.244191 -1.244191 0.308741 0.246111 3.218880 0.941218
-0.980629 -0.980629 -1.013770 -1.013770 0.299504 0.240011 3.218880 0.957576
-1.013706 -1.013706 -1.448266 -1.448266 0.297067 0.240010 3.218880 0.947258
-1.033937 -1.033937 -1.240692 -1.240692 0.300081 0.240000 3.218880 0.940951
-1.025487 -1.025487 -1.269589 -1.269589 0.303473 0.244462 3.218880 0.951728
-1.029940 -1.029940 -1.317536 -1.317536 0.301087 0.243288 3.218880 0.943400
-1.011151 -1.011151 -0.954459 -0.954459 0.305855 0.245800 3.218880 0.950223
-1.016724 -1.016724 -1.080388 -1.080388 0.296518 0.240000 3.218880 0.955945
-1.034053 -1.034053 -1.393567 -1.393567 0.298518 0.240000 3.218880 0.949710
-1.027981 -1.027981 -0.925730 -0.925730 0.301570 0.240000 3.218880 0.951825
-1.023337 -1.023337 -1.271907 -1.271907 0.294859 0.240000 3.218880 0.949212
-1.041541 -1.041541 -1.336516 -1.336516 0.299544 0.240016 3.218880 0.944883
-1.047215 -1.047215 -1.073945 -1.073945 0.310417 0.256927 3.218880 0.947632
-1.040373 -1.040373 -1.432696 -1.432696 0.317286 0.285474 3.218880 0.941620
-0.997681 -0.997681 -1.087211 -1.087211 0.303740 0.240000 3.218880 0.950671
-1.030002 -1.030002 -1.439205 -1.439205 0.303873 0.250580 3.218880 0.946997
-1.010564 -1.010564 -1.054072 -1.054072 0.301495 0.240000 3.218880 0.946139
-1.047660 -1.047660 -1.365012 -1.365012 0.302350 0.244263 3.218880 0.943177
-1.039504 -1.039504 -1.181030 -1.181030 0.296917 0.240000 3.218880 0.947614
-1.001337 -1.001337 -1.449273 -1.449273 0.316528 0.272112 3.218880 0.952751
-1.004733 -1.004733 -1.033069 -1.033069 0.297929 0.240021 3.218880 0.954932
-1.030796 -1.030796 -1.181013 -1.181013 0.297982 0.240000 3.218880 0.951765
-1.017379 -1.017379 -1.554788 -1.554788 0.305282 0.251768 3.218880 0.938842
-1.036227 -1.036227 -0.881787 -0.881787 0.301481 0.240000 3.218880 0.947477
-0.990391 -0.990391 -1.163647 -1.163647 0.304433 0.240963 3.218880 0.953608
-1.022817 -1.022817 -1.107291 -1.107291 0.298895 0.240000 3.218880 0.952195
-1.032171 -1.032171 -1.176717 -1.176717 0.305554 0.243936 3.218880 0.944535
-1.012898 -1.012898 -1.432028 -1.432028 0.313177 0.276337 3.218880 0.950826
-1.012930 -1.012930 -1.097513 -1.097513 0.303478 0.240014 3.218880 0.951738
-1.030605 -1.030605 -1.160434 -1.160434 0.298045 0.240000 3.218880 0.953825
-1.035667 -1.035667 -1.492172 -1.492172 0.317608 0.283001 3.218880 0.948855
-1.015453 -1.015453 -1.084454 -1.084454 0.297536 0.240000 3.218880 0.955876
-1.009779 -1.009779 -1.249615 -1.249615 0.297516 0.240000 3.218880 0.949296
-0.987481 -0.987481 -0.933846 -0.933846 0.297831 0.240000 3.218880 0.959370
-0.991049 -0.991049 -0.895132 -0.895132 0.307600 0.240183 3.218880 0.953736
-1.022372 -1.022372 -1.085356 -1.085356 0.295555 0.240000 3.218880 0.949209
-1.032858 -1.032858 -1.254372 -1.254372 0.317379 0.279813 3.218880 0.947012
-1.000185 -1.000185 -0.901270 -0.901270 0.299283 0.240000 3.218880 0.957349
-1.009126 -1.009126 -1.176442 -1.176442 0.299014 0.240004 3.218880 0.954622
-1.036560 -1.036560 -1.285074 -1.285074 0.314993 0.277104 3.218880 0.945564
-1.034698 -1.034698 -1.080518 -1.080518 0.299147 0.240000 3.218880 0.946337
-1.011340 -1.011340 -1.049561 -1.049561 0.300243 0.240000 3.218880 0.947360
-1.019377 -1.019377 -0.871687 -0.871687 0.299603 0.240012 3.218880 0.952261
-1.025740 -1.025740 -1.007779 -1.007779 0.304569 0.240000 3.218880 0.947709
-1.036138 -1.036138 -0.981088 -0.981088 0.298375 0.240000 3.218880 0.954755
-1.021290 -1.021290 -1.105544 -1.105544 0.301743 0.240000 3.218880 0.950523
-1.015655 -1.015655 -1.333258 -1.333258 0.301904 0.241700 3.218880 0.942105
-1.031281 -1.031281 -1.279416 -1.279416 0.309278 0.253027 3.218880 0.940750
-1.027897 -1.027897 -1.232118 -1.232118 0.299956 0.240365 3.218880 0.942500
-1.021635 -1.021635 -1.197979 -1.197979 0.311322 0.256829 3.218880 0.945453
-1.029958 -1.029958 -1.249068 -1.249068 0.317589 0.287060 3.218880 0.949233
-1.056205 -1.056205 -0.909439 -0.909439 0.318187 0.279329 3.218538 0.949560
-1.027424 -1.027424 -1.214265 -1.214265 0.314550 0.271558 3.218880 0.948569
-0.996496 -0.996496 -1.254760 -1.254760 0.301692 0.240000 3.218880 0.946630
-1.005758 -1.005758 -1.585929 -1.585929 0.301370 0.240190 3.218880 0.946396
-0.984560 -0.984560 -1.285433 -1.285433 0.296446 0.240000 3.218742 0.952553
-1.027675 -1.027675 -1.068976 -1.068976 0.299920 0.241336 3.218880 0.956342
-0.996950 -0.996950 -1.149999 -1.149999 0.301147 0.240006 3.218880 0.953435
-1.021581 -1.021581 -1.018172 -1.018172 0.296793 0.240000 3.218880 0.953055
-1.000684 -1.000684 -0.914045 -0.914045 0.306046 0.241822 3.218880 0.952767
-1.052690 -1.052690 -1.132939 -1.132939 0.297753 0.240000 3.218880 0.944048
-0.982544 -0.982544 -1.137789 -1.137789 0.304410 0.240000 3.218880 0.947307
-1.039900 -1.039900 -1.242301 -1.242301 0.319329 0.295678 3.218880 0.952039
-1.020951 -1.020951 -1.122446 -1.122446 0.299839 0.240000 3.218880 0.950445
-1.040866 -1.040866 -1.454510 -1.454510 0.316993 0.295143 3.216814 0.947405
-0.993741 -0.993741 -1.167189 -1.167189 0.303457 0.240000 3.218880 0.949849
-0.995145 -0.995145 -1.468801 -1.468801 0.298761 0.240019 3.218880 0.948913
-1.019656 -1.019656 -1.191388 -1.191388 0.299610 0.240222 3.218880 0.948536
-1.036677 -1.036677 -1.333306 -1.333306 0.303513 0.251648 3.218880 0.944860
-1.009231 -1.009231 -1.222897 -1.222897 0.304563 0.240877 3.218880 0.940747
-1.020027 -1.020027 -1.247626 -1.247626 0.301463 0.240000 3.218880 0.940548
-1.027757 -1.027757 -1.210129 -1.210129 0.296793 0.240000 3.218880 0.949487
-1.028713 -1.028713 -1.244112 -1.244112 0.297557 0.240000 3.218880 0.947000
-0.992972 -0.992972 -0.949290 -0.949290 0.303903 0.240000 3.218880 0.953679
-0.997770 -0.997770 -1.128186 -1.128186 0.299210 0.240000 3.218880 0.949079
-1.004557 -1.004557 -1.201242 -1.201242 0.299406 0.240000 3.218880 0.947739
-1.022104 -1.022104 -1.035951 -1.035951 0.299723 0.240000 3.218880 0.944776
-1.062280 -1.062280 -1.048254 -1.048254 0.308490 0.257431 3.218880 0.954651
-1.019144 -1.019144 -1.014522 -1.014522 0.297172 0.240000 3.218880 0.950710
-1.025774 -1.025774 -1.290120 -1.290120 0.301917 0.240030 3.218880 0.944828
-1.019992 -1.019992 -1.656979 -1.656979 0.316377 0.274811 3.218880 0.943424
-1.027505 -1.027505 -1.173519 -1.173519 0.306787 0.246092 3.218880 0.946270
-0.998361 -0.998361 -1.268285 -1.268285 0.303586 0.240001 3.218880 0.948003
-0.988136 -0.988136 -1.259346 -1.259346 0.303192 0.244250 3.218880 0.946587
-1.035594 -1.035594 -1.185504 -1.185504 0.306517 0.259113 3.218880 0.941408
-1.037783 -1.037783 -1.029380 -1.029380 0.300033 0.240000 3.218880 0.947998
-0.996385 -0.996385 -1.000781 -1.000781 0.297723 0.240000 3.218880 0.959445
