-1.020860 -1.020860 -1.164840 -1.164840 0.306051 0.245981 3.218880 0.953669
-1.015679 -1.015679 -1.051261 -1.051261 0.300231 0.240000 3.218880 0.950071
-1.022573 -1.022573 -0.953994 -0.953994 0.306045 0.240936 3.218880 0.948382
-1.019876 -1.019876 -1.119057 -1.119057 0.301424 0.240019 3.218880 0.942024
-1.011055 -1.011055 -1.169598 -1.169598 0.303121 0.240000 3.218880 0.946584
-1.048577 -1.048577 -1.611318 -1.611318 0.314354 0.284170 3.218880 0.943315
-1.023845 -1.023845 -1.104551 -1.104551 0.301072 0.240000 3.218880 0.952016
-1.009251 -1.009251 -1.443733 -1.443733 0.300646 0.240328 3.218880 0.944069
-0.994633 -0.994633 -1.079442 -1.079442 0.306191 0.241038 3.218880 0.943868
-1.013022 -1.013022 -1.072493 -1.072493 0.300998 0.240000 3.218880 0.950818
-1.025906 -1.025906 -1.245431 -1.245431 0.302304 0.240057 3.218880 0.945178
-1.018888 -1.018888 -1.182697 -1.182697 0.305886 0.245971 3.218880 0.953068
-1.018525 -1.018525 -1.178895 -1.178895 0.301012 0.240000 3.218880 0.950056
-1.030166 -1.030166 -1.405501 -1.405501 0.308730 0.252183 3.218880 0.941245
-1.019405 -1.019405 -1.452119 -1.452119 0.299779 0.240000 3.218880 0.945601
-1.013407 -1.013407 -1.203804 -1.203804 0.297738 0.240000 3.218880 0.952206
-1.008776 -1.008776 -1.095974 -1.095974 0.299884 0.240000 3.218880 0.946427
-1.027875 -1.027875 -1.062051 -1.062051 0.299506 0.240000 3.218880 0.949202
-1.009750 -1.009750 -1.276869 -1.276869 0.301453 0.240000 3.218880 0.949576
-1.052006 -1.052006 -1.624233 -1.624233 0.314390 0.301142 3.218880 0.951732
-1.031318 -1.031318 -1.176374 -1.176374 0.299957 0.240010 3.218880 0.945973
-1.040446 -1.040446 -1.032104 -1.032104 0.314521 0.260232 3.218880 0.945587
-0.996739 -0.996739 -1.032252 -1.032252 0.310426 0.244185 3.218880 0.944606
-1.001340 -1.001340 -1.035809 -1.035809 0.301252 0.240049 3.218880 0.951335
-0.977687 -0.977687 -1.109294 -1.109294 0.313696 0.256364 3.218880 0.947292
-1.019494 -1.019494 -1.301816 -1.301816 0.305165 0.244629 3.218880 0.943611
-1.008174 -1.008174 -1.399592 -1.399592 0.301839 0.240000 3.218880 0.940421
-1.049708 -1.049708 -1.354631 -1.354631 0.321466 0.303399 3.218880 0.943863
-1.008117 -1.008117 -1.260453 -1.260453 0.300824 0.240000 3.218880 0.947484
-1.019915 -1.019915 -1.178495 -1.178495 0.319262 0.282784 3.218880 0.953714
-1.055599 -1.055599 -1.223963 -1.223963 0.302809 0.241760 3.218880 0.946132
-1.022762 -1.022762 -1.048091 -1.048091 0.296521 0.240000 3.218880 0.951989
-1.020949 -1.020949 -1.509983 -1.509983 0.304949 0.247442 3.218880 0.941580
-1.040599 -1.040599 -1.081976 -1.081976 0.296245 0.240000 3.218880 0.955413
-0.982096 -0.982096 -1.163761 -1.163761 0.301614 0.240000 3.218880 0.951975
-1.046522 -1.046522 -0.983291 -0.983291 0.301306 0.240000 3.218880 0.944330
-1.022062 -1.022062 -1.545689 -1.545689 0.315773 0.287872 3.218880 0.948943
-1.014464 -1.014464 -0.940356 -0.940356 0.305643 0.241997 3.218880 0.948407
-0.984095 -0.984095 -1.211801 -1.211801 0.299395 0.240009 3.218880 0.945381
-1.033212 -1.033212 -1.484494 -1.484494 0.297551 0.240517 3.218880 0.947497
-1.028458 -1.028458 -1.276668 -1.276668 0.297551 0.240000 3.218880 0.947300
-1.003939 -1.003939 -1.127890 -1.127890 0.301442 0.240000 3.218880 0.945170
-1.007054 -1.007054 -1.048671 -1.048671 0.302549 0.240000 3.218880 0.944936
-1.028219 -1.028219 -1.126732 -1.126732 0.305904 0.248103 3.218880 0.952378
-1.037683 -1.037683 -1.151523 -1.151523 0.300055 0.240001 3.218880 0.941524
-1.052800 -1.052800 -1.113702 -1.113702 0.300651 0.240528 3.218880 0.950235
-1.036236 -1.036236 -1.239166 -1.239166 0.308099 0.254434 3.218880 0.937850
-1.028194 -1.028194 -1.098613 -1.098613 0.300588 0.240024 3.218880 0.944518
-1.025345 -1.025345 -1.341126 -1.341126 0.298100 0.240058 3.218880 0.945201
-1.028056 -1.028056 -1.162740 -1.162740 0.296609 0.240000 3.218880 0.947800
-1.031979 -1.031979 -1.353638 -1.353638 0.314264 0.276572 3.218722 0.945249
-1.013872 -1.013872 -1.115668 -1.115668 0.298612 0.240000 3.218880 0.952581
-1.025641 -1.025641 -1.155228 -1.155228 0.298033 0.240000 3.218880 0.948110
-1.022081 -1.022081 -0.968656 -0.968656 0.304999 0.241975 3.218880 0.950698
-1.004372 -1.004372 -1.191289 -1.191289 0.301797 0.240000 3.218880 0.951484
-1.046051 -1.046051 -0.999875 -0.999875 0.303992 0.240000 3.218880 0.947338
-1.033687 -1.033687 -1.312027 -1.312027 0.301446 0.240000 3.218880 0.943828
-0.999420 -0.999420 -1.001053 -1.001053 0.303068 0.240000 3.218880 0.948947
-1.026545 -1.026545 -1.053258 -1.053258 0.304524 0.244345 3.218880 0.944372
-1.015821 -1.015821 -1.167238 -1.167238 0.303471 0.242807 3.218880 0.948494
-1.017222 -1.017222 -1.457730 -1.457730 0.310819 0.281902 3.218880 0.955490
-1.020219 -1.020219 -0.938888 -0.938888 0.321078 0.256505 3.218880 0.945952
-1.004189 -1.004189 -1.234502 -1.234502 0.305211 0.245737 3.218880 0.950474
-1.028586 -1.028586 -1.256210 -1.256210 0.299191 0.240000 3.218880 0.945774
-1.039168 -1.039168 -1.278251 -1.278251 0.296985 0.240000 3.218880 0.948492
-1.033133 -1.033133 -1.175465 -1.175465 0.297589 0.240000 3.218880 0.947161
-1.014918 -1.014918 -1.308755 -1.308755 0.310102 0.254052 3.218880 0.950894
-0.979930 -0.979930 -1.047341 -1.047341 0.302089 0.240000 3.218880 0.956608
-1.048362 -1.048362 -0.862482 -0.862482 0.314254 0.271488 3.210188 0.952226
-1.030537 -1.030537 -1.146107 -1.146107 0.303554 0.240000 3.218880 0.942074
-1.022868 -1.022868 -1.214339 -1.214339 0.305444 0.243368 3.218880 0.947961
-1.014118 -1.014118 -0.961956 -0.961956 0.302546 0.240000 3.218880 0.950871
-1.012360 -1.012360 -1.218714 -1.218714 0.298428 0.240000 3.218880 0.947703
-1.037931 -1.037931 -1.217025 -1.217025 0.298859 0.240228 3.218880 0.951855
-1.036830 -1.036830 -1.274557 -1.274557 0.301523 0.243854 3.218880 0.943675
-1.006533 -1.006533 -1.243821 -1.243821 0.300230 0.240000 3.218880 0.944258
-1.025888 -1.025888 -1.242333 -1.242333 0.302282 0.240390 3.218880 0.947153
-1.011354 -1.011354 -1.247337 -1.247337 0.298759 0.240000 3.218880 0.950323
-1.004423 -1.004423 -1.075318 -1.075318 0.300313 0.240020 3.218880 0.949165
-1.010562 -1.010562 -1.333365 -1.333365 0.299373 0.240000 3.218880 0.946073
-1.008730 -1.008730 -1.370975 -1.370975 0.302036 0.240399 3.218880 0.946741
-0.990365 -0.990365 -1.366514 -1.366514 0.299480 0.240000 3.218880 0.946883
-1.018814 -1.018814 -0.876863 -0.876863 0.304098 0.240000 3.218880 0.946618
-1.010340 -1.010340 -1.317816 -1.317816 0.301206 0.240086 3.218880 0.948988
-1.012619 -1.012619 -1.454683 -1.454683 0.306520 0.252565 3.218880 0.946059
-1.050197 -1.050197 -1.122449 -1.122449 0.306771 0.245329 3.218880 0.940990
-1.037040 -1.037040 -1.378639 -1.378639 0.304279 0.247680 3.218880 0.938107
-1.028184 -1.028184 -1.221843 -1.221843 0.312768 0.261642 3.218880 0.948758
-1.034633 -1.034633 -1.161968 -1.161968 0.316392 0.277347 3.218880 0.948369
-1.013902 -1.013902 -1.034833 -1.034833 0.300851 0.240000 3.218880 0.948064
-1.000701 -1.000701 -1.096788 -1.096788 0.303718 0.240006 3.218880 0.943070
