-1.037460 -1.037460 -0.794343 -0.794343 0.301876 0.240000 3.218880 0.946951
-1.001987 -1.001987 -1.406743 -1.406743 0.302878 0.240766 3.218880 0.944855
-1.037200 -1.037200 -0.791943 -0.791943 0.302100 0.240000 3.218880 0.949810
-1.012896 -1.012896 -0.992480 -0.992480 0.305621 0.244180 3.218880 0.951201
-1.019225 -1.019225 -1.257031 -1.257031 0.297728 0.240000 3.218880 0.953296
-1.002303 -1.002303 -1.214237 -1.214237 0.302384 0.240369 3.218880 0.946186
-1.016852 -1.016852 -1.338721 -1.338721 0.318156 0.277855 3.218880 0.943358
-1.011659 -1.011659 -1.325646 -1.325646 0.310094 0.258571 3.218880 0.952337
-1.050048 -1.050048 -1.629741 -1.629741 0.307423 0.279075 3.218880 0.948472
-1.009080 -1.009080 -1.075753 -1.075753 0.303673 0.240000 3.218880 0.946334
-1.023953 -1.023953 -1.361381 -1.361381 0.300280 0.242277 3.218880 0.950875
-1.025216 -1.025216 -1.200355 -1.200355 0.298239 0.240000 3.218880 0.945873
-1.052226 -1.052226 -1.180138 -1.180138 0.298508 0.242389 3.218880 0.947365
-1.052068 -1.052068 -1.321341 -1.321341 0.307273 0.269967 3.218880 0.940371
-1.023631 -1.023631 -1.284103 -1.284103 0.316465 0.265341 3.218880 0.943650
-1.024608 -1.024608 -1.005310 -1.005310 0.301847 0.240051 3.218880 0.950533
-1.032534 -1.032534 -1.315664 -1.315664 0.302031 0.240036 3.218880 0.940372
-1.017221 -1.017221 -1.135022 -1.135022 0.299842 0.240000 3.218880 0.956414
-1.039650 -1.039650 -1.515523 -1.515523 0.311626 0.287004 3.218880 0.942193
-1.058902 -1.058902 -1.167583 -1.167583 0.299015 0.240226 3.218880 0.949501
-1.016019 -1.016019 -1.443391 -1.443391 0.315992 0.263795 3.218880 0.945812
-1.024421 -1.024421 -0.978232 -0.978232 0.299729 0.240000 3.218880 0.951519
-1.026409 -1.026409 -0.883817 -0.883817 0.310585 0.249870 3.218845 0.959006
-1.036317 -1.036317 -1.091581 -1.091581 0.303137 0.243255 3.218880 0.944049
-1.038782 -1.038782 -1.036994 -1.036994 0.297266 0.240000 3.218880 0.951317
-1.016978 -1.016978 -1.280438 -1.280438 0.299198 0.240000 3.218880 0.945762
-1.034415 -1.034415 -1.232725 -1.232725 0.298898 0.240000 3.218880 0.945445
-0.991550 -0.991550 -1.396955 -1.396955 0.302208 0.242548 3.218880 0.951087
-1.024935 -1.024935 -1.406451 -1.406451 0.311492 0.263419 3.218880 0.946260
-1.021236 -1.021236 -1.211618 -1.211618 0.299062 0.240394 3.218880 0.954515
-1.021728 -1.021728 -1.106224 -1.106224 0.300743 0.240000 3.218880 0.947146
-1.032099 -1.032099 -1.241813 -1.241813 0.305722 0.245975 3.218880 0.945880
-0.997665 -0.997665 -1.112663 -1.112663 0.299217 0.240000 3.218880 0.952392
-1.028107 -1.028107 -1.254100 -1.254100 0.305992 0.244369 3.218880 0.945561
-0.987533 -0.987533 -1.591453 -1.591453 0.315996 0.267366 3.218880 0.945192
-1.028561 -1.028561 -1.471559 -1.471559 0.297392 0.240000 3.218880 0.944301
-1.012895 -1.012895 -1.201445 -1.201445 0.303652 0.241293 3.218880 0.943499
-1.009243 -1.009243 -0.929183 -0.929183 0.304511 0.240000 3.218880 0.950207
-0.988442 -0.988442 -1.137303 -1.137303 0.304935 0.240209 3.218880 0.948646
-1.024080 -1.024080 -1.128418 -1.128418 0.298027 0.240000 3.218880 0.948522
-1.035508 -1.035508 -1.134741 -1.134741 0.298383 0.240000 3.218880 0.945017
-1.024431 -1.024431 -0.746196 -0.746196 0.303590 0.240290 3.218880 0.951644
-1.007190 -1.007190 -1.515063 -1.515063 0.310643 0.269117 3.218528 0.947534
-1.019519 -1.019519 -1.433183 -1.433183 0.301879 0.241477 3.218880 0.943647
-1.003420 -1.003420 -1.550601 -1.550601 0.309300 0.265679 3.218880 0.953035
-1.033959 -1.033959 -0.924753 -0.924753 0.300921 0.240000 3.218880 0.949301
-1.017561 -1.017561 -1.102155 -1.102155 0.298572 0.240000 3.218880 0.950890
-1.014261 -1.014261 -1.264736 -1.264736 0.303897 0.241076 3.218880 0.942573
-0.989239 -0.989239 -1.210431 -1.210431 0.305635 0.241138 3.218880 0.947181
-1.011321 -1.011321 -1.683404 -1.683404 0.310615 0.291445 3.212212 0.946146
-1.024338 -1.024338 -1.157162 -1.157162 0.309305 0.250225 3.218880 0.952097
-1.036646 -1.036646 -1.158345 -1.158345 0.299074 0.240000 3.218880 0.941117
-1.028725 -1.028725 -1.236180 -1.236180 0.308995 0.256493 3.218880 0.943926
-1.025284 -1.025284 -1.211174 -1.211174 0.298893 0.240000 3.218880 0.946664
-1.004009 -1.004009 -1.636610 -1.636610 0.302052 0.240764 3.218880 0.944446
-0.992430 -0.992430 -1.123113 -1.123113 0.302335 0.240000 3.218880 0.951080
-1.053725 -1.053725 -1.452868 -1.452868 0.315003 0.288469 3.218880 0.950998
-0.995706 -0.995706 -1.072509 -1.072509 0.297960 0.240000 3.218880 0.952399
-1.028304 -1.028304 -1.528146 -1.528146 0.304369 0.249016 3.218880 0.949412
-1.018635 -1.018635 -0.929045 -0.929045 0.305322 0.241976 3.218880 0.948589
-1.005772 -1.005772 -1.148436 -1.148436 0.299657 0.240000 3.218880 0.956183
-1.055604 -1.055604 -0.899871 -0.899871 0.308353 0.248810 3.218880 0.944092
-1.028377 -1.028377 -1.051738 -1.051738 0.299592 0.240000 3.218880 0.947085
-1.003036 -1.003036 -1.356985 -1.356985 0.297473 0.240000 3.218880 0.947796
-1.015479 -1.015479 -0.936983 -0.936983 0.308064 0.244990 3.218880 0.952717
-1.005322 -1.005322 -1.219139 -1.219139 0.302617 0.240000 3.218880 0.945205
-0.994570 -0.994570 -1.229929 -1.229929 0.299215 0.240000 3.218880 0.954427
-0.994355 -0.994355 -1.261243 -1.261243 0.301829 0.240000 3.218880 0.947302
-1.027113 -1.027113 -1.553270 -1.553270 0.308870 0.268764 3.218880 0.946966
-1.019230 -1.019230 -1.184089 -1.184089 0.301641 0.245258 3.218880 0.948315
-1.013655 -1.013655 -1.087805 -1.087805 0.304162 0.240123 3.218880 0.949128
-1.020841 -1.020841 -1.350846 -1.350846 0.306171 0.243601 3.218880 0.945043
-1.020823 -1.020823 -1.070567 -1.070567 0.311854 0.261811 3.216259 0.947349
-0.995709 -0.995709 -1.253341 -1.253341 0.304559 0.240000 3.218880 0.948994
-1.026490 -1.026490 -1.367043 -1.367043 0.316952 0.296925 3.218880 0.962097
-1.008010 -1.008010 -1.030029 -1.030029 0.305213 0.240025 3.218880 0.950803
-1.014923 -1.014923 -1.235740 -1.235740 0.307058 0.244995 3.218880 0.948724
-1.040701 -1.040701 -0.955568 -0.955568 0.314215 0.253021 3.218880 0.946547
-1.028427 -1.028427 -1.083989 -1.083989 0.300968 0.240031 3.218880 0.946563
-1.042312 -1.042312 -1.217600 -1.217600 0.313086 0.277044 3.216462 0.949531
-0.998918 -0.998918 -1.184994 -1.184994 0.299650 0.240000 3.218880 0.949808
-1.017475 -1.017475 -1.208150 -1.208150 0.309586 0.246409 3.218880 0.947565
-1.027176 -1.027176 -1.244163 -1.244163 0.306329 0.246657 3.218880 0.943483
-1.012189 -1.012189 -1.165320 -1.165320 0.301307 0.240050 3.218880 0.951805
-1.039155 -1.039155 -1.307094 -1.307094 0.301008 0.240000 3.218880 0.943869
-1.029720 -1.029720 -1.293980 -1.293980 0.303454 0.243546 3.218880 0.943192
-1.042412 -1.042412 -1.299205 -1.299205 0.298715 0.240000 3.218880 0.944012
-1.039533 -1.039533 -0.999442 -0.999442 0.302058 0.240011 3.218880 0.948865
-1.037659 -1.037659 -1.182811 -1.182811 0.299071 0.240000 3.218880 0.946628
-1.029973 -1.029973 -1.021379 -1.021379 0.302833 0.240000 3.218880 0.949341
-1.044002 -1.044002 -1.239619 -1.239619 0.298076 0.240000 3.218880 0.938218
