-1.027054 -1.027054 -1.378792 -1.378792 0.301908 0.246553 3.218880 0.948764
-1.024399 -1.024399 -1.097442 -1.097442 0.306742 0.242220 3.218880 0.946108
-1.027485 -1.027485 -1.099928 -1.099928 0.309811 0.246705 3.218880 0.951352
-0.996199 -0.996199 -1.058588 -1.058588 0.304131 0.240053 3.218880 0.951992
-1.012912 -1.012912 -1.215748 -1.215748 0.308208 0.256427 3.218880 0.946828
-1.004802 -1.004802 -1.313997 -1.313997 0.302524 0.240822 3.218880 0.941501
-1.008265 -1.008265 -1.324652 -1.324652 0.303351 0.240729 3.218880 0.944012
-1.001543 -1.001543 -1.027894 -1.027894 0.300846 0.240000 3.218880 0.946610
-0.995685 -0.995685 -1.226435 -1.226435 0.307136 0.245738 3.218880 0.946591
-1.020883 -1.020883 -0.953503 -0.953503 0.300752 0.240000 3.218880 0.948051
-1.001669 -1.001669 -1.238400 -1.238400 0.303284 0.240592 3.218880 0.949501
-1.024729 -1.024729 -1.491163 -1.491163 0.314498 0.271013 3.218880 0.953499
-1.036920 -1.036920 -1.065519 -1.065519 0.309014 0.243706 3.218880 0.945048
-1.035800 -1.035800 -1.025384 -1.025384 0.303103 0.240004 3.218880 0.954417
-1.019840 -1.019840 -1.139198 -1.139198 0.303548 0.240369 3.218880 0.946568
-1.000808 -1.000808 -1.429732 -1.429732 0.311264 0.267034 3.218880 0.954601
-1.016218 -1.016218 -1.335934 -1.335934 0.301307 0.240798 3.218880 0.944269
-1.024110 -1.024110 -1.130801 -1.130801 0.302139 0.240516 3.218880 0.946347
-1.031275 -1.031275 -1.365630 -1.365630 0.316667 0.291807 3.218880 0.949244
-1.001428 -1.001428 -1.042570 -1.042570 0.296754 0.240000 3.218880 0.957341
-1.034943 -1.034943 -1.083425 -1.083425 0.300595 0.242021 3.218880 0.948129
-1.029365 -1.029365 -1.157943 -1.157943 0.301766 0.240047 3.218880 0.946060
-0.995106 -0.995106 -0.981906 -0.981906 0.303824 0.240000 3.218880 0.951040
-1.037129 -1.037129 -1.639657 -1.639657 0.303500 0.257160 3.218880 0.936154
-1.040018 -1.040018 -1.191239 -1.191239 0.318088 0.282488 3.218880 0.945903
-1.032240 -1.032240 -1.028935 -1.028935 0.305102 0.242882 3.218880 0.948041
-1.026309 -1.026309 -1.202814 -1.202814 0.298784 0.240000 3.218880 0.941196
-1.025147 -1.025147 -1.208924 -1.208924 0.307194 0.249365 3.218880 0.942426
-1.047585 -1.047585 -1.102416 -1.102416 0.300048 0.240017 3.218880 0.947908
-1.035942 -1.035942 -1.198114 -1.198114 0.300164 0.240000 3.218880 0.944207
-1.023544 -1.023544 -1.177379 -1.177379 0.305687 0.243537 3.218880 0.939909
-1.050948 -1.050948 -1.501777 -1.501777 0.317625 0.299691 3.218880 0.955218
-1.015566 -1.015566 -1.401679 -1.401679 0.300991 0.240235 3.218880 0.944973
-1.016870 -1.016870 -1.340333 -1.340333 0.306535 0.246599 3.218880 0.944615
-0.992625 -0.992625 -1.188967 -1.188967 0.302386 0.240000 3.218880 0.944946
-0.993155 -0.993155 -1.144944 -1.144944 0.302105 0.240000 3.218880 0.949146
-1.026607 -1.026607 -1.366633 -1.366633 0.301584 0.240886 3.218880 0.946204
-1.048308 -1.048308 -1.621619 -1.621619 0.304221 0.269570 3.218880 0.945970
-1.058286 -1.058286 -1.344601 -1.344601 0.313165 0.290453 3.218504 0.947783
-1.014310 -1.014310 -1.042100 -1.042100 0.302786 0.240003 3.218880 0.943179
-1.022900 -1.022900 -1.237906 -1.237906 0.309699 0.259905 3.218880 0.946992
-1.014431 -1.014431 -1.308813 -1.308813 0.300891 0.240001 3.218880 0.955892
-1.021777 -1.021777 -1.115733 -1.115733 0.303958 0.241649 3.218880 0.951391
-1.036530 -1.036530 -1.192785 -1.192785 0.301786 0.247135 3.218497 0.948360
-1.038009 -1.038009 -1.384950 -1.384950 0.305831 0.265583 3.218880 0.942478
-1.001292 -1.001292 -1.174707 -1.174707 0.302045 0.240000 3.218880 0.945411
-1.030778 -1.030778 -1.302003 -1.302003 0.302389 0.240017 3.218880 0.944854
-1.000821 -1.000821 -1.128850 -1.128850 0.302609 0.241728 3.218880 0.950199
-1.027750 -1.027750 -1.030562 -1.030562 0.300864 0.240000 3.218880 0.947093
-1.023914 -1.023914 -1.340002 -1.340002 0.303861 0.240729 3.218880 0.942879
-1.029965 -1.029965 -1.169602 -1.169602 0.303648 0.245155 3.218880 0.948524
-1.011844 -1.011844 -1.625667 -1.625667 0.303122 0.242283 3.218880 0.948899
-1.028350 -1.028350 -1.582731 -1.582731 0.309934 0.271363 3.218880 0.947135
-1.008875 -1.008875 -0.996152 -0.996152 0.302170 0.240000 3.218880 0.955525
-0.998240 -0.998240 -1.272591 -1.272591 0.298757 0.240000 3.218880 0.945134
-0.998091 -0.998091 -1.136628 -1.136628 0.298332 0.240000 3.218880 0.954367
-0.995659 -0.995659 -1.463327 -1.463327 0.307244 0.252506 3.218880 0.947582
-1.034825 -1.034825 -1.211368 -1.211368 0.300803 0.240000 3.218880 0.945091
-1.002503 -1.002503 -1.040866 -1.040866 0.301316 0.240000 3.218880 0.953156
-1.014965 -1.014965 -0.948057 -0.948057 0.303500 0.240000 3.218880 0.946303
-1.023929 -1.023929 -1.040221 -1.040221 0.299766 0.240000 3.218880 0.949434
-1.012246 -1.012246 -1.437737 -1.437737 0.302624 0.244999 3.218880 0.945803
-1.015572 -1.015572 -1.327151 -1.327151 0.299647 0.240000 3.218880 0.945110
-1.002210 -1.002210 -1.236430 -1.236430 0.298782 0.240000 3.218880 0.952230
-1.003929 -1.003929 -1.386428 -1.386428 0.300138 0.240000 3.218880 0.943639
-1.028280 -1.028280 -0.883627 -0.883627 0.297742 0.240000 3.218880 0.950396
-1.041383 -1.041383 -1.427924 -1.427924 0.298075 0.241279 3.218880 0.943149
-1.001838 -1.001838 -1.160074 -1.160074 0.302427 0.240000 3.218880 0.944568
-1.017138 -1.017138 -1.057178 -1.057178 0.298446 0.240000 3.218880 0.950552
-1.020505 -1.020505 -1.134923 -1.134923 0.309923 0.252443 3.218880 0.949330
-1.029425 -1.029425 -1.177458 -1.177458 0.301993 0.244056 3.218880 0.941346
-1.032253 -1.032253 -1.262558 -1.262558 0.293084 0.240000 3.218880 0.949067
-1.049907 -1.049907 -1.044909 -1.044909 0.317331 0.287066 3.218880 0.943950
-1.007998 -1.007998 -1.322485 -1.322485 0.297587 0.240000 3.218880 0.945479
-1.027851 -1.027851 -0.896599 -0.896599 0.303374 0.240000 3.218880 0.948439
-1.006294 -1.006294 -1.198674 -1.198674 0.305632 0.243635 3.218880 0.945810
-1.020263 -1.020263 -1.295859 -1.295859 0.301765 0.244336 3.218880 0.948311
-1.002411 -1.002411 -0.967278 -0.967278 0.303149 0.240000 3.218880 0.949351
-1.020693 -1.020693 -1.091403 -1.091403 0.305350 0.242641 3.218880 0.948658
-1.019525 -1.019525 -1.107758 -1.107758 0.300705 0.240000 3.218880 0.943655
-1.023963 -1.023963 -1.343145 -1.343145 0.303174 0.240168 3.218880 0.942434
-1.017516 -1.017516 -1.465277 -1.465277 0.310833 0.262775 3.218880 0.952810
-1.040409 -1.040409 -0.954466 -0.954466 0.303475 0.240046 3.218880 0.948899
-1.028462 -1.028462 -1.078577 -1.078577 0.315765 0.276084 3.218880 0.949484
-1.039339 -1.039339 -0.927036 -0.927036 0.296867 0.240000 3.218880 0.954428
-1.025279 -1.025279 -1.246016 -1.246016 0.296952 0.240000 3.218880 0.947407
-1.047073 -1.047073 -1.185972 -1.185972 0.295500 0.240000 3.218880 0.949215
-1.028774 -1.028774 -1.150581 -1.150581 0.303382 0.243825 3.218880 0.942973
-1.038792 -1.038792 -0.812599 -0.812599 0.308407 0.243333 3.218880 0.950036
-1.012022 -1.012022 -1.161544 -1.161544 0.299153 0.240000 3.218880 0.944465
-1.046569 -1.046569 -1.200411 -1.200411 0.315685 0.282126 3.218187 0.954432
