-1.016933 -1.016933 -1.354822 -1.354822 0.301047 0.240796 3.218880 0.940058
-1.037849 -1.037849 -1.274328 -1.274328 0.304685 0.244498 3.218880 0.941970
-1.022103 -1.022103 -1.247255 -1.247255 0.310878 0.262462 3.218880 0.949125
-1.031108 -1.031108 -1.123172 -1.123172 0.298142 0.240000 3.218880 0.947773
-1.019271 -1.019271 -1.514465 -1.514465 0.307450 0.251655 3.218880 0.942138
-1.014789 -1.014789 -1.102816 -1.102816 0.304651 0.240267 3.218880 0.946685
-1.019031 -1.019031 -1.088252 -1.088252 0.301969 0.240000 3.218880 0.947361
-1.018542 -1.018542 -1.211199 -1.211199 0.302033 0.240000 3.218880 0.943174
-1.041454 -1.041454 -1.041953 -1.041953 0.300333 0.240000 3.218880 0.948148
-1.035464 -1.035464 -1.188514 -1.188514 0.309212 0.259729 3.218880 0.947797
-1.028437 -1.028437 -1.059138 -1.059138 0.300286 0.240000 3.218880 0.944549
-1.024952 -1.024952 -1.093013 -1.093013 0.304439 0.241166 3.218880 0.943590
-1.000380 -1.000380 -1.353646 -1.353646 0.302746 0.240933 3.218880 0.943934
-1.015993 -1.015993 -1.311756 -1.311756 0.303122 0.240000 3.218880 0.943912
-1.000788 -1.000788 -1.127069 -1.127069 0.300582 0.240000 3.218880 0.947131
-1.015420 -1.015420 -1.106749 -1.106749 0.302294 0.240000 3.218880 0.950173
-1.065022 -1.065022 -1.223426 -1.223426 0.321003 0.297782 3.213328 0.948438
-1.055244 -1.055244 -1.360862 -1.360862 0.316701 0.293355 3.218880 0.947147
-1.014289 -1.014289 -1.016634 -1.016634 0.306340 0.241715 3.218880 0.947128
-1.022627 -1.022627 -1.179671 -1.179671 0.299294 0.240000 3.218880 0.945853
-1.027881 -1.027881 -1.418777 -1.418777 0.300654 0.240000 3.218880 0.940963
-1.038319 -1.038319 -0.949273 -0.949273 0.297315 0.240000 3.218880 0.951512
-0.998470 -0.998470 -1.064682 -1.064682 0.300561 0.240000 3.218880 0.952090
-0.997874 -0.997874 -1.277929 -1.277929 0.303743 0.241947 3.218880 0.942103
-1.017773 -1.017773 -1.017509 -1.017509 0.302951 0.240000 3.218880 0.944623
-1.043160 -1.043160 -1.304209 -1.304209 0.311977 0.262630 3.218880 0.946101
-1.008594 -1.008594 -1.303874 -1.303874 0.298240 0.240030 3.218880 0.950676
-1.048334 -1.048334 -1.383373 -1.383373 0.299130 0.240722 3.218880 0.944184
-1.037282 -1.037282 -1.384917 -1.384917 0.297312 0.240000 3.218880 0.950457
-1.043802 -1.043802 -1.215501 -1.215501 0.302009 0.240036 3.218880 0.943833
-1.020259 -1.020259 -1.479972 -1.479972 0.308158 0.253828 3.218880 0.945374
-1.004816 -1.004816 -0.959043 -0.959043 0.303611 0.240002 3.218880 0.951484
-1.011823 -1.011823 -1.116929 -1.116929 0.299716 0.240009 3.218880 0.957724
-1.025066 -1.025066 -0.988704 -0.988704 0.295585 0.240000 3.218880 0.946590
-0.991087 -0.991087 -1.314100 -1.314100 0.300222 0.240000 3.218880 0.951889
-1.045006 -1.045006 -1.552447 -1.552447 0.318491 0.307392 3.218880 0.947973
-1.024956 -1.024956 -1.229172 -1.229172 0.316565 0.288932 3.218880 0.943979
-0.999713 -0.999713 -1.452800 -1.452800 0.321005 0.290138 3.218880 0.948703
-1.017798 -1.017798 -1.266828 -1.266828 0.297415 0.240000 3.218880 0.952855
-1.050092 -1.050092 -1.252844 -1.252844 0.305958 0.255180 3.218868 0.946729
-1.038559 -1.038559 -1.066539 -1.066539 0.299208 0.240000 3.218880 0.946219
-1.000239 -1.000239 -1.213835 -1.213835 0.300625 0.240000 3.218880 0.949889
-1.056785 -1.056785 -1.290387 -1.290387 0.300008 0.240917 3.218880 0.946024
-1.003833 -1.003833 -1.372355 -1.372355 0.297929 0.240000 3.218880 0.944174
-1.003796 -1.003796 -1.365495 -1.365495 0.304572 0.251896 3.218880 0.944399
-1.029239 -1.029239 -1.305072 -1.305072 0.303353 0.242101 3.218880 0.943633
-1.018903 -1.018903 -1.235643 -1.235643 0.311549 0.261910 3.218880 0.951729
-1.002146 -1.002146 -1.319802 -1.319802 0.299268 0.240241 3.218880 0.947098
-1.047277 -1.047277 -1.318706 -1.318706 0.316074 0.285898 3.218880 0.953154
-1.012241 -1.012241 -0.967580 -0.967580 0.302851 0.240041 3.218880 0.948521
-1.016413 -1.016413 -1.200353 -1.200353 0.298198 0.240132 3.218880 0.944714
-1.039983 -1.039983 -1.229452 -1.229452 0.299626 0.240048 3.218880 0.946313
-1.031361 -1.031361 -1.071020 -1.071020 0.297675 0.240000 3.218880 0.948752
-1.012858 -1.012858 -1.020830 -1.020830 0.302014 0.240000 3.218880 0.953984
-1.028346 -1.028346 -1.099512 -1.099512 0.304416 0.240192 3.218880 0.944402
-0.999226 -0.999226 -1.169597 -1.169597 0.301413 0.240000 3.218880 0.945697
-1.038518 -1.038518 -1.124211 -1.124211 0.299147 0.240000 3.218880 0.946052
-0.996447 -0.996447 -1.248179 -1.248179 0.304032 0.240007 3.218880 0.944155
-1.011569 -1.011569 -1.004417 -1.004417 0.303220 0.240000 3.218880 0.945988
-1.018298 -1.018298 -1.288689 -1.288689 0.306194 0.249956 3.218880 0.943803
-0.999125 -0.999125 -1.258756 -1.258756 0.315986 0.273393 3.218880 0.946746
-0.992085 -0.992085 -1.210934 -1.210934 0.304846 0.240724 3.218880 0.946930
-1.007262 -1.007262 -1.220330 -1.220330 0.301035 0.240000 3.218880 0.952615
-1.038788 -1.038788 -1.206093 -1.206093 0.310435 0.269577 3.218880 0.948128
-1.032176 -1.032176 -1.364813 -1.364813 0.302198 0.244430 3.218880 0.949228
-1.024847 -1.024847 -1.073822 -1.073822 0.300012 0.240000 3.218880 0.955532
-1.017823 -1.017823 -1.188332 -1.188332 0.306968 0.241727 3.218880 0.952610
-1.016136 -1.016136 -1.666648 -1.666648 0.303029 0.249842 3.218880 0.943795
-1.007529 -1.007529 -0.976870 -0.976870 0.302424 0.240008 3.218880 0.948671
-1.027492 -1.027492 -1.378319 -1.378319 0.317030 0.280315 3.218880 0.942846
-1.022232 -1.022232 -1.335731 -1.335731 0.306499 0.245780 3.218880 0.939101
-1.034334 -1.034334 -1.314593 -1.314593 0.321473 0.300340 3.213006 0.951566
-1.024018 -1.024018 -1.324971 -1.324971 0.295213 0.240000 3.218880 0.949594
-0.969556 -0.969556 -1.140598 -1.140598 0.301447 0.240000 3.218880 0.951156
-1.034720 -1.034720 -1.018194 -1.018194 0.301803 0.240217 3.218880 0.945553
-1.020633 -1.020633 -0.981275 -0.981275 0.300172 0.240000 3.218880 0.951169
-1.020587 -1.020587 -1.290799 -1.290799 0.301864 0.240533 3.218880 0.942838
-1.003828 -1.003828 -1.206153 -1.206153 0.310475 0.253621 3.218880 0.943458
-1.024442 -1.024442 -1.357610 -1.357610 0.316313 0.270370 3.218880 0.948921
-1.029769 -1.029769 -1.305877 -1.305877 0.315454 0.284309 3.218880 0.949507
-1.034353 -1.034353 -1.553328 -1.553328 0.314379 0.299533 3.212806 0.951741
-1.029665 -1.029665 -1.309938 -1.309938 0.306840 0.248777 3.218880 0.951725
-1.017254 -1.017254 -1.122277 -1.122277 0.302632 0.240022 3.218880 0.946321
-1.010831 -1.010831 -1.414010 -1.414010 0.299433 0.240000 3.218880 0.941364
-0.997389 -0.997389 -0.886010 -0.886010 0.301463 0.240000 3.218880 0.954738
-1.020531 -1.020531 -1.089662 -1.089662 0.300038 0.240000 3.218880 0.956009
-0.999253 -0.999253 -1.199825 -1.199825 0.301264 0.240004 3.218880 0.951478
-1.017412 -1.017412 -0.990875 -0.990875 0.302223 0.240000 3.218880 0.949176
-1.016482 -1.016482 -1.390347 -1.390347 0.322688 0.294331 3.218686 0.954339
-0.997249 -0.997249 -1.373673 -1.373673 0.297507 0.240000 3.218880 0.946422
-1.024868 -1.024868 -1.313055 -1.313055 0.298401 0.240000 3.218880 0.945709
